### like_ursa_major_II.txt
#[0]emin(MeV) [1]emax(MeV) [2]eflux(MeV/cm^2/s) [3]deltaLogLike
500             666.760688      0               -0.000531559235
500             666.760688      1.77215602e-10  -0.000461360643
500             666.760688      3.15138857e-10  -0.000409511154
500             666.760688      5.6040494e-10   -0.000323326709
500             666.760688      9.96556566e-10  -0.000189086055
500             666.760688      1.77215602e-09  -1.04426799e-05
500             666.760688      3.15138857e-09  0.000117659969 
500             666.760688      5.6040494e-09   -0.000251816124
500             666.760688      9.96556566e-09  -0.00278530017 
500             666.760688      1.77215602e-08  -0.0131564258  
500             666.760688      3.15138857e-08  -0.0497782975  
500             666.760688      5.6040494e-08   -0.170417119   
500             666.760688      9.96556566e-08  -0.55039295    
500             666.760688      1.77215602e-07  -1.70056466    
500             666.760688      3.15138857e-07  -5.03190951    
500             666.760688      5.6040494e-07   -14.189391     
500             666.760688      9.96556566e-07  -37.9134056    
500             666.760688      1.77215602e-06  -95.7066587    
500             666.760688      3.15138857e-06  -228.501407    
500             666.760688      5.6040494e-06   -518.200183    
500             666.760688      9.96556566e-06  -1122.93845    
500             666.760688      1.77215602e-05  -2340.16352    
500             666.760688      3.15138857e-05  -4718.9089     
500             666.760688      5.6040494e-05   -9259.25072    
500             666.760688      9.96556566e-05  -17766.7962    
666.760688      889.139688      0               -0.42151625    
666.760688      889.139688      1.77215602e-10  -0.419321115   
666.760688      889.139688      3.15138856e-10  -0.417617003   
666.760688      889.139688      5.6040494e-10   -0.414595942   
666.760688      889.139688      9.96556565e-10  -0.409253111   
666.760688      889.139688      1.77215602e-09  -0.399845043   
666.760688      889.139688      3.15138856e-09  -0.383407895   
666.760688      889.139688      5.6040494e-09   -0.355099098   
666.760688      889.139688      9.96556565e-09  -0.307639876   
666.760688      889.139688      1.77215602e-08  -0.232188225   
666.760688      889.139688      3.15138856e-08  -0.125395068   
666.760688      889.139688      5.6040494e-08   -0.0174099324  
666.760688      889.139688      9.96556565e-08  -0.0616845951  
666.760688      889.139688      1.77215602e-07  -0.785689624   
666.760688      889.139688      3.15138856e-07  -3.70789977    
666.760688      889.139688      5.6040494e-07   -12.6815043    
666.760688      889.139688      9.96556565e-07  -36.5326376    
666.760688      889.139688      1.77215602e-06  -93.9125251    
666.760688      889.139688      3.15138856e-06  -222.021817    
666.760688      889.139688      5.6040494e-06   -492.303817    
666.760688      889.139688      9.96556565e-06  -1038.65974    
666.760688      889.139688      1.77215602e-05  -2107.86439    
666.760688      889.139688      3.15138856e-05  -4149.2131     
666.760688      889.139688      5.6040494e-05   -7973.83489    
666.760688      889.139688      9.96556565e-05  -15038.1759    
889.139688      1185.68688      0               -1.53789059    
889.139688      1185.68688      1.77215602e-10  -1.53302659    
889.139688      1185.68688      3.15138856e-10  -1.52924754    
889.139688      1185.68688      5.60404939e-10  -1.52254137    
889.139688      1185.68688      9.96556565e-10  -1.51066026    
889.139688      1185.68688      1.77215602e-09  -1.48967213    
889.139688      1185.68688      3.15138856e-09  -1.45278915    
889.139688      1185.68688      5.60404939e-09  -1.38857916    
889.139688      1185.68688      9.96556565e-09  -1.27868557    
889.139688      1185.68688      1.77215602e-08  -1.09645788    
889.139688      1185.68688      3.15138856e-08  -0.812178103   
889.139688      1185.68688      5.60404939e-08  -0.42265087    
889.139688      1185.68688      9.96556565e-08  -0.0513874749  
889.139688      1185.68688      1.77215602e-07  -0.218400704   
889.139688      1185.68688      3.15138856e-07  -2.44979826    
889.139688      1185.68688      5.60404939e-07  -10.4724544    
889.139688      1185.68688      9.96556565e-07  -32.3648203    
889.139688      1185.68688      1.77215602e-06  -84.3619178    
889.139688      1185.68688      3.15138856e-06  -197.679265    
889.139688      1185.68688      5.60404939e-06  -430.832162    
889.139688      1185.68688      9.96556565e-06  -891.778065    
889.139688      1185.68688      1.77215602e-05  -1777.46169    
889.139688      1185.68688      3.15138856e-05  -3444.19553    
889.139688      1185.68688      5.60404939e-05  -6532.83105    
889.139688      1185.68688      9.96556565e-05  -12191.4116    
1185.68688      1581.13888      0               6.45741238e-10 
1185.68688      1581.13888      1.77215602e-10  -0.00396685429 
1185.68688      1581.13888      3.15138856e-10  -0.00705879965 
1185.68688      1581.13888      5.6040494e-10   -0.0125671203  
1185.68688      1581.13888      9.96556565e-10  -0.0223939137  
1185.68688      1581.13888      1.77215602e-09  -0.0399676674  
1185.68688      1581.13888      3.15138856e-09  -0.0715288117  
1185.68688      1581.13888      5.6040494e-09   -0.128618207   
1185.68688      1581.13888      9.96556565e-09  -0.233105165   
1185.68688      1581.13888      1.77215602e-08  -0.427845565   
1185.68688      1581.13888      3.15138856e-08  -0.800171774   
1185.68688      1581.13888      5.6040494e-08   -1.5342812     
1185.68688      1581.13888      9.96556565e-08  -3.02505897    
1185.68688      1581.13888      1.77215602e-07  -6.11191605    
1185.68688      1581.13888      3.15138856e-07  -12.5327971    
1185.68688      1581.13888      5.6040494e-07   -25.7796824    
1185.68688      1581.13888      9.96556565e-07  -52.6944821    
1185.68688      1581.13888      1.77215602e-06  -106.412467    
1185.68688      1581.13888      3.15138856e-06  -211.722278    
1185.68688      1581.13888      5.6040494e-06   -414.735131    
1185.68688      1581.13888      9.96556565e-06  -800.176435    
1185.68688      1581.13888      1.77215602e-05  -1522.08699    
1185.68688      1581.13888      3.15138856e-05  -2858.20441    
1185.68688      1581.13888      5.6040494e-05   -5306.42373    
1185.68688      1581.13888      9.96556565e-05  -9756.21225    
1581.13888      2108.4825       0               -0.935419492   
1581.13888      2108.4825       1.77215602e-10  -0.930377546   
1581.13888      2108.4825       3.15138857e-10  -0.92646615    
1581.13888      2108.4825       5.6040494e-10   -0.919537858   
1581.13888      2108.4825       9.96556566e-10  -0.907303269   
1581.13888      2108.4825       1.77215602e-09  -0.885816183   
1581.13888      2108.4825       3.15138857e-09  -0.84844685    
1581.13888      2108.4825       5.6040494e-09   -0.784590718   
1581.13888      2108.4825       9.96556566e-09  -0.678921777   
1581.13888      2108.4825       1.77215602e-08  -0.5142766     
1581.13888      2108.4825       3.15138857e-08  -0.287059261   
1581.13888      2108.4825       5.6040494e-08   -0.0556435521  
1581.13888      2108.4825       9.96556566e-08  -0.0587215285  
1581.13888      2108.4825       1.77215602e-07  -0.95604576    
1581.13888      2108.4825       3.15138857e-07  -4.26157871    
1581.13888      2108.4825       5.6040494e-07   -13.0875844    
1581.13888      2108.4825       9.96556566e-07  -33.4327431    
1581.13888      2108.4825       1.77215602e-06  -76.460493     
1581.13888      2108.4825       3.15138857e-06  -162.591986    
1581.13888      2108.4825       5.6040494e-06   -328.894613    
1581.13888      2108.4825       9.96556566e-06  -642.376576    
1581.13888      2108.4825       1.77215602e-05  -1223.76013    
1581.13888      2108.4825       3.15138857e-05  -2289.77695    
1581.13888      2108.4825       5.6040494e-05   -4228.27675    
1581.13888      2108.4825       9.96556566e-05  -7731.67749    
2108.4825       2811.70675      0               -0.686465395   
2108.4825       2811.70675      1.77215602e-10  -0.682551055   
2108.4825       2811.70675      3.15138856e-10  -0.679515558   
2108.4825       2811.70675      5.60404939e-10  -0.674141189   
2108.4825       2811.70675      9.96556564e-10  -0.664658245   
2108.4825       2811.70675      1.77215602e-09  -0.648027192   
2108.4825       2811.70675      3.15138856e-09  -0.619174284   
2108.4825       2811.70675      5.60404939e-09  -0.570079549   
2108.4825       2811.70675      9.96556564e-09  -0.48941889    
2108.4825       2811.70675      1.77215602e-08  -0.365226333   
2108.4825       2811.70675      3.15138856e-08  -0.197209805   
2108.4825       2811.70675      5.60404939e-08  -0.033061268   
2108.4825       2811.70675      9.96556564e-08  -0.054233819   
2108.4825       2811.70675      1.77215602e-07  -0.751865673   
2108.4825       2811.70675      3.15138856e-07  -3.25930984    
2108.4825       2811.70675      5.60404939e-07  -9.95291973    
2108.4825       2811.70675      9.96556564e-07  -25.5093736    
2108.4825       2811.70675      1.77215602e-06  -58.7528454    
2108.4825       2811.70675      3.15138856e-06  -125.904414    
2108.4825       2811.70675      5.60404939e-06  -256.354543    
2108.4825       2811.70675      9.96556564e-06  -502.9695      
2108.4825       2811.70675      1.77215602e-05  -960.474643    
2108.4825       2811.70675      3.15138856e-05  -1798.15562    
2108.4825       2811.70675      5.60404939e-05  -3317.97547    
2108.4825       2811.70675      9.96556564e-05  -6057.9191     
2811.70675      3749.471        0               6.4328985e-05  
2811.70675      3749.471        1.77215602e-10  -0.00139810678 
2811.70675      3749.471        3.15138857e-10  -0.00254536713 
2811.70675      3749.471        5.6040494e-10   -0.00460502651 
2811.70675      3749.471        9.96556566e-10  -0.00832884109 
2811.70675      3749.471        1.77215602e-09  -0.0151413177  
2811.70675      3749.471        3.15138857e-09  -0.0278423303  
2811.70675      3749.471        5.6040494e-09   -0.0521992425  
2811.70675      3749.471        9.96556566e-09  -0.100689723   
2811.70675      3749.471        1.77215602e-08  -0.201300576   
2811.70675      3749.471        3.15138857e-08  -0.417282662   
2811.70675      3749.471        5.6040494e-08   -0.887884396   
2811.70675      3749.471        9.96556566e-08  -1.90464133    
2811.70675      3749.471        1.77215602e-07  -4.04505891    
2811.70675      3749.471        3.15138857e-07  -8.4035227     
2811.70675      3749.471        5.6040494e-07   -17.0001371    
2811.70675      3749.471        9.96556566e-07  -33.5277446    
2811.70675      3749.471        1.77215602e-06  -64.7302163    
2811.70675      3749.471        3.15138857e-06  -122.910656    
2811.70675      3749.471        5.6040494e-06   -230.405156    
2811.70675      3749.471        9.96556566e-06  -427.474429    
2811.70675      3749.471        1.77215602e-05  -786.24673     
2811.70675      3749.471        3.15138857e-05  -1435.50622    
2811.70675      3749.471        5.6040494e-05   -2604.88542    
2811.70675      3749.471        9.96556566e-05  -4703.57438    
3749.471        5000            0               0.000144447858 
3749.471        5000            1.77215602e-10  -0.000763361917
3749.471        5000            3.15138856e-10  -0.00148255868 
3749.471        5000            5.60404939e-10  -0.0027886429  
3749.471        5000            9.96556565e-10  -0.00519600319 
3749.471        5000            1.77215602e-09  -0.00973913222 
3749.471        5000            3.15138856e-09  -0.0186154364  
3749.471        5000            5.60404939e-09  -0.0367576273  
3749.471        5000            9.96556565e-09  -0.0756769833  
3749.471        5000            1.77215602e-08  -0.162394039   
3749.471        5000            3.15138856e-08  -0.358204365   
3749.471        5000            5.60404939e-08  -0.793329198   
3749.471        5000            9.96556565e-08  -1.72479632    
3749.471        5000            1.77215602e-07  -3.63266427    
3749.471        5000            3.15138856e-07  -7.39016937    
3749.471        5000            5.60404939e-07  -14.5745855    
3749.471        5000            9.96556565e-07  -28.0343572    
3749.471        5000            1.77215602e-06  -52.9210242    
3749.471        5000            3.15138856e-06  -98.5575345    
3749.471        5000            5.60404939e-06  -181.782472    
3749.471        5000            9.96556565e-06  -332.884316    
3749.471        5000            1.77215602e-05  -606.120807    
3749.471        5000            3.15138856e-05  -1098.40764    
3749.471        5000            5.60404939e-05  -1982.56307    
3749.471        5000            9.96556565e-05  -3566.44514    
5000            6667.607        0               -1.17253984    
5000            6667.607        1.77215602e-10  -1.1591309     
5000            6667.607        3.15138857e-10  -1.14884991    
5000            6667.607        5.6040494e-10   -1.13089223    
5000            6667.607        9.96556566e-10  -1.0999414     
5000            6667.607        1.77215602e-09  -1.04778467    
5000            6667.607        3.15138857e-09  -0.963067666   
5000            6667.607        5.6040494e-09   -0.833120413   
5000            6667.607        9.96556566e-09  -0.649882917   
5000            6667.607        1.77215602e-08  -0.420569566   
5000            6667.607        3.15138857e-08  -0.181266988   
5000            6667.607        5.6040494e-08   -0.0146167781  
5000            6667.607        9.96556566e-08  -0.0840341181  
5000            6667.607        1.77215602e-07  -0.708174185   
5000            6667.607        3.15138857e-07  -2.50635289    
5000            6667.607        5.6040494e-07   -6.65908278    
5000            6667.607        9.96556566e-07  -15.3614878    
5000            6667.607        1.77215602e-06  -32.6111749    
5000            6667.607        3.15138857e-06  -65.5917318    
5000            6667.607        5.6040494e-06   -127.136106    
5000            6667.607        9.96556566e-06  -240.134969    
5000            6667.607        1.77215602e-05  -445.402721    
5000            6667.607        3.15138857e-05  -815.679515    
5000            6667.607        5.6040494e-05   -1480.5591     
5000            6667.607        9.96556566e-05  -2670.86927    
6667.607        8891.397        0               5.11363396e-10 
6667.607        8891.397        1.77215602e-10  -0.00314912561 
6667.607        8891.397        3.15138856e-10  -0.00560012331 
6667.607        8891.397        5.6040494e-10   -0.00995889309 
6667.607        8891.397        9.96556565e-10  -0.0177106703  
6667.607        8891.397        1.77215602e-09  -0.0314976006  
6667.607        8891.397        3.15138856e-09  -0.0560212479  
6667.607        8891.397        5.6040494e-09   -0.0996520002  
6667.607        8891.397        9.96556565e-09  -0.177304949   
6667.607        8891.397        1.77215602e-08  -0.31559635    
6667.607        8891.397        3.15138856e-08  -0.56213844    
6667.607        8891.397        5.6040494e-08   -1.00242008    
6667.607        8891.397        9.96556565e-08  -1.79073075    
6667.607        8891.397        1.77215602e-07  -3.2071565     
6667.607        8891.397        3.15138856e-07  -5.76235616    
6667.607        8891.397        5.6040494e-07   -10.3874518    
6667.607        8891.397        9.96556565e-07  -18.7720394    
6667.607        8891.397        1.77215602e-06  -33.9609519    
6667.607        8891.397        3.15138856e-06  -61.4107746    
6667.607        8891.397        5.6040494e-06   -110.866754    
6667.607        8891.397        9.96556565e-06  -199.698607    
6667.607        8891.397        1.77215602e-05  -358.831797    
6667.607        8891.397        3.15138856e-05  -643.309234    
6667.607        8891.397        5.6040494e-05   -1151.11313    
6667.607        8891.397        9.96556565e-05  -2056.68197    
8891.397        11856.869       0               3.66298991e-10 
8891.397        11856.869       1.77215602e-10  -0.00225643979 
8891.397        11856.869       3.15138856e-10  -0.0040126394  
8891.397        11856.869       5.60404939e-10  -0.00713577992 
8891.397        11856.869       9.96556565e-10  -0.0126899974  
8891.397        11856.869       1.77215602e-09  -0.0225682148  
8891.397        11856.869       3.15138856e-09  -0.0401384437  
8891.397        11856.869       5.60404939e-09  -0.0713958202  
8891.397        11856.869       9.96556565e-09  -0.127019774   
8891.397        11856.869       1.77215602e-08  -0.226058615   
8891.397        11856.869       3.15138856e-08  -0.402561849   
8891.397        11856.869       5.60404939e-08  -0.717610328   
8891.397        11856.869       9.96556565e-08  -1.28136829    
8891.397        11856.869       1.77215602e-07  -2.29397442    
8891.397        11856.869       3.15138856e-07  -4.12188346    
8891.397        11856.869       5.60404939e-07  -7.43949554    
8891.397        11856.869       9.96556565e-07  -13.4861176    
8891.397        11856.869       1.77215602e-06  -24.5204009    
8891.397        11856.869       3.15138856e-06  -44.6168727    
8891.397        11856.869       5.60404939e-06  -81.0732879    
8891.397        11856.869       9.96556565e-06  -146.915619    
8891.397        11856.869       1.77215602e-05  -265.362516    
8891.397        11856.869       3.15138856e-05  -477.781547    
8891.397        11856.869       5.60404939e-05  -857.864047    
8891.397        11856.869       9.96556565e-05  -1536.85765    
11856.869       15811.388       0               3.40264705e-10 
11856.869       15811.388       1.77215602e-10  -0.00209499248 
11856.869       15811.388       3.15138857e-10  -0.00372548227 
11856.869       15811.388       5.6040494e-10   -0.00662494872 
11856.869       15811.388       9.96556566e-10  -0.0117810103  
11856.869       15811.388       1.77215602e-09  -0.0209499286  
11856.869       15811.388       3.15138857e-09  -0.0372548281  
11856.869       15811.388       5.6040494e-09   -0.0662494977  
11856.869       15811.388       9.96556566e-09  -0.11781013    
11856.869       15811.388       1.77215602e-08  -0.209499364   
11856.869       15811.388       3.15138857e-08  -0.372548521   
11856.869       15811.388       5.6040494e-08   -0.662495729   
11856.869       15811.388       9.96556566e-08  -1.17810366    
11856.869       15811.388       1.77215602e-07  -2.09500112    
11856.869       15811.388       3.15138857e-07  -3.72550883    
11856.869       15811.388       5.6040494e-07   -6.62503181    
11856.869       15811.388       9.96556566e-07  -11.7812714    
11856.869       15811.388       1.77215602e-06  -20.9507483    
11856.869       15811.388       3.15138857e-06  -37.2573904    
11856.869       15811.388       5.6040494e-06   -66.257443     
11856.869       15811.388       9.96556566e-06  -117.83443     
11856.869       15811.388       1.77215602e-05  -209.572067    
11856.869       15811.388       3.15138857e-05  -372.758958    
11856.869       15811.388       5.6040494e-05   -663.077901    
11856.869       15811.388       9.96556566e-05  -1179.62769    
15811.388       21084.826       0               2.26918928e-10 
15811.388       21084.826       1.77215602e-10  -0.0013970233  
15811.388       21084.826       3.15138856e-10  -0.00248431429 
15811.388       21084.826       5.60404939e-10  -0.00441785679 
15811.388       21084.826       9.96556565e-10  -0.00785634728 
15811.388       21084.826       1.77215602e-09  -0.0139712969  
15811.388       21084.826       3.15138856e-09  -0.0248465001  
15811.388       21084.826       5.60404939e-09  -0.0441891638  
15811.388       21084.826       9.96556565e-09  -0.0785968855  
15811.388       21084.826       1.77215602e-08  -0.139818123   
15811.388       21084.826       3.15138856e-08  -0.248794739   
15811.388       21084.826       5.60404939e-08  -0.44291908    
15811.388       21084.826       9.96556565e-08  -0.789135548   
15811.388       21084.826       1.77215602e-07  -1.40776438    
15811.388       21084.826       3.15138856e-07  -2.51610596    
15811.388       21084.826       5.60404939e-07  -4.50831432    
15811.388       21084.826       9.96556565e-07  -8.10025651    
15811.388       21084.826       1.77215602e-06  -14.5875779    
15811.388       21084.826       3.15138856e-06  -26.3001245    
15811.388       21084.826       5.60404939e-06  -47.4052922    
15811.388       21084.826       9.96556565e-06  -85.3409424    
15811.388       21084.826       1.77215602e-05  -153.374025    
15811.388       21084.826       3.15138856e-05  -275.150334    
15811.388       21084.826       5.60404939e-05  -492.7697      
15811.388       21084.826       9.96556565e-05  -881.137573    
21084.826       28117.066       0               1.58763669e-10 
21084.826       28117.066       1.77215602e-10  -0.000977726192
21084.826       28117.066       3.15138857e-10  -0.00173868307 
21084.826       28117.066       5.60404941e-10  -0.00309190426 
21084.826       28117.066       9.96556567e-10  -0.00549839569 
21084.826       28117.066       1.77215602e-09  -0.00977808191 
21084.826       28117.066       3.15138857e-09  -0.0173894193  
21084.826       28117.066       5.60404941e-09  -0.0309272173  
21084.826       28117.066       9.96556567e-09  -0.055009761   
21084.826       28117.066       1.77215602e-08  -0.0978621708  
21084.826       28117.066       3.15138857e-08  -0.174150081   
21084.826       28117.066       5.60404941e-08  -0.310073804   
21084.826       28117.066       9.96556567e-08  -0.552591243   
21084.826       28117.066       1.77215602e-07  -0.986285646   
21084.826       28117.066       3.15138857e-07  -1.76458772    
21084.826       28117.066       5.60404941e-07  -3.16810416    
21084.826       28117.066       9.96556567e-07  -5.71337706    
21084.826       28117.066       1.77215602e-06  -10.3518525    
21084.826       28117.066       3.15138857e-06  -18.8237186    
21084.826       28117.066       5.60404941e-06  -34.2769753    
21084.826       28117.066       9.96556567e-06  -62.3562145    
21084.826       28117.066       1.77215602e-05  -113.13773     
21084.826       28117.066       3.15138857e-05  -204.577036    
21084.826       28117.066       5.60404941e-05  -368.640459    
21084.826       28117.066       9.96556567e-05  -662.203809    
28117.066       37494.712       0               1.69154158e-05 
28117.066       37494.712       1.77215602e-10  -0.000876504599
28117.066       37494.712       3.15138856e-10  -0.00157183523 
28117.066       37494.712       5.60404939e-10  -0.00280832784 
28117.066       37494.712       9.96556565e-10  -0.00500715874 
28117.066       37494.712       1.77215602e-09  -0.00891729928 
28117.066       37494.712       3.15138856e-09  -0.015870637   
28117.066       37494.712       5.60404939e-09  -0.0282356626  
28117.066       37494.712       9.96556565e-09  -0.0502242859  
28117.066       37494.712       1.77215602e-08  -0.0893266849  
28117.066       37494.712       3.15138856e-08  -0.158863201   
28117.066       37494.712       5.60404939e-08  -0.282523363   
28117.066       37494.712       9.96556565e-08  -0.502440816   
28117.066       37494.712       1.77215602e-07  -0.893562949   
28117.066       37494.712       3.15138856e-07  -1.58923523    
28117.066       37494.712       5.60404939e-07  -2.82679039    
28117.066       37494.712       9.96556565e-07  -5.02888575    
28117.066       37494.712       1.77215602e-06  -8.94885528    
28117.066       37494.712       3.15138856e-06  -15.9308597    
28117.066       37494.712       5.60404939e-06  -28.3756832    
28117.066       37494.712       9.96556565e-06  -50.5731627    
28117.066       37494.712       1.77215602e-05  -90.1844805    
28117.066       37494.712       3.15138856e-05  -160.874766    
28117.066       37494.712       5.60404939e-05  -286.988517    
28117.066       37494.712       9.96556565e-05  -511.861986    
37494.712       50000           0               2.44937252e-06 
37494.712       50000           1.77215602e-10  -0.000676709561
37494.712       50000           3.15138857e-10  -0.00120528509 
37494.712       50000           5.60404941e-10  -0.00214524032 
37494.712       50000           9.96556567e-10  -0.00381674414 
37494.712       50000           1.77215602e-09  -0.00678914746 
37494.712       50000           3.15138857e-09  -0.012074919   
37494.712       50000           5.60404941e-09  -0.0214745225  
37494.712       50000           9.96556567e-09  -0.0381897227  
37494.712       50000           1.77215602e-08  -0.067914268   
37494.712       50000           3.15138857e-08  -0.120773601   
37494.712       50000           5.60404941e-08  -0.214774745   
37494.712       50000           9.96556567e-08  -0.381942858   
37494.712       50000           1.77215602e-07  -0.679239008   
37494.712       50000           3.15138857e-07  -1.20799128    
37494.712       50000           5.60404941e-07  -2.14849773    
37494.712       50000           9.96556567e-07  -3.82170319    
37494.712       50000           1.77215602e-06  -6.79926938    
37494.712       50000           3.15138857e-06  -12.1002723    
37494.712       50000           5.60404941e-06  -21.5429288    
37494.712       50000           9.96556567e-06  -38.3727626    
37494.712       50000           1.77215602e-05  -68.3807586    
37494.712       50000           3.15138857e-05  -121.887556    
37494.712       50000           5.60404941e-05  -217.264015    
37494.712       50000           9.96556567e-05  -387.190175    
50000           66676.072       0               -0.351441853   
50000           66676.072       1.77215602e-10  -0.350625131   
50000           66676.072       3.15138856e-10  -0.349990685   
50000           66676.072       5.60404939e-10  -0.34886503    
50000           66676.072       9.96556564e-10  -0.346871391   
50000           66676.072       1.77215602e-09  -0.343351544   
50000           66676.072       3.15138856e-09  -0.337171588   
50000           66676.072       5.60404939e-09  -0.326427195   
50000           66676.072       9.96556564e-09  -0.308066782   
50000           66676.072       1.77215602e-08  -0.277623217   
50000           66676.072       3.15138856e-08  -0.229715658   
50000           66676.072       5.60404939e-08  -0.160889065   
50000           66676.072       9.96556564e-08  -0.0772513678  
50000           66676.072       1.77215602e-07  -0.00869916561 
50000           66676.072       3.15138856e-07  -0.0289083742  
50000           66676.072       5.60404939e-07  -0.280801828   
50000           66676.072       9.96556564e-07  -1.01603044    
50000           66676.072       1.77215602e-06  -2.66918323    
50000           66676.072       3.15138856e-06  -5.99870576    
50000           66676.072       5.60404939e-06  -12.3453523    
50000           66676.072       9.96556564e-06  -24.098011     
50000           66676.072       1.77215602e-05  -45.5279008    
50000           66676.072       3.15138856e-05  -84.2750088    
50000           66676.072       5.60404939e-05  -153.985827    
50000           66676.072       9.96556564e-05  -278.987435    
66676.072       88913.968       0               6.18314289e-11 
66676.072       88913.968       1.77215602e-10  -0.000380620494
66676.072       88913.968       3.15138857e-10  -0.000676849638
66676.072       88913.968       5.6040494e-10   -0.00120362783 
66676.072       88913.968       9.96556567e-10  -0.00214038666 
66676.072       88913.968       1.77215602e-09  -0.00380620564 
66676.072       88913.968       3.15138857e-09  -0.00676849738 
66676.072       88913.968       5.6040494e-09   -0.0120362803  
66676.072       88913.968       9.96556567e-09  -0.0214038716  
66676.072       88913.968       1.77215602e-08  -0.0380620711  
66676.072       88913.968       3.15138857e-08  -0.0676850191  
66676.072       88913.968       5.6040494e-08   -0.120362945   
66676.072       88913.968       9.96556567e-08  -0.214039164   
66676.072       88913.968       1.77215602e-07  -0.380622124   
66676.072       88913.968       3.15138857e-07  -0.676854655   
66676.072       88913.968       5.6040494e-07   -1.20364354    
66676.072       88913.968       9.96556567e-07  -2.14043606    
66676.072       88913.968       1.77215602e-06  -3.80636094    
66676.072       88913.968       3.15138857e-06  -6.76898405    
66676.072       88913.968       5.6040494e-06   -12.0377955    
66676.072       88913.968       9.96556567e-06  -21.4085363    
66676.072       88913.968       1.77215602e-05  -38.0761653    
66676.072       88913.968       3.15138857e-05  -67.7263652    
66676.072       88913.968       5.6040494e-05   -120.479094    
66676.072       88913.968       9.96556567e-05  -214.347223    
88913.968       118568.688      0               1.75195412e-06 
88913.968       118568.688      1.77215602e-10  -0.000275841652
88913.968       118568.688      3.15138856e-10  -0.000491887047
88913.968       118568.688      5.60404939e-10  -0.000876076141
88913.968       118568.688      9.96556564e-10  -0.00155927175 
88913.968       118568.688      1.77215602e-09  -0.00277418458 
88913.968       118568.688      3.15138856e-09  -0.00493463957 
88913.968       118568.688      5.60404939e-09  -0.00877653379 
88913.968       118568.688      9.96556564e-09  -0.0156085002  
88913.968       118568.688      1.77215602e-08  -0.0277576613  
88913.968       118568.688      3.15138856e-08  -0.0493623148  
88913.968       118568.688      5.60404939e-08  -0.0877815843  
88913.968       118568.688      9.96556564e-08  -0.156102283   
88913.968       118568.688      1.77215602e-07  -0.277597162   
88913.968       118568.688      3.15138856e-07  -0.493654008   
88913.968       118568.688      5.60404939e-07  -0.877879192   
88913.968       118568.688      9.96556564e-07  -1.56118825    
88913.968       118568.688      1.77215602e-06  -2.77645609    
88913.968       118568.688      3.15138856e-06  -4.93801326    
88913.968       118568.688      5.60404939e-06  -8.78328387    
88913.968       118568.688      9.96556564e-06  -15.6253671    
88913.968       118568.688      1.77215602e-05  -27.8038087    
88913.968       118568.688      3.15138856e-05  -49.4890438    
88913.968       118568.688      5.60404939e-05  -88.1159818    
88913.968       118568.688      9.96556564e-05  -156.933266    
118568.688      158113.888      0               3.16475735e-11 
118568.688      158113.888      1.77215602e-10  -0.000194875761
118568.688      158113.888      3.15138857e-10  -0.000346543651
118568.688      158113.888      5.6040494e-10   -0.000616251694
118568.688      158113.888      9.96556566e-10  -0.00109586845 
118568.688      158113.888      1.77215602e-09  -0.00194876262 
118568.688      158113.888      3.15138857e-09  -0.00346545174 
118568.688      158113.888      5.6040494e-09   -0.00616256447 
118568.688      158113.888      9.96556566e-09  -0.0109588342  
118568.688      158113.888      1.77215602e-08  -0.0194880988  
118568.688      158113.888      3.15138857e-08  -0.0346560102  
118568.688      158113.888      5.6040494e-08   -0.0616303599  
118568.688      158113.888      9.96556566e-08  -0.109603224   
118568.688      158113.888      1.77215602e-07  -0.194927897   
118568.688      158113.888      3.15138857e-07  -0.346707585   
118568.688      158113.888      5.6040494e-07   -0.616765248   
118568.688      158113.888      9.96556566e-07  -1.09746625    
118568.688      158113.888      1.77215602e-06  -1.95367538    
118568.688      158113.888      3.15138857e-06  -3.48026448    
118568.688      158113.888      5.6040494e-06   -6.20587355    
118568.688      158113.888      9.96556566e-06  -11.0798894    
118568.688      158113.888      1.77215602e-05  -19.8069238    
118568.688      158113.888      3.15138857e-05  -35.4392211    
118568.688      158113.888      5.6040494e-05   -63.421323     
118568.688      158113.888      9.96556566e-05  -113.438854    
158113.888      210848.256      0               2.40163445e-11 
158113.888      210848.256      1.77215602e-10  -0.000147846692
158113.888      210848.256      3.15138857e-10  -0.000262912747
158113.888      210848.256      5.6040494e-10   -0.000467532343
158113.888      210848.256      9.96556566e-10  -0.000831403158
158113.888      210848.256      1.77215602e-09  -0.00147846714 
158113.888      210848.256      3.15138857e-09  -0.00262912769 
158113.888      210848.256      5.6040494e-09   -0.00467532366 
158113.888      210848.256      9.96556566e-09  -0.00831403183 
158113.888      210848.256      1.77215602e-08  -0.0147846717  
158113.888      210848.256      3.15138857e-08  -0.0262912774  
158113.888      210848.256      5.6040494e-08   -0.0467532379  
158113.888      210848.256      9.96556566e-08  -0.083140322   
158113.888      210848.256      1.77215602e-07  -0.147846728   
158113.888      210848.256      3.15138857e-07  -0.262912809   
158113.888      210848.256      5.6040494e-07   -0.467532489   
158113.888      210848.256      9.96556566e-07  -0.831403567   
158113.888      210848.256      1.77215602e-06  -1.47846838    
158113.888      210848.256      3.15138857e-06  -2.62913156    
158113.888      210848.256      5.6040494e-06   -4.67533585    
158113.888      210848.256      9.96556566e-06  -8.31407027    
158113.888      210848.256      1.77215602e-05  -14.7847928    
158113.888      210848.256      3.15138857e-05  -26.2916584    
158113.888      210848.256      5.6040494e-05   -46.7544312    
158113.888      210848.256      9.96556566e-05  -83.1440341    
210848.256      281170.656      0               1.72128978e-11 
210848.256      281170.656      1.77215602e-10  -0.000105980106
210848.256      281170.656      3.15138857e-10  -0.000188462254
210848.256      281170.656      5.60404941e-10  -0.000335138559
210848.256      281170.656      9.96556567e-10  -0.000595970012
210848.256      281170.656      1.77215602e-09  -0.00105980121 
210848.256      281170.656      3.15138857e-09  -0.00188462269 
210848.256      281170.656      5.60404941e-09  -0.00335138575 
210848.256      281170.656      9.96556567e-09  -0.00595970029 
210848.256      281170.656      1.77215602e-08  -0.0105980124  
210848.256      281170.656      3.15138857e-08  -0.0188462273  
210848.256      281170.656      5.60404941e-08  -0.0335138582  
210848.256      281170.656      9.96556567e-08  -0.0595970049  
210848.256      281170.656      1.77215602e-07  -0.10598013    
210848.256      281170.656      3.15138857e-07  -0.188462291   
210848.256      281170.656      5.60404941e-07  -0.33513864    
210848.256      281170.656      9.96556567e-07  -0.595970231   
210848.256      281170.656      1.77215602e-06  -1.05980187    
210848.256      281170.656      3.15138857e-06  -1.88462472    
210848.256      281170.656      5.60404941e-06  -3.35139212    
210848.256      281170.656      9.96556567e-06  -5.95972038    
210848.256      281170.656      1.77215602e-05  -10.5980756    
210848.256      281170.656      3.15138857e-05  -18.8464262    
210848.256      281170.656      5.60404941e-05  -33.5144809    
210848.256      281170.656      9.96556567e-05  -59.5989391    
281170.656      374947.104      0               1.21935795e-11 
281170.656      374947.104      1.77215602e-10  -7.50773893e-05
281170.656      374947.104      3.15138856e-10  -0.000133508585
281170.656      374947.104      5.60404939e-10  -0.000237415577
281170.656      374947.104      9.96556564e-10  -0.000422191242
281170.656      374947.104      1.77215602e-09  -0.000750774002
281170.656      374947.104      3.15138856e-09  -0.00133508596 
281170.656      374947.104      5.60404939e-09  -0.00237415588 
281170.656      374947.104      9.96556564e-09  -0.00422191253 
281170.656      374947.104      1.77215602e-08  -0.00750774013 
281170.656      374947.104      3.15138856e-08  -0.0133508597  
281170.656      374947.104      5.60404939e-08  -0.0237415589  
281170.656      374947.104      9.96556564e-08  -0.0422191254  
281170.656      374947.104      1.77215602e-07  -0.0750774014  
281170.656      374947.104      3.15138856e-07  -0.133508597   
281170.656      374947.104      5.60404939e-07  -0.237415589   
281170.656      374947.104      9.96556564e-07  -0.422191254   
281170.656      374947.104      1.77215602e-06  -0.750774014   
281170.656      374947.104      3.15138856e-06  -1.33508597    
281170.656      374947.104      5.60404939e-06  -2.37415589    
281170.656      374947.104      9.96556564e-06  -4.22191254    
281170.656      374947.104      1.77215602e-05  -7.50774014    
281170.656      374947.104      3.15138856e-05  -13.3508597    
281170.656      374947.104      5.60404939e-05  -23.7415589    
281170.656      374947.104      9.96556564e-05  -42.2191254    
374947.104      500000          0               8.49864623e-12 
374947.104      500000          1.77215602e-10  -5.23269868e-05
374947.104      500000          3.15138857e-10  -9.30520098e-05
374947.104      500000          5.6040494e-10   -0.00016547248 
374947.104      500000          9.96556566e-10  -0.00029425631 
374947.104      500000          1.77215602e-09  -0.000523269945
374947.104      500000          3.15138857e-09  -0.000930520175
374947.104      500000          5.6040494e-09   -0.00165472487 
374947.104      500000          9.96556566e-09  -0.00294256318 
374947.104      500000          1.77215602e-08  -0.00523269952 
374947.104      500000          3.15138857e-08  -0.00930520182 
374947.104      500000          5.6040494e-08   -0.0165472488  
374947.104      500000          9.96556566e-08  -0.0294256319  
374947.104      500000          1.77215602e-07  -0.0523269953  
374947.104      500000          3.15138857e-07  -0.0930520183  
374947.104      500000          5.6040494e-07   -0.165472488   
374947.104      500000          9.96556566e-07  -0.294256319   
374947.104      500000          1.77215602e-06  -0.523269953   
374947.104      500000          3.15138857e-06  -0.930520183   
374947.104      500000          5.6040494e-06   -1.65472488    
374947.104      500000          9.96556566e-06  -2.94256319    
374947.104      500000          1.77215602e-05  -5.23269953    
374947.104      500000          3.15138857e-05  -9.30520183    
374947.104      500000          5.6040494e-05   -16.5472488    
374947.104      500000          9.96556566e-05  -29.4256319    
