### like_sagittarius.txt
#[0]emin(MeV) [1]emax(MeV) [2]eflux(MeV/cm^2/s) [3]deltaLogLike
500             666.760688      0               3.00394058e-05 
500             666.760688      1.77215602e-10  -0.000950516449
500             666.760688      3.15138857e-10  -0.00171452027 
500             666.760688      5.6040494e-10   -0.00307498606 
500             666.760688      9.96556566e-10  -0.00550013404 
500             666.760688      1.77215602e-09  -0.00983124494 
500             666.760688      3.15138857e-09  -0.017591682   
500             666.760688      5.6040494e-09   -0.0315766327  
500             666.760688      9.96556566e-09  -0.0570282295  
500             666.760688      1.77215602e-08  -0.104120621   
500             666.760688      3.15138857e-08  -0.193605642   
500             666.760688      5.6040494e-08   -0.370601985   
500             666.760688      9.96556566e-08  -0.740291821   
500             666.760688      1.77215602e-07  -1.56329968    
500             666.760688      3.15138857e-07  -3.51008069    
500             666.760688      5.6040494e-07   -8.31454807    
500             666.760688      9.96556566e-07  -20.3407667    
500             666.760688      1.77215602e-06  -50.0181885    
500             666.760688      3.15138857e-06  -120.753374    
500             666.760688      5.6040494e-06   -282.018227    
500             666.760688      9.96556566e-06  -633.406331    
500             666.760688      1.77215602e-05  -1368.35642    
500             666.760688      3.15138857e-05  -2853.11831    
500             666.760688      5.6040494e-05   -5768.43482    
500             666.760688      9.96556566e-05  -11362.3579    
666.760688      889.139688      0               2.54658516e-10 
666.760688      889.139688      1.77215602e-10  -0.00156806108 
666.760688      889.139688      3.15138856e-10  -0.00278944996 
666.760688      889.139688      5.6040494e-10   -0.0049635802  
666.760688      889.139688      9.96556565e-10  -0.00883661745 
666.760688      889.139688      1.77215602e-09  -0.0157455298  
666.760688      889.139688      3.15138856e-09  -0.0280996253  
666.760688      889.139688      5.6040494e-09   -0.0502835564  
666.760688      889.139688      9.96556565e-09  -0.0904094849  
666.760688      889.139688      1.77215602e-08  -0.163888581   
666.760688      889.139688      3.15138856e-08  -0.301183767   
666.760688      889.139688      5.6040494e-08   -0.565818509   
666.760688      889.139688      9.96556565e-08  -1.09867221    
666.760688      889.139688      1.77215602e-07  -2.23032863    
666.760688      889.139688      3.15138856e-07  -4.76424155    
666.760688      889.139688      5.6040494e-07   -10.6587231    
666.760688      889.139688      9.96556565e-07  -24.5489251    
666.760688      889.139688      1.77215602e-06  -56.8620934    
666.760688      889.139688      3.15138856e-06  -129.763116    
666.760688      889.139688      5.6040494e-06   -288.079963    
666.760688      889.139688      9.96556565e-06  -619.125797    
666.760688      889.139688      1.77215602e-05  -1288.50804    
666.760688      889.139688      3.15138856e-05  -2604.5163     
666.760688      889.139688      5.6040494e-05   -5133.30002    
666.760688      889.139688      9.96556565e-05  -9904.15183    
889.139688      1185.68688      0               5.68260984e-05 
889.139688      1185.68688      1.77215602e-10  -0.000676898431
889.139688      1185.68688      3.15138856e-10  -0.00124917865 
889.139688      1185.68688      5.60404939e-10  -0.00226952747 
889.139688      1185.68688      9.96556565e-10  -0.00409244544 
889.139688      1185.68688      1.77215602e-09  -0.00736080188 
889.139688      1185.68688      3.15138856e-09  -0.0132571102  
889.139688      1185.68688      5.60404939e-09  -0.0240078768  
889.139688      1185.68688      9.96556565e-09  -0.0439599125  
889.139688      1185.68688      1.77215602e-08  -0.0820484344  
889.139688      1185.68688      3.15138856e-08  -0.157866545   
889.139688      1185.68688      5.60404939e-08  -0.317398114   
889.139688      1185.68688      9.96556565e-08  -0.674763857   
889.139688      1185.68688      1.77215602e-07  -1.5216244     
889.139688      1185.68688      3.15138856e-07  -3.60004931    
889.139688      1185.68688      5.60404939e-07  -8.73059014    
889.139688      1185.68688      9.96556565e-07  -21.1301441    
889.139688      1185.68688      1.77215602e-06  -49.9736246    
889.139688      1185.68688      3.15138856e-06  -114.170882    
889.139688      1185.68688      5.60404939e-06  -251.145704    
889.139688      1185.68688      9.96556565e-06  -532.846148    
889.139688      1185.68688      1.77215602e-05  -1094.65133    
889.139688      1185.68688      3.15138856e-05  -2187.03649    
889.139688      1185.68688      5.60404939e-05  -4267.37084    
889.139688      1185.68688      9.96556565e-05  -8162.85314    
1185.68688      1581.13888      0               -0.0169060389  
1185.68688      1581.13888      1.77215602e-10  -0.0166264564  
1185.68688      1581.13888      3.15138856e-10  -0.0164105153  
1185.68688      1581.13888      5.6040494e-10   -0.0160300821  
1185.68688      1581.13888      9.96556565e-10  -0.0153648451  
1185.68688      1581.13888      1.77215602e-09  -0.0142174756  
1185.68688      1581.13888      3.15138856e-09  -0.0122893916  
1185.68688      1581.13888      5.6040494e-09   -0.00921380733 
1185.68688      1581.13888      9.96556565e-09  -0.00485054219 
1185.68688      1581.13888      1.77215602e-08  -0.000530841937
1185.68688      1581.13888      3.15138856e-08  -0.00341320461 
1185.68688      1581.13888      5.6040494e-08   -0.0403155268  
1185.68688      1581.13888      9.96556565e-08  -0.198346305   
1185.68688      1581.13888      1.77215602e-07  -0.734575792   
1185.68688      1581.13888      3.15138856e-07  -2.34363606    
1185.68688      1581.13888      5.6040494e-07   -6.74144578    
1185.68688      1581.13888      9.96556565e-07  -17.8152247    
1185.68688      1581.13888      1.77215602e-06  -43.7463851    
1185.68688      1581.13888      3.15138856e-06  -100.843976    
1185.68688      1581.13888      5.6040494e-06   -220.460976    
1185.68688      1581.13888      9.96556565e-06  -461.457239    
1185.68688      1581.13888      1.77215602e-05  -932.553172    
1185.68688      1581.13888      3.15138856e-05  -1832.25178    
1185.68688      1581.13888      5.6040494e-05   -3519.96318    
1185.68688      1581.13888      9.96556565e-05  -6642.58995    
1581.13888      2108.4825       0               -1.98436463    
1581.13888      2108.4825       1.77215602e-10  -1.98058098    
1581.13888      2108.4825       3.15138857e-10  -1.97763977    
1581.13888      2108.4825       5.6040494e-10   -1.97241711    
1581.13888      2108.4825       9.96556566e-10  -1.96315381    
1581.13888      2108.4825       1.77215602e-09  -1.94675689    
1581.13888      2108.4825       3.15138857e-09  -1.91783696    
1581.13888      2108.4825       5.6040494e-09   -1.86715537    
1581.13888      2108.4825       9.96556566e-09  -1.77934665    
1581.13888      2108.4825       1.77215602e-08  -1.63029939    
1581.13888      2108.4825       3.15138857e-08  -1.3865268     
1581.13888      2108.4825       5.6040494e-08   -1.01447623    
1581.13888      2108.4825       9.96556566e-08  -0.520638481   
1581.13888      2108.4825       1.77215602e-07  -0.0657879935  
1581.13888      2108.4825       3.15138857e-07  -0.22458634    
1581.13888      2108.4825       5.6040494e-07   -2.49322508    
1581.13888      2108.4825       9.96556566e-07  -10.2145876    
1581.13888      2108.4825       1.77215602e-06  -30.253259     
1581.13888      2108.4825       3.15138857e-06  -76.0430519    
1581.13888      2108.4825       5.6040494e-06   -173.082489    
1581.13888      2108.4825       9.96556566e-06  -368.740228    
1581.13888      2108.4825       1.77215602e-05  -749.703701    
1581.13888      2108.4825       3.15138857e-05  -1473.06052    
1581.13888      2108.4825       5.6040494e-05   -2821.68664    
1581.13888      2108.4825       9.96556566e-05  -5302.89929    
2108.4825       2811.70675      0               5.77849278e-07 
2108.4825       2811.70675      1.77215602e-10  -0.000641569055
2108.4825       2811.70675      3.15138856e-10  -0.00114318187 
2108.4825       2811.70675      5.60404939e-10  -0.00203916991 
2108.4825       2811.70675      9.96556564e-10  -0.00364505108 
2108.4825       2811.70675      1.77215602e-09  -0.00654035991 
2108.4825       2811.70675      3.15138856e-09  -0.0118135526  
2108.4825       2811.70675      5.60404939e-09  -0.0215805938  
2108.4825       2811.70675      9.96556564e-09  -0.0401602086  
2108.4825       2811.70675      1.77215602e-08  -0.076913071   
2108.4825       2811.70675      3.15138856e-08  -0.153403132   
2108.4825       2811.70675      5.60404939e-08  -0.321615721   
2108.4825       2811.70675      9.96556564e-08  -0.708787707   
2108.4825       2811.70675      1.77215602e-07  -1.61996151    
2108.4825       2811.70675      3.15138856e-07  -3.75120309    
2108.4825       2811.70675      5.60404939e-07  -8.59696089    
2108.4825       2811.70675      9.96556564e-07  -19.1933909    
2108.4825       2811.70675      1.77215602e-06  -41.4515934    
2108.4825       2811.70675      3.15138856e-06  -86.5259692    
2108.4825       2811.70675      5.60404939e-06  -175.022848    
2108.4825       2811.70675      9.96556564e-06  -344.536482    
2108.4825       2811.70675      1.77215602e-05  -663.161181    
2108.4825       2811.70675      3.15138856e-05  -1253.6155     
2108.4825       2811.70675      5.60404939e-05  -2336.2071     
2108.4825       2811.70675      9.96556564e-05  -4305.31573    
2811.70675      3749.471        0               0.000231540291 
2811.70675      3749.471        1.77215602e-10  -0.00161674227 
2811.70675      3749.471        3.15138857e-10  -0.00305630602 
2811.70675      3749.471        5.6040494e-10   -0.00561859207 
2811.70675      3749.471        9.96556566e-10  -0.0101824353  
2811.70675      3749.471        1.77215602e-09  -0.0183214843  
2811.70675      3749.471        3.15138857e-09  -0.0328680663  
2811.70675      3749.471        5.6040494e-09   -0.0589644112  
2811.70675      3749.471        9.96556566e-09  -0.106079063   
2811.70675      3749.471        1.77215602e-08  -0.192024429   
2811.70675      3749.471        3.15138857e-08  -0.351303225   
2811.70675      3749.471        5.6040494e-08   -0.653018087   
2811.70675      3749.471        9.96556566e-08  -1.23955976    
2811.70675      3749.471        1.77215602e-07  -2.40798538    
2811.70675      3749.471        3.15138857e-07  -4.77278002    
2811.70675      3749.471        5.6040494e-07   -9.57475149    
2811.70675      3749.471        9.96556566e-07  -19.2458171    
2811.70675      3749.471        1.77215602e-06  -38.4228874    
2811.70675      3749.471        3.15138857e-06  -75.759579     
2811.70675      3749.471        5.6040494e-06   -147.166025    
2811.70675      3749.471        9.96556566e-06  -281.599571    
2811.70675      3749.471        1.77215602e-05  -531.385441    
2811.70675      3749.471        3.15138857e-05  -990.557613    
2811.70675      3749.471        5.6040494e-05   -1827.40759    
2811.70675      3749.471        9.96556566e-05  -3342.29048    
3749.471        5000            0               -0.00102216513 
3749.471        5000            1.77215602e-10  -0.000862344807
3749.471        5000            3.15138856e-10  -0.000743795187
3749.471        5000            5.60404939e-10  -0.000545527571
3749.471        5000            9.96556565e-10  -0.000232305616
3749.471        5000            1.77215602e-09  0.000202027376 
3749.471        5000            3.15138856e-09  0.000596199544 
3749.471        5000            5.60404939e-09  0.000152719696 
3749.471        5000            9.96556565e-09  -0.00399230896 
3749.471        5000            1.77215602e-08  -0.0207254653  
3749.471        5000            3.15138856e-08  -0.0747050421  
3749.471        5000            5.60404939e-08  -0.227303738   
3749.471        5000            9.96556565e-08  -0.61605882    
3749.471        5000            1.77215602e-07  -1.52434432    
3749.471        5000            3.15138856e-07  -3.50770616    
3749.471        5000            5.60404939e-07  -7.63031288    
3749.471        5000            9.96556565e-07  -15.8979999    
3749.471        5000            1.77215602e-06  -32.025355     
3749.471        5000            3.15138856e-06  -62.7837521    
3749.471        5000            5.60404939e-06  -120.394756    
3749.471        5000            9.96556565e-06  -226.816671    
3749.471        5000            1.77215602e-05  -421.422844    
3749.471        5000            3.15138856e-05  -774.703136    
3749.471        5000            5.60404939e-05  -1412.65038    
3749.471        5000            9.96556565e-05  -2560.14046    
5000            6667.607        0               -2.30366402    
5000            6667.607        1.77215602e-10  -2.29554478    
5000            6667.607        3.15138857e-10  -2.28925115    
5000            6667.607        5.6040494e-10   -2.27811383    
5000            6667.607        9.96556566e-10  -2.25847887    
5000            6667.607        1.77215602e-09  -2.22408993    
5000            6667.607        3.15138857e-09  -2.1645453     
5000            6667.607        5.6040494e-09   -2.06343606    
5000            6667.607        9.96556566e-09  -1.89723001    
5000            6667.607        1.77215602e-08  -1.63786399    
5000            6667.607        3.15138857e-08  -1.26430428    
5000            6667.607        5.6040494e-08   -0.788237267   
5000            6667.607        9.96556566e-08  -0.295275603   
5000            6667.607        1.77215602e-07  -0.0036799984  
5000            6667.607        3.15138857e-07  -0.356827908   
5000            6667.607        5.6040494e-07   -2.18857087    
5000            6667.607        9.96556566e-07  -7.02965025    
5000            6667.607        1.77215602e-06  -17.6713748    
5000            6667.607        3.15138857e-06  -39.1870857    
5000            6667.607        5.6040494e-06   -80.7582247    
5000            6667.607        9.96556566e-06  -158.913654    
5000            6667.607        1.77215602e-05  -303.273159    
5000            6667.607        3.15138857e-05  -566.763077    
5000            6667.607        5.6040494e-05   -1043.82161    
5000            6667.607        9.96556566e-05  -1902.82702    
6667.607        8891.397        0               -0.486903007   
6667.607        8891.397        1.77215602e-10  -0.48291082    
6667.607        8891.397        3.15138856e-10  -0.479826246   
6667.607        8891.397        5.6040494e-10   -0.474389014   
6667.607        8891.397        9.96556565e-10  -0.464869328   
6667.607        8891.397        1.77215602e-09  -0.448398672   
6667.607        8891.397        3.15138856e-09  -0.42048429    
6667.607        8891.397        5.6040494e-09   -0.374824235   
6667.607        8891.397        9.96556565e-09  -0.304490198   
6667.607        8891.397        1.77215602e-08  -0.206587335   
6667.607        8891.397        3.15138856e-08  -0.0928747069  
6667.607        8891.397        5.6040494e-08   -0.00723744223 
6667.607        8891.397        9.96556565e-08  -0.0500703341  
6667.607        8891.397        1.77215602e-07  -0.416508207   
6667.607        8891.397        3.15138856e-07  -1.46892032    
6667.607        8891.397        5.6040494e-07   -3.87437844    
6667.607        8891.397        9.96556565e-07  -8.84782408    
6667.607        8891.397        1.77215602e-06  -18.5737031    
6667.607        8891.397        3.15138856e-06  -36.954687     
6667.607        8891.397        5.6040494e-06   -70.9634454    
6667.607        8891.397        9.96556565e-06  -133.073649    
6667.607        8891.397        1.77215602e-05  -245.594657    
6667.607        8891.397        3.15138856e-05  -448.375851    
6667.607        8891.397        5.6040494e-05   -812.510473    
6667.607        8891.397        9.96556565e-05  -1464.72875    
8891.397        11856.869       0               -3.37879913    
8891.397        11856.869       1.77215602e-10  -3.36467597    
8891.397        11856.869       3.15138856e-10  -3.35376199    
8891.397        11856.869       5.60404939e-10  -3.33451949    
8891.397        11856.869       9.96556565e-10  -3.30081287    
8891.397        11856.869       1.77215602e-09  -3.24242927    
8891.397        11856.869       3.15138856e-09  -3.14320396    
8891.397        11856.869       5.60404939e-09  -2.9797122     
8891.397        11856.869       9.96556565e-09  -2.72294517    
8891.397        11856.869       1.77215602e-08  -2.34655687    
8891.397        11856.869       3.15138856e-08  -1.84283448    
8891.397        11856.869       5.60404939e-08  -1.24084144    
8891.397        11856.869       9.96556565e-08  -0.620503719   
8891.397        11856.869       1.77215602e-07  -0.130764076   
8891.397        11856.869       3.15138856e-07  -0.0361823088  
8891.397        11856.869       5.60404939e-07  -0.82049306    
8891.397        11856.869       9.96556565e-07  -3.37777201    
8891.397        11856.869       1.77215602e-06  -9.34265771    
8891.397        11856.869       3.15138856e-06  -21.6644259    
8891.397        11856.869       5.60404939e-06  -45.6233942    
8891.397        11856.869       9.96556565e-06  -90.6461913    
8891.397        11856.869       1.77215602e-05  -173.552301    
8891.397        11856.869       3.15138856e-05  -324.347639    
8891.397        11856.869       5.60404939e-05  -596.534023    
8891.397        11856.869       9.96556565e-05  -1085.42454    
11856.869       15811.388       0               2.10093276e-10 
11856.869       15811.388       1.77215602e-10  -0.00129384077 
11856.869       15811.388       3.15138857e-10  -0.00230083003 
11856.869       15811.388       5.6040494e-10   -0.00409158038 
11856.869       15811.388       9.96556566e-10  -0.00727616787 
11856.869       15811.388       1.77215602e-09  -0.0129396745  
11856.869       15811.388       3.15138857e-09  -0.0230122985  
11856.869       15811.388       5.6040494e-09   -0.0409284229  
11856.869       15811.388       9.96556566e-09  -0.072801466   
11856.869       15811.388       1.77215602e-08  -0.129521925   
11856.869       15811.388       3.15138857e-08  -0.230515319   
11856.869       15811.388       5.6040494e-08   -0.41050563    
11856.869       15811.388       9.96556566e-08  -0.73177353    
11856.869       15811.388       1.77215602e-07  -1.30656694    
11856.869       15811.388       3.15138857e-07  -2.33837406    
11856.869       15811.388       5.6040494e-07   -4.19793166    
11856.869       15811.388       9.96556566e-07  -7.56145329    
11856.869       15811.388       1.77215602e-06  -13.6569818    
11856.869       15811.388       3.15138857e-06  -24.6982473    
11856.869       15811.388       5.6040494e-06   -44.6516483    
11856.869       15811.388       9.96556566e-06  -80.6019093    
11856.869       15811.388       1.77215602e-05  -145.186547    
11856.869       15811.388       3.15138857e-05  -260.931459    
11856.869       15811.388       5.6040494e-05   -467.973946    
11856.869       15811.388       9.96556566e-05  -837.823287    
15811.388       21084.826       0               8.17345381e-07 
15811.388       21084.826       1.77215602e-10  -0.000905604489
15811.388       21084.826       3.15138856e-10  -0.00161107466 
15811.388       21084.826       5.60404939e-10  -0.00286564254 
15811.388       21084.826       9.96556565e-10  -0.00509675634 
15811.388       21084.826       1.77215602e-09  -0.00906474737 
15811.388       21084.826       3.15138856e-09  -0.0161223563  
15811.388       21084.826       5.60404939e-09  -0.0286772099  
15811.388       21084.826       9.96556565e-09  -0.0510172575  
15811.388       21084.826       1.77215602e-08  -0.0907880098  
15811.388       21084.826       3.15138856e-08  -0.16164817    
15811.388       21084.826       5.60404939e-08  -0.288077566   
15811.388       21084.826       9.96556565e-08  -0.514170338   
15811.388       21084.826       1.77215602e-07  -0.919911523   
15811.388       21084.826       3.15138856e-07  -1.65158596    
15811.388       21084.826       5.60404939e-07  -2.97847656    
15811.388       21084.826       9.96556565e-07  -5.39657442    
15811.388       21084.826       1.77215602e-06  -9.81311139    
15811.388       21084.826       3.15138856e-06  -17.8704839    
15811.388       21084.826       5.60404939e-06  -32.5198579    
15811.388       21084.826       9.96556565e-06  -59.0480331    
15811.388       21084.826       1.77215602e-05  -106.914675    
15811.388       21084.826       3.15138856e-05  -193.02589     
15811.388       21084.826       5.60404939e-05  -347.559692    
15811.388       21084.826       9.96556565e-05  -624.329422    
21084.826       28117.066       0               -0.0208970284  
21084.826       28117.066       1.77215602e-10  -0.0207101772  
21084.826       28117.066       3.15138857e-10  -0.0205654206  
21084.826       28117.066       5.60404941e-10  -0.0203094399  
21084.826       28117.066       9.96556567e-10  -0.0198587651  
21084.826       28117.066       1.77215602e-09  -0.019071589   
21084.826       28117.066       3.15138857e-09  -0.0177164079  
21084.826       28117.066       5.60404941e-09  -0.0154453392  
21084.826       28117.066       9.96556567e-09  -0.011833071   
21084.826       28117.066       1.77215602e-08  -0.00669073298 
21084.826       28117.066       3.15138857e-08  -0.0012604427  
21084.826       28117.066       5.60404941e-08  -0.00176535412 
21084.826       28117.066       9.96556567e-08  -0.0281470039  
21084.826       28117.066       1.77215602e-07  -0.131778395   
21084.826       28117.066       3.15138857e-07  -0.425192339   
21084.826       28117.066       5.60404941e-07  -1.12692575    
21084.826       28117.066       9.96556567e-07  -2.63301967    
21084.826       28117.066       1.77215602e-06  -5.64545785    
21084.826       28117.066       3.15138857e-06  -11.4118375    
21084.826       28117.066       5.60404941e-06  -22.164533     
21084.826       28117.066       9.96556567e-06  -41.9088706    
21084.826       28117.066       1.77215602e-05  -77.8240939    
21084.826       28117.066       3.15138857e-05  -142.748728    
21084.826       28117.066       5.60404941e-05  -259.592634    
21084.826       28117.066       9.96556567e-05  -469.178843    
28117.066       37494.712       0               2.79364033e-05 
28117.066       37494.712       1.77215602e-10  -0.000617604231
28117.066       37494.712       3.15138856e-10  -0.00112001526 
28117.066       37494.712       5.60404939e-10  -0.00201344254 
28117.066       37494.712       9.96556565e-10  -0.00360220617 
28117.066       37494.712       1.77215602e-09  -0.00642747277 
28117.066       37494.712       3.15138856e-09  -0.0114515892  
28117.066       37494.712       5.60404939e-09  -0.0203858813  
28117.066       37494.712       9.96556565e-09  -0.0362735788  
28117.066       37494.712       1.77215602e-08  -0.0645264382  
28117.066       37494.712       3.15138856e-08  -0.114768214   
28117.066       37494.712       5.60404939e-08  -0.204113068   
28117.066       37494.712       9.96556565e-08  -0.36299615    
28117.066       37494.712       1.77215602e-07  -0.645544018   
28117.066       37494.712       3.15138856e-07  -1.14802253    
28117.066       37494.712       5.60404939e-07  -2.0416621     
28117.066       37494.712       9.96556565e-07  -3.6310909     
28117.066       37494.712       1.77215602e-06  -6.45842734    
28117.066       37494.712       3.15138856e-06  -11.4889088    
28117.066       37494.712       5.60404939e-06  -20.4423942    
28117.066       37494.712       9.96556565e-06  -36.386191     
28117.066       37494.712       1.77215602e-05  -64.7956401    
28117.066       37494.712       3.15138856e-05  -115.448351    
28117.066       37494.712       5.60404939e-05  -205.795806    
28117.066       37494.712       9.96556565e-05  -366.948788    
37494.712       50000           0               7.68523023e-11 
37494.712       50000           1.77215602e-10  -0.000473874932
37494.712       50000           3.15138857e-10  -0.000842682255
37494.712       50000           5.60404941e-10  -0.00149852507 
37494.712       50000           9.96556567e-10  -0.00266479795 
37494.712       50000           1.77215602e-09  -0.00473876049 
37494.712       50000           3.15138857e-09  -0.00842685637 
37494.712       50000           5.60404941e-09  -0.0149853562  
37494.712       50000           9.96556567e-09  -0.0266483114  
37494.712       50000           1.77215602e-08  -0.0473886522  
37494.712       50000           3.15138857e-08  -0.0842718715  
37494.712       50000           5.60404941e-08  -0.149864005   
37494.712       50000           9.96556567e-08  -0.26651605    
37494.712       50000           1.77215602e-07  -0.473990195   
37494.712       50000           3.15138857e-07  -0.843043888   
37494.712       50000           5.60404941e-07  -1.49965369    
37494.712       50000           9.96556567e-07  -2.66828687    
37494.712       50000           1.77215602e-06  -4.74937452    
37494.712       50000           3.15138857e-06  -8.4583286     
37494.712       50000           5.60404941e-06  -15.0751591    
37494.712       50000           9.96556567e-06  -26.8914907    
37494.712       50000           1.77215602e-05  -48.0068594    
37494.712       50000           3.15138857e-05  -85.7423653    
37494.712       50000           5.60404941e-05  -153.154009    
37494.712       50000           9.96556567e-05  -273.51393     
50000           66676.072       0               3.15698367e-06 
50000           66676.072       1.77215602e-10  -0.00015602652 
50000           66676.072       3.15138856e-10  -0.000279944708
50000           66676.072       5.60404939e-10  -0.000500368433
50000           66676.072       9.96556564e-10  -0.000892541116
50000           66676.072       1.77215602e-09  -0.00159055824 
50000           66676.072       3.15138856e-09  -0.00283379872 
50000           66676.072       5.60404939e-09  -0.00505083847 
50000           66676.072       9.96556564e-09  -0.00901287236 
50000           66676.072       1.77215602e-08  -0.016119516   
50000           66676.072       3.15138856e-08  -0.0289464072  
50000           66676.072       5.60404939e-08  -0.052334674   
50000           66676.072       9.96556564e-08  -0.0956496484  
50000           66676.072       1.77215602e-07  -0.177605889   
50000           66676.072       3.15138856e-07  -0.336552165   
50000           66676.072       5.60404939e-07  -0.651327788   
50000           66676.072       9.96556564e-07  -1.27982178    
50000           66676.072       1.77215602e-06  -2.52384738    
50000           66676.072       3.15138856e-06  -4.93497123    
50000           66676.072       5.60404939e-06  -9.49521653    
50000           66676.072       9.96556564e-06  -17.9406983    
50000           66676.072       1.77215602e-05  -33.3466061    
50000           66676.072       3.15138856e-05  -61.1774427    
50000           66676.072       5.60404939e-05  -111.162227    
50000           66676.072       9.96556564e-05  -200.632159    
66676.072       88913.968       0               -0.00441525514 
66676.072       88913.968       1.77215602e-10  -0.00439354594 
66676.072       88913.968       3.15138857e-10  -0.00437668914 
66676.072       88913.968       5.6040494e-10   -0.00434679739 
66676.072       88913.968       9.96556567e-10  -0.00429390805 
66676.072       88913.968       1.77215602e-09  -0.00420069787 
66676.072       88913.968       3.15138857e-09  -0.0040376004  
66676.072       88913.968       5.6040494e-09   -0.00375593471 
66676.072       88913.968       9.96556567e-09  -0.0032813312  
66676.072       88913.968       1.77215602e-08  -0.00251943751 
66676.072       88913.968       3.15138857e-08  -0.00141861981 
66676.072       88913.968       5.6040494e-08   -0.000234761897
66676.072       88913.968       9.96556567e-08  -0.000422679146
66676.072       88913.968       1.77215602e-07  -0.00725787198 
66676.072       88913.968       3.15138857e-07  -0.0366183139  
66676.072       88913.968       5.6040494e-07   -0.130119758   
66676.072       88913.968       9.96556567e-07  -0.383920281   
66676.072       88913.968       1.77215602e-06  -0.997312579   
66676.072       88913.968       3.15138857e-06  -2.35331293    
66676.072       88913.968       5.6040494e-06   -5.15953081    
66676.072       88913.968       9.96556567e-06  -10.6989748    
66676.072       88913.968       1.77215602e-05  -21.2703001    
66676.072       88913.968       3.15138857e-05  -40.9601044    
66676.072       88913.968       5.6040494e-05   -77.0135494    
66676.072       88913.968       9.96556567e-05  -142.28173     
88913.968       118568.688      0               3.00701686e-11 
88913.968       118568.688      1.77215602e-10  -0.000185228973
88913.968       118568.688      3.15138856e-10  -0.000329388968
88913.968       118568.688      5.60404939e-10  -0.000585745881
88913.968       118568.688      9.96556564e-10  -0.00104162062 
88913.968       118568.688      1.77215602e-09  -0.0018522949  
88913.968       118568.688      3.15138856e-09  -0.00329390544 
88913.968       118568.688      5.60404939e-09  -0.00585750805 
88913.968       118568.688      9.96556564e-09  -0.0104163613  
88913.968       118568.688      1.77215602e-08  -0.0185234387  
88913.968       118568.688      3.15138856e-08  -0.0329406015  
88913.968       118568.688      5.60404939e-08  -0.0585799677  
88913.968       118568.688      9.96556564e-08  -0.10417904    
88913.968       118568.688      1.77215602e-07  -0.185283023   
88913.968       118568.688      3.15138856e-07  -0.329558981   
88913.968       118568.688      5.60404939e-07  -0.586278788   
88913.968       118568.688      9.96556564e-07  -1.04328029    
88913.968       118568.688      1.77215602e-06  -1.85740679    
88913.968       118568.688      3.15138856e-06  -3.30936446    
88913.968       118568.688      5.60404939e-06  -5.90293144    
88913.968       118568.688      9.96556564e-06  -10.5443446    
88913.968       118568.688      1.77215602e-05  -18.864673     
88913.968       118568.688      3.15138856e-05  -33.7938999    
88913.968       118568.688      5.60404939e-05  -60.5786295    
88913.968       118568.688      9.96556564e-05  -108.589514    
118568.688      158113.888      0               1.30146503e-07 
118568.688      158113.888      1.77215602e-10  -0.000144197751
118568.688      158113.888      3.15138857e-10  -0.000256525182
118568.688      158113.888      5.6040494e-10   -0.000456274739
118568.688      158113.888      9.96556566e-10  -0.000811485267
118568.688      158113.888      1.77215602e-09  -0.00144314884 
118568.688      158113.888      3.15138857e-09  -0.00256642318 
118568.688      158113.888      5.6040494e-09   -0.00456391885 
118568.688      158113.888      9.96556566e-09  -0.00811602441 
118568.688      158113.888      1.77215602e-08  -0.014432661   
118568.688      158113.888      3.15138857e-08  -0.0256654073  
118568.688      158113.888      5.6040494e-08   -0.045640373   
118568.688      158113.888      9.96556566e-08  -0.0811614574  
118568.688      158113.888      1.77215602e-07  -0.144327914   
118568.688      158113.888      3.15138857e-07  -0.256655664   
118568.688      158113.888      5.6040494e-07   -0.456406228   
118568.688      158113.888      9.96556566e-07  -0.811619937   
118568.688      158113.888      1.77215602e-06  -1.44329356    
118568.688      158113.888      3.15138857e-06  -2.56659959    
118568.688      158113.888      5.6040494e-06   -4.56419507    
118568.688      158113.888      9.96556566e-06  -8.11661392    
118568.688      158113.888      1.77215602e-05  -14.4342284    
118568.688      158113.888      3.15138857e-05  -25.6699972    
118568.688      158113.888      5.6040494e-05   -45.6541538    
118568.688      158113.888      9.96556566e-05  -81.2024522    
158113.888      210848.256      0               1.8719463e-07  
158113.888      210848.256      1.77215602e-10  -0.000103618296
158113.888      210848.256      3.15138857e-10  -0.000184407973
158113.888      210848.256      5.6040494e-10   -0.000328074593
158113.888      210848.256      9.96556566e-10  -0.000583553987
158113.888      210848.256      1.77215602e-09  -0.00103786774 
158113.888      210848.256      3.15138857e-09  -0.00184576457 
158113.888      210848.256      5.6040494e-09   -0.00328243095 
158113.888      210848.256      9.96556566e-09  -0.00583722549 
158113.888      210848.256      1.77215602e-08  -0.0103803649  
158113.888      210848.256      3.15138857e-08  -0.0184593391  
158113.888      210848.256      5.6040494e-08   -0.0328260218  
158113.888      210848.256      9.96556566e-08  -0.0583740266  
158113.888      210848.256      1.77215602e-07  -0.103805609   
158113.888      210848.256      3.15138857e-07  -0.184595945   
158113.888      210848.256      5.6040494e-07   -0.328264648   
158113.888      210848.256      9.96556566e-07  -0.58375062    
158113.888      210848.256      1.77215602e-06  -1.03808512    
158113.888      210848.256      3.15138857e-06  -1.84604724    
158113.888      210848.256      5.6040494e-06   -3.28291835    
158113.888      210848.256      9.96556566e-06  -5.83835078    
158113.888      210848.256      1.77215602e-05  -10.383456     
158113.888      210848.256      3.15138857e-05  -18.4683776    
158113.888      210848.256      5.6040494e-05   -32.8525277    
158113.888      210848.256      9.96556566e-05  -58.4495848    
210848.256      281170.656      0               9.45021839e-12 
210848.256      281170.656      1.77215602e-10  -5.82363901e-05
210848.256      281170.656      3.15138857e-10  -0.000103560767
210848.256      281170.656      5.60404941e-10  -0.000184160577
210848.256      281170.656      9.96556567e-10  -0.000327490834
210848.256      281170.656      1.77215602e-09  -0.00058237611 
210848.256      281170.656      3.15138857e-09  -0.00103564609 
210848.256      281170.656      5.60404941e-09  -0.00184172706 
210848.256      281170.656      9.96556567e-09  -0.0032752916  
210848.256      281170.656      1.77215602e-08  -0.00582497226 
210848.256      281170.656      3.15138857e-08  -0.0103602872  
210848.256      281170.656      5.60404941e-08  -0.0184293501  
210848.256      281170.656      9.96556567e-08  -0.0327910021  
210848.256      281170.656      1.77215602e-07  -0.0583695347  
210848.256      281170.656      3.15138857e-07  -0.10397828    
210848.256      281170.656      5.60404941e-07  -0.185461629   
210848.256      281170.656      9.96556567e-07  -0.331501771   
210848.256      281170.656      1.77215602e-06  -0.59452171    
210848.256      281170.656      3.15138857e-06  -1.07139192    
210848.256      281170.656      5.60404941e-06  -1.94257691    
210848.256      281170.656      9.96556567e-06  -3.54404928    
210848.256      281170.656      1.77215602e-05  -6.49390198    
210848.256      281170.656      3.15138857e-05  -11.9096939    
210848.256      281170.656      5.60404941e-05  -21.7853469    
210848.256      281170.656      9.96556567e-05  -39.6594732    
281170.656      374947.104      0               9.49947463e-08 
281170.656      374947.104      1.77215602e-10  -5.25826633e-05
281170.656      374947.104      3.15138856e-10  -9.35805999e-05
281170.656      374947.104      5.60404939e-10  -0.000166486387
281170.656      374947.104      9.96556564e-10  -0.000296133247
281170.656      374947.104      1.77215602e-09  -0.00052668159 
281170.656      374947.104      3.15138856e-09  -0.000936660968
281170.656      374947.104      5.60404939e-09  -0.00166571887 
281170.656      374947.104      9.96556564e-09  -0.00296218758 
281170.656      374947.104      1.77215602e-08  -0.00526767135 
281170.656      374947.104      3.15138856e-08  -0.00936746618 
281170.656      374947.104      5.60404939e-08  -0.0166580485  
281170.656      374947.104      9.96556564e-08  -0.0296227462  
281170.656      374947.104      1.77215602e-07  -0.0526776174  
281170.656      374947.104      3.15138856e-07  -0.0936756717  
281170.656      374947.104      5.60404939e-07  -0.16658183    
281170.656      374947.104      9.96556564e-07  -0.296229865   
281170.656      374947.104      1.77215602e-06  -0.526781921   
281170.656      374947.104      3.15138856e-06  -0.936773012   
281170.656      374947.104      5.60404939e-06  -1.66586782    
281170.656      374947.104      9.96556564e-06  -2.96245251    
281170.656      374947.104      1.77215602e-05  -5.26829896    
281170.656      374947.104      3.15138856e-05  -9.36921848    
281170.656      374947.104      5.60404939e-05  -16.6632392    
281170.656      374947.104      9.96556564e-05  -29.6382046    
374947.104      500000          0               2.24235496e-07 
374947.104      500000          1.77215602e-10  -2.05017554e-05
374947.104      500000          3.15138857e-10  -3.66325466e-05
374947.104      500000          5.6040494e-10   -6.5317988e-05 
374947.104      500000          9.96556566e-10  -0.000116329943
374947.104      500000          1.77215602e-09  -0.000207047328
374947.104      500000          3.15138857e-09  -0.000368380437
374947.104      500000          5.6040494e-09   -0.000655314517
374947.104      500000          9.96556566e-09  -0.00116568591 
374947.104      500000          1.77215602e-08  -0.00207365564 
374947.104      500000          3.15138857e-08  -0.00368950078 
374947.104      500000          5.6040494e-08   -0.00656677612 
374947.104      500000          9.96556566e-08  -0.0116954943  
374947.104      500000          1.77215602e-07  -0.0208537772  
374947.104      500000          3.15138857e-07  -0.0372580547  
374947.104      500000          5.6040494e-07   -0.066793507   
374947.104      500000          9.96556566e-07  -0.120413978   
374947.104      500000          1.77215602e-06  -0.218968904   
374947.104      500000          3.15138857e-06  -0.403072399   
374947.104      500000          5.6040494e-06   -0.7529472     
374947.104      500000          9.96556566e-06  -1.42605732    
374947.104      500000          1.77215602e-05  -2.72294818    
374947.104      500000          3.15138857e-05  -5.19670753    
374947.104      500000          5.6040494e-05   -9.83785868    
374947.104      500000          9.96556566e-05  -18.4007539    
