### like_sextans.txt
#[0]emin(MeV) [1]emax(MeV) [2]eflux(MeV/cm^2/s) [3]deltaLogLike
500             666.760688      0               7.26632697e-05 
500             666.760688      1.77215602e-10  -0.00076810702 
500             666.760688      3.15138857e-10  -0.00142433186 
500             666.760688      5.6040494e-10   -0.00259532574 
500             666.760688      9.96556566e-10  -0.00469045477 
500             666.760688      1.77215602e-09  -0.0084565231  
500             666.760688      3.15138857e-09  -0.0152809211  
500             666.760688      5.6040494e-09   -0.027817408   
500             666.760688      9.96556566e-09  -0.0513688778  
500             666.760688      1.77215602e-08  -0.0971769178  
500             666.760688      3.15138857e-08  -0.190775268   
500             666.760688      5.6040494e-08   -0.394130971   
500             666.760688      9.96556566e-08  -0.865022433   
500             666.760688      1.77215602e-07  -2.01271571    
500             666.760688      3.15138857e-07  -4.88428053    
500             666.760688      5.6040494e-07   -12.0515606    
500             666.760688      9.96556566e-07  -29.4863005    
500             666.760688      1.77215602e-06  -70.2593645    
500             666.760688      3.15138857e-06  -161.4916      
500             666.760688      5.6040494e-06   -357.023398    
500             666.760688      9.96556566e-06  -760.154082    
500             666.760688      1.77215602e-05  -1564.23527    
500             666.760688      3.15138857e-05  -3125.02358    
500             666.760688      5.6040494e-05   -6089.51036    
500             666.760688      9.96556566e-05  -11625.1245    
666.760688      889.139688      0               1.44088481e-05 
666.760688      889.139688      1.77215602e-10  -0.000161036336
666.760688      889.139688      3.15138856e-10  -0.000300192303
666.760688      889.139688      5.6040494e-10   -0.000553291065
666.760688      889.139688      9.96556565e-10  -0.00102118877 
666.760688      889.139688      1.77215602e-09  -0.001909475   
666.760688      889.139688      3.15138856e-09  -0.0036663056  
666.760688      889.139688      5.6040494e-09   -0.00734739645 
666.760688      889.139688      9.96556565e-09  -0.0156356924  
666.760688      889.139688      1.77215602e-08  -0.0357807704  
666.760688      889.139688      3.15138856e-08  -0.0881483427  
666.760688      889.139688      5.6040494e-08   -0.230751326   
666.760688      889.139688      9.96556565e-08  -0.627035342   
666.760688      889.139688      1.77215602e-07  -1.72168796    
666.760688      889.139688      3.15138856e-07  -4.65867806    
666.760688      889.139688      5.6040494e-07   -12.1807871    
666.760688      889.139688      9.96556565e-07  -30.3934148    
666.760688      889.139688      1.77215602e-06  -72.0095527    
666.760688      889.139688      3.15138856e-06  -162.166576    
666.760688      889.139688      5.6040494e-06   -348.828077    
666.760688      889.139688      9.96556565e-06  -721.414945    
666.760688      889.139688      1.77215602e-05  -1444.14074    
666.760688      889.139688      3.15138856e-05  -2815.5202     
666.760688      889.139688      5.6040494e-05   -5374.39077    
666.760688      889.139688      9.96556565e-05  -10088.5959    
889.139688      1185.68688      0               -0.606104886   
889.139688      1185.68688      1.77215602e-10  -0.60346638    
889.139688      1185.68688      3.15138856e-10  -0.60141763    
889.139688      1185.68688      5.60404939e-10  -0.597784627   
889.139688      1185.68688      9.96556565e-10  -0.591356474   
889.139688      1185.68688      1.77215602e-09  -0.580027336   
889.139688      1185.68688      3.15138856e-09  -0.560201272   
889.139688      1185.68688      5.60404939e-09  -0.525946954   
889.139688      1185.68688      9.96556565e-09  -0.468141853   
889.139688      1185.68688      1.77215602e-08  -0.374857958   
889.139688      1185.68688      3.15138856e-08  -0.237385503   
889.139688      1185.68688      5.60404939e-08  -0.074645366   
889.139688      1185.68688      9.96556565e-08  -0.0072159936  
889.139688      1185.68688      1.77215602e-07  -0.444354329   
889.139688      1185.68688      3.15138856e-07  -2.490595      
889.139688      1185.68688      5.60404939e-07  -8.73561145    
889.139688      1185.68688      9.96556565e-07  -24.7029033    
889.139688      1185.68688      1.77215602e-06  -61.4716435    
889.139688      1185.68688      3.15138856e-06  -140.410474    
889.139688      1185.68688      5.60404939e-06  -301.664904    
889.139688      1185.68688      9.96556565e-06  -619.274453    
889.139688      1185.68688      1.77215602e-05  -1228.05433    
889.139688      1185.68688      3.15138856e-05  -2371.43058    
889.139688      1185.68688      5.60404939e-05  -4486.55682    
889.139688      1185.68688      9.96556565e-05  -8355.7217     
1185.68688      1581.13888      0               -2.5857742     
1185.68688      1581.13888      1.77215602e-10  -2.57825722    
1185.68688      1581.13888      3.15138856e-10  -2.57241871    
1185.68688      1581.13888      5.6040494e-10   -2.56206167    
1185.68688      1581.13888      9.96556565e-10  -2.54372416    
1185.68688      1581.13888      1.77215602e-09  -2.51136688    
1185.68688      1581.13888      3.15138856e-09  -2.4546141     
1185.68688      1581.13888      5.6040494e-09   -2.35613167    
1185.68688      1581.13888      9.96556565e-09  -2.18844778    
1185.68688      1581.13888      1.77215602e-08  -1.91240538    
1185.68688      1581.13888      3.15138856e-08  -1.48472291    
1185.68688      1581.13888      5.6040494e-08   -0.89342454    
1185.68688      1581.13888      9.96556565e-08  -0.256278649   
1185.68688      1581.13888      1.77215602e-07  -0.0289699748  
1185.68688      1581.13888      3.15138856e-07  -1.37189478    
1185.68688      1581.13888      5.6040494e-07   -6.75906069    
1185.68688      1581.13888      9.96556565e-07  -21.0516219    
1185.68688      1581.13888      1.77215602e-06  -53.5056709    
1185.68688      1581.13888      3.15138856e-06  -121.498346    
1185.68688      1581.13888      5.6040494e-06   -257.229434    
1185.68688      1581.13888      9.96556565e-06  -519.592507    
1185.68688      1581.13888      1.77215602e-05  -1015.23911    
1185.68688      1581.13888      3.15138856e-05  -1936.0957     
1185.68688      1581.13888      5.6040494e-05   -3626.17485    
1185.68688      1581.13888      9.96556565e-05  -6700.39887    
1581.13888      2108.4825       0               -0.0825275834  
1581.13888      2108.4825       1.77215602e-10  -0.0812822323  
1581.13888      2108.4825       3.15138857e-10  -0.0803207284  
1581.13888      2108.4825       5.6040494e-10   -0.0786275392  
1581.13888      2108.4825       9.96556566e-10  -0.0756688315  
1581.13888      2108.4825       1.77215602e-09  -0.0705707731  
1581.13888      2108.4825       3.15138857e-09  -0.0620112122  
1581.13888      2108.4825       5.6040494e-09   -0.0483355209  
1581.13888      2108.4825       9.96556566e-09  -0.0286206595  
1581.13888      2108.4825       1.77215602e-08  -0.00675465034 
1581.13888      2108.4825       3.15138857e-08  -0.00357313485 
1581.13888      2108.4825       5.6040494e-08   -0.0875535754  
1581.13888      2108.4825       9.96556566e-08  -0.443480536   
1581.13888      2108.4825       1.77215602e-07  -1.51384796    
1581.13888      2108.4825       3.15138857e-07  -4.27472502    
1581.13888      2108.4825       5.6040494e-07   -10.7506953    
1581.13888      2108.4825       9.96556566e-07  -24.9474574    
1581.13888      2108.4825       1.77215602e-06  -54.5187407    
1581.13888      2108.4825       3.15138857e-06  -113.723379    
1581.13888      2108.4825       5.6040494e-06   -228.661326    
1581.13888      2108.4825       9.96556566e-06  -446.584881    
1581.13888      2108.4825       1.77215602e-05  -852.485376    
1581.13888      2108.4825       3.15138857e-05  -1598.58577    
1581.13888      2108.4825       5.6040494e-05   -2956.74351    
1581.13888      2108.4825       9.96556566e-05  -5411.64177    
2108.4825       2811.70675      0               6.52107701e-10 
2108.4825       2811.70675      1.77215602e-10  -0.00401238984 
2108.4825       2811.70675      3.15138856e-10  -0.00713606226 
2108.4825       2811.70675      5.60404939e-10  -0.0126927935  
2108.4825       2811.70675      9.96556564e-10  -0.022580431   
2108.4825       2811.70675      1.77215602e-09  -0.040183019   
2108.4825       2811.70675      3.15138856e-09  -0.0715470422  
2108.4825       2811.70675      5.60404939e-09  -0.127514515   
2108.4825       2811.70675      9.96556564e-09  -0.227643084   
2108.4825       2811.70675      1.77215602e-08  -0.407556636   
2108.4825       2811.70675      3.15138856e-08  -0.733106314   
2108.4825       2811.70675      5.60404939e-08  -1.32846721    
2108.4825       2811.70675      9.96556564e-08  -2.43303405    
2108.4825       2811.70675      1.77215602e-07  -4.51622184    
2108.4825       2811.70675      3.15138856e-07  -8.50125429    
2108.4825       2811.70675      5.60404939e-07  -16.1790822    
2108.4825       2811.70675      9.96556564e-07  -30.9424499    
2108.4825       2811.70675      1.77215602e-06  -59.0711478    
2108.4825       2811.70675      3.15138856e-06  -111.997138    
2108.4825       2811.70675      5.60404939e-06  -210.329263    
2108.4825       2811.70675      9.96556564e-06  -391.038589    
2108.4825       2811.70675      1.77215602e-05  -720.304745    
2108.4825       2811.70675      3.15138856e-05  -1316.43505    
2108.4825       2811.70675      5.60404939e-05  -2390.62718    
2108.4825       2811.70675      9.96556564e-05  -4319.38274    
2811.70675      3749.471        0               -0.0067215877  
2811.70675      3749.471        1.77215602e-10  -0.00623987993 
2811.70675      3749.471        3.15138857e-10  -0.00587812045 
2811.70675      3749.471        5.6040494e-10   -0.00526301666 
2811.70675      3749.471        9.96556566e-10  -0.00425740689 
2811.70675      3749.471        1.77215602e-09  -0.00274275748 
2811.70675      3749.471        3.15138857e-09  -0.000885667318
2811.70675      3749.471        5.6040494e-09   -7.78659628e-05
2811.70675      3749.471        9.96556566e-09  -0.00578788241 
2811.70675      3749.471        1.77215602e-08  -0.0351693724  
2811.70675      3749.471        3.15138857e-08  -0.134673273   
2811.70675      3749.471        5.6040494e-08   -0.414855366   
2811.70675      3749.471        9.96556566e-08  -1.10999396    
2811.70675      3749.471        1.77215602e-07  -2.67339       
2811.70675      3749.471        3.15138857e-07  -5.93523685    
2811.70675      3749.471        5.6040494e-07   -12.3848781    
2811.70675      3749.471        9.96556566e-07  -24.693913     
2811.70675      3749.471        1.77215602e-06  -47.6787544    
2811.70675      3749.471        3.15138857e-06  -90.0381251    
2811.70675      3749.471        5.6040494e-06   -167.445567    
2811.70675      3749.471        9.96556566e-06  -308.024555    
2811.70675      3749.471        1.77215602e-05  -562.054717    
2811.70675      3749.471        3.15138857e-05  -1019.23223    
2811.70675      3749.471        5.6040494e-05   -1839.39939    
2811.70675      3749.471        9.96556566e-05  -3307.22309    
3749.471        5000            0               7.77036043e-05 
3749.471        5000            1.77215602e-10  -0.00261610108 
3749.471        5000            3.15138856e-10  -0.00471335219 
3749.471        5000            5.60404939e-10  -0.0084444012  
3749.471        5000            9.96556565e-10  -0.0150841391  
3749.471        5000            1.77215602e-09  -0.0269068398  
3749.471        5000            3.15138856e-09  -0.0479791731  
3749.471        5000            5.60404939e-09  -0.0856020775  
3749.471        5000            9.96556565e-09  -0.152969635   
3749.471        5000            1.77215602e-08  -0.274169634   
3749.471        5000            3.15138856e-08  -0.493804277   
3749.471        5000            5.60404939e-08  -0.895824889   
3749.471        5000            9.96556565e-08  -1.64037907    
3749.471        5000            1.77215602e-07  -3.03405593    
3749.471        5000            3.15138856e-07  -5.65872323    
3749.471        5000            5.60404939e-07  -10.6019247    
3749.471        5000            9.96556565e-07  -19.8667082    
3749.471        5000            1.77215602e-06  -37.097989     
3749.471        5000            3.15138856e-06  -68.864602     
3749.471        5000            5.60404939e-06  -126.933629    
3749.471        5000            9.96556565e-06  -232.333516    
3749.471        5000            1.77215602e-05  -422.613136    
3749.471        5000            3.15138856e-05  -764.767828    
3749.471        5000            5.60404939e-05  -1378.21803    
3749.471        5000            9.96556565e-05  -2475.65518    
5000            6667.607        0               8.90849606e-07 
5000            6667.607        1.77215602e-10  -9.18276339e-05
5000            6667.607        3.15138857e-10  -0.000168022438
5000            6667.607        5.6040494e-10   -0.000312203238
5000            6667.607        9.96556566e-10  -0.000595890924
5000            6667.607        1.77215602e-09  -0.00118573045 
5000            6667.607        3.15138857e-09  -0.00249937799 
5000            6667.607        5.6040494e-09   -0.00564466362 
5000            6667.607        9.96556566e-09  -0.0136513035  
5000            6667.607        1.77215602e-08  -0.0348018478  
5000            6667.607        3.15138857e-08  -0.091004115   
5000            6667.607        5.6040494e-08   -0.236605974   
5000            6667.607        9.96556566e-08  -0.595151843   
5000            6667.607        1.77215602e-07  -1.42231341    
5000            6667.607        3.15138857e-07  -3.20663171    
5000            6667.607        5.6040494e-07   -6.83470027    
5000            6667.607        9.96556566e-07  -13.8795783    
5000            6667.607        1.77215602e-06  -27.1226367    
5000            6667.607        3.15138857e-06  -51.4997145    
5000            6667.607        5.6040494e-06   -95.8021329    
5000            6667.607        9.96556566e-06  -175.716711    
5000            6667.607        1.77215602e-05  -319.245813    
5000            6667.607        3.15138857e-05  -576.354869    
5000            6667.607        5.6040494e-05   -1036.11148    
5000            6667.607        9.96556566e-05  -1857.11354    
6667.607        8891.397        0               3.89491106e-10 
6667.607        8891.397        1.77215602e-10  -0.00239852322 
6667.607        8891.397        3.15138856e-10  -0.00426524783 
6667.607        8891.397        5.6040494e-10   -0.00758481241 
6667.607        8891.397        9.96556565e-10  -0.0134879467  
6667.607        8891.397        1.77215602e-09  -0.0239854353  
6667.607        8891.397        3.15138856e-09  -0.0426531127  
6667.607        8891.397        5.6040494e-09   -0.0758501215  
6667.607        8891.397        9.96556565e-09  -0.13488577    
6667.607        8891.397        1.77215602e-08  -0.239874246   
6667.607        8891.397        3.15138856e-08  -0.426593848   
6667.607        8891.397        5.6040494e-08   -0.758698555   
6667.607        8891.397        9.96556565e-08  -1.34947624    
6667.607        8891.397        1.77215602e-07  -2.40066832    
6667.607        8891.397        3.15138856e-07  -4.27186718    
6667.607        8891.397        5.6040494e-07   -7.60489704    
6667.607        8891.397        9.96556565e-07  -13.5472903    
6667.607        8891.397        1.77215602e-06  -24.1541014    
6667.607        8891.397        3.15138856e-06  -43.1084689    
6667.607        8891.397        5.6040494e-06   -77.006955     
6667.607        8891.397        9.96556565e-06  -137.642187    
6667.607        8891.397        1.77215602e-05  -246.052617    
6667.607        8891.397        3.15138856e-05  -439.718369    
6667.607        8891.397        5.6040494e-05   -785.36544     
6667.607        8891.397        9.96556565e-05  -1401.748      
8891.397        11856.869       0               2.73416845e-10 
8891.397        11856.869       1.77215602e-10  -0.00168329442 
8891.397        11856.869       3.15138856e-10  -0.00299337408 
8891.397        11856.869       5.60404939e-10  -0.00532307488 
8891.397        11856.869       9.96556565e-10  -0.00946597525 
8891.397        11856.869       1.77215602e-09  -0.0168333407  
8891.397        11856.869       3.15138856e-09  -0.0299349888  
8891.397        11856.869       5.60404939e-09  -0.0532346877  
8891.397        11856.869       9.96556565e-09  -0.0946721917  
8891.397        11856.869       1.77215602e-08  -0.168372673   
8891.397        11856.869       3.15138856e-08  -0.299473691   
8891.397        11856.869       5.60404939e-08  -0.532736355   
8891.397        11856.869       9.96556565e-08  -0.947942375   
8891.397        11856.869       1.77215602e-07  -1.68752499    
8891.397        11856.869       3.15138856e-07  -3.00642       
8891.397        11856.869       5.60404939e-07  -5.36260604    
8891.397        11856.869       9.96556565e-07  -9.58248896    
8891.397        11856.869       1.77215602e-06  -17.1630456    
8891.397        11856.869       3.15138856e-06  -30.8185832    
8891.397        11856.869       5.60404939e-06  -55.4543919    
8891.397        11856.869       9.96556565e-06  -99.881398     
8891.397        11856.869       1.77215602e-05  -179.837978    
8891.397        11856.869       3.15138856e-05  -323.349649    
8891.397        11856.869       5.60404939e-05  -580.273438    
8891.397        11856.869       9.96556565e-05  -1039.30266    
11856.869       15811.388       0               2.16232365e-10 
11856.869       15811.388       1.77215602e-10  -0.00133162832 
11856.869       15811.388       3.15138857e-10  -0.00236800951 
11856.869       15811.388       5.6040494e-10   -0.00421098939 
11856.869       15811.388       9.96556566e-10  -0.00748833699 
11856.869       15811.388       1.77215602e-09  -0.0133164223  
11856.869       15811.388       3.15138857e-09  -0.0236805306  
11856.869       15811.388       5.6040494e-09   -0.0421112664  
11856.869       15811.388       9.96556566e-09  -0.0748877019  
11856.869       15811.388       1.77215602e-08  -0.133177897   
11856.869       15811.388       3.15138857e-08  -0.23684842    
11856.869       15811.388       5.6040494e-08   -0.421248326   
11856.869       15811.388       9.96556566e-08  -0.749302299   
11856.869       15811.388       1.77215602e-07  -1.33310343    
11856.869       15811.388       3.15138857e-07  -2.37256298    
11856.869       15811.388       5.6040494e-07   -4.22481118    
11856.869       15811.388       9.96556566e-07  -7.52918716    
11856.869       15811.388       1.77215602e-06  -13.4324879    
11856.869       15811.388       3.15138857e-06  -23.9933432    
11856.869       15811.388       5.6040494e-06   -42.9030361    
11856.869       15811.388       9.96556566e-06  -76.763877     
11856.869       15811.388       1.77215602e-05  -137.355536    
11856.869       15811.388       3.15138857e-05  -245.658277    
11856.869       15811.388       5.6040494e-05   -439.00116     
11856.869       15811.388       9.96556566e-05  -783.772859    
15811.388       21084.826       0               1.29997235e-05 
15811.388       21084.826       1.77215602e-10  -0.00101690368 
15811.388       21084.826       3.15138856e-10  -0.00181845653 
15811.388       21084.826       5.60404939e-10  -0.00324384198 
15811.388       21084.826       9.96556565e-10  -0.00577857721 
15811.388       21084.826       1.77215602e-09  -0.0102860499  
15811.388       21084.826       3.15138856e-09  -0.0183016122  
15811.388       21084.826       5.60404939e-09  -0.0325555735  
15811.388       21084.826       9.96556565e-09  -0.0579032637  
15811.388       21084.826       1.77215602e-08  -0.102979058   
15811.388       21084.826       3.15138856e-08  -0.183138052   
15811.388       21084.826       5.60404939e-08  -0.325688303   
15811.388       21084.826       9.96556565e-08  -0.579198716   
15811.388       21084.826       1.77215602e-07  -1.03006192    
15811.388       21084.826       3.15138856e-07  -1.83198083    
15811.388       21084.826       5.60404939e-07  -3.25850229    
15811.388       21084.826       9.96556565e-07  -5.79671509    
15811.388       21084.826       1.77215602e-06  -10.314596     
15811.388       21084.826       3.15138856e-06  -18.3602307    
15811.388       21084.826       5.60404939e-06  -32.6967635    
15811.388       21084.826       9.96556565e-06  -58.2567073    
15811.388       21084.826       1.77215602e-05  -103.83909     
15811.388       21084.826       3.15138856e-05  -185.123707    
15811.388       21084.826       5.60404939e-05  -330.030143    
15811.388       21084.826       9.96556565e-05  -588.255292    
21084.826       28117.066       0               5.62315506e-06 
21084.826       28117.066       1.77215602e-10  -0.000773985155
21084.826       28117.066       3.15138857e-10  -0.00138073843 
21084.826       28117.066       5.60404941e-10  -0.00245971568 
21084.826       28117.066       9.96556567e-10  -0.00437843993 
21084.826       28117.066       1.77215602e-09  -0.00779047165 
21084.826       28117.066       3.15138857e-09  -0.0138580297  
21084.826       28117.066       5.60404941e-09  -0.0246478822  
21084.826       28117.066       9.96556567e-09  -0.0438353776  
21084.826       28117.066       1.77215602e-08  -0.0779564941  
21084.826       28117.066       3.15138857e-08  -0.1386346     
21084.826       28117.066       5.60404941e-08  -0.246541094   
21084.826       28117.066       9.96556567e-08  -0.438441163   
21084.826       28117.066       1.77215602e-07  -0.779731271   
21084.826       28117.066       3.15138857e-07  -1.38675932    
21084.826       28117.066       5.60404941e-07  -2.46659088    
21084.826       28117.066       9.96556567e-07  -4.38793842    
21084.826       28117.066       1.77215602e-06  -7.80786019    
21084.826       28117.066       3.15138857e-06  -13.8983814    
21084.826       28117.066       5.60404941e-06  -24.7518919    
21084.826       28117.066       9.96556567e-06  -44.1047534    
21084.826       28117.066       1.77215602e-05  -78.6239714    
21084.826       28117.066       3.15138857e-05  -140.18994     
21084.826       28117.066       5.60404941e-05  -249.950494    
21084.826       28117.066       9.96556567e-05  -445.533811    
28117.066       37494.712       0               5.41856139e-07 
28117.066       37494.712       1.77215602e-10  -0.000600357468
28117.066       37494.712       3.15138856e-10  -0.00106802507 
28117.066       37494.712       5.60404939e-10  -0.00189966878 
28117.066       37494.712       9.96556565e-10  -0.00337856385 
28117.066       37494.712       1.77215602e-09  -0.00600845305 
28117.066       37494.712       3.15138856e-09  -0.0106851326  
28117.066       37494.712       5.60404939e-09  -0.0190015811  
28117.066       37494.712       9.96556565e-09  -0.0337905678  
28117.066       37494.712       1.77215602e-08  -0.0600895735  
28117.066       37494.712       3.15138856e-08  -0.106856729   
28117.066       37494.712       5.60404939e-08  -0.19002235    
28117.066       37494.712       9.96556565e-08  -0.337915805   
28117.066       37494.712       1.77215602e-07  -0.600917189   
28117.066       37494.712       3.15138856e-07  -1.06862443    
28117.066       37494.712       5.60404939e-07  -1.90039281    
28117.066       37494.712       9.96556565e-07  -3.37967822    
28117.066       37494.712       1.77215602e-06  -6.01078052    
28117.066       37494.712       3.15138856e-06  -10.6911826    
28117.066       37494.712       5.60404939e-06  -19.0188168    
28117.066       37494.712       9.96556565e-06  -33.8403233    
28117.066       37494.712       1.77215602e-05  -60.2294165    
28117.066       37494.712       3.15138856e-05  -107.230716    
28117.066       37494.712       5.60404939e-05  -190.961279    
28117.066       37494.712       9.96556565e-05  -340.118149    
37494.712       50000           0               8.08936775e-07 
37494.712       50000           1.77215602e-10  -0.000447772776
37494.712       50000           3.15138857e-10  -0.000796894707
37494.712       50000           5.60404941e-10  -0.00141773109 
37494.712       50000           9.96556567e-10  -0.0025217518  
37494.712       50000           1.77215602e-09  -0.00448500953 
37494.712       50000           3.15138857e-09  -0.00797623174 
37494.712       50000           5.60404941e-09  -0.0141846048  
37494.712       50000           9.96556567e-09  -0.0252248408  
37494.712       50000           1.77215602e-08  -0.0448575099  
37494.712       50000           3.15138857e-08  -0.079770022   
37494.712       50000           5.60404941e-08  -0.141854669   
37494.712       50000           9.96556567e-08  -0.252259924   
37494.712       50000           1.77215602e-07  -0.448595749   
37494.712       50000           3.15138857e-07  -0.797749649   
37494.712       50000           5.60404941e-07  -1.41868653    
37494.712       50000           9.96556567e-07  -2.52302174    
37494.712       50000           1.77215602e-06  -4.48725597    
37494.712       50000           3.15138857e-06  -7.98146981    
37494.712       50000           5.60404941e-06  -14.1988071    
37494.712       50000           9.96556567e-06  -25.2649808    
37494.712       50000           1.77215602e-05  -44.9689507    
37494.712       50000           3.15138857e-05  -80.0646558    
37494.712       50000           5.60404941e-05  -142.584685    
37494.712       50000           9.96556567e-05  -253.947824    
50000           66676.072       0               5.42144107e-11 
50000           66676.072       1.77215602e-10  -0.00033389113 
50000           66676.072       3.15138856e-10  -0.000593751764
50000           66676.072       5.60404939e-10  -0.00105585658 
50000           66676.072       9.96556564e-10  -0.00187760806 
50000           66676.072       1.77215602e-09  -0.0033389118  
50000           66676.072       3.15138856e-09  -0.00593751818 
50000           66676.072       5.60404939e-09  -0.0105585664  
50000           66676.072       9.96556564e-09  -0.0187760816  
50000           66676.072       1.77215602e-08  -0.0333891201  
50000           66676.072       3.15138856e-08  -0.0593751874  
50000           66676.072       5.60404939e-08  -0.105585681   
50000           66676.072       9.96556564e-08  -0.187760867   
50000           66676.072       1.77215602e-07  -0.333891362   
50000           66676.072       3.15138856e-07  -0.593752382   
50000           66676.072       5.60404939e-07  -1.05585842    
50000           66676.072       9.96556564e-07  -1.87761375    
50000           66676.072       1.77215602e-06  -3.33892966    
50000           66676.072       3.15138856e-06  -5.93757442    
50000           66676.072       5.60404939e-06  -10.5587437    
50000           66676.072       9.96556564e-06  -18.776639     
50000           66676.072       1.77215602e-05  -33.3908664    
50000           66676.072       3.15138856e-05  -59.3806214    
50000           66676.072       5.60404939e-05  -105.602396    
50000           66676.072       9.96556564e-05  -187.811319    
66676.072       88913.968       0               4.39277507e-07 
66676.072       88913.968       1.77215602e-10  -0.00024315435 
66676.072       88913.968       3.15138857e-10  -0.000432738256
66676.072       88913.968       5.6040494e-10   -0.000769871418
66676.072       88913.968       9.96556567e-10  -0.00136938839 
66676.072       88913.968       1.77215602e-09  -0.00243549713 
66676.072       88913.968       3.15138857e-09  -0.00433133649 
66676.072       88913.968       5.6040494e-09   -0.00770266906 
66676.072       88913.968       9.96556567e-09  -0.0136978418  
66676.072       88913.968       1.77215602e-08  -0.0243589386  
66676.072       88913.968       3.15138857e-08  -0.0433173619  
66676.072       88913.968       5.6040494e-08   -0.0770307814  
66676.072       88913.968       9.96556567e-08  -0.136982805   
66676.072       88913.968       1.77215602e-07  -0.243594711   
66676.072       88913.968       3.15138857e-07  -0.433181907   
66676.072       88913.968       5.6040494e-07   -0.770325453   
66676.072       88913.968       9.96556567e-07  -1.36987516    
66676.072       88913.968       1.77215602e-06  -2.43608679    
66676.072       88913.968       3.15138857e-06  -4.33224824    
66676.072       88913.968       5.6040494e-06   -7.70458123    
66676.072       88913.968       9.96556567e-06  -13.702821     
66676.072       88913.968       1.77215602e-05  -24.3731191    
66676.072       88913.968       3.15138857e-05  -43.3582202    
66676.072       88913.968       5.6040494e-05   -77.1452238    
66676.072       88913.968       9.96556567e-05  -137.287326    
88913.968       118568.688      0               1.60280806e-07 
88913.968       118568.688      1.77215602e-10  -0.000177585471
88913.968       118568.688      3.15138856e-10  -0.000315921331
88913.968       118568.688      5.60404939e-10  -0.000561921145
88913.968       118568.688      9.96556564e-10  -0.000999377557
88913.968       118568.688      1.77215602e-09  -0.00177729731 
88913.968       118568.688      3.15138856e-09  -0.00316065607 
88913.968       118568.688      5.60404939e-09  -0.00562065472 
88913.968       118568.688      9.96556564e-09  -0.00999522045 
88913.968       118568.688      1.77215602e-08  -0.0177744231  
88913.968       118568.688      3.15138856e-08  -0.0316080268  
88913.968       118568.688      5.60404939e-08  -0.0562080642  
88913.968       118568.688      9.96556564e-08  -0.0999538823  
88913.968       118568.688      1.77215602e-07  -0.177746417   
88913.968       118568.688      3.15138856e-07  -0.31608406    
88913.968       118568.688      5.60404939e-07  -0.562089505   
88913.968       118568.688      9.96556564e-07  -0.99956368    
88913.968       118568.688      1.77215602e-06  -1.77753935    
88913.968       118568.688      3.15138856e-06  -3.16107356    
88913.968       118568.688      5.60404939e-06  -5.6216194     
88913.968       118568.688      9.96556564e-06  -9.99787429    
88913.968       118568.688      1.77215602e-05  -17.7822018    
88913.968       118568.688      3.15138856e-05  -31.6309241    
88913.968       118568.688      5.60404939e-05  -56.2736894    
88913.968       118568.688      9.96556564e-05  -100.133238    
118568.688      158113.888      0               2.09006146e-11 
118568.688      158113.888      1.77215602e-10  -0.000128669878
118568.688      158113.888      3.15138857e-10  -0.000228811011
118568.688      158113.888      5.6040494e-10   -0.000406889926
118568.688      158113.888      9.96556566e-10  -0.000723563996
118568.688      158113.888      1.77215602e-09  -0.00128669898 
118568.688      158113.888      3.15138857e-09  -0.00228811034 
118568.688      158113.888      5.6040494e-09   -0.0040688996  
118568.688      158113.888      9.96556566e-09  -0.00723564063 
118568.688      158113.888      1.77215602e-08  -0.0128669915  
118568.688      158113.888      3.15138857e-08  -0.0228811084  
118568.688      158113.888      5.6040494e-08   -0.0406890113  
118568.688      158113.888      9.96556566e-08  -0.0723564544  
118568.688      158113.888      1.77215602e-07  -0.128670067   
118568.688      158113.888      3.15138857e-07  -0.228811564   
118568.688      158113.888      5.6040494e-07   -0.406891629   
118568.688      158113.888      9.96556566e-07  -0.723569331   
118568.688      158113.888      1.77215602e-06  -1.28671578    
118568.688      158113.888      3.15138857e-06  -2.28816326    
118568.688      158113.888      5.6040494e-06   -4.06906601    
118568.688      158113.888      9.96556566e-06  -7.23616199    
118568.688      158113.888      1.77215602e-05  -12.8686137    
118568.688      158113.888      3.15138857e-05  -22.886097     
118568.688      158113.888      5.6040494e-05   -40.7040569    
118568.688      158113.888      9.96556566e-05  -72.4004653    
158113.888      210848.256      0               1.50359725e-11 
158113.888      210848.256      1.77215602e-10  -9.25763822e-05
158113.888      210848.256      3.15138857e-10  -0.000164626686
158113.888      210848.256      5.6040494e-10   -0.000292752258
158113.888      210848.256      9.96556566e-10  -0.000520595324
158113.888      210848.256      1.77215602e-09  -0.000925763958
158113.888      210848.256      3.15138857e-09  -0.001646267   
158113.888      210848.256      5.6040494e-09   -0.00292752271 
158113.888      210848.256      9.96556566e-09  -0.00520595338 
158113.888      210848.256      1.77215602e-08  -0.00925763971 
158113.888      210848.256      3.15138857e-08  -0.0164626701  
158113.888      210848.256      5.6040494e-08   -0.0292752273  
158113.888      210848.256      9.96556566e-08  -0.0520595339  
158113.888      210848.256      1.77215602e-07  -0.0925763972  
158113.888      210848.256      3.15138857e-07  -0.164626701   
158113.888      210848.256      5.6040494e-07   -0.292752273   
158113.888      210848.256      9.96556566e-07  -0.520595339   
158113.888      210848.256      1.77215602e-06  -0.925763973   
158113.888      210848.256      3.15138857e-06  -1.64626701    
158113.888      210848.256      5.6040494e-06   -2.92752273    
158113.888      210848.256      9.96556566e-06  -5.20595339    
158113.888      210848.256      1.77215602e-05  -9.25763973    
158113.888      210848.256      3.15138857e-05  -16.4626701    
158113.888      210848.256      5.6040494e-05   -29.2752273    
158113.888      210848.256      9.96556566e-05  -52.0595339    
210848.256      281170.656      0               1.068301e-11   
210848.256      281170.656      1.77215602e-10  -6.5786761e-05 
210848.256      281170.656      3.15138857e-10  -0.000116987251
210848.256      281170.656      5.60404941e-10  -0.000208036028
210848.256      281170.656      9.96556567e-10  -0.000369946193
210848.256      281170.656      1.77215602e-09  -0.000657867706
210848.256      281170.656      3.15138857e-09  -0.00116987261 
210848.256      281170.656      5.60404941e-09  -0.00208036038 
210848.256      281170.656      9.96556567e-09  -0.00369946203 
210848.256      281170.656      1.77215602e-08  -0.00657867718 
210848.256      281170.656      3.15138857e-08  -0.0116987262  
210848.256      281170.656      5.60404941e-08  -0.0208036041  
210848.256      281170.656      9.96556567e-08  -0.0369946211  
210848.256      281170.656      1.77215602e-07  -0.0657867739  
210848.256      281170.656      3.15138857e-07  -0.116987269   
210848.256      281170.656      5.60404941e-07  -0.208036061   
210848.256      281170.656      9.96556567e-07  -0.369946275   
210848.256      281170.656      1.77215602e-06  -0.657867943   
210848.256      281170.656      3.15138857e-06  -1.16987333    
210848.256      281170.656      5.60404941e-06  -2.08036264    
210848.256      281170.656      9.96556567e-06  -3.69946918    
210848.256      281170.656      1.77215602e-05  -6.57869971    
210848.256      281170.656      3.15138857e-05  -11.6987972    
210848.256      281170.656      5.60404941e-05  -20.8038271    
210848.256      281170.656      9.96556567e-05  -36.9953188    
281170.656      374947.104      0               7.50510765e-12 
281170.656      374947.104      1.77215602e-10  -4.62206964e-05
281170.656      374947.104      3.15138856e-10  -8.21933186e-05
281170.656      374947.104      5.60404939e-10  -0.000146162692
281170.656      374947.104      9.96556564e-10  -0.000259918112
281170.656      374947.104      1.77215602e-09  -0.000462207032
281170.656      374947.104      3.15138856e-09  -0.000821933254
281170.656      374947.104      5.60404939e-09  -0.00146162699 
281170.656      374947.104      9.96556564e-09  -0.00259918119 
281170.656      374947.104      1.77215602e-08  -0.00462207041 
281170.656      374947.104      3.15138856e-08  -0.00821933269 
281170.656      374947.104      5.60404939e-08  -0.0146162702  
281170.656      374947.104      9.96556564e-08  -0.0259918127  
281170.656      374947.104      1.77215602e-07  -0.0462207065  
281170.656      374947.104      3.15138856e-07  -0.0821933344  
281170.656      374947.104      5.60404939e-07  -0.146162726   
281170.656      374947.104      9.96556564e-07  -0.259918202   
281170.656      374947.104      1.77215602e-06  -0.462207301   
281170.656      374947.104      3.15138856e-06  -0.821934089   
281170.656      374947.104      5.60404939e-06  -1.46162961    
281170.656      374947.104      9.96556564e-06  -2.59918946    
281170.656      374947.104      1.77215602e-05  -4.62209648    
281170.656      374947.104      3.15138856e-05  -8.2194148     
281170.656      374947.104      5.60404939e-05  -14.6165281    
281170.656      374947.104      9.96556564e-05  -25.992619     
374947.104      500000          0               1.75122906e-07 
374947.104      500000          1.77215602e-10  -1.36991572e-05
374947.104      500000          3.15138857e-10  -2.44974525e-05
374947.104      500000          5.6040494e-10   -4.37003333e-05
374947.104      500000          9.96556566e-10  -7.7849985e-05 
374947.104      500000          1.77215602e-09  -0.000138582553
374947.104      500000          3.15138857e-09  -0.000246597667
374947.104      500000          5.6040494e-09   -0.000438728152
374947.104      500000          9.96556566e-09  -0.000780546074
374947.104      500000          1.77215602e-08  -0.00138888741 
374947.104      500000          3.15138857e-08  -0.00247224634 
374947.104      500000          5.6040494e-08   -0.00440367272 
374947.104      500000          9.96556566e-08  -0.00785373375 
374947.104      500000          1.77215602e-07  -0.014037269   
374947.104      500000          3.15138857e-07  -0.0251836197  
374947.104      500000          5.6040494e-07   -0.0454659364  
374947.104      500000          9.96556566e-07  -0.0829160783  
374947.104      500000          1.77215602e-06  -0.153506502   
374947.104      500000          3.15138857e-06  -0.289901529   
374947.104      500000          5.6040494e-06   -0.559478577   
374947.104      500000          9.96556566e-06  -1.09835979    
374947.104      500000          1.77215602e-05  -2.16956127    
374947.104      500000          3.15138857e-05  -4.25760032    
374947.104      500000          5.6040494e-05   -8.22774414    
374947.104      500000          9.96556566e-05  -15.6087638    
