### like_bootes_I.txt
#[0]emin(MeV) [1]emax(MeV) [2]eflux(MeV/cm^2/s) [3]deltaLogLike
500             666.760688      0               -0.444625516   
500             666.760688      1.77215602e-10  -0.442838344   
500             666.760688      3.15138857e-10  -0.441450144   
500             666.760688      5.6040494e-10   -0.438987414   
500             666.760688      9.96556566e-10  -0.434626561   
500             666.760688      1.77215602e-09  -0.426930374   
500             666.760688      3.15138857e-09  -0.413429298   
500             666.760688      5.6040494e-09   -0.390002474   
500             666.760688      9.96556566e-09  -0.350167358   
500             666.760688      1.77215602e-08  -0.285012163   
500             666.760688      3.15138857e-08  -0.186652325   
500             666.760688      5.6040494e-08   -0.0646457858  
500             666.760688      9.96556566e-08  -0.00271454717 
500             666.760688      1.77215602e-07  -0.325739063   
500             666.760688      3.15138857e-07  -2.03129326    
500             666.760688      5.6040494e-07   -7.77532984    
500             666.760688      9.96556566e-07  -23.8991688    
500             666.760688      1.77215602e-06  -64.3291349    
500             666.760688      3.15138857e-06  -157.859555    
500             666.760688      5.6040494e-06   -361.534101    
500             666.760688      9.96556566e-06  -784.847968    
500             666.760688      1.77215602e-05  -1633.02712    
500             666.760688      3.15138857e-05  -3284.03958    
500             666.760688      5.6040494e-05   -6425.44557    
500             666.760688      9.96556566e-05  -12297.5681    
666.760688      889.139688      0               0.00159867763  
666.760688      889.139688      1.77215602e-10  0.000797497321 
666.760688      889.139688      3.15138856e-10  0.000171303835 
666.760688      889.139688      5.6040494e-10   -0.000947971776
666.760688      889.139688      9.96556565e-10  -0.0029564521  
666.760688      889.139688      1.77215602e-09  -0.00658520249 
666.760688      889.139688      3.15138856e-09  -0.0132181099  
666.760688      889.139688      5.6040494e-09   -0.0255789169  
666.760688      889.139688      9.96556565e-09  -0.0493293219  
666.760688      889.139688      1.77215602e-08  -0.097054305   
666.760688      889.139688      3.15138856e-08  -0.198721146   
666.760688      889.139688      5.6040494e-08   -0.429733822   
666.760688      889.139688      9.96556565e-08  -0.985239437   
666.760688      889.139688      1.77215602e-07  -2.36774454    
666.760688      889.139688      3.15138856e-07  -5.82540927    
666.760688      889.139688      5.6040494e-07   -14.2856473    
666.760688      889.139688      9.96556565e-07  -34.1850293    
666.760688      889.139688      1.77215602e-06  -78.8661134    
666.760688      889.139688      3.15138856e-06  -174.733596    
666.760688      889.139688      5.6040494e-06   -372.33846     
666.760688      889.139688      9.96556565e-06  -766.286441    
666.760688      889.139688      1.77215602e-05  -1530.85669    
666.760688      889.139688      3.15138856e-05  -2983.46647    
666.760688      889.139688      5.6040494e-05   -5697.49712    
666.760688      889.139688      9.96556565e-05  -10702.8023    
889.139688      1185.68688      0               5.38420863e-10 
889.139688      1185.68688      1.77215602e-10  -0.00331641233 
889.139688      1185.68688      3.15138856e-10  -0.00590057767 
889.139688      1185.68688      5.60404939e-10  -0.0105025737  
889.139688      1185.68688      9.96556565e-10  -0.0187071257  
889.139688      1185.68688      1.77215602e-09  -0.0333630218  
889.139688      1185.68688      3.15138856e-09  -0.0596324125  
889.139688      1185.68688      5.60404939e-09  -0.106994406   
889.139688      1185.68688      9.96556565e-09  -0.193225684   
889.139688      1185.68688      1.77215602e-08  -0.352707882   
889.139688      1185.68688      3.15138856e-08  -0.654630027   
889.139688      1185.68688      5.60404939e-08  -1.24413535    
889.139688      1185.68688      9.96556565e-08  -2.4350966     
889.139688      1185.68688      1.77215602e-07  -4.91100597    
889.139688      1185.68688      3.15138856e-07  -10.1334167    
889.139688      1185.68688      5.60404939e-07  -21.1275842    
889.139688      1185.68688      9.96556565e-07  -43.9524418    
889.139688      1185.68688      1.77215602e-06  -90.4221845    
889.139688      1185.68688      3.15138856e-06  -183.082594    
889.139688      1185.68688      5.60404939e-06  -364.18445     
889.139688      1185.68688      9.96556565e-06  -711.737431    
889.139688      1185.68688      1.77215602e-05  -1368.1488     
889.139688      1185.68688      3.15138856e-05  -2591.21526    
889.139688      1185.68688      5.60404939e-05  -4844.76944    
889.139688      1185.68688      9.96556565e-05  -8959.71942    
1185.68688      1581.13888      0               0.00245795659  
1185.68688      1581.13888      1.77215602e-10  0.00205340568  
1185.68688      1581.13888      3.15138856e-10  0.00173350609  
1185.68688      1581.13888      5.6040494e-10   0.00115374708  
1185.68688      1581.13888      9.96556565e-10  8.84459714e-05 
1185.68688      1581.13888      1.77215602e-09  -0.00191393138 
1185.68688      1581.13888      3.15138856e-09  -0.00581295115 
1185.68688      1581.13888      5.6040494e-09   -0.0137984638  
1185.68688      1581.13888      9.96556565e-09  -0.0312305996  
1185.68688      1581.13888      1.77215602e-08  -0.0719531925  
1185.68688      1581.13888      3.15138856e-08  -0.172653111   
1185.68688      1581.13888      5.6040494e-08   -0.429841218   
1185.68688      1581.13888      9.96556565e-08  -1.08766421    
1185.68688      1581.13888      1.77215602e-07  -2.7259574     
1185.68688      1581.13888      3.15138856e-07  -6.62459673    
1185.68688      1581.13888      5.6040494e-07   -15.4254336    
1185.68688      1581.13888      9.96556565e-07  -34.3175842    
1185.68688      1581.13888      1.77215602e-06  -73.1848309    
1185.68688      1581.13888      3.15138856e-06  -150.514921    
1185.68688      1581.13888      5.6040494e-06   -300.459798    
1185.68688      1581.13888      9.96556565e-06  -585.461968    
1185.68688      1581.13888      1.77215602e-05  -1118.70709    
1185.68688      1581.13888      3.15138856e-05  -2103.9799     
1185.68688      1581.13888      5.6040494e-05   -3906.45012    
1185.68688      1581.13888      9.96556565e-05  -7178.5027     
1581.13888      2108.4825       0               -1.00680072    
1581.13888      2108.4825       1.77215602e-10  -1.00075895    
1581.13888      2108.4825       3.15138857e-10  -0.996076161   
1581.13888      2108.4825       5.6040494e-10   -0.987790582   
1581.13888      2108.4825       9.96556566e-10  -0.973187466   
1581.13888      2108.4825       1.77215602e-09  -0.947627718   
1581.13888      2108.4825       3.15138857e-09  -0.903437949   
1581.13888      2108.4825       5.6040494e-09   -0.828690803   
1581.13888      2108.4825       9.96556566e-09  -0.707087536   
1581.13888      2108.4825       1.77215602e-08  -0.522759053   
1581.13888      2108.4825       3.15138857e-08  -0.279031917   
1581.13888      2108.4825       5.6040494e-08   -0.0472797122  
1581.13888      2108.4825       9.96556566e-08  -0.0669527029  
1581.13888      2108.4825       1.77215602e-07  -0.921097933   
1581.13888      2108.4825       3.15138857e-07  -3.83029063    
1581.13888      2108.4825       5.6040494e-07   -11.1638113    
1581.13888      2108.4825       9.96556566e-07  -27.3667688    
1581.13888      2108.4825       1.77215602e-06  -60.6602154    
1581.13888      2108.4825       3.15138857e-06  -126.130971    
1581.13888      2108.4825       5.6040494e-06   -251.272216    
1581.13888      2108.4825       9.96556566e-06  -485.839637    
1581.13888      2108.4825       1.77215602e-05  -919.35778     
1581.13888      2108.4825       3.15138857e-05  -1712.24827    
1581.13888      2108.4825       5.6040494e-05   -3151.2196     
1581.13888      2108.4825       9.96556566e-05  -5747.82363    
2108.4825       2811.70675      0               -0.499875515   
2108.4825       2811.70675      1.77215602e-10  -0.497470832   
2108.4825       2811.70675      3.15138856e-10  -0.495604429   
2108.4825       2811.70675      5.60404939e-10  -0.492296476   
2108.4825       2811.70675      9.96556564e-10  -0.486448785   
2108.4825       2811.70675      1.77215602e-09  -0.476159318   
2108.4825       2811.70675      3.15138856e-09  -0.458204228   
2108.4825       2811.70675      5.60404939e-09  -0.427339534   
2108.4825       2811.70675      9.96556564e-09  -0.375720301   
2108.4825       2811.70675      1.77215602e-08  -0.293740063   
2108.4825       2811.70675      3.15138856e-08  -0.176429223   
2108.4825       2811.70675      5.60404939e-08  -0.0461613416  
2108.4825       2811.70675      9.96556564e-08  -0.0144475815  
2108.4825       2811.70675      1.77215602e-07  -0.421087848   
2108.4825       2811.70675      3.15138856e-07  -2.10204295    
2108.4825       2811.70675      5.60404939e-07  -6.85271141    
2108.4825       2811.70675      9.96556564e-07  -18.2035738    
2108.4825       2811.70675      1.77215602e-06  -42.7522817    
2108.4825       2811.70675      3.15138856e-06  -92.5252207    
2108.4825       2811.70675      5.60404939e-06  -189.215565    
2108.4825       2811.70675      9.96556564e-06  -371.777609    
2108.4825       2811.70675      1.77215602e-05  -709.980932    
2108.4825       2811.70675      3.15138856e-05  -1328.54501    
2108.4825       2811.70675      5.60404939e-05  -2450.06251    
2108.4825       2811.70675      9.96556564e-05  -4471.3167     
2811.70675      3749.471        0               1.22197407e-05 
2811.70675      3749.471        1.77215602e-10  -0.00192616873 
2811.70675      3749.471        3.15138857e-10  -0.00343782678 
2811.70675      3749.471        5.6040494e-10   -0.00613254943 
2811.70675      3749.471        9.96556566e-10  -0.0109451964  
2811.70675      3749.471        1.77215602e-09  -0.0195682252  
2811.70675      3749.471        3.15138857e-09  -0.0351040458  
2811.70675      3749.471        5.6040494e-09   -0.0633512574  
2811.70675      3749.471        9.96556566e-09  -0.115451615   
2811.70675      3749.471        1.77215602e-08  -0.213547797   
2811.70675      3749.471        3.15138857e-08  -0.40306205    
2811.70675      3749.471        5.6040494e-08   -0.778775025   
2811.70675      3749.471        9.96556566e-08  -1.5372778     
2811.70675      3749.471        1.77215602e-07  -3.07637882    
2811.70675      3749.471        3.15138857e-07  -6.17717706    
2811.70675      3749.471        5.6040494e-07   -12.3325528    
2811.70675      3749.471        9.96556566e-07  -24.3288649    
2811.70675      3749.471        1.77215602e-06  -47.2631605    
2811.70675      3749.471        3.15138857e-06  -90.3340238    
2811.70675      3749.471        5.6040494e-06   -170.036429    
2811.70675      3749.471        9.96556566e-06  -315.890952    
2811.70675      3749.471        1.77215602e-05  -580.691462    
2811.70675      3749.471        3.15138857e-05  -1058.76045    
2811.70675      3749.471        5.6040494e-05   -1918.39844    
2811.70675      3749.471        9.96556566e-05  -3459.55162    
3749.471        5000            0               6.07542461e-10 
3749.471        5000            1.77215602e-10  -0.00373641659 
3749.471        5000            3.15138856e-10  -0.00664449317 
3749.471        5000            5.60404939e-10  -0.011816082   
3749.471        5000            9.96556565e-10  -0.0210132952  
3749.471        5000            1.77215602e-09  -0.0373706679  
3749.471        5000            3.15138856e-09  -0.0664654583  
3749.471        5000            5.60404939e-09  -0.118225591   
3749.471        5000            9.96556565e-09  -0.210337047   
3749.471        5000            1.77215602e-08  -0.374348093   
3749.471        5000            3.15138856e-08  -0.666660943   
3749.471        5000            5.60404939e-08  -1.18848123    
3749.471        5000            9.96556565e-08  -2.12242368    
3749.471        5000            1.77215602e-07  -3.8005067     
3749.471        5000            3.15138856e-07  -6.83148458    
3749.471        5000            5.60404939e-07  -12.3383864    
3749.471        5000            9.96556565e-07  -22.3932532    
3749.471        5000            1.77215602e-06  -40.7933144    
3749.471        5000            3.15138856e-06  -74.4286307    
3749.471        5000            5.60404939e-06  -135.699413    
3749.471        5000            9.96556565e-06  -246.815566    
3749.471        5000            1.77215602e-05  -447.446931    
3749.471        5000            3.15138856e-05  -808.31758     
3749.471        5000            5.60404939e-05  -1455.37933    
3749.471        5000            9.96556565e-05  -2612.8349     
5000            6667.607        0               -0.175763617   
5000            6667.607        1.77215602e-10  -0.172766736   
5000            6667.607        3.15138857e-10  -0.17046111    
5000            6667.607        5.6040494e-10   -0.16641823    
5000            6667.607        9.96556566e-10  -0.159406246   
5000            6667.607        1.77215602e-09  -0.147479654   
5000            6667.607        3.15138857e-09  -0.127891205   
5000            6667.607        5.6040494e-09   -0.0977047074  
5000            6667.607        9.96556566e-09  -0.0565291019  
5000            6667.607        1.77215602e-08  -0.0139244167  
5000            6667.607        3.15138857e-08  -0.00420888466 
5000            6667.607        5.6040494e-08   -0.109486928   
5000            6667.607        9.96556566e-08  -0.491265152   
5000            6667.607        1.77215602e-07  -1.43881086    
5000            6667.607        3.15138857e-07  -3.456984      
5000            6667.607        5.6040494e-07   -7.43225482    
5000            6667.607        9.96556566e-07  -14.9401707    
5000            6667.607        1.77215602e-06  -28.8066291    
5000            6667.607        3.15138857e-06  -54.1245609    
5000            6667.607        5.6040494e-06   -100.077202    
5000            6667.607        9.96556566e-06  -183.174667    
5000            6667.607        1.77215602e-05  -332.977986    
5000            6667.607        3.15138857e-05  -602.245758    
5000            6667.607        5.6040494e-05   -1084.96999    
5000            6667.607        9.96556566e-05  -1948.46747    
6667.607        8891.397        0               3.89036359e-10 
6667.607        8891.397        1.77215602e-10  -0.00239580222 
6667.607        8891.397        3.15138856e-10  -0.00426042487 
6667.607        8891.397        5.6040494e-10   -0.00757628558 
6667.607        8891.397        9.96556565e-10  -0.0134729409  
6667.607        8891.397        1.77215602e-09  -0.0239592476  
6667.607        8891.397        3.15138856e-09  -0.0426081128  
6667.607        8891.397        5.6040494e-09   -0.0757750493  
6667.607        8891.397        9.96556565e-09  -0.134767857   
6667.607        8891.397        1.77215602e-08  -0.239713475   
6667.607        8891.397        3.15138856e-08  -0.426460553   
6667.607        8891.397        5.6040494e-08   -0.758932781   
6667.607        8891.397        9.96556565e-08  -1.3513228     
6667.607        8891.397        1.77215602e-07  -2.40816573    
6667.607        8891.397        3.15138856e-07  -4.29704085    
6667.607        8891.397        5.6040494e-07   -7.68063424    
6667.607        8891.397        9.96556565e-07  -13.7553212    
6667.607        8891.397        1.77215602e-06  -24.6778137    
6667.607        8891.397        3.15138856e-06  -44.3232475    
6667.607        8891.397        5.6040494e-06   -79.634123     
6667.607        8891.397        9.96556565e-06  -143.026306    
6667.607        8891.397        1.77215602e-05  -256.673625    
6667.607        8891.397        3.15138856e-05  -460.121291    
6667.607        8891.397        5.6040494e-05   -823.813619    
6667.607        8891.397        9.96556565e-05  -1473.15038    
8891.397        11856.869       0               2.98664459e-05 
8891.397        11856.869       1.77215602e-10  -0.00191874833 
8891.397        11856.869       3.15138856e-10  -0.00343531525 
8891.397        11856.869       5.60404939e-10  -0.0061321953  
8891.397        11856.869       9.96556565e-10  -0.0109280026  
8891.397        11856.869       1.77215602e-09  -0.0194562913  
8891.397        11856.869       3.15138856e-09  -0.0346219821  
8891.397        11856.869       5.60404939e-09  -0.0615908508  
8891.397        11856.869       9.96556565e-09  -0.10954914    
8891.397        11856.869       1.77215602e-08  -0.194832709   
8891.397        11856.869       3.15138856e-08  -0.346491772   
8891.397        11856.869       5.60404939e-08  -0.616187271   
8891.397        11856.869       9.96556565e-08  -1.09579166    
8891.397        11856.869       1.77215602e-07  -1.94869512    
8891.397        11856.869       3.15138856e-07  -3.46549884    
8891.397        11856.869       5.60404939e-07  -6.16312092    
8891.397        11856.869       9.96556565e-07  -10.9612376    
8891.397        11856.869       1.77215602e-06  -19.4966309    
8891.397        11856.869       3.15138856e-06  -34.6837682    
8891.397        11856.869       5.60404939e-06  -61.7154961    
8891.397        11856.869       9.96556565e-06  -109.850367    
8891.397        11856.869       1.77215602e-05  -195.603319    
8891.397        11856.869       3.15138856e-05  -348.432735    
8891.397        11856.869       5.60404939e-05  -620.860149    
8891.397        11856.869       9.96556565e-05  -1106.46254    
11856.869       15811.388       0               3.98182135e-06 
11856.869       15811.388       1.77215602e-10  -0.00146809532 
11856.869       15811.388       3.15138857e-10  -0.0026137827  
11856.869       15811.388       5.6040494e-10   -0.00465113506 
11856.869       15811.388       9.96556566e-10  -0.00827411714 
11856.869       15811.388       1.77215602e-09  -0.0147167926  
11856.869       15811.388       3.15138857e-09  -0.0261736727  
11856.869       15811.388       5.6040494e-09   -0.0465472167  
11856.869       15811.388       9.96556566e-09  -0.0827771018  
11856.869       15811.388       1.77215602e-08  -0.147204059   
11856.869       15811.388       3.15138857e-08  -0.261773503   
11856.869       15811.388       5.6040494e-08   -0.465510972   
11856.869       15811.388       9.96556566e-08  -0.827816232   
11856.869       15811.388       1.77215602e-07  -1.47210603    
11856.869       15811.388       3.15138857e-07  -2.61786421    
11856.869       15811.388       5.6040494e-07   -4.65543923    
11856.869       15811.388       9.96556566e-07  -8.27911838    
11856.869       15811.388       1.77215602e-06  -14.7239601    
11856.869       15811.388       3.15138857e-06  -26.1874879    
11856.869       15811.388       5.6040494e-06   -46.5810148    
11856.869       15811.388       9.96556566e-06  -82.8690753    
11856.869       15811.388       1.77215602e-05  -147.457805    
11856.869       15811.388       3.15138857e-05  -262.451311    
11856.869       15811.388       5.6040494e-05   -467.228283    
11856.869       15811.388       9.96556566e-05  -831.915617    
15811.388       21084.826       0               -2.31251867    
15811.388       21084.826       1.77215602e-10  -2.30341558    
15811.388       21084.826       3.15138856e-10  -2.29637995    
15811.388       21084.826       5.60404939e-10  -2.28397311    
15811.388       21084.826       9.96556565e-10  -2.26223291    
15811.388       21084.826       1.77215602e-09  -2.22455175    
15811.388       21084.826       3.15138856e-09  -2.16042809    
15811.388       21084.826       5.60404939e-09  -2.05449604    
15811.388       21084.826       9.96556565e-09  -1.88725207    
15811.388       21084.826       1.77215602e-08  -1.63963471    
15811.388       21084.826       3.15138856e-08  -1.30260867    
15811.388       21084.826       5.60404939e-08  -0.890140072   
15811.388       21084.826       9.96556565e-08  -0.453703736   
15811.388       21084.826       1.77215602e-07  -0.100414381   
15811.388       21084.826       3.15138856e-07  -0.0208455177  
15811.388       21084.826       5.60404939e-07  -0.538385635   
15811.388       21084.826       9.96556565e-07  -2.20297909    
15811.388       21084.826       1.77215602e-06  -5.96655653    
15811.388       21084.826       3.15138856e-06  -13.5009016    
15811.388       21084.826       5.60404939e-06  -27.7646374    
15811.388       21084.826       9.96556565e-06  -54.0111598    
15811.388       21084.826       1.77215602e-05  -101.581062    
15811.388       21084.826       3.15138856e-05  -187.091555    
15811.388       21084.826       5.60404939e-05  -340.112228    
15811.388       21084.826       9.96556565e-05  -613.26167     
21084.826       28117.066       0               5.94729124e-06 
21084.826       28117.066       1.77215602e-10  -0.000818600093
21084.826       28117.066       3.15138857e-10  -0.00146032855 
21084.826       28117.066       5.60404941e-10  -0.00260150152 
21084.826       28117.066       9.96556567e-10  -0.00463082735 
21084.826       28117.066       1.77215602e-09  -0.00823954023 
21084.826       28117.066       3.15138857e-09  -0.0146568544  
21084.826       28117.066       5.60404941e-09  -0.0260686776  
21084.826       28117.066       9.96556567e-09  -0.0463622314  
21084.826       28117.066       1.77215602e-08  -0.0824502944  
21084.826       28117.066       3.15138857e-08  -0.146626387   
21084.826       28117.066       5.60404941e-08  -0.26075393    
21084.826       28117.066       9.96556567e-08  -0.463718804   
21084.826       28117.066       1.77215602e-07  -0.8246916     
21084.826       28117.066       3.15138857e-07  -1.46674065    
21084.826       28117.066       5.60404941e-07  -2.60890906    
21084.826       28117.066       9.96556567e-07  -4.64128475    
21084.826       28117.066       1.77215602e-06  -8.25913759    
21084.826       28117.066       3.15138857e-06  -14.7029055    
21084.826       28117.066       5.60404941e-06  -26.1874941    
21084.826       28117.066       9.96556567e-06  -46.6682526    
21084.826       28117.066       1.77215602e-05  -83.2023746    
21084.826       28117.066       3.15138857e-05  -148.36419     
21084.826       28117.066       5.60404941e-05  -264.536249    
21084.826       28117.066       9.96556567e-05  -471.546344    
28117.066       37494.712       0               5.76227137e-07 
28117.066       37494.712       1.77215602e-10  -0.000638439305
28117.066       37494.712       3.15138856e-10  -0.00113577195 
28117.066       37494.712       5.60404939e-10  -0.00202016839 
28117.066       37494.712       9.96556565e-10  -0.00359287246 
28117.066       37494.712       1.77215602e-09  -0.00638958004 
28117.066       37494.712       3.15138856e-09  -0.0113629085  
28117.066       37494.712       5.60404939e-09  -0.0202068793  
28117.066       37494.712       9.96556565e-09  -0.0359339405  
28117.066       37494.712       1.77215602e-08  -0.0639010808  
28117.066       37494.712       3.15138856e-08  -0.11363457    
28117.066       37494.712       5.60404939e-08  -0.202074923   
28117.066       37494.712       9.96556565e-08  -0.359347571   
28117.066       37494.712       1.77215602e-07  -0.639025404   
28117.066       37494.712       3.15138856e-07  -1.13638056    
28117.066       37494.712       5.60404939e-07  -2.02084784    
28117.066       37494.712       9.96556565e-07  -3.59377399    
28117.066       37494.712       1.77215602e-06  -6.3911731     
28117.066       37494.712       3.15138856e-06  -11.3666306    
28117.066       37494.712       5.60404939e-06  -20.2170325    
28117.066       37494.712       9.96556565e-06  -35.9629351    
28117.066       37494.712       1.77215602e-05  -63.9827992    
28117.066       37494.712       3.15138856e-05  -113.854855    
28117.066       37494.712       5.60404939e-05  -202.632902    
28117.066       37494.712       9.96556565e-05  -360.666612    
37494.712       50000           0               4.25301738e-06 
37494.712       50000           1.77215602e-10  -0.000467468235
37494.712       50000           3.15138857e-10  -0.000834599214
37494.712       50000           5.60404941e-10  -0.00148746076 
37494.712       50000           9.96556567e-10  -0.0026484313  
37494.712       50000           1.77215602e-09  -0.00471296219 
37494.712       50000           3.15138857e-09  -0.00838427779 
37494.712       50000           5.60404941e-09  -0.0149129117  
37494.712       50000           9.96556567e-09  -0.0265226751  
37494.712       50000           1.77215602e-08  -0.0471681676  
37494.712       50000           3.15138857e-08  -0.0838819039  
37494.712       50000           5.60404941e-08  -0.149170076   
37494.712       50000           9.96556567e-08  -0.265273499   
37494.712       50000           1.77215602e-07  -0.471746675   
37494.712       50000           3.15138857e-07  -0.83894146    
37494.712       50000           5.60404941e-07  -1.49200313    
37494.712       50000           9.96556567e-07  -2.65359741    
37494.712       50000           1.77215602e-06  -4.72005177    
37494.712       50000           3.15138857e-06  -8.3971932     
37494.712       50000           5.60404941e-06  -14.9429687    
37494.712       50000           9.96556567e-06  -26.6010061    
37494.712       50000           1.77215602e-05  -47.3744731    
37494.712       50000           3.15138857e-05  -84.4033892    
37494.712       50000           5.60404941e-05  -150.410027    
37494.712       50000           9.96556567e-05  -268.041093    
50000           66676.072       0               4.37904708e-06 
50000           66676.072       1.77215602e-10  -0.000342551086
50000           66676.072       3.15138856e-10  -0.000612559692
50000           66676.072       5.60404939e-10  -0.00109271049 
50000           66676.072       9.96556564e-10  -0.00194655296 
50000           66676.072       1.77215602e-09  -0.00346492403 
50000           66676.072       3.15138856e-09  -0.00616501386 
50000           66676.072       5.60404939e-09  -0.0109665338  
50000           66676.072       9.96556564e-09  -0.0195049963  
50000           66676.072       1.77215602e-08  -0.0346888263  
50000           66676.072       3.15138856e-08  -0.0616901019  
50000           66676.072       5.60404939e-08  -0.109706494   
50000           66676.072       9.96556564e-08  -0.195094883   
50000           66676.072       1.77215602e-07  -0.346945061   
50000           66676.072       3.15138856e-07  -0.616995227   
50000           66676.072       5.60404939e-07  -1.0972766     
50000           66676.072       9.96556564e-07  -1.95152721    
50000           66676.072       1.77215602e-06  -3.47116314    
50000           66676.072       3.15138856e-06  -6.17511593    
50000           66676.072       5.60404939e-06  -10.9881534    
50000           66676.072       9.96556564e-06  -19.5596965    
50000           66676.072       1.77215602e-05  -34.8335904    
50000           66676.072       3.15138856e-05  -62.0638388    
50000           66676.072       5.60404939e-05  -110.619674    
50000           66676.072       9.96556564e-05  -197.18991     
66676.072       88913.968       0               3.02549097e-11 
66676.072       88913.968       1.77215602e-10  -0.000186305334
66676.072       88913.968       3.15138857e-10  -0.000331306684
66676.072       88913.968       5.6040494e-10   -0.000589167642
66676.072       88913.968       9.96556567e-10  -0.0010477419  
66676.072       88913.968       1.77215602e-09  -0.00186329545 
66676.072       88913.968       3.15138857e-09  -0.00331383156 
66676.072       88913.968       5.6040494e-09   -0.00589409228 
66676.072       88913.968       9.96556567e-09  -0.010485048   
66676.072       88913.968       1.77215602e-08  -0.0186570224  
66676.072       88913.968       3.15138857e-08  -0.0332141089  
66676.072       88913.968       5.6040494e-08   -0.0591788492  
66676.072       88913.968       9.96556567e-08  -0.105593217   
66676.072       88913.968       1.77215602e-07  -0.188866628   
66676.072       88913.968       3.15138857e-07  -0.339126557   
66676.072       88913.968       5.6040494e-07   -0.612480485   
66676.072       88913.968       9.96556567e-07  -1.11475446    
66676.072       88913.968       1.77215602e-06  -2.04629528    
66676.072       88913.968       3.15138857e-06  -3.78233348    
66676.072       88913.968       5.6040494e-06   -7.01065983    
66676.072       88913.968       9.96556567e-06  -12.9663458    
66676.072       88913.968       1.77215602e-05  -23.8431083    
66676.072       88913.968       3.15138857e-05  -43.528394     
66676.072       88913.968       5.6040494e-05   -78.9186372    
66676.072       88913.968       9.96556567e-05  -142.26405     
88913.968       118568.688      0               5.0171977e-07  
88913.968       118568.688      1.77215602e-10  -0.000184983728
88913.968       118568.688      3.15138856e-10  -0.000329343244
88913.968       118568.688      5.60404939e-10  -0.000586054823
88913.968       118568.688      9.96556564e-10  -0.00104255982 
88913.968       118568.688      1.77215602e-09  -0.0018543535  
88913.968       118568.688      3.15138856e-09  -0.00329795027 
88913.968       118568.688      5.60404939e-09  -0.00586507116 
88913.968       118568.688      9.96556564e-09  -0.0104301372  
88913.968       118568.688      1.77215602e-08  -0.0185481249  
88913.968       118568.688      3.15138856e-08  -0.0329842536  
88913.968       118568.688      5.60404939e-08  -0.0586559713  
88913.968       118568.688      9.96556564e-08  -0.104308239   
88913.968       118568.688      1.77215602e-07  -0.185493192   
88913.968       118568.688      3.15138856e-07  -0.329870485   
88913.968       118568.688      5.60404939e-07  -0.586638029   
88913.968       118568.688      9.96556564e-07  -1.0433186     
88913.968       118568.688      1.77215602e-06  -1.85565984    
88913.968       118568.688      3.15138856e-06  -3.30094662    
88913.968       118568.688      5.60404939e-06  -5.87319361    
88913.968       118568.688      9.96556564e-06  -10.4533747    
88913.968       118568.688      1.77215602e-05  -18.6140476    
88913.968       118568.688      3.15138856e-05  -33.1636521    
88913.968       118568.688      5.60404939e-05  -59.1152092    
88913.968       118568.688      9.96556564e-05  -105.403867    
118568.688      158113.888      0               2.21795915e-11 
118568.688      158113.888      1.77215602e-10  -0.000136548388
118568.688      158113.888      3.15138857e-10  -0.000242821204
118568.688      158113.888      5.6040494e-10   -0.000431803964
118568.688      158113.888      9.96556566e-10  -0.000767868116
118568.688      158113.888      1.77215602e-09  -0.00136548408 
118568.688      158113.888      3.15138857e-09  -0.00242821224 
118568.688      158113.888      5.6040494e-09   -0.00431803986 
118568.688      158113.888      9.96556566e-09  -0.00767868141 
118568.688      158113.888      1.77215602e-08  -0.0136548411  
118568.688      158113.888      3.15138857e-08  -0.0242821231  
118568.688      158113.888      5.6040494e-08   -0.0431804003  
118568.688      158113.888      9.96556566e-08  -0.0767868192  
118568.688      158113.888      1.77215602e-07  -0.136548427   
118568.688      158113.888      3.15138857e-07  -0.24282128    
118568.688      158113.888      5.6040494e-07   -0.431804156   
118568.688      158113.888      9.96556566e-07  -0.767868676   
118568.688      158113.888      1.77215602e-06  -1.3654858     
118568.688      158113.888      3.15138857e-06  -2.42821763    
118568.688      158113.888      5.6040494e-06   -4.31805683    
118568.688      158113.888      9.96556566e-06  -7.67873491    
118568.688      158113.888      1.77215602e-05  -13.6550096    
118568.688      158113.888      3.15138857e-05  -24.2826522    
118568.688      158113.888      5.6040494e-05   -43.1820538    
118568.688      158113.888      9.96556566e-05  -76.7919408    
158113.888      210848.256      0               1.59068314e-11 
158113.888      210848.256      1.77215602e-10  -9.7939424e-05 
158113.888      210848.256      3.15138857e-10  -0.000174163673
158113.888      210848.256      5.6040494e-10   -0.000309711687
158113.888      210848.256      9.96556566e-10  -0.000550753928
158113.888      210848.256      1.77215602e-09  -0.000979394383
158113.888      210848.256      3.15138857e-09  -0.00174163688 
158113.888      210848.256      5.6040494e-09   -0.00309711701 
158113.888      210848.256      9.96556566e-09  -0.00550753943 
158113.888      210848.256      1.77215602e-08  -0.00979394397 
158113.888      210848.256      3.15138857e-08  -0.0174163689  
158113.888      210848.256      5.6040494e-08   -0.0309711703  
158113.888      210848.256      9.96556566e-08  -0.0550753944  
158113.888      210848.256      1.77215602e-07  -0.0979394399  
158113.888      210848.256      3.15138857e-07  -0.174163689   
158113.888      210848.256      5.6040494e-07   -0.309711703   
158113.888      210848.256      9.96556566e-07  -0.550753944   
158113.888      210848.256      1.77215602e-06  -0.979394399   
158113.888      210848.256      3.15138857e-06  -1.74163689    
158113.888      210848.256      5.6040494e-06   -3.09711703    
158113.888      210848.256      9.96556566e-06  -5.50753944    
158113.888      210848.256      1.77215602e-05  -9.79394399    
158113.888      210848.256      3.15138857e-05  -17.4163689    
158113.888      210848.256      5.6040494e-05   -30.9711703    
158113.888      210848.256      9.96556566e-05  -55.0753944    
210848.256      281170.656      0               1.13233867e-11 
210848.256      281170.656      1.77215602e-10  -6.97199212e-05
210848.256      281170.656      3.15138857e-10  -0.000123981509
210848.256      281170.656      5.60404941e-10  -0.000220473774
210848.256      281170.656      9.96556567e-10  -0.000392063981
210848.256      281170.656      1.77215602e-09  -0.000697199314
210848.256      281170.656      3.15138857e-09  -0.00123981519 
210848.256      281170.656      5.60404941e-09  -0.00220473784 
210848.256      281170.656      9.96556567e-09  -0.00392063992 
210848.256      281170.656      1.77215602e-08  -0.00697199324 
210848.256      281170.656      3.15138857e-08  -0.012398152   
210848.256      281170.656      5.60404941e-08  -0.0220473785  
210848.256      281170.656      9.96556567e-08  -0.0392063993  
210848.256      281170.656      1.77215602e-07  -0.0697199325  
210848.256      281170.656      3.15138857e-07  -0.123981521   
210848.256      281170.656      5.60404941e-07  -0.220473785   
210848.256      281170.656      9.96556567e-07  -0.392063993   
210848.256      281170.656      1.77215602e-06  -0.697199326   
210848.256      281170.656      3.15138857e-06  -1.23981521    
210848.256      281170.656      5.60404941e-06  -2.20473785    
210848.256      281170.656      9.96556567e-06  -3.92063993    
210848.256      281170.656      1.77215602e-05  -6.97199326    
210848.256      281170.656      3.15138857e-05  -12.3981521    
210848.256      281170.656      5.60404941e-05  -22.0473785    
210848.256      281170.656      9.96556567e-05  -39.2063993    
281170.656      374947.104      0               7.96607225e-12 
281170.656      374947.104      1.77215602e-10  -4.90470794e-05
281170.656      374947.104      3.15138856e-10  -8.72194176e-05
281170.656      374947.104      5.60404939e-10  -0.000155100501
281170.656      374947.104      9.96556564e-10  -0.000275812033
281170.656      374947.104      1.77215602e-09  -0.000490470866
281170.656      374947.104      3.15138856e-09  -0.000872194248
281170.656      374947.104      5.60404939e-09  -0.00155100508 
281170.656      374947.104      9.96556564e-09  -0.0027581204  
281170.656      374947.104      1.77215602e-08  -0.00490470873 
281170.656      374947.104      3.15138856e-08  -0.00872194255 
281170.656      374947.104      5.60404939e-08  -0.0155100509  
281170.656      374947.104      9.96556564e-08  -0.0275812041  
281170.656      374947.104      1.77215602e-07  -0.0490470873  
281170.656      374947.104      3.15138856e-07  -0.0872194255  
281170.656      374947.104      5.60404939e-07  -0.155100509   
281170.656      374947.104      9.96556564e-07  -0.275812041   
281170.656      374947.104      1.77215602e-06  -0.490470873   
281170.656      374947.104      3.15138856e-06  -0.872194256   
281170.656      374947.104      5.60404939e-06  -1.55100509    
281170.656      374947.104      9.96556564e-06  -2.75812041    
281170.656      374947.104      1.77215602e-05  -4.90470873    
281170.656      374947.104      3.15138856e-05  -8.72194256    
281170.656      374947.104      5.60404939e-05  -15.5100509    
281170.656      374947.104      9.96556564e-05  -27.5812041    
374947.104      500000          0               5.51758639e-12 
374947.104      500000          1.77215602e-10  -3.39726362e-05
374947.104      500000          3.15138857e-10  -6.04128438e-05
374947.104      500000          5.6040494e-10   -0.00010743092 
374947.104      500000          9.96556566e-10  -0.000191042198
374947.104      500000          1.77215602e-09  -0.000339726412
374947.104      500000          3.15138857e-09  -0.000604128487
374947.104      500000          5.6040494e-09   -0.00107430925 
374947.104      500000          9.96556566e-09  -0.00191042203 
374947.104      500000          1.77215602e-08  -0.00339726417 
374947.104      500000          3.15138857e-08  -0.00604128492 
374947.104      500000          5.6040494e-08   -0.0107430926  
374947.104      500000          9.96556566e-08  -0.0191042204  
374947.104      500000          1.77215602e-07  -0.0339726417  
374947.104      500000          3.15138857e-07  -0.0604128493  
374947.104      500000          5.6040494e-07   -0.107430926   
374947.104      500000          9.96556566e-07  -0.191042204   
374947.104      500000          1.77215602e-06  -0.339726417   
374947.104      500000          3.15138857e-06  -0.604128493   
374947.104      500000          5.6040494e-06   -1.07430926    
374947.104      500000          9.96556566e-06  -1.91042204    
374947.104      500000          1.77215602e-05  -3.39726417    
374947.104      500000          3.15138857e-05  -6.04128493    
374947.104      500000          5.6040494e-05   -10.7430926    
374947.104      500000          9.96556566e-05  -19.1042204    
