### like_bootes_II.txt
#[0]emin(MeV) [1]emax(MeV) [2]eflux(MeV/cm^2/s) [3]deltaLogLike
500             666.760688      0               -0.00173021013 
500             666.760688      1.77215602e-10  -0.00161723727 
500             666.760688      3.15138857e-10  -0.00153185916 
500             666.760688      5.6040494e-10   -0.00138553569 
500             666.760688      9.96556566e-10  -0.00114271783 
500             666.760688      1.77215602e-09  -0.000765816556
500             666.760688      3.15138857e-09  -0.000268714053
500             666.760688      5.6040494e-09   7.03763908e-05 
500             666.760688      9.96556566e-09  -0.00103530974 
500             666.760688      1.77215602e-08  -0.00832548988 
500             666.760688      3.15138857e-08  -0.0376959519  
500             666.760688      5.6040494e-08   -0.139548597   
500             666.760688      9.96556566e-08  -0.466256859   
500             666.760688      1.77215602e-07  -1.45466655    
500             666.760688      3.15138857e-07  -4.27820091    
500             666.760688      5.6040494e-07   -11.8561771    
500             666.760688      9.96556566e-07  -30.8936541    
500             666.760688      1.77215602e-06  -75.7341423    
500             666.760688      3.15138857e-06  -175.449682    
500             666.760688      5.6040494e-06   -386.840177    
500             666.760688      9.96556566e-06  -818.147268    
500             666.760688      1.77215602e-05  -1671.84499    
500             666.760688      3.15138857e-05  -3321.0873     
500             666.760688      5.6040494e-05   -6445.58278    
500             666.760688      9.96556566e-05  -12272.7621    
666.760688      889.139688      0               -0.0708145763  
666.760688      889.139688      1.77215602e-10  -0.0700166571  
666.760688      889.139688      3.15138856e-10  -0.0693989308  
666.760688      889.139688      5.6040494e-10   -0.0683075219  
666.760688      889.139688      9.96556565e-10  -0.0663890563  
666.760688      889.139688      1.77215602e-09  -0.0630480508  
666.760688      889.139688      3.15138856e-09  -0.0573290568  
666.760688      889.139688      5.6040494e-09   -0.0478569363  
666.760688      889.139688      9.96556565e-09  -0.0331922794  
666.760688      889.139688      1.77215602e-08  -0.0138573617  
666.760688      889.139688      3.15138856e-08  -5.72332829e-06
666.760688      889.139688      5.6040494e-08   -0.0362559158  
666.760688      889.139688      9.96556565e-08  -0.273874401   
666.760688      889.139688      1.77215602e-07  -1.15962847    
666.760688      889.139688      3.15138856e-07  -3.87703772    
666.760688      889.139688      5.6040494e-07   -11.2704549    
666.760688      889.139688      9.96556565e-07  -29.6300711    
666.760688      889.139688      1.77215602e-06  -72.0130749    
666.760688      889.139688      3.15138856e-06  -164.359466    
666.760688      889.139688      5.6040494e-06   -356.629219    
666.760688      889.139688      9.96556565e-06  -742.741425    
666.760688      889.139688      1.77215602e-05  -1495.92799    
666.760688      889.139688      3.15138856e-05  -2931.47442    
666.760688      889.139688      5.6040494e-05   -5618.34372    
666.760688      889.139688      9.96556565e-05  -10577.7351    
889.139688      1185.68688      0               5.8025762e-10  
889.139688      1185.68688      1.77215602e-10  -0.00359854941 
889.139688      1185.68688      3.15138856e-10  -0.00640226321 
889.139688      1185.68688      5.60404939e-10  -0.0113946046  
889.139688      1185.68688      9.96556565e-10  -0.0202930615  
889.139688      1185.68688      1.77215602e-09  -0.0361821203  
889.139688      1185.68688      3.15138856e-09  -0.0646416868  
889.139688      1185.68688      5.60404939e-09  -0.115888598   
889.139688      1185.68688      9.96556565e-09  -0.208991116   
889.139688      1185.68688      1.77215602e-08  -0.380544549   
889.139688      1185.68688      3.15138856e-08  -0.703334764   
889.139688      1185.68688      5.60404939e-08  -1.32759696    
889.139688      1185.68688      9.96556565e-08  -2.57191534    
889.139688      1185.68688      1.77215602e-07  -5.11672709    
889.139688      1185.68688      3.15138856e-07  -10.3966321    
889.139688      1185.68688      5.60404939e-07  -21.3628171    
889.139688      1185.68688      9.96556565e-07  -43.9240952    
889.139688      1185.68688      1.77215602e-06  -89.6239884    
889.139688      1185.68688      3.15138856e-06  -180.557492    
889.139688      1185.68688      5.60404939e-06  -358.308629    
889.139688      1185.68688      9.96556565e-06  -700.003369    
889.139688      1185.68688      1.77215602e-05  -1346.84201    
889.139688      1185.68688      3.15138856e-05  -2554.62502    
889.139688      1185.68688      5.60404939e-05  -4783.41198    
889.139688      1185.68688      9.96556565e-05  -8856.9649     
1185.68688      1581.13888      0               -1.01120818    
1185.68688      1581.13888      1.77215602e-10  -1.00671294    
1185.68688      1581.13888      3.15138856e-10  -1.00322405    
1185.68688      1581.13888      5.6040494e-10   -0.997040667   
1185.68688      1581.13888      9.96556565e-10  -0.986110507   
1185.68688      1581.13888      1.77215602e-09  -0.96687962    
1185.68688      1581.13888      3.15138856e-09  -0.933324755   
1185.68688      1581.13888      5.6040494e-09   -0.875642674   
1185.68688      1581.13888      9.96556565e-09  -0.779111759   
1185.68688      1581.13888      1.77215602e-08  -0.625329288   
1185.68688      1581.13888      3.15138856e-08  -0.402474178   
1185.68688      1581.13888      5.6040494e-08   -0.140509169   
1185.68688      1581.13888      9.96556565e-08  -0.00159749693 
1185.68688      1581.13888      1.77215602e-07  -0.472519105   
1185.68688      1581.13888      3.15138856e-07  -2.72830048    
1185.68688      1581.13888      5.6040494e-07   -9.29086531    
1185.68688      1581.13888      9.96556565e-07  -25.2273482    
1185.68688      1581.13888      1.77215602e-06  -60.3352724    
1185.68688      1581.13888      3.15138856e-06  -133.08033     
1185.68688      1581.13888      5.6040494e-06   -277.613102    
1185.68688      1581.13888      9.96556565e-06  -556.232234    
1185.68688      1581.13888      1.77215602e-05  -1081.53569    
1185.68688      1581.13888      3.15138856e-05  -2055.81452    
1185.68688      1581.13888      5.6040494e-05   -3841.15249    
1185.68688      1581.13888      9.96556565e-05  -7084.21523    
1581.13888      2108.4825       0               4.49290383e-10 
1581.13888      2108.4825       1.77215602e-10  -0.00276925493 
1581.13888      2108.4825       3.15138857e-10  -0.00492949612 
1581.13888      2108.4825       5.6040494e-10   -0.00878175096 
1581.13888      2108.4825       9.96556566e-10  -0.015665922   
1581.13888      2108.4825       1.77215602e-09  -0.0280137154  
1581.13888      2108.4825       3.15138857e-09  -0.0503005254  
1581.13888      2108.4825       5.6040494e-09   -0.0909426963  
1581.13888      2108.4825       9.96556566e-09  -0.166251153   
1581.13888      2108.4825       1.77215602e-08  -0.308981549   
1581.13888      2108.4825       3.15138857e-08  -0.58704586    
1581.13888      2108.4825       5.6040494e-08   -1.14344518    
1581.13888      2108.4825       9.96556566e-08  -2.27687868    
1581.13888      2108.4825       1.77215602e-07  -4.59515183    
1581.13888      2108.4825       3.15138857e-07  -9.29751748    
1581.13888      2108.4825       5.6040494e-07   -18.6907088    
1581.13888      2108.4825       9.96556566e-07  -37.1306187    
1581.13888      2108.4825       1.77215602e-06  -72.7296321    
1581.13888      2108.4825       3.15138857e-06  -140.427898    
1581.13888      2108.4825       5.6040494e-06   -267.477935    
1581.13888      2108.4825       9.96556566e-06  -503.19451     
1581.13888      2108.4825       1.77215602e-05  -936.297541    
1581.13888      2108.4825       3.15138857e-05  -1725.81608    
1581.13888      2108.4825       5.6040494e-05   -3156.11986    
1581.13888      2108.4825       9.96556566e-05  -5734.79017    
2108.4825       2811.70675      0               0.000311180456 
2108.4825       2811.70675      1.77215602e-10  0.000315636189 
2108.4825       2811.70675      3.15138856e-10  0.000313395818 
2108.4825       2811.70675      5.60404939e-10  0.000297112034 
2108.4825       2811.70675      9.96556564e-10  0.000229456297 
2108.4825       2811.70675      1.77215602e-09  -1.21383127e-05
2108.4825       2811.70675      3.15138856e-09  -0.000819291156
2108.4825       2811.70675      5.60404939e-09  -0.00341604461 
2108.4825       2811.70675      9.96556564e-09  -0.0115361346  
2108.4825       2811.70675      1.77215602e-08  -0.0361983448  
2108.4825       2811.70675      3.15138856e-08  -0.108418345   
2108.4825       2811.70675      5.60404939e-08  -0.310037206   
2108.4825       2811.70675      9.96556564e-08  -0.840560263   
2108.4825       2811.70675      1.77215602e-07  -2.1472081     
2108.4825       2811.70675      3.15138856e-07  -5.16011988    
2108.4825       2811.70675      5.60404939e-07  -11.7080891    
2108.4825       2811.70675      9.96556564e-07  -25.2590809    
2108.4825       2811.70675      1.77215602e-06  -52.2474349    
2108.4825       2811.70675      3.15138856e-06  -104.446857    
2108.4825       2811.70675      5.60404939e-06  -203.2076      
2108.4825       2811.70675      9.96556564e-06  -387.024126    
2108.4825       2811.70675      1.77215602e-05  -725.025856    
2108.4825       2811.70675      3.15138856e-05  -1340.965      
2108.4825       2811.70675      5.60404939e-05  -2455.83223    
2108.4825       2811.70675      9.96556564e-05  -4463.61151    
2811.70675      3749.471        0               -0.0392972015  
2811.70675      3749.471        1.77215602e-10  -0.0381623852  
2811.70675      3749.471        3.15138857e-10  -0.037292646   
2811.70675      3749.471        5.6040494e-10   -0.0357748906  
2811.70675      3749.471        9.96556566e-10  -0.0331661863  
2811.70675      3749.471        1.77215602e-09  -0.0288069511  
2811.70675      3749.471        3.15138857e-09  -0.0219088717  
2811.70675      3749.471        5.6040494e-09   -0.0121822662  
2811.70675      3749.471        9.96556566e-09  -0.00213329129 
2811.70675      3749.471        1.77215602e-08  -0.00365670969 
2811.70675      3749.471        3.15138857e-08  -0.0537565176  
2811.70675      3749.471        5.6040494e-08   -0.246176384   
2811.70675      3749.471        9.96556566e-08  -0.787459412   
2811.70675      3749.471        1.77215602e-07  -2.09272533    
2811.70675      3749.471        3.15138857e-07  -4.95554313    
2811.70675      3749.471        5.6040494e-07   -10.859088     
2811.70675      3749.471        9.96556566e-07  -22.5426259    
2811.70675      3749.471        1.77215602e-06  -45.0134673    
2811.70675      3749.471        3.15138857e-06  -87.3451861    
2811.70675      3749.471        5.6040494e-06   -165.885959    
2811.70675      3749.471        9.96556566e-06  -309.979351    
2811.70675      3749.471        1.77215602e-05  -572.131425    
2811.70675      3749.471        3.15138857e-05  -1046.07505    
2811.70675      3749.471        5.6040494e-05   -1898.91033    
2811.70675      3749.471        9.96556566e-05  -3428.31336    
3749.471        5000            0               -0.138347397   
3749.471        5000            1.77215602e-10  -0.136069459   
3749.471        5000            3.15138856e-10  -0.134314827   
3749.471        5000            5.60404939e-10  -0.131233647   
3749.471        5000            9.96556565e-10  -0.125876113   
3749.471        5000            1.77215602e-09  -0.11672386    
3749.471        5000            3.15138856e-09  -0.101582182   
3749.471        5000            5.60404939e-09  -0.0779755036  
3749.471        5000            9.96556565e-09  -0.0452297799  
3749.471        5000            1.77215602e-08  -0.0107711496  
3749.471        5000            3.15138856e-08  -0.00454898431 
3749.471        5000            5.60404939e-08  -0.105768569   
3749.471        5000            9.96556565e-08  -0.487042024   
3749.471        5000            1.77215602e-07  -1.48897824    
3749.471        5000            3.15138856e-07  -3.75411457    
3749.471        5000            5.60404939e-07  -8.46757754    
3749.471        5000            9.96556565e-07  -17.7821797    
3749.471        5000            1.77215602e-06  -35.5691574    
3749.471        5000            3.15138856e-06  -68.7503403    
3749.471        5000            5.60404939e-06  -129.670746    
3749.471        5000            9.96556565e-06  -240.339189    
3749.471        5000            1.77215602e-05  -440.012185    
3749.471        5000            3.15138856e-05  -798.719928    
3749.471        5000            5.60404939e-05  -1441.32134    
3749.471        5000            9.96556565e-05  -2590.24822    
5000            6667.607        0               -0.920784221   
5000            6667.607        1.77215602e-10  -0.907496624   
5000            6667.607        3.15138857e-10  -0.897332033   
5000            6667.607        5.6040494e-10   -0.879626458   
5000            6667.607        9.96556566e-10  -0.84925645    
5000            6667.607        1.77215602e-09  -0.798501484   
5000            6667.607        3.15138857e-09  -0.717217312   
5000            6667.607        5.6040494e-09   -0.59545558    
5000            6667.607        9.96556566e-09  -0.430465687   
5000            6667.607        1.77215602e-08  -0.238037974   
5000            6667.607        3.15138857e-08  -0.065122282   
5000            6667.607        5.6040494e-08   -0.00296930547 
5000            6667.607        9.96556566e-08  -0.209321419   
5000            6667.607        1.77215602e-07  -0.95689931    
5000            6667.607        3.15138857e-07  -2.73216483    
5000            6667.607        5.6040494e-07   -6.41992358    
5000            6667.607        9.96556566e-07  -13.6307202    
5000            6667.607        1.77215602e-06  -27.2699069    
5000            6667.607        3.15138857e-06  -52.5352327    
5000            6667.607        5.6040494e-06   -98.6905508    
5000            6667.607        9.96556566e-06  -182.232042    
5000            6667.607        1.77215602e-05  -332.532801    
5000            6667.607        3.15138857e-05  -601.898017    
5000            6667.607        5.6040494e-05   -1083.47273    
5000            6667.607        9.96556566e-05  -1943.11686    
6667.607        8891.397        0               3.71755959e-10 
6667.607        8891.397        1.77215602e-10  -0.00228884878 
6667.607        8891.397        3.15138856e-10  -0.00407024716 
6667.607        8891.397        5.6040494e-10   -0.00723814517 
6667.607        8891.397        9.96556565e-10  -0.0128717867  
6667.607        8891.397        1.77215602e-09  -0.0228907139  
6667.607        8891.397        3.15138856e-09  -0.0407094974  
6667.607        8891.397        5.6040494e-09   -0.0724036266  
6667.607        8891.397        9.96556565e-09  -0.128787785   
6667.607        8891.397        1.77215602e-08  -0.229127133   
6667.607        8891.397        3.15138856e-08  -0.407784554   
6667.607        8891.397        5.6040494e-08   -0.726183462   
6667.607        8891.397        9.96556565e-08  -1.29448789    
6667.607        8891.397        1.77215602e-07  -2.31123511    
6667.607        8891.397        3.15138856e-07  -4.1363184     
6667.607        8891.397        5.6040494e-07   -7.42533576    
6667.607        8891.397        9.96556565e-07  -13.3735008    
6667.607        8891.397        1.77215602e-06  -24.1483991    
6667.607        8891.397        3.15138856e-06  -43.6466843    
6667.607        8891.397        5.6040494e-06   -78.8239071    
6667.607        8891.397        9.96556565e-06  -142.060485    
6667.607        8891.397        1.77215602e-05  -255.389978    
6667.607        8891.397        3.15138856e-05  -458.040045    
6667.607        8891.397        5.6040494e-05   -819.85225     
6667.607        8891.397        9.96556565e-05  -1465.15117    
8891.397        11856.869       0               3.02520675e-10 
8891.397        11856.869       1.77215602e-10  -0.00186187869 
8891.397        11856.869       3.15138856e-10  -0.00331094401 
8891.397        11856.869       5.60404939e-10  -0.00588779401 
8891.397        11856.869       9.96556565e-10  -0.0104701754  
8891.397        11856.869       1.77215602e-09  -0.0186189997  
8891.397        11856.869       3.15138856e-09  -0.033110107   
8891.397        11856.869       5.60404939e-09  -0.0588800419  
8891.397        11856.869       9.96556565e-09  -0.104708388   
8891.397        11856.869       1.77215602e-08  -0.186210933   
8891.397        11856.869       3.15138856e-08  -0.331167064   
8891.397        11856.869       5.60404939e-08  -0.589007962   
8891.397        11856.869       9.96556565e-08  -1.04773386    
8891.397        11856.869       1.77215602e-07  -1.8641302     
8891.397        11856.869       3.15138856e-07  -3.31787666    
8891.397        11856.869       5.60404939e-07  -5.90875324    
8891.397        11856.869       9.96556565e-07  -10.5317521    
8891.397        11856.869       1.77215602e-06  -18.7925651    
8891.397        11856.869       3.15138856e-06  -33.573534     
8891.397        11856.869       5.60404939e-06  -60.0418845    
8891.397        11856.869       9.96556565e-06  -107.437591    
8891.397        11856.869       1.77215602e-05  -192.243102    
8891.397        11856.869       3.15138856e-05  -343.812411    
8891.397        11856.869       5.60404939e-05  -614.379765    
8891.397        11856.869       9.96556565e-05  -1096.86523    
11856.869       15811.388       0               2.22485141e-10 
11856.869       15811.388       1.77215602e-10  -0.00136861652 
11856.869       15811.388       3.15138857e-10  -0.00243378536 
11856.869       15811.388       5.6040494e-10   -0.0043279588  
11856.869       15811.388       9.96556566e-10  -0.00769634626 
11856.869       15811.388       1.77215602e-09  -0.0136863366  
11856.869       15811.388       3.15138857e-09  -0.0243383912  
11856.869       15811.388       5.6040494e-09   -0.0432812832  
11856.869       15811.388       9.96556566e-09  -0.0769688148  
11856.869       15811.388       1.77215602e-08  -0.136880265   
11856.869       15811.388       3.15138857e-08  -0.24343722    
11856.869       15811.388       5.6040494e-08   -0.432980697   
11856.869       15811.388       9.96556566e-08  -0.770215076   
11856.869       15811.388       1.77215602e-07  -1.37044748    
11856.869       15811.388       3.15138857e-07  -2.43945758    
11856.869       15811.388       5.6040494e-07   -4.34527839    
11856.869       15811.388       9.96556566e-07  -7.74801072    
11856.869       15811.388       1.77215602e-06  -13.8351198    
11856.869       15811.388       3.15138857e-06  -24.7464676    
11856.869       15811.388       5.6040494e-06   -44.3346214    
11856.869       15811.388       9.96556566e-06  -79.510761     
11856.869       15811.388       1.77215602e-05  -142.61887     
11856.869       15811.388       3.15138857e-05  -255.640027    
11856.869       15811.388       5.6040494e-05   -457.672282    
11856.869       15811.388       9.96556566e-05  -818.256313    
15811.388       21084.826       0               1.54500412e-10 
15811.388       21084.826       1.77215602e-10  -0.000951992594
15811.388       21084.826       3.15138856e-10  -0.00169292387 
15811.388       21084.826       5.60404939e-10  -0.00301053897 
15811.388       21084.826       9.96556565e-10  -0.00535372876 
15811.388       21084.826       1.77215602e-09  -0.00952089713 
15811.388       21084.826       3.15138856e-09  -0.0169323043  
15811.388       21084.826       5.60404939e-09  -0.0301150667  
15811.388       21084.826       9.96556565e-09  -0.0535678053  
15811.388       21084.826       1.77215602e-08  -0.0953050248  
15811.388       21084.826       3.15138856e-08  -0.169624297   
15811.388       21084.826       5.60404939e-08  -0.302089625   
15811.388       21084.826       9.96556565e-08  -0.538573409   
15811.388       21084.826       1.77215602e-07  -0.961818774   
15811.388       21084.826       3.15138856e-07  -1.72203473    
15811.388       21084.826       5.60404939e-07  -3.09345519    
15811.388       21084.826       9.96556565e-07  -5.57744581    
15811.388       21084.826       1.77215602e-06  -10.0857035    
15811.388       21084.826       3.15138856e-06  -18.2596494    
15811.388       21084.826       5.60404939e-06  -33.028944     
15811.388       21084.826       9.96556565e-06  -59.6021988    
15811.388       21084.826       1.77215602e-05  -107.237362    
15811.388       21084.826       3.15138856e-05  -192.403428    
15811.388       21084.826       5.60404939e-05  -344.412635    
15811.388       21084.826       9.96556565e-05  -615.435833    
21084.826       28117.066       0               1.35287337e-10 
21084.826       28117.066       1.77215602e-10  -0.000832832494
21084.826       28117.066       3.15138857e-10  -0.001481009   
21084.826       28117.066       5.60404941e-10  -0.00263364795 
21084.826       28117.066       9.96556567e-10  -0.00468336216 
21084.826       28117.066       1.77215602e-09  -0.00832832703 
21084.826       28117.066       3.15138857e-09  -0.0148100939  
21084.826       28117.066       5.60404941e-09  -0.0263364894  
21084.826       28117.066       9.96556567e-09  -0.0468336504  
21084.826       28117.066       1.77215602e-08  -0.0832833585  
21084.826       28117.066       3.15138857e-08  -0.148101215   
21084.826       28117.066       5.60404941e-08  -0.263365765   
21084.826       28117.066       9.96556567e-08  -0.468339251   
21084.826       28117.066       1.77215602e-07  -0.83284226    
21084.826       28117.066       3.15138857e-07  -1.48103952    
21084.826       28117.066       5.60404941e-07  -2.6337438     
21084.826       28117.066       9.96556567e-07  -4.68366286    
21084.826       28117.066       1.77215602e-06  -8.32926605    
21084.826       28117.066       3.15138857e-06  -14.8130004    
21084.826       28117.066       5.60404941e-06  -26.3453498    
21084.826       28117.066       9.96556567e-06  -46.8600054    
21084.826       28117.066       1.77215602e-05  -83.3588795    
21084.826       28117.066       3.15138857e-05  -148.306695    
21084.826       28117.066       5.60404941e-05  -263.890121    
21084.826       28117.066       9.96556567e-05  -469.587439    
28117.066       37494.712       0               1.03398179e-10 
28117.066       37494.712       1.77215602e-10  -0.000636176075
28117.066       37494.712       3.15138856e-10  -0.0011312989  
28117.066       37494.712       5.60404939e-10  -0.00201176562 
28117.066       37494.712       9.96556565e-10  -0.00357748149 
28117.066       37494.712       1.77215602e-09  -0.00636176182 
28117.066       37494.712       3.15138856e-09  -0.0113129904  
28117.066       37494.712       5.60404939e-09  -0.0201176586  
28117.066       37494.712       9.96556565e-09  -0.0357748204  
28117.066       37494.712       1.77215602e-08  -0.0636176336  
28117.066       37494.712       3.15138856e-08  -0.11312995    
28117.066       37494.712       5.60404939e-08  -0.201176732   
28117.066       37494.712       9.96556565e-08  -0.357748663   
28117.066       37494.712       1.77215602e-07  -0.636177785   
28117.066       37494.712       3.15138856e-07  -1.13130408    
28117.066       37494.712       5.60404939e-07  -2.01178176    
28117.066       37494.712       9.96556565e-07  -3.57753215    
28117.066       37494.712       1.77215602e-06  -6.36192103    
28117.066       37494.712       3.15138856e-06  -11.3134893    
28117.066       37494.712       5.60404939e-06  -20.1192128    
28117.066       37494.712       9.96556565e-06  -35.7796092    
28117.066       37494.712       1.77215602e-05  -63.6321249    
28117.066       37494.712       3.15138856e-05  -113.172572    
28117.066       37494.712       5.60404939e-05  -201.296978    
28117.066       37494.712       9.96556565e-05  -358.069775    
37494.712       50000           0               7.7079676e-11  
37494.712       50000           1.77215602e-10  -0.000474552202
37494.712       50000           3.15138857e-10  -0.000843886472
37494.712       50000           5.60404941e-10  -0.001500666   
37494.712       50000           9.96556567e-10  -0.00266860352 
37494.712       50000           1.77215602e-09  -0.00474552279 
37494.712       50000           3.15138857e-09  -0.00843886563 
37494.712       50000           5.60404941e-09  -0.0150066614  
37494.712       50000           9.96556567e-09  -0.0266860381  
37494.712       50000           1.77215602e-08  -0.0474552354  
37494.712       50000           3.15138857e-08  -0.0843886786  
37494.712       50000           5.60404941e-08  -0.150066683   
37494.712       50000           9.96556567e-08  -0.266860598   
37494.712       50000           1.77215602e-07  -0.47455304    
37494.712       50000           3.15138857e-07  -0.843888952   
37494.712       50000           5.60404941e-07  -1.50067367    
37494.712       50000           9.96556567e-07  -2.66862758    
37494.712       50000           1.77215602e-06  -4.74559851    
37494.712       50000           3.15138857e-06  -8.4391039     
37494.712       50000           5.60404941e-06  -15.007409     
37494.712       50000           9.96556567e-06  -26.6883711    
37494.712       50000           1.77215602e-05  -47.4624456    
37494.712       50000           3.15138857e-05  -84.4106063    
37494.712       50000           5.60404941e-05  -150.131695    
37494.712       50000           9.96556567e-05  -267.046242    
50000           66676.072       0               3.15099101e-07 
50000           66676.072       1.77215602e-10  -0.000349118738
50000           66676.072       3.15138856e-10  -0.0006210759  
50000           66676.072       5.60404939e-10  -0.00110469172 
50000           66676.072       9.96556564e-10  -0.0019646958  
50000           66676.072       1.77215602e-09  -0.00349402337 
50000           66676.072       3.15138856e-09  -0.00621359521 
50000           66676.072       5.60404939e-09  -0.0110497541  
50000           66676.072       9.96556564e-09  -0.0196497971  
50000           66676.072       1.77215602e-08  -0.0349430797  
50000           66676.072       3.15138856e-08  -0.0621388199  
50000           66676.072       5.60404939e-08  -0.110500478   
50000           66676.072       9.96556564e-08  -0.196501126   
50000           66676.072       1.77215602e-07  -0.349434641   
50000           66676.072       3.15138856e-07  -0.621394222   
50000           66676.072       5.60404939e-07  -1.10501768    
50000           66676.072       9.96556564e-07  -1.96504584    
50000           66676.072       1.77215602e-06  -3.49444918    
50000           66676.072       3.15138856e-06  -6.21425855    
50000           66676.072       5.60404939e-06  -11.0511573    
50000           66676.072       9.96556564e-06  -19.6534785    
50000           66676.072       1.77215602e-05  -34.9536468    
50000           66676.072       3.15138856e-05  -62.1695819    
50000           66676.072       5.60404939e-05  -110.58787     
50000           66676.072       9.96556564e-05  -196.737954    
66676.072       88913.968       0               -0.00020173333 
66676.072       88913.968       1.77215602e-10  -0.00019133099 
66676.072       88913.968       3.15138857e-10  -0.000183283847
66676.072       88913.968       5.6040494e-10   -0.000169079207
66676.072       88913.968       9.96556567e-10  -0.000144152506
66676.072       88913.968       1.77215602e-09  -0.000100877749
66676.072       88913.968       3.15138857e-09  -2.72409094e-05
66676.072       88913.968       5.6040494e-09   9.3262212e-05  
66676.072       88913.968       9.96556567e-09  0.000274791359 
66676.072       88913.968       1.77215602e-08  0.000495482632 
66676.072       88913.968       3.15138857e-08  0.000573047538 
66676.072       88913.968       5.6040494e-08   -0.000241953009
66676.072       88913.968       9.96556567e-08  -0.00448539879 
66676.072       88913.968       1.77215602e-07  -0.0198143373  
66676.072       88913.968       3.15138857e-07  -0.0671102192  
66676.072       88913.968       5.6040494e-07   -0.197368712   
66676.072       88913.968       9.96556567e-07  -0.52135184    
66676.072       88913.968       1.77215602e-06  -1.25550733    
66676.072       88913.968       3.15138857e-06  -2.79358561    
66676.072       88913.968       5.6040494e-06   -5.83027264    
66676.072       88913.968       9.96556567e-06  -11.5867435    
66676.072       88913.968       1.77215602e-05  -22.2205635    
66676.072       88913.968       3.15138857e-05  -41.5611284    
66676.072       88913.968       5.6040494e-05   -76.4210736    
66676.072       88913.968       9.96556567e-05  -138.928326    
88913.968       118568.688      0               3.32948762e-07 
88913.968       118568.688      1.77215602e-10  -0.000184297891
88913.968       118568.688      3.15138856e-10  -0.000327992279
88913.968       118568.688      5.60404939e-10  -0.000583521065
88913.968       118568.688      9.96556564e-10  -0.00103792269 
88913.968       118568.688      1.77215602e-09  -0.00184597588 
88913.968       118568.688      3.15138856e-09  -0.00328292069 
88913.968       118568.688      5.60404939e-09  -0.00583821149 
88913.968       118568.688      9.96556564e-09  -0.010382237   
88913.968       118568.688      1.77215602e-08  -0.0184627984  
88913.968       118568.688      3.15138856e-08  -0.0328323397  
88913.968       118568.688      5.60404939e-08  -0.0583855421  
88913.968       118568.688      9.96556564e-08  -0.103826728   
88913.968       118568.688      1.77215602e-07  -0.18463528    
88913.968       118568.688      3.15138856e-07  -0.328339964   
88913.968       118568.688      5.60404939e-07  -0.583901199   
88913.968       118568.688      9.96556564e-07  -1.03840482    
88913.968       118568.688      1.77215602e-06  -1.84677713    
88913.968       118568.688      3.15138856e-06  -3.28471243    
88913.968       118568.688      5.60404939e-06  -5.8430359     
88913.968       118568.688      9.96556564e-06  -10.3961394    
88913.968       118568.688      1.77215602e-05  -18.5029235    
88913.968       118568.688      3.15138856e-05  -32.9443618    
88913.968       118568.688      5.60404939e-05  -58.6815738    
88913.968       118568.688      9.96556564e-05  -104.557658    
118568.688      158113.888      0               1.56012461e-06 
118568.688      158113.888      1.77215602e-10  -0.000131548418
118568.688      158113.888      3.15138857e-10  -0.000235144059
118568.688      158113.888      5.6040494e-10   -0.000419366058
118568.688      158113.888      9.96556566e-10  -0.000746964261
118568.688      158113.888      1.77215602e-09  -0.00132952545 
118568.688      158113.888      3.15138857e-09  -0.00236548217 
118568.688      158113.888      5.6040494e-09   -0.00420770314 
118568.688      158113.888      9.96556566e-09  -0.0074836883  
118568.688      158113.888      1.77215602e-08  -0.01330931    
118568.688      158113.888      3.15138857e-08  -0.0236689084  
118568.688      158113.888      5.6040494e-08   -0.0420912169  
118568.688      158113.888      9.96556566e-08  -0.0748513804  
118568.688      158113.888      1.77215602e-07  -0.133108584   
118568.688      158113.888      3.15138857e-07  -0.236707683   
118568.688      158113.888      5.6040494e-07   -0.4209406     
118568.688      158113.888      9.96556566e-07  -0.748573227   
118568.688      158113.888      1.77215602e-06  -1.33124271    
118568.688      158113.888      3.15138857e-06  -2.36753878    
118568.688      158113.888      5.6040494e-06   -4.21081582    
118568.688      158113.888      9.96556566e-06  -7.49004908    
118568.688      158113.888      1.77215602e-05  -13.3254676    
118568.688      158113.888      3.15138857e-05  -23.7137119    
118568.688      158113.888      5.6040494e-05   -42.216019     
118568.688      158113.888      9.96556566e-05  -75.18621      
158113.888      210848.256      0               1.57451829e-11 
158113.888      210848.256      1.77215602e-10  -9.69449861e-05
158113.888      210848.256      3.15138857e-10  -0.000172395285
158113.888      210848.256      5.6040494e-10   -0.000306566998
158113.888      210848.256      9.96556566e-10  -0.000545161792
158113.888      210848.256      1.77215602e-09  -0.000969450002
158113.888      210848.256      3.15138857e-09  -0.00172395299 
158113.888      210848.256      5.6040494e-09   -0.00306567012 
158113.888      210848.256      9.96556566e-09  -0.00545161806 
158113.888      210848.256      1.77215602e-08  -0.00969450017 
158113.888      210848.256      3.15138857e-08  -0.01723953    
158113.888      210848.256      5.6040494e-08   -0.0306567013  
158113.888      210848.256      9.96556566e-08  -0.0545161808  
158113.888      210848.256      1.77215602e-07  -0.0969450018  
158113.888      210848.256      3.15138857e-07  -0.172395301   
158113.888      210848.256      5.6040494e-07   -0.306567014   
158113.888      210848.256      9.96556566e-07  -0.545161808   
158113.888      210848.256      1.77215602e-06  -0.969450018   
158113.888      210848.256      3.15138857e-06  -1.72395301    
158113.888      210848.256      5.6040494e-06   -3.06567014    
158113.888      210848.256      9.96556566e-06  -5.45161808    
158113.888      210848.256      1.77215602e-05  -9.69450018    
158113.888      210848.256      3.15138857e-05  -17.2395301    
158113.888      210848.256      5.6040494e-05   -30.6567014    
158113.888      210848.256      9.96556566e-05  -54.5161808    
210848.256      281170.656      0               1.12052589e-11 
210848.256      281170.656      1.77215602e-10  -6.8991513e-05 
210848.256      281170.656      3.15138857e-10  -0.000122686196
210848.256      281170.656      5.60404941e-10  -0.000218170345
210848.256      281170.656      9.96556567e-10  -0.00038796784 
210848.256      281170.656      1.77215602e-09  -0.000689915231
210848.256      281170.656      3.15138857e-09  -0.00122686206 
210848.256      281170.656      5.60404941e-09  -0.00218170355 
210848.256      281170.656      9.96556567e-09  -0.0038796785  
210848.256      281170.656      1.77215602e-08  -0.00689915241 
210848.256      281170.656      3.15138857e-08  -0.0122686207  
210848.256      281170.656      5.60404941e-08  -0.0218170356  
210848.256      281170.656      9.96556567e-08  -0.0387967851  
210848.256      281170.656      1.77215602e-07  -0.0689915242  
210848.256      281170.656      3.15138857e-07  -0.122686207   
210848.256      281170.656      5.60404941e-07  -0.218170356   
210848.256      281170.656      9.96556567e-07  -0.387967852   
210848.256      281170.656      1.77215602e-06  -0.689915242   
210848.256      281170.656      3.15138857e-06  -1.22686207    
210848.256      281170.656      5.60404941e-06  -2.18170356    
210848.256      281170.656      9.96556567e-06  -3.87967852    
210848.256      281170.656      1.77215602e-05  -6.89915242    
210848.256      281170.656      3.15138857e-05  -12.2686207    
210848.256      281170.656      5.60404941e-05  -21.8170356    
210848.256      281170.656      9.96556567e-05  -38.7967852    
281170.656      374947.104      0               7.87991894e-12 
281170.656      374947.104      1.77215602e-10  -4.8517137e-05 
281170.656      374947.104      3.15138856e-10  -8.62770319e-05
281170.656      374947.104      5.60404939e-10  -0.000153424676
281170.656      374947.104      9.96556564e-10  -0.000272831948
281170.656      374947.104      1.77215602e-09  -0.000485171441
281170.656      374947.104      3.15138856e-09  -0.00086277039 
281170.656      374947.104      5.60404939e-09  -0.00153424683 
281170.656      374947.104      9.96556564e-09  -0.00272831955 
281170.656      374947.104      1.77215602e-08  -0.00485171448 
281170.656      374947.104      3.15138856e-08  -0.00862770397 
281170.656      374947.104      5.60404939e-08  -0.0153424683  
281170.656      374947.104      9.96556564e-08  -0.0272831955  
281170.656      374947.104      1.77215602e-07  -0.0485171449  
281170.656      374947.104      3.15138856e-07  -0.0862770398  
281170.656      374947.104      5.60404939e-07  -0.153424683   
281170.656      374947.104      9.96556564e-07  -0.272831956   
281170.656      374947.104      1.77215602e-06  -0.485171449   
281170.656      374947.104      3.15138856e-06  -0.862770398   
281170.656      374947.104      5.60404939e-06  -1.53424683    
281170.656      374947.104      9.96556564e-06  -2.72831956    
281170.656      374947.104      1.77215602e-05  -4.85171449    
281170.656      374947.104      3.15138856e-05  -8.62770398    
281170.656      374947.104      5.60404939e-05  -15.3424683    
281170.656      374947.104      9.96556564e-05  -27.2831956    
374947.104      500000          0               5.45563594e-12 
374947.104      500000          1.77215602e-10  -3.35908986e-05
374947.104      500000          3.15138857e-10  -5.97340076e-05
374947.104      500000          5.6040494e-10   -0.00010622376 
374947.104      500000          9.96556566e-10  -0.00018889553 
374947.104      500000          1.77215602e-09  -0.000335909035
374947.104      500000          3.15138857e-09  -0.000597340125
374947.104      500000          5.6040494e-09   -0.00106223765 
374947.104      500000          9.96556566e-09  -0.00188895534 
374947.104      500000          1.77215602e-08  -0.0033590904  
374947.104      500000          3.15138857e-08  -0.0059734013  
374947.104      500000          5.6040494e-08   -0.0106223765  
374947.104      500000          9.96556566e-08  -0.0188895535  
374947.104      500000          1.77215602e-07  -0.033590904   
374947.104      500000          3.15138857e-07  -0.059734013   
374947.104      500000          5.6040494e-07   -0.106223765   
374947.104      500000          9.96556566e-07  -0.188895535   
374947.104      500000          1.77215602e-06  -0.335909041   
374947.104      500000          3.15138857e-06  -0.59734013    
374947.104      500000          5.6040494e-06   -1.06223765    
374947.104      500000          9.96556566e-06  -1.88895535    
374947.104      500000          1.77215602e-05  -3.35909041    
374947.104      500000          3.15138857e-05  -5.9734013     
374947.104      500000          5.6040494e-05   -10.6223765    
374947.104      500000          9.96556566e-05  -18.8895535    
