### like_fornax.txt
#[0]emin(MeV) [1]emax(MeV) [2]eflux(MeV/cm^2/s) [3]deltaLogLike
500             666.760688      0               -0.631022314   
500             666.760688      1.77215602e-10  -0.628520444   
500             666.760688      3.15138857e-10  -0.626577133   
500             666.760688      5.6040494e-10   -0.623129687   
500             666.760688      9.96556566e-10  -0.617025395   
500             666.760688      1.77215602e-09  -0.606253043   
500             666.760688      3.15138857e-09  -0.587357676   
500             666.760688      5.6040494e-09   -0.5545764     
500             666.760688      9.96556566e-09  -0.498847256   
500             666.760688      1.77215602e-08  -0.407704819   
500             666.760688      3.15138857e-08  -0.26998475    
500             666.760688      5.6040494e-08   -0.0979012586  
500             666.760688      9.96556566e-08  -0.00168606941 
500             666.760688      1.77215602e-07  -0.402480731   
500             666.760688      3.15138857e-07  -2.56133341    
500             666.760688      5.6040494e-07   -9.74099243    
500             666.760688      9.96556566e-07  -29.5232314    
500             666.760688      1.77215602e-06  -78.1692099    
500             666.760688      3.15138857e-06  -188.576197    
500             666.760688      5.6040494e-06   -424.539959    
500             666.760688      9.96556566e-06  -906.141953    
500             666.760688      1.77215602e-05  -1855.0209     
500             666.760688      3.15138857e-05  -3675.31303    
500             666.760688      5.6040494e-05   -7098.27987    
500             666.760688      9.96556566e-05  -13440.092     
666.760688      889.139688      0               -0.0691423058  
666.760688      889.139688      1.77215602e-10  -0.0682326204  
666.760688      889.139688      3.15138856e-10  -0.0675290183  
666.760688      889.139688      5.6040494e-10   -0.0662872927  
666.760688      889.139688      9.96556565e-10  -0.0641090722  
666.760688      889.139688      1.77215602e-09  -0.0603299051  
666.760688      889.139688      3.15138856e-09  -0.0539061862  
666.760688      889.139688      5.6040494e-09   -0.0434125918  
666.760688      889.139688      9.96556565e-09  -0.0276441223  
666.760688      889.139688      1.77215602e-08  -0.00849336825 
666.760688      889.139688      3.15138856e-08  -0.00121845579 
666.760688      889.139688      5.6040494e-08   -0.066372798   
666.760688      889.139688      9.96556565e-08  -0.398996655   
666.760688      889.139688      1.77215602e-07  -1.55238411    
666.760688      889.139688      3.15138856e-07  -4.9411576     
666.760688      889.139688      5.6040494e-07   -13.8668023    
666.760688      889.139688      9.96556565e-07  -35.4676324    
666.760688      889.139688      1.77215602e-06  -84.2938551    
666.760688      889.139688      3.15138856e-06  -188.780669    
666.760688      889.139688      5.6040494e-06   -402.914031    
666.760688      889.139688      9.96556565e-06  -827.111648    
666.760688      889.139688      1.77215602e-05  -1645.34178    
666.760688      889.139688      3.15138856e-05  -3190.94625    
666.760688      889.139688      5.6040494e-05   -6063.50713    
666.760688      889.139688      9.96556565e-05  -11336.7212    
889.139688      1185.68688      0               4.53837856e-10 
889.139688      1185.68688      1.77215602e-10  -0.00278929194 
889.139688      1185.68688      3.15138856e-10  -0.00496400674 
889.139688      1185.68688      5.60404939e-10  -0.00883960252 
889.139688      1185.68688      9.96556565e-10  -0.0157578198  
889.139688      1185.68688      1.77215602e-09  -0.0281432285  
889.139688      1185.68688      3.15138856e-09  -0.050428044   
889.139688      1185.68688      5.60404939e-09  -0.0908681345  
889.139688      1185.68688      9.96556565e-09  -0.165288298   
889.139688      1185.68688      1.77215602e-08  -0.305240407   
889.139688      1185.68688      3.15138856e-08  -0.576612557   
889.139688      1185.68688      5.60404939e-08  -1.12297144    
889.139688      1185.68688      9.96556565e-08  -2.26506248    
889.139688      1185.68688      1.77215602e-07  -4.71874056    
889.139688      1185.68688      3.15138856e-07  -10.0420573    
889.139688      1185.68688      5.60404939e-07  -21.4955835    
889.139688      1185.68688      9.96556565e-07  -45.6265609    
889.139688      1185.68688      1.77215602e-06  -95.1317715    
889.139688      1185.68688      3.15138856e-06  -194.004384    
889.139688      1185.68688      5.60404939e-06  -386.754614    
889.139688      1185.68688      9.96556565e-06  -754.865549    
889.139688      1185.68688      1.77215602e-05  -1446.08097    
889.139688      1185.68688      3.15138856e-05  -2726.47827    
889.139688      1185.68688      5.60404939e-05  -5073.06816    
889.139688      1185.68688      9.96556565e-05  -9338.55232    
1185.68688      1581.13888      0               0.000105610248 
1185.68688      1581.13888      1.77215602e-10  -0.0052204876  
1185.68688      1581.13888      3.15138856e-10  -0.00936798608 
1185.68688      1581.13888      5.6040494e-10   -0.0167483766  
1185.68688      1581.13888      9.96556565e-10  -0.0298884857  
1185.68688      1581.13888      1.77215602e-09  -0.0533047712  
1185.68688      1581.13888      3.15138856e-09  -0.0951009585  
1185.68688      1581.13888      5.6040494e-09   -0.169912181   
1185.68688      1581.13888      9.96556565e-09  -0.304452517   
1185.68688      1581.13888      1.77215602e-08  -0.548293699   
1185.68688      1581.13888      3.15138856e-08  -0.99556028    
1185.68688      1581.13888      5.6040494e-08   -1.82986846    
1185.68688      1581.13888      9.96556565e-08  -3.41796128    
1185.68688      1581.13888      1.77215602e-07  -6.49962426    
1185.68688      1581.13888      3.15138856e-07  -12.5541318    
1185.68688      1581.13888      5.6040494e-07   -24.4770505    
1185.68688      1581.13888      9.96556565e-07  -47.80943      
1185.68688      1581.13888      1.77215602e-06  -92.9653739    
1185.68688      1581.13888      3.15138856e-06  -179.242291    
1185.68688      1581.13888      5.6040494e-06   -341.981359    
1185.68688      1581.13888      9.96556565e-06  -645.321461    
1185.68688      1581.13888      1.77215602e-05  -1204.92398    
1185.68688      1581.13888      3.15138856e-05  -2228.42663    
1185.68688      1581.13888      5.6040494e-05   -4087.3596     
1185.68688      1581.13888      9.96556565e-05  -7444.93969    
1581.13888      2108.4825       0               -0.900509672   
1581.13888      2108.4825       1.77215602e-10  -0.893520057   
1581.13888      2108.4825       3.15138857e-10  -0.888110349   
1581.13888      2108.4825       5.6040494e-10   -0.878555122   
1581.13888      2108.4825       9.96556566e-10  -0.861765789   
1581.13888      2108.4825       1.77215602e-09  -0.832538057   
1581.13888      2108.4825       3.15138857e-09  -0.78248531    
1581.13888      2108.4825       5.6040494e-09   -0.699219718   
1581.13888      2108.4825       9.96556566e-09  -0.567651836   
1581.13888      2108.4825       1.77215602e-08  -0.378377828   
1581.13888      2108.4825       3.15138857e-08  -0.153102828   
1581.13888      2108.4825       5.6040494e-08   -0.00178747815 
1581.13888      2108.4825       9.96556566e-08  -0.228561867   
1581.13888      2108.4825       1.77215602e-07  -1.51035151    
1581.13888      2108.4825       3.15138857e-07  -5.19892751    
1581.13888      2108.4825       5.6040494e-07   -13.8493322    
1581.13888      2108.4825       9.96556566e-07  -32.1594008    
1581.13888      2108.4825       1.77215602e-06  -68.6580255    
1581.13888      2108.4825       3.15138857e-06  -138.774284    
1581.13888      2108.4825       5.6040494e-06   -270.414768    
1581.13888      2108.4825       9.96556566e-06  -513.980708    
1581.13888      2108.4825       1.77215602e-05  -960.168912    
1581.13888      2108.4825       3.15138857e-05  -1771.5063     
1581.13888      2108.4825       5.6040494e-05   -3238.31853    
1581.13888      2108.4825       9.96556566e-05  -5878.26531    
2108.4825       2811.70675      0               -0.896439707   
2108.4825       2811.70675      1.77215602e-10  -0.889578444   
2108.4825       2811.70675      3.15138856e-10  -0.884269841   
2108.4825       2811.70675      5.60404939e-10  -0.874896926   
2108.4825       2811.70675      9.96556564e-10  -0.858439343   
2108.4825       2811.70675      1.77215602e-09  -0.829823097   
2108.4825       2811.70675      3.15138856e-09  -0.780913778   
2108.4825       2811.70675      5.60404939e-09  -0.69979889    
2108.4825       2811.70675      9.96556564e-09  -0.572157433   
2108.4825       2811.70675      1.77215602e-08  -0.389155513   
2108.4825       2811.70675      3.15138856e-08  -0.169794383   
2108.4825       2811.70675      5.60404939e-08  -0.00763206253 
2108.4825       2811.70675      9.96556564e-08  -0.152725889   
2108.4825       2811.70675      1.77215602e-07  -1.14908813    
2108.4825       2811.70675      3.15138856e-07  -4.07374797    
2108.4825       2811.70675      5.60404939e-07  -10.9636295    
2108.4825       2811.70675      9.96556564e-07  -25.5813606    
2108.4825       2811.70675      1.77215602e-06  -54.7847133    
2108.4825       2811.70675      3.15138856e-06  -110.961242    
2108.4825       2811.70675      5.60404939e-06  -216.350283    
2108.4825       2811.70675      9.96556564e-06  -410.730182    
2108.4825       2811.70675      1.77215602e-05  -765.108177    
2108.4825       2811.70675      3.15138856e-05  -1406.10642    
2108.4825       2811.70675      5.60404939e-05  -2559.37452    
2108.4825       2811.70675      9.96556564e-05  -4626.79544    
2811.70675      3749.471        0               -0.392102319   
2811.70675      3749.471        1.77215602e-10  -0.387083948   
2811.70675      3749.471        3.15138857e-10  -0.383212841   
2811.70675      3749.471        5.6040494e-10   -0.376402911   
2811.70675      3749.471        9.96556566e-10  -0.364523259   
2811.70675      3749.471        1.77215602e-09  -0.344106459   
2811.70675      3749.471        3.15138857e-09  -0.309935843   
2811.70675      3749.471        5.6040494e-09   -0.255397784   
2811.70675      3749.471        9.96556566e-09  -0.175614924   
2811.70675      3749.471        1.77215602e-08  -0.0775890093  
2811.70675      3749.471        3.15138857e-08  -0.00347491465 
2811.70675      3749.471        5.6040494e-08   -0.0722165763  
2811.70675      3749.471        9.96556566e-08  -0.543178094   
2811.70675      3749.471        1.77215602e-07  -1.91352584    
2811.70675      3749.471        3.15138857e-07  -5.08422074    
2811.70675      3749.471        5.6040494e-07   -11.6628654    
2811.70675      3749.471        9.96556566e-07  -24.5240034    
2811.70675      3749.471        1.77215602e-06  -48.8401587    
2811.70675      3749.471        3.15138857e-06  -93.9489541    
2811.70675      3749.471        5.6040494e-06   -176.676583    
2811.70675      3749.471        9.96556566e-06  -327.209041    
2811.70675      3749.471        1.77215602e-05  -599.487315    
2811.70675      3749.471        3.15138857e-05  -1089.68674    
2811.70675      3749.471        5.6040494e-05   -1969.10973    
2811.70675      3749.471        9.96556566e-05  -3542.7084     
3749.471        5000            0               6.57169016e-06 
3749.471        5000            1.77215602e-10  -0.00363792222 
3749.471        5000            3.15138856e-10  -0.00647474341 
3749.471        5000            5.60404939e-10  -0.0115202389  
3749.471        5000            9.96556565e-10  -0.0204951738  
3749.471        5000            1.77215602e-09  -0.0364634143  
3749.471        5000            3.15138856e-09  -0.0648854754  
3749.471        5000            5.60404939e-09  -0.115509307   
3749.471        5000            9.96556565e-09  -0.205784943   
3749.471        5000            1.77215602e-08  -0.367089719   
3749.471        5000            3.15138856e-08  -0.656220543   
3749.471        5000            5.60404939e-08  -1.17688209    
3749.471        5000            9.96556565e-08  -2.1200995     
3749.471        5000            1.77215602e-07  -3.83948072    
3749.471        5000            3.15138856e-07  -6.98792641    
3749.471        5000            5.60404939e-07  -12.7604899    
3749.471        5000            9.96556565e-07  -23.3252808    
3749.471        5000            1.77215602e-06  -42.595876     
3749.471        5000            3.15138856e-06  -77.61771      
3749.471        5000            5.60404939e-06  -141.041437    
3749.471        5000            9.96556565e-06  -255.519483    
3749.471        5000            1.77215602e-05  -461.515524    
3749.471        5000            3.15138856e-05  -831.171557    
3749.471        5000            5.60404939e-05  -1492.94275    
3749.471        5000            9.96556565e-05  -2675.41699    
5000            6667.607        0               4.68844519e-10 
5000            6667.607        1.77215602e-10  -0.00288651943 
5000            6667.607        3.15138857e-10  -0.00513323907 
5000            6667.607        5.6040494e-10   -0.0091289677  
5000            6667.607        9.96556566e-10  -0.0162358578  
5000            6667.607        1.77215602e-09  -0.0288782084  
5000            6667.607        3.15138857e-09  -0.0513734141  
5000            6667.607        5.6040494e-09   -0.0914187162  
5000            6667.607        9.96556566e-09  -0.162762867   
5000            6667.607        1.77215602e-08  -0.290039959   
5000            6667.607        3.15138857e-08  -0.517601358   
5000            6667.607        5.6040494e-08   -0.925842297   
5000            6667.607        9.96556566e-08  -1.66165728    
5000            6667.607        1.77215602e-07  -2.99514204    
5000            6667.607        3.15138857e-07  -5.42318762    
5000            6667.607        5.6040494e-07   -9.85362058    
5000            6667.607        9.96556566e-07  -17.9282367    
5000            6667.607        1.77215602e-06  -32.5955036    
5000            6667.607        3.15138857e-06  -59.1397773    
5000            6667.607        5.6040494e-06   -107.030108    
5000            6667.607        9.96556566e-06  -193.215633    
5000            6667.607        1.77215602e-05  -347.973316    
5000            6667.607        3.15138857e-05  -625.284922    
5000            6667.607        5.6040494e-05   -1121.2732     
5000            6667.607        9.96556566e-05  -2006.98558    
6667.607        8891.397        0               4.12683221e-10 
6667.607        8891.397        1.77215602e-10  -0.00253942461 
6667.607        8891.397        3.15138856e-10  -0.00451581738 
6667.607        8891.397        5.6040494e-10   -0.00803041877 
6667.607        8891.397        9.96556565e-10  -0.0142804342  
6667.607        8891.397        1.77215602e-09  -0.0253949361  
6667.607        8891.397        3.15138856e-09  -0.0451603466  
6667.607        8891.397        5.6040494e-09   -0.0803110446  
6667.607        8891.397        9.96556565e-09  -0.142825984   
6667.607        8891.397        1.77215602e-08  -0.2540176     
6667.607        8891.397        3.15138856e-08  -0.451818192   
6667.607        8891.397        5.6040494e-08   -0.803783596   
6667.607        8891.397        9.96556565e-08  -1.43035634    
6667.607        8891.397        1.77215602e-07  -2.54663237    
6667.607        8891.397        3.15138856e-07  -4.53769333    
6667.607        8891.397        5.6040494e-07   -8.09503665    
6667.607        8891.397        9.96556565e-07  -14.4637146    
6667.607        8891.397        1.77215602e-06  -25.886844     
6667.607        8891.397        3.15138856e-06  -46.3951938    
6667.607        8891.397        5.6040494e-06   -83.1983696    
6667.607        8891.397        9.96556565e-06  -149.142379    
6667.607        8891.397        1.77215602e-05  -267.0803      
6667.607        8891.397        3.15138856e-05  -477.665702    
6667.607        8891.397        5.6040494e-05   -853.234847    
6667.607        8891.397        9.96556565e-05  -1522.5028     
8891.397        11856.869       0               -0.0335664151  
8891.397        11856.869       1.77215602e-10  -0.0331369161  
8891.397        11856.869       3.15138856e-10  -0.0328048907  
8891.397        11856.869       5.60404939e-10  -0.0322192939  
8891.397        11856.869       9.96556565e-10  -0.031193157   
8891.397        11856.869       1.77215602e-09  -0.0294160872  
8891.397        11856.869       3.15138856e-09  -0.0264043705  
8891.397        11856.869       5.60404939e-09  -0.0215050247  
8891.397        11856.869       9.96556565e-09  -0.0141670778  
8891.397        11856.869       1.77215602e-08  -0.00511827678 
8891.397        11856.869       3.15138856e-08  -4.9739325e-05 
8891.397        11856.869       5.60404939e-08  -0.0190476978  
8891.397        11856.869       9.96556565e-08  -0.116702348   
8891.397        11856.869       1.77215602e-07  -0.41872401    
8891.397        11856.869       3.15138856e-07  -1.18372851    
8891.397        11856.869       5.60404939e-07  -2.90977189    
8891.397        11856.869       9.96556565e-07  -6.52346859    
8891.397        11856.869       1.77215602e-06  -13.7132254    
8891.397        11856.869       3.15138856e-06  -27.5142811    
8891.397        11856.869       5.60404939e-06  -53.3439873    
8891.397        11856.869       9.96556565e-06  -100.842726    
8891.397        11856.869       1.77215602e-05  -187.155706    
8891.397        11856.869       3.15138856e-05  -342.79056     
8891.397        11856.869       5.60404939e-05  -622.057028    
8891.397        11856.869       9.96556565e-05  -1121.63253    
11856.869       15811.388       0               2.38060238e-10 
11856.869       15811.388       1.77215602e-10  -0.00146513244 
11856.869       15811.388       3.15138857e-10  -0.00260541847 
11856.869       15811.388       5.6040494e-10   -0.00463317308 
11856.869       15811.388       9.96556566e-10  -0.00823911087 
11856.869       15811.388       1.77215602e-09  -0.0146515501  
11856.869       15811.388       3.15138857e-09  -0.0260548937  
11856.869       15811.388       5.6040494e-09   -0.0463339665  
11856.869       15811.388       9.96556566e-09  -0.0823981651  
11856.869       15811.388       1.77215602e-08  -0.146537761   
11856.869       15811.388       3.15138857e-08  -0.260619043   
11856.869       15811.388       5.6040494e-08   -0.463559804   
11856.869       15811.388       9.96556566e-08  -0.824669224   
11856.869       15811.388       1.77215602e-07  -1.46750541    
11856.869       15811.388       3.15138857e-07  -2.612673      
11856.869       15811.388       5.6040494e-07   -4.65484817    
11856.869       15811.388       9.96556566e-07  -8.30162337    
11856.869       15811.388       1.77215602e-06  -14.8230462    
11856.869       15811.388       3.15138857e-06  -26.4964627    
11856.869       15811.388       5.6040494e-06   -47.3932098    
11856.869       15811.388       9.96556566e-06  -84.7686461    
11856.869       15811.388       1.77215602e-05  -151.530162    
11856.869       15811.388       3.15138857e-05  -270.635126    
11856.869       15811.388       5.6040494e-05   -482.930177    
11856.869       15811.388       9.96556566e-05  -861.107734    
15811.388       21084.826       0               4.43142369e-07 
15811.388       21084.826       1.77215602e-10  -0.000491104096
15811.388       21084.826       3.15138856e-10  -0.000873828541
15811.388       21084.826       5.60404939e-10  -0.00155477245 
15811.388       21084.826       9.96556565e-10  -0.00276679561 
15811.388       21084.826       1.77215602e-09  -0.00492562845 
15811.388       21084.826       3.15138856e-09  -0.00877571496 
15811.388       21084.826       5.60404939e-09  -0.0156570368  
15811.388       21084.826       9.96556565e-09  -0.0280026385  
15811.388       21084.826       1.77215602e-08  -0.0502929748  
15811.388       21084.826       3.15138856e-08  -0.0909561535  
15811.388       21084.826       5.60404939e-08  -0.166305093   
15811.388       21084.826       9.96556565e-08  -0.308919191   
15811.388       21084.826       1.77215602e-07  -0.585399125   
15811.388       21084.826       3.15138856e-07  -1.13218551    
15811.388       21084.826       5.60404939e-07  -2.22209594    
15811.388       21084.826       9.96556565e-07  -4.37859911    
15811.388       21084.826       1.77215602e-06  -8.56656033    
15811.388       21084.826       3.15138856e-06  -16.5192401    
15811.388       21084.826       5.60404939e-06  -31.3193217    
15811.388       21084.826       9.96556565e-06  -58.4431236    
15811.388       21084.826       1.77215602e-05  -107.627393    
15811.388       21084.826       3.15138856e-05  -196.189905    
15811.388       21084.826       5.60404939e-05  -354.931403    
15811.388       21084.826       9.96556565e-05  -638.630052    
21084.826       28117.066       0               7.48059392e-11 
21084.826       28117.066       1.77215602e-10  -0.000460563674
21084.826       28117.066       3.15138857e-10  -0.000819080084
21084.826       28117.066       5.60404941e-10  -0.00145677182 
21084.826       28117.066       9.96556567e-10  -0.00259123795 
21084.826       28117.066       1.77215602e-09  -0.00461012627 
21084.826       28117.066       3.15138857e-09  -0.00820497553 
21084.826       28117.066       5.60404941e-09  -0.0146124236  
21084.826       28117.066       9.96556567e-09  -0.026053093   
21084.826       28117.066       1.77215602e-08  -0.0465426007  
21084.826       28117.066       3.15138857e-08  -0.0834254341  
21084.826       28117.066       5.60404941e-08  -0.150366976   
21084.826       28117.066       9.96556567e-08  -0.273385343   
21084.826       28117.066       1.77215602e-07  -0.503274547   
21084.826       28117.066       3.15138857e-07  -0.940982339   
21084.826       28117.066       5.60404941e-07  -1.78703193    
21084.826       28117.066       9.96556567e-07  -3.43087048    
21084.826       28117.066       1.77215602e-06  -6.60267456    
21084.826       28117.066       3.15138857e-06  -12.6281073    
21084.826       28117.066       5.60404941e-06  -23.8687098    
21084.826       28117.066       9.96556567e-06  -44.5053813    
21084.826       28117.066       1.77215602e-05  -81.9430913    
21084.826       28117.066       3.15138857e-05  -149.321253    
21084.826       28117.066       5.60404941e-05  -269.985133    
21084.826       28117.066       9.96556567e-05  -485.441028    
28117.066       37494.712       0               7.3754336e-11  
28117.066       37494.712       1.77215602e-10  -0.000454005211
28117.066       37494.712       3.15138856e-10  -0.000807366209
28117.066       37494.712       5.60404939e-10  -0.00143577977 
28117.066       37494.712       9.96556565e-10  -0.00255339789 
28117.066       37494.712       1.77215602e-09  -0.00454122454 
28117.066       37494.712       3.15138856e-09  -0.00807736541 
28117.066       37494.712       5.60404939e-09  -0.0143694916  
28117.066       37494.712       9.96556565e-09  -0.0255708694  
28117.066       37494.712       1.77215602e-08  -0.0455284136  
28117.066       37494.712       3.15138856e-08  -0.0811382983  
28117.066       37494.712       5.60404939e-08  -0.144833111   
28117.066       37494.712       9.96556565e-08  -0.259227301   
28117.066       37494.712       1.77215602e-07  -0.465986249   
28117.066       37494.712       3.15138856e-07  -0.843088368   
28117.066       37494.712       5.60404939e-07  -1.53854636    
28117.066       37494.712       9.96556565e-07  -2.83471095    
28117.066       37494.712       1.77215602e-06  -5.26503666    
28117.066       37494.712       3.15138856e-06  -9.81627352    
28117.066       37494.712       5.60404939e-06  -18.2734491    
28117.066       37494.712       9.96556565e-06  -33.8193992    
28117.066       37494.712       1.77215602e-05  -62.0997451    
28117.066       37494.712       3.15138856e-05  -113.129025    
28117.066       37494.712       5.60404939e-05  -204.69667     
28117.066       37494.712       9.96556565e-05  -368.436368    
37494.712       50000           0               -0.0153677272  
37494.712       50000           1.77215602e-10  -0.0152681454  
37494.712       50000           3.15138857e-10  -0.0151908949  
37494.712       50000           5.60404941e-10  -0.0150540661  
37494.712       50000           9.96556567e-10  -0.0148124639  
37494.712       50000           1.77215602e-09  -0.0143882413  
37494.712       50000           3.15138857e-09  -0.0136508744  
37494.712       50000           5.60404941e-09  -0.012392896   
37494.712       50000           9.96556567e-09  -0.0103212529  
37494.712       50000           1.77215602e-08  -0.00714383779 
37494.712       50000           3.15138857e-08  -0.00300883969 
37494.712       50000           5.60404941e-08  -1.50195428e-05
37494.712       50000           9.96556567e-08  -0.00647658635 
37494.712       50000           1.77215602e-07  -0.0470176965  
37494.712       50000           3.15138857e-07  -0.182313144   
37494.712       50000           5.60404941e-07  -0.541272852   
37494.712       50000           9.96556567e-07  -1.3690937     
37494.712       50000           1.77215602e-06  -3.10418447    
37494.712       50000           3.15138857e-06  -6.51537513    
37494.712       50000           5.60404941e-06  -12.9533188    
37494.712       50000           9.96556567e-06  -24.8044012    
37494.712       50000           1.77215602e-05  -46.3008908    
37494.712       50000           3.15138857e-05  -84.9619345    
37494.712       50000           5.60404941e-05  -154.155847    
37494.712       50000           9.96556567e-05  -277.657418    
50000           66676.072       0               6.07229822e-11 
50000           66676.072       1.77215602e-10  -0.000373880162
50000           66676.072       3.15138856e-10  -0.000664863441
50000           66676.072       5.60404939e-10  -0.00118231302 
50000           66676.072       9.96556564e-10  -0.00210248294 
50000           66676.072       1.77215602e-09  -0.00373880218 
50000           66676.072       3.15138856e-09  -0.00664863502 
50000           66676.072       5.60404939e-09  -0.0118231309  
50000           66676.072       9.96556564e-09  -0.0210248306  
50000           66676.072       1.77215602e-08  -0.0373880244  
50000           66676.072       3.15138856e-08  -0.0664863571  
50000           66676.072       5.60404939e-08  -0.11823133    
50000           66676.072       9.96556564e-08  -0.21024837    
50000           66676.072       1.77215602e-07  -0.373880445   
50000           66676.072       3.15138856e-07  -0.664864206   
50000           66676.072       5.60404939e-07  -1.1823153     
50000           66676.072       9.96556564e-07  -2.10249004    
50000           66676.072       1.77215602e-06  -3.73882445    
50000           66676.072       3.15138856e-06  -6.64870509    
50000           66676.072       5.60404939e-06  -11.8233512    
50000           66676.072       9.96556564e-06  -21.0255208    
50000           66676.072       1.77215602e-05  -37.3901722    
50000           66676.072       3.15138856e-05  -66.4929641    
50000           66676.072       5.60404939e-05  -118.251272    
50000           66676.072       9.96556564e-05  -210.306812    
66676.072       88913.968       0               4.49276172e-11 
66676.072       88913.968       1.77215602e-10  -0.00027664682 
66676.072       88913.968       3.15138857e-10  -0.000491955379
66676.072       88913.968       5.6040494e-10   -0.000874834156
66676.072       88913.968       9.96556567e-10  -0.0015556996  
66676.072       88913.968       1.77215602e-09  -0.00276646861 
66676.072       88913.968       3.15138857e-09  -0.00491955421 
66676.072       88913.968       5.6040494e-09   -0.00874834202 
66676.072       88913.968       9.96556567e-09  -0.0155569966  
66676.072       88913.968       1.77215602e-08  -0.027664687   
66676.072       88913.968       3.15138857e-08  -0.0491955442  
66676.072       88913.968       5.6040494e-08   -0.087483426   
66676.072       88913.968       9.96556567e-08  -0.155569984   
66676.072       88913.968       1.77215602e-07  -0.276646925   
66676.072       88913.968       3.15138857e-07  -0.491955615   
66676.072       88913.968       5.6040494e-07   -0.874834805   
66676.072       88913.968       9.96556567e-07  -1.55570156    
66676.072       88913.968       1.77215602e-06  -2.76647469    
66676.072       88913.968       3.15138857e-06  -4.9195733     
66676.072       88913.968       5.6040494e-06   -8.74840212    
66676.072       88913.968       9.96556567e-06  -15.5571856    
66676.072       88913.968       1.77215602e-05  -27.665279     
66676.072       88913.968       3.15138857e-05  -49.1973861    
66676.072       88913.968       5.6040494e-05   -87.4890901    
66676.072       88913.968       9.96556567e-05  -155.587068    
88913.968       118568.688      0               3.30189209e-11 
88913.968       118568.688      1.77215602e-10  -0.00020332482 
88913.968       118568.688      3.15138856e-10  -0.000361568366
88913.968       118568.688      5.60404939e-10  -0.000642969607
88913.968       118568.688      9.96556564e-10  -0.00114337964 
88913.968       118568.688      1.77215602e-09  -0.0020332485  
88913.968       118568.688      3.15138856e-09  -0.00361568397 
88913.968       118568.688      5.60404939e-09  -0.0064296964  
88913.968       118568.688      9.96556564e-09  -0.0114337968  
88913.968       118568.688      1.77215602e-08  -0.0203324857  
88913.968       118568.688      3.15138856e-08  -0.0361568413  
88913.968       118568.688      5.60404939e-08  -0.0642969683  
88913.968       118568.688      9.96556564e-08  -0.114337981   
88913.968       118568.688      1.77215602e-07  -0.203324896   
88913.968       118568.688      3.15138856e-07  -0.361568537   
88913.968       118568.688      5.60404939e-07  -0.642970076   
88913.968       118568.688      9.96556564e-07  -1.14338105    
88913.968       118568.688      1.77215602e-06  -2.03325289    
88913.968       118568.688      3.15138856e-06  -3.61569776    
88913.968       118568.688      5.60404939e-06  -6.42973981    
88913.968       118568.688      9.96556564e-06  -11.4339334    
88913.968       118568.688      1.77215602e-05  -20.3329141    
88913.968       118568.688      3.15138856e-05  -36.158177     
88913.968       118568.688      5.60404939e-05  -64.3010908    
88913.968       118568.688      9.96556564e-05  -114.350488    
118568.688      158113.888      0               2.40323317e-11 
118568.688      158113.888      1.77215602e-10  -0.000147965216
118568.688      158113.888      3.15138857e-10  -0.000263123516
118568.688      158113.888      5.6040494e-10   -0.000467907149
118568.688      158113.888      9.96556566e-10  -0.000832069668
118568.688      158113.888      1.77215602e-09  -0.00147965238 
118568.688      158113.888      3.15138857e-09  -0.00263123537 
118568.688      158113.888      5.6040494e-09   -0.00467907171 
118568.688      158113.888      9.96556566e-09  -0.0083206969  
118568.688      158113.888      1.77215602e-08  -0.014796524   
118568.688      158113.888      3.15138857e-08  -0.026312354   
118568.688      158113.888      5.6040494e-08   -0.0467907176  
118568.688      158113.888      9.96556566e-08  -0.08320697    
118568.688      158113.888      1.77215602e-07  -0.147965243   
118568.688      158113.888      3.15138857e-07  -0.263123548   
118568.688      158113.888      5.6040494e-07   -0.467907201   
118568.688      158113.888      9.96556566e-07  -0.832069779   
118568.688      158113.888      1.77215602e-06  -1.47965268    
118568.688      158113.888      3.15138857e-06  -2.63123627    
118568.688      158113.888      5.6040494e-06   -4.67907449    
118568.688      158113.888      9.96556566e-06  -8.32070564    
118568.688      158113.888      1.77215602e-05  -14.7965515    
118568.688      158113.888      3.15138857e-05  -26.3124408    
118568.688      158113.888      5.6040494e-05   -46.7909901    
118568.688      158113.888      9.96556566e-05  -83.2078231    
158113.888      210848.256      0               4.7399573e-07  
158113.888      210848.256      1.77215602e-10  -0.000104670083
158113.888      210848.256      3.15138857e-10  -0.000186501557
158113.888      210848.256      5.6040494e-10   -0.000332020785
158113.888      210848.256      9.96556566e-10  -0.000590794646
158113.888      210848.256      1.77215602e-09  -0.00105096691 
158113.888      210848.256      3.15138857e-09  -0.00186928191 
158113.888      210848.256      5.6040494e-09   -0.00332447503 
158113.888      210848.256      9.96556566e-09  -0.00591221628 
158113.888      210848.256      1.77215602e-08  -0.0105139473  
158113.888      210848.256      3.15138857e-08  -0.0186971237  
158113.888      210848.256      5.6040494e-08   -0.0332491382  
158113.888      210848.256      9.96556566e-08  -0.0591268143  
158113.888      210848.256      1.77215602e-07  -0.105144958   
158113.888      210848.256      3.15138857e-07  -0.186979353   
158113.888      210848.256      5.6040494e-07   -0.332507803   
158113.888      210848.256      9.96556566e-07  -0.591310731   
158113.888      210848.256      1.77215602e-06  -1.05157439    
158113.888      210848.256      3.15138857e-06  -1.87017551    
158113.888      210848.256      5.6040494e-06   -3.32625754    
158113.888      210848.256      9.96556566e-06  -5.91672489    
158113.888      210848.256      1.77215602e-05  -10.526638     
158113.888      210848.256      3.15138857e-05  -18.7335463    
158113.888      210848.256      5.6040494e-05   -33.351005     
158113.888      210848.256      9.96556566e-05  -59.3973889    
210848.256      281170.656      0               1.2414958e-11  
210848.256      281170.656      1.77215602e-10  -7.64508723e-05
210848.256      281170.656      3.15138857e-10  -0.000135951022
210848.256      281170.656      5.60404941e-10  -0.000241758912
210848.256      281170.656      9.96556567e-10  -0.000429914906
210848.256      281170.656      1.77215602e-09  -0.000764508835
210848.256      281170.656      3.15138857e-09  -0.00135951033 
210848.256      281170.656      5.60404941e-09  -0.00241758924 
210848.256      281170.656      9.96556567e-09  -0.00429914918 
210848.256      281170.656      1.77215602e-08  -0.00764508848 
210848.256      281170.656      3.15138857e-08  -0.0135951035  
210848.256      281170.656      5.60404941e-08  -0.0241758926  
210848.256      281170.656      9.96556567e-08  -0.0429914924  
210848.256      281170.656      1.77215602e-07  -0.0764508864  
210848.256      281170.656      3.15138857e-07  -0.13595104    
210848.256      281170.656      5.60404941e-07  -0.241758942   
210848.256      281170.656      9.96556567e-07  -0.429914973   
210848.256      281170.656      1.77215602e-06  -0.76450902    
210848.256      281170.656      3.15138857e-06  -1.35951089    
210848.256      281170.656      5.60404941e-06  -2.41759097    
210848.256      281170.656      9.96556567e-06  -4.29915463    
210848.256      281170.656      1.77215602e-05  -7.64510568    
210848.256      281170.656      3.15138857e-05  -13.5951577    
210848.256      281170.656      5.60404941e-05  -24.1760631    
210848.256      281170.656      9.96556567e-05  -42.9920262    
281170.656      374947.104      0               4.85763341e-08 
281170.656      374947.104      1.77215602e-10  -5.38208661e-05
281170.656      374947.104      3.15138856e-10  -9.5746344e-05 
281170.656      374947.104      5.60404939e-10  -0.000170301558
281170.656      374947.104      9.96556564e-10  -0.000302881561
281170.656      374947.104      1.77215602e-09  -0.000538645852
281170.656      374947.104      3.15138856e-09  -0.000957900639
281170.656      374947.104      5.60404939e-09  -0.00170345281 
281170.656      374947.104      9.96556564e-09  -0.00302925292 
281170.656      374947.104      1.77215602e-08  -0.0053868961  
281170.656      374947.104      3.15138856e-08  -0.00957944484 
281170.656      374947.104      5.60404939e-08  -0.0170349693  
281170.656      374947.104      9.96556564e-08  -0.0302929791  
281170.656      374947.104      1.77215602e-07  -0.0538694382  
281170.656      374947.104      3.15138856e-07  -0.0957950121  
281170.656      374947.104      5.60404939e-07  -0.17035053    
281170.656      374947.104      9.96556564e-07  -0.302931491   
281170.656      374947.104      1.77215602e-06  -0.53869881    
281170.656      374947.104      3.15138856e-06  -0.957963158   
281170.656      374947.104      5.60404939e-06  -1.70354546    
281170.656      374947.104      9.96556564e-06  -3.0294403     
281170.656      374947.104      1.77215602e-05  -5.38737999    
281170.656      374947.104      3.15138856e-05  -9.58084964    
281170.656      374947.104      5.60404939e-05  -17.0391968    
281170.656      374947.104      9.96556564e-05  -30.3056715    
374947.104      500000          0               6.13631368e-12 
374947.104      500000          1.77215602e-10  -3.77820017e-05
374947.104      500000          3.15138857e-10  -6.71869604e-05
374947.104      500000          5.6040494e-10   -0.000119477193
374947.104      500000          9.96556566e-10  -0.000212463837
374947.104      500000          1.77215602e-09  -0.000377820072
374947.104      500000          3.15138857e-09  -0.000671869659
374947.104      500000          5.6040494e-09   -0.00119477199 
374947.104      500000          9.96556566e-09  -0.00212463843 
374947.104      500000          1.77215602e-08  -0.00377820077 
374947.104      500000          3.15138857e-08  -0.00671869665 
374947.104      500000          5.6040494e-08   -0.0119477199  
374947.104      500000          9.96556566e-08  -0.0212463843  
374947.104      500000          1.77215602e-07  -0.0377820078  
374947.104      500000          3.15138857e-07  -0.0671869665  
374947.104      500000          5.6040494e-07   -0.119477199   
374947.104      500000          9.96556566e-07  -0.212463843   
374947.104      500000          1.77215602e-06  -0.377820078   
374947.104      500000          3.15138857e-06  -0.671869665   
374947.104      500000          5.6040494e-06   -1.19477199    
374947.104      500000          9.96556566e-06  -2.12463843    
374947.104      500000          1.77215602e-05  -3.77820078    
374947.104      500000          3.15138857e-05  -6.71869665    
374947.104      500000          5.6040494e-05   -11.9477199    
374947.104      500000          9.96556566e-05  -21.2463843    
