### like_leo_I.txt
#[0]emin(MeV) [1]emax(MeV) [2]eflux(MeV/cm^2/s) [3]deltaLogLike
500             666.760688      0               -0.238259908   
500             666.760688      1.77215602e-10  -0.236985347   
500             666.760688      3.15138857e-10  -0.235995896   
500             666.760688      5.6040494e-10   -0.234241804   
500             666.760688      9.96556566e-10  -0.231139696   
500             666.760688      1.77215602e-09  -0.225677463   
500             666.760688      3.15138857e-09  -0.216134999   
500             666.760688      5.6040494e-09   -0.199703956   
500             666.760688      9.96556566e-09  -0.172173584   
500             666.760688      1.77215602e-08  -0.12848465    
500             666.760688      3.15138857e-08  -0.0670601783  
500             666.760688      5.6040494e-08   -0.00719880631 
500             666.760688      9.96556566e-08  -0.0463660057  
500             666.760688      1.77215602e-07  -0.526769984   
500             666.760688      3.15138857e-07  -2.4670345     
500             666.760688      5.6040494e-07   -8.55591197    
500             666.760688      9.96556566e-07  -25.2048415    
500             666.760688      1.77215602e-06  -66.4867668    
500             666.760688      3.15138857e-06  -161.447414    
500             666.760688      5.6040494e-06   -367.460196    
500             666.760688      9.96556566e-06  -794.248646    
500             666.760688      1.77215602e-05  -1646.63595    
500             666.760688      3.15138857e-05  -3300.40424    
500             666.760688      5.6040494e-05   -6437.07326    
500             666.760688      9.96556566e-05  -12283.7606    
666.760688      889.139688      0               -1.4625259     
666.760688      889.139688      1.77215602e-10  -1.45899179    
666.760688      889.139688      3.15138856e-10  -1.4562448     
666.760688      889.139688      5.6040494e-10   -1.45136757    
666.760688      889.139688      9.96556565e-10  -1.44271871    
666.760688      889.139688      1.77215602e-09  -1.42741505    
666.760688      889.139688      3.15138856e-09  -1.40044171    
666.760688      889.139688      5.6040494e-09   -1.3532323     
666.760688      889.139688      9.96556565e-09  -1.27164693    
666.760688      889.139688      1.77215602e-08  -1.13390121    
666.760688      889.139688      3.15138856e-08  -0.911367689   
666.760688      889.139688      5.6040494e-08   -0.582516797   
666.760688      889.139688      9.96556565e-08  -0.189786932   
666.760688      889.139688      1.77215602e-07  -0.0126923459  
666.760688      889.139688      3.15138856e-07  -1.00824537    
666.760688      889.139688      5.6040494e-07   -5.77873341    
666.760688      889.139688      9.96556565e-07  -20.4655721    
666.760688      889.139688      1.77215602e-06  -58.2042293    
666.760688      889.139688      3.15138856e-06  -145.278986    
666.760688      889.139688      5.6040494e-06   -332.092036    
666.760688      889.139688      9.96556565e-06  -712.779425    
666.760688      889.139688      1.77215602e-05  -1460.29733    
666.760688      889.139688      3.15138856e-05  -2889.05895    
666.760688      889.139688      5.6040494e-05   -5566.5163     
666.760688      889.139688      9.96556565e-05  -10511.625     
889.139688      1185.68688      0               2.58296495e-10 
889.139688      1185.68688      1.77215602e-10  -0.00158200787 
889.139688      1185.68688      3.15138856e-10  -0.00281630986 
889.139688      1185.68688      5.60404939e-10  -0.00501784596 
889.139688      1185.68688      9.96556565e-10  -0.00895362844 
889.139688      1185.68688      1.77215602e-09  -0.0160182037  
889.139688      1185.68688      3.15138856e-09  -0.0287873003  
889.139688      1185.68688      5.60404939e-09  -0.0521395024  
889.139688      1185.68688      9.96556565e-09  -0.095667223   
889.139688      1185.68688      1.77215602e-08  -0.179191089   
889.139688      1185.68688      3.15138856e-08  -0.346010377   
889.139688      1185.68688      5.60404939e-08  -0.69542785    
889.139688      1185.68688      9.96556565e-08  -1.46149614    
889.139688      1185.68688      1.77215602e-07  -3.19543201    
889.139688      1185.68688      3.15138856e-07  -7.16300705    
889.139688      1185.68688      5.60404939e-07  -16.1552278    
889.139688      1185.68688      9.96556565e-07  -36.0416569    
889.139688      1185.68688      1.77215602e-06  -78.598595     
889.139688      1185.68688      3.15138856e-06  -166.525201    
889.139688      1185.68688      5.60404939e-06  -342.332413    
889.139688      1185.68688      9.96556565e-06  -684.19533     
889.139688      1185.68688      1.77215602e-05  -1334.25308    
889.139688      1185.68688      3.15138856e-05  -2548.99594    
889.139688      1185.68688      5.60404939e-05  -4788.80238    
889.139688      1185.68688      9.96556565e-05  -8877.06831    
1185.68688      1581.13888      0               -0.839364259   
1185.68688      1581.13888      1.77215602e-10  -0.834971861   
1185.68688      1581.13888      3.15138856e-10  -0.831564389   
1185.68688      1581.13888      5.6040494e-10   -0.825528753   
1185.68688      1581.13888      9.96556565e-10  -0.814870617   
1185.68688      1581.13888      1.77215602e-09  -0.796152411   
1185.68688      1581.13888      3.15138856e-09  -0.763598392   
1185.68688      1581.13888      5.6040494e-09   -0.707965223   
1185.68688      1581.13888      9.96556565e-09  -0.615862171   
1185.68688      1581.13888      1.77215602e-08  -0.472105122   
1185.68688      1581.13888      3.15138856e-08  -0.272400085   
1185.68688      1581.13888      5.6040494e-08   -0.0626222562  
1185.68688      1581.13888      9.96556565e-08  -0.0327528549  
1185.68688      1581.13888      1.77215602e-07  -0.704071116   
1185.68688      1581.13888      3.15138856e-07  -3.2660962     
1185.68688      1581.13888      5.6040494e-07   -10.1813692    
1185.68688      1581.13888      9.96556565e-07  -26.3182065    
1185.68688      1581.13888      1.77215602e-06  -61.1020864    
1185.68688      1581.13888      3.15138856e-06  -132.509417    
1185.68688      1581.13888      5.6040494e-06   -274.24711     
1185.68688      1581.13888      9.96556565e-06  -548.408266    
1185.68688      1581.13888      1.77215602e-05  -1067.72565    
1185.68688      1581.13888      3.15138856e-05  -2034.93085    
1185.68688      1581.13888      5.6040494e-05   -3812.71235    
1185.68688      1581.13888      9.96556565e-05  -7048.25703    
1581.13888      2108.4825       0               7.96717359e-10 
1581.13888      2108.4825       1.77215602e-10  -0.00490818197 
1581.13888      2108.4825       3.15138857e-10  -0.00872903219 
1581.13888      2108.4825       5.6040494e-10   -0.0155255429  
1581.13888      2108.4825       9.96556566e-10  -0.0276178633  
1581.13888      2108.4825       1.77215602e-09  -0.0491410242  
1581.13888      2108.4825       3.15138857e-09  -0.0874770356  
1581.13888      2108.4825       5.6040494e-09   -0.155843115   
1581.13888      2108.4825       9.96556566e-09  -0.278021895   
1581.13888      2108.4825       1.77215602e-08  -0.497156418   
1581.13888      2108.4825       3.15138857e-08  -0.89249918    
1581.13888      2108.4825       5.6040494e-08   -1.61221165    
1581.13888      2108.4825       9.96556566e-08  -2.93911854    
1581.13888      2108.4825       1.77215602e-07  -5.42346696    
1581.13888      2108.4825       3.15138857e-07  -10.1468545    
1581.13888      2108.4825       5.6040494e-07   -19.2309686    
1581.13888      2108.4825       9.96556566e-07  -36.787851     
1581.13888      2108.4825       1.77215602e-06  -70.6531739    
1581.13888      2108.4825       3.15138857e-06  -135.495678    
1581.13888      2108.4825       5.6040494e-06   -258.343699    
1581.13888      2108.4825       9.96556566e-06  -488.391226    
1581.13888      2108.4825       1.77215602e-05  -914.425357    
1581.13888      2108.4825       3.15138857e-05  -1695.81576    
1581.13888      2108.4825       5.6040494e-05   -3117.57462    
1581.13888      2108.4825       9.96556566e-05  -5688.13117    
2108.4825       2811.70675      0               -0.812732388   
2108.4825       2811.70675      1.77215602e-10  -0.805788537   
2108.4825       2811.70675      3.15138856e-10  -0.800421561   
2108.4825       2811.70675      5.60404939e-10  -0.790957349   
2108.4825       2811.70675      9.96556564e-10  -0.77437581    
2108.4825       2811.70675      1.77215602e-09  -0.745654355   
2108.4825       2811.70675      3.15138856e-09  -0.696890034   
2108.4825       2811.70675      5.60404939e-09  -0.616924602   
2108.4825       2811.70675      9.96556564e-09  -0.493437156   
2108.4825       2811.70675      1.77215602e-08  -0.321756758   
2108.4825       2811.70675      3.15138856e-08  -0.126538578   
2108.4825       2811.70675      5.60404939e-08  -0.00152747098 
2108.4825       2811.70675      9.96556564e-08  -0.173038642   
2108.4825       2811.70675      1.77215602e-07  -1.10898613    
2108.4825       2811.70675      3.15138856e-07  -3.73054479    
2108.4825       2811.70675      5.60404939e-07  -9.82285593    
2108.4825       2811.70675      9.96556564e-07  -22.7923935    
2108.4825       2811.70675      1.77215602e-06  -49.0231674    
2108.4825       2811.70675      3.15138856e-06  -100.284887    
2108.4825       2811.70675      5.60404939e-06  -198.002903    
2108.4825       2811.70675      9.96556564e-06  -380.83659     
2108.4825       2811.70675      1.77215602e-05  -718.14174     
2108.4825       2811.70675      3.15138856e-05  -1333.89773    
2108.4825       2811.70675      5.60404939e-05  -2449.25886    
2108.4825       2811.70675      9.96556564e-05  -4458.23901    
2811.70675      3749.471        0               -0.0583673443  
2811.70675      3749.471        1.77215602e-10  -0.0572111684  
2811.70675      3749.471        3.15138857e-10  -0.0563205198  
2811.70675      3749.471        5.6040494e-10   -0.0547564538  
2811.70675      3749.471        9.96556566e-10  -0.0520371581  
2811.70675      3749.471        1.77215602e-09  -0.0473953691  
2811.70675      3749.471        3.15138857e-09  -0.0397412569  
2811.70675      3749.471        5.6040494e-09   -0.0279597331  
2811.70675      3749.471        9.96556566e-09  -0.0124396063  
2811.70675      3749.471        1.77215602e-08  -0.000279578182
2811.70675      3749.471        3.15138857e-08  -0.0197293677  
2811.70675      3749.471        5.6040494e-08   -0.153760335   
2811.70675      3749.471        9.96556566e-08  -0.605567001   
2811.70675      3749.471        1.77215602e-07  -1.80927251    
2811.70675      3749.471        3.15138857e-07  -4.60801371    
2811.70675      3749.471        5.6040494e-07   -10.555949     
2811.70675      3749.471        9.96556566e-07  -22.4614442    
2811.70675      3749.471        1.77215602e-06  -45.3758443    
2811.70675      3749.471        3.15138857e-06  -88.3812344    
2811.70675      3749.471        5.6040494e-06   -167.801624    
2811.70675      3749.471        9.96556566e-06  -312.933589    
2811.70675      3749.471        1.77215602e-05  -576.227849    
2811.70675      3749.471        3.15138857e-05  -1051.37324    
2811.70675      3749.471        5.6040494e-05   -1905.45222    
2811.70675      3749.471        9.96556566e-05  -3436.13313    
3749.471        5000            0               3.54702934e-10 
3749.471        5000            1.77215602e-10  -0.00218209152 
3749.471        5000            3.15138856e-10  -0.00388154119 
3749.471        5000            5.60404939e-10  -0.00690616818 
3749.471        5000            9.96556565e-10  -0.0122927812  
3749.471        5000            1.77215602e-09  -0.0218968034  
3749.471        5000            3.15138856e-09  -0.0390542073  
3749.471        5000            5.60404939e-09  -0.0698102873  
3749.471        5000            9.96556565e-09  -0.125259341   
3749.471        5000            1.77215602e-08  -0.226148638   
3749.471        5000            3.15138856e-08  -0.412247055   
3749.471        5000            5.60404939e-08  -0.761778132   
3749.471        5000            9.96556565e-08  -1.43119789    
3749.471        5000            1.77215602e-07  -2.73244222    
3749.471        5000            3.15138856e-07  -5.27251137    
3749.471        5000            5.60404939e-07  -10.1942316    
3749.471        5000            9.96556565e-07  -19.5936596    
3749.471        5000            1.77215602e-06  -37.2619918    
3749.471        5000            3.15138856e-06  -70.0179379    
3749.471        5000            5.60404939e-06  -130.098447    
3749.471        5000            9.96556565e-06  -239.431607    
3749.471        5000            1.77215602e-05  -437.241841    
3749.471        5000            3.15138856e-05  -793.562569    
3749.471        5000            5.60404939e-05  -1433.25435    
3749.471        5000            9.96556565e-05  -2578.71874    
5000            6667.607        0               9.96654967e-06 
5000            6667.607        1.77215602e-10  -0.000782284578
5000            6667.607        3.15138857e-10  -0.00140258303 
5000            6667.607        5.6040494e-10   -0.00251362114 
5000            6667.607        9.96556566e-10  -0.0045143969  
5000            6667.607        1.77215602e-09  -0.00815053768 
5000            6667.607        3.15138857e-09  -0.0148585489  
5000            6667.607        5.6040494e-09   -0.0275235926  
5000            6667.607        9.96556566e-09  -0.0522251586  
5000            6667.607        1.77215602e-08  -0.102315746   
5000            6667.607        3.15138857e-08  -0.207630932   
5000            6667.607        5.6040494e-08   -0.433542931   
5000            6667.607        9.96556566e-08  -0.915809675   
5000            6667.607        1.77215602e-07  -1.918068      
5000            6667.607        3.15138857e-07  -3.92584511    
5000            6667.607        5.6040494e-07   -7.81191761    
5000            6667.607        9.96556566e-07  -15.1417089    
5000            6667.607        1.77215602e-06  -28.7348029    
5000            6667.607        3.15138857e-06  -53.677187     
5000            6667.607        5.6040494e-06   -99.1232992    
5000            6667.607        9.96556566e-06  -181.492617    
5000            6667.607        1.77215602e-05  -330.140977    
5000            6667.607        3.15138857e-05  -597.427977    
5000            6667.607        5.6040494e-05   -1076.60248    
5000            6667.607        9.96556566e-05  -1933.6112     
6667.607        8891.397        0               3.16958904e-10 
6667.607        8891.397        1.77215602e-10  -0.00195455453 
6667.607        8891.397        3.15138856e-10  -0.00347583134 
6667.607        8891.397        5.6040494e-10   -0.0061812746  
6667.607        8891.397        9.96556565e-10  -0.0109929029  
6667.607        8891.397        1.77215602e-09  -0.0195511989  
6667.607        8891.397        3.15138856e-09  -0.0347761611  
6667.607        8891.397        5.6040494e-09   -0.0618690438  
6667.607        8891.397        9.96556565e-09  -0.110106295   
6667.607        8891.397        1.77215602e-08  -0.196068352   
6667.607        8891.397        3.15138856e-08  -0.349497914   
6667.607        8891.397        5.6040494e-08   -0.624056539   
6667.607        8891.397        9.96556565e-08  -1.11737839    
6667.607        8891.397        1.77215602e-07  -2.00900269    
6667.607        8891.397        3.15138856e-07  -3.63248418    
6667.607        8891.397        5.6040494e-07   -6.61062881    
6667.607        8891.397        9.96556565e-07  -12.1014752    
6667.607        8891.397        1.77215602e-06  -22.2326376    
6667.607        8891.397        3.15138856e-06  -40.8609693    
6667.607        8891.397        5.6040494e-06   -74.9119767    
6667.607        8891.397        9.96556565e-06  -136.760775    
6667.607        8891.397        1.77215602e-05  -248.469972    
6667.607        8891.397        3.15138856e-05  -449.324786    
6667.607        8891.397        5.6040494e-05   -809.228311    
6667.607        8891.397        9.96556565e-05  -1452.52346    
8891.397        11856.869       0               2.97291081e-10 
8891.397        11856.869       1.77215602e-10  -0.0018310936  
8891.397        11856.869       3.15138856e-10  -0.00325620747 
8891.397        11856.869       5.60404939e-10  -0.00579048234 
8891.397        11856.869       9.96556565e-10  -0.0102972077  
8891.397        11856.869       1.77215602e-09  -0.0183116663  
8891.397        11856.869       3.15138856e-09  -0.0325643769  
8891.397        11856.869       5.60404939e-09  -0.0579120884  
8891.397        11856.869       9.96556565e-09  -0.102994993   
8891.397        11856.869       1.77215602e-08  -0.183188832   
8891.397        11856.869       3.15138856e-08  -0.325870355   
8891.397        11856.869       5.60404939e-08  -0.579828451   
8891.397        11856.869       9.96556565e-08  -1.03213884    
8891.397        11856.869       1.77215602e-07  -1.83855321    
8891.397        11856.869       3.15138856e-07  -3.27847654    
8891.397        11856.869       5.60404939e-07  -5.85462677    
8891.397        11856.869       9.96556565e-07  -10.4728729    
8891.397        11856.869       1.77215602e-06  -18.7629741    
8891.397        11856.869       3.15138856e-06  -33.644231     
8891.397        11856.869       5.60404939e-06  -60.3219336    
8891.397        11856.869       9.96556565e-06  -108.054538    
8891.397        11856.869       1.77215602e-05  -193.303234    
8891.397        11856.869       3.15138856e-05  -345.348457    
8891.397        11856.869       5.60404939e-05  -616.295372    
8891.397        11856.869       9.96556565e-05  -1098.88135    
11856.869       15811.388       0               2.18165042e-10 
11856.869       15811.388       1.77215602e-10  -0.00134374848 
11856.869       15811.388       3.15138857e-10  -0.00238956254 
11856.869       15811.388       5.6040494e-10   -0.00424931671 
11856.869       15811.388       9.96556566e-10  -0.00755649368 
11856.869       15811.388       1.77215602e-09  -0.013437624   
11856.869       15811.388       3.15138857e-09  -0.0238960612  
11856.869       15811.388       5.6040494e-09   -0.0424945404  
11856.869       15811.388       9.96556566e-09  -0.0755692731  
11856.869       15811.388       1.77215602e-08  -0.134389935   
11856.869       15811.388       3.15138857e-08  -0.239003843   
11856.869       15811.388       5.6040494e-08   -0.425081701   
11856.869       15811.388       9.96556566e-08  -0.756121465   
11856.869       15811.388       1.77215602e-07  -1.34524257    
11856.869       15811.388       3.15138857e-07  -2.39421743    
11856.869       15811.388       5.6040494e-07   -4.26366517    
11856.869       15811.388       9.96556566e-07  -7.59994808    
11856.869       15811.388       1.77215602e-06  -13.5656382    
11856.869       15811.388       3.15138857e-06  -24.2583308    
11856.869       15811.388       5.6040494e-06   -43.466801     
11856.869       15811.388       9.96556566e-06  -78.0206346    
11856.869       15811.388       1.77215602e-05  -140.17827     
11856.869       15811.388       3.15138857e-05  -251.848298    
11856.869       15811.388       5.6040494e-05   -452.076353    
11856.869       15811.388       9.96556566e-05  -810.358413    
15811.388       21084.826       0               -0.0521449163  
15811.388       21084.826       1.77215602e-10  -0.0517088478  
15811.388       21084.826       3.15138856e-10  -0.0513710406  
15811.388       21084.826       5.60404939e-10  -0.0507737214  
15811.388       21084.826       9.96556565e-10  -0.0497222121  
15811.388       21084.826       1.77215602e-09  -0.0478858666  
15811.388       21084.826       3.15138856e-09  -0.0447248408  
15811.388       21084.826       5.60404939e-09  -0.0394258205  
15811.388       21084.826       9.96556565e-09  -0.0309771666  
15811.388       21084.826       1.77215602e-08  -0.0188080965  
15811.388       21084.826       3.15138856e-08  -0.00511014047 
15811.388       21084.826       5.60404939e-08  -0.00115845005 
15811.388       21084.826       9.96556565e-08  -0.0410162562  
15811.388       21084.826       1.77215602e-07  -0.205420173   
15811.388       21084.826       3.15138856e-07  -0.657321388   
15811.388       21084.826       5.60404939e-07  -1.69510513    
15811.388       21084.826       9.96556565e-07  -3.84379116    
15811.388       21084.826       1.77215602e-06  -8.02329415    
15811.388       21084.826       3.15138856e-06  -15.8570962    
15811.388       21084.826       5.60404939e-06  -30.2293193    
15811.388       21084.826       9.96556565e-06  -56.2826773    
15811.388       21084.826       1.77215602e-05  -103.199578    
15811.388       21084.826       3.15138856e-05  -187.370228    
15811.388       21084.826       5.60404939e-05  -338.016669    
15811.388       21084.826       9.96556565e-05  -607.178955    
21084.826       28117.066       0               1.35230493e-10 
21084.826       28117.066       1.77215602e-10  -0.000832809918
21084.826       28117.066       3.15138857e-10  -0.00148096884 
21084.826       28117.066       5.60404941e-10  -0.00263357651 
21084.826       28117.066       9.96556567e-10  -0.00468323503 
21084.826       28117.066       1.77215602e-09  -0.00832810065 
21084.826       28117.066       3.15138857e-09  -0.0148096904  
21084.826       28117.066       5.60404941e-09  -0.0263357688  
21084.826       28117.066       9.96556567e-09  -0.0468323595  
21084.826       28117.066       1.77215602e-08  -0.083281033   
21084.826       28117.066       3.15138857e-08  -0.148096985   
21084.826       28117.066       5.60404941e-08  -0.263357942   
21084.826       28117.066       9.96556567e-08  -0.468324395   
21084.826       28117.066       1.77215602e-07  -0.832812857   
21084.826       28117.066       3.15138857e-07  -1.48097783    
21084.826       28117.066       5.60404941e-07  -2.63360462    
21084.826       28117.066       9.96556567e-07  -4.68332339    
21084.826       28117.066       1.77215602e-06  -8.32837846    
21084.826       28117.066       3.15138857e-06  -14.8105613    
21084.826       28117.066       5.60404941e-06  -26.3384824    
21084.826       28117.066       9.96556567e-06  -46.8407244    
21084.826       28117.066       1.77215602e-05  -83.3063631    
21084.826       28117.066       3.15138857e-05  -148.171552    
21084.826       28117.066       5.60404941e-05  -263.568491    
21084.826       28117.066       9.96556567e-05  -468.886689    
28117.066       37494.712       0               9.75717285e-11 
28117.066       37494.712       1.77215602e-10  -0.000600880137
28117.066       37494.712       3.15138856e-10  -0.00106853336 
28117.066       37494.712       5.60404939e-10  -0.00190015257 
28117.066       37494.712       9.96556565e-10  -0.00337900738 
28117.066       37494.712       1.77215602e-09  -0.0060088355  
28117.066       37494.712       3.15138856e-09  -0.0106854397  
28117.066       37494.712       5.60404939e-09  -0.019001859   
28117.066       37494.712       9.96556565e-09  -0.0337911256  
28117.066       37494.712       1.77215602e-08  -0.0600916766  
28117.066       37494.712       3.15138856e-08  -0.106864885   
28117.066       37494.712       5.60404939e-08  -0.190051679   
28117.066       37494.712       9.96556565e-08  -0.338015467   
28117.066       37494.712       1.77215602e-07  -0.601243958   
28117.066       37494.712       3.15138856e-07  -1.06967058    
28117.066       37494.712       5.60404939e-07  -1.90367767    
28117.066       37494.712       9.96556565e-07  -3.38978045    
28117.066       37494.712       1.77215602e-06  -6.04101179    
28117.066       37494.712       3.15138856e-06  -10.7782435    
28117.066       37494.712       5.60404939e-06  -19.2567886    
28117.066       37494.712       9.96556565e-06  -34.4498844    
28117.066       37494.712       1.77215602e-05  -61.6819703    
28117.066       37494.712       3.15138856e-05  -110.452997    
28117.066       37494.712       5.60404939e-05  -197.668713    
28117.066       37494.712       9.96556565e-05  -353.382229    
37494.712       50000           0               3.90405653e-05 
37494.712       50000           1.77215602e-10  -0.000436809274
37494.712       50000           3.15138857e-10  -0.000807153407
37494.712       50000           5.60404941e-10  -0.00146572875 
37494.712       50000           9.96556567e-10  -0.00263685973 
37494.712       50000           1.77215602e-09  -0.00471945783 
37494.712       50000           3.15138857e-09  -0.00842289916 
37494.712       50000           5.60404941e-09  -0.0150086526  
37494.712       50000           9.96556567e-09  -0.0267199624  
37494.712       50000           1.77215602e-08  -0.0475459434  
37494.712       50000           3.15138857e-08  -0.0845803567  
37494.712       50000           5.60404941e-08  -0.150437891   
37494.712       50000           9.96556567e-08  -0.267550989   
37494.712       50000           1.77215602e-07  -0.4758108     
37494.712       50000           3.15138857e-07  -0.846154935   
37494.712       50000           5.60404941e-07  -1.50473029    
37494.712       50000           9.96556567e-07  -2.67586128    
37494.712       50000           1.77215602e-06  -4.75845945    
37494.712       50000           3.15138857e-06  -8.46190099    
37494.712       50000           5.60404941e-06  -15.0476551    
37494.712       50000           9.96556567e-06  -26.758967     
37494.712       50000           1.77215602e-05  -47.5849547    
37494.712       50000           3.15138857e-05  -84.619389     
37494.712       50000           5.60404941e-05  -150.47699     
37494.712       50000           9.96556567e-05  -267.590297    
50000           66676.072       0               5.01074737e-11 
50000           66676.072       1.77215602e-10  -0.000308507791
50000           66676.072       3.15138856e-10  -0.000548613992
50000           66676.072       5.60404939e-10  -0.000975591851
50000           66676.072       9.96556564e-10  -0.00173488394 
50000           66676.072       1.77215602e-09  -0.00308513688 
50000           66676.072       3.15138856e-09  -0.00548632538 
50000           66676.072       5.60404939e-09  -0.00975650379 
50000           66676.072       9.96556564e-09  -0.0173506881  
50000           66676.072       1.77215602e-08  -0.0308572074  
50000           66676.072       3.15138856e-08  -0.0548816801  
50000           66676.072       5.60404939e-08  -0.0976231038  
50000           66676.072       9.96556564e-08  -0.173689375   
50000           66676.072       1.77215602e-07  -0.309142951   
50000           66676.072       3.15138856e-07  -0.550588183   
50000           66676.072       5.60404939e-07  -0.98165213    
50000           66676.072       9.96556564e-07  -1.75311095    
50000           66676.072       1.77215602e-06  -3.13824025    
50000           66676.072       3.15138856e-06  -5.63412226    
50000           66676.072       5.60404939e-06  -10.1442206    
50000           66676.072       9.96556564e-06  -18.3013661    
50000           66676.072       1.77215602e-05  -33.0352198    
50000           66676.072       3.15138856e-05  -59.5746986    
50000           66676.072       5.60404939e-05  -107.227813    
50000           66676.072       9.96556564e-05  -192.54474     
66676.072       88913.968       0               4.1616488e-11  
66676.072       88913.968       1.77215602e-10  -0.000256242404
66676.072       88913.968       3.15138857e-10  -0.000455670624
66676.072       88913.968       5.6040494e-10   -0.000810309722
66676.072       88913.968       9.96556567e-10  -0.00144095713 
66676.072       88913.968       1.77215602e-09  -0.00256242443 
66676.072       88913.968       3.15138857e-09  -0.00455670666 
66676.072       88913.968       5.6040494e-09   -0.00810309772 
66676.072       88913.968       9.96556567e-09  -0.0144095721  
66676.072       88913.968       1.77215602e-08  -0.025624246   
66676.072       88913.968       3.15138857e-08  -0.0455670712  
66676.072       88913.968       5.6040494e-08   -0.0810309909  
66676.072       88913.968       9.96556567e-08  -0.144095763   
66676.072       88913.968       1.77215602e-07  -0.256242594   
66676.072       88913.968       3.15138857e-07  -0.455671132   
66676.072       88913.968       5.6040494e-07   -0.810311239   
66676.072       88913.968       9.96556567e-07  -1.44096183    
66676.072       88913.968       1.77215602e-06  -2.56243919    
66676.072       88913.968       3.15138857e-06  -4.55675312    
66676.072       88913.968       5.6040494e-06   -8.10324388    
66676.072       88913.968       9.96556567e-06  -14.4100303    
66676.072       88913.968       1.77215602e-05  -25.6256739    
66676.072       88913.968       3.15138857e-05  -45.5714734    
66676.072       88913.968       5.6040494e-05   -81.0443232    
66676.072       88913.968       9.96556567e-05  -144.135018    
88913.968       118568.688      0               -0.196925469   
88913.968       118568.688      1.77215602e-10  -0.196739809   
88913.968       118568.688      3.15138856e-10  -0.196595408   
88913.968       118568.688      5.60404939e-10  -0.196338826   
88913.968       118568.688      9.96556564e-10  -0.195883192   
88913.968       118568.688      1.77215602e-09  -0.195074973   
88913.968       118568.688      3.15138856e-09  -0.193644111   
88913.968       118568.688      5.60404939e-09  -0.191119683   
88913.968       118568.688      9.96556564e-09  -0.18669322    
88913.968       118568.688      1.77215602e-08  -0.179016044   
88913.968       118568.688      3.15138856e-08  -0.165957419   
88913.968       118568.688      5.60404939e-08  -0.144503205   
88913.968       118568.688      9.96556564e-08  -0.111400056   
88913.968       118568.688      1.77215602e-07  -0.066029781   
88913.968       118568.688      3.15138856e-07  -0.0180933089  
88913.968       118568.688      5.60404939e-07  -0.00266876357 
88913.968       118568.688      9.96556564e-07  -0.103118811   
88913.968       118568.688      1.77215602e-06  -0.48217045    
88913.968       118568.688      3.15138856e-06  -1.42972248    
88913.968       118568.688      5.60404939e-06  -3.45000978    
88913.968       118568.688      9.96556564e-06  -7.42524184    
88913.968       118568.688      1.77215602e-05  -14.9147515    
88913.968       118568.688      3.15138856e-05  -28.6920017    
88913.968       118568.688      5.60404939e-05  -53.7007494    
88913.968       118568.688      9.96556564e-05  -98.7506863    
118568.688      158113.888      0               1.43647061e-05 
118568.688      158113.888      1.77215602e-10  -0.000120659017
118568.688      158113.888      3.15138857e-10  -0.000225745201
118568.688      158113.888      5.6040494e-10   -0.000412617798
118568.688      158113.888      9.96556566e-10  -0.00074492949 
118568.688      158113.888      1.77215602e-09  -0.00133587253 
118568.688      158113.888      3.15138857e-09  -0.00238673437 
118568.688      158113.888      5.6040494e-09   -0.00425546034 
118568.688      158113.888      9.96556566e-09  -0.00757857725 
118568.688      158113.888      1.77215602e-08  -0.0134880076  
118568.688      158113.888      3.15138857e-08  -0.023996626   
118568.688      158113.888      5.6040494e-08   -0.0426838858  
118568.688      158113.888      9.96556566e-08  -0.075915055   
118568.688      158113.888      1.77215602e-07  -0.135009359   
118568.688      158113.888      3.15138857e-07  -0.240095544   
118568.688      158113.888      5.6040494e-07   -0.426968143   
118568.688      158113.888      9.96556566e-07  -0.759279843   
118568.688      158113.888      1.77215602e-06  -1.35022291    
118568.688      158113.888      3.15138857e-06  -2.40108483    
118568.688      158113.888      5.6040494e-06   -4.26981105    
118568.688      158113.888      9.96556566e-06  -7.59292877    
118568.688      158113.888      1.77215602e-05  -13.5023617    
118568.688      158113.888      3.15138857e-05  -24.0109881    
118568.688      158113.888      5.6040494e-05   -42.698273     
118568.688      158113.888      9.96556566e-05  -75.9295215    
158113.888      210848.256      0               1.10738085e-11 
158113.888      210848.256      1.77215602e-10  -6.81752263e-05
158113.888      210848.256      3.15138857e-10  -0.000121235162
158113.888      210848.256      5.6040494e-10   -0.000215591749
158113.888      210848.256      9.96556566e-10  -0.000383387902
158113.888      210848.256      1.77215602e-09  -0.000681788291
158113.888      210848.256      3.15138857e-09  -0.00121246532 
158113.888      210848.256      5.6040494e-09   -0.00215627671 
158113.888      210848.256      9.96556566e-09  -0.00383501418 
158113.888      210848.256      1.77215602e-08  -0.00682146913 
158113.888      210848.256      3.15138857e-08  -0.0121359754  
158113.888      210848.256      5.6040494e-08   -0.0215984688  
158113.888      210848.256      9.96556566e-08  -0.0384624715  
158113.888      210848.256      1.77215602e-07  -0.0685667559  
158113.888      210848.256      3.15138857e-07  -0.122455791   
158113.888      210848.256      5.6040494e-07   -0.219357627   
158113.888      210848.256      9.96556566e-07  -0.394805688   
158113.888      210848.256      1.77215602e-06  -0.715457179   
158113.888      210848.256      3.15138857e-06  -1.30771835    
158113.888      210848.256      5.6040494e-06   -2.41101912    
158113.888      210848.256      9.96556566e-06  -4.47158968    
158113.888      210848.256      1.77215602e-05  -8.30172508    
158113.888      210848.256      3.15138857e-05  -15.3531588    
158113.888      210848.256      5.6040494e-05   -28.2005051    
158113.888      210848.256      9.96556566e-05  -51.4072325    
210848.256      281170.656      0               1.11675114e-11 
210848.256      281170.656      1.77215602e-10  -6.87596445e-05
210848.256      281170.656      3.15138857e-10  -0.000122273869
210848.256      281170.656      5.60404941e-10  -0.000217437112
210848.256      281170.656      9.96556567e-10  -0.000386663947
210848.256      281170.656      1.77215602e-09  -0.000687596545
210848.256      281170.656      3.15138857e-09  -0.00122273879 
210848.256      281170.656      5.60404941e-09  -0.00217437122 
210848.256      281170.656      9.96556567e-09  -0.00386663958 
210848.256      281170.656      1.77215602e-08  -0.00687596555 
210848.256      281170.656      3.15138857e-08  -0.012227388   
210848.256      281170.656      5.60404941e-08  -0.0217437123  
210848.256      281170.656      9.96556567e-08  -0.0386663959  
210848.256      281170.656      1.77215602e-07  -0.0687596556  
210848.256      281170.656      3.15138857e-07  -0.12227388    
210848.256      281170.656      5.60404941e-07  -0.217437123   
210848.256      281170.656      9.96556567e-07  -0.386663959   
210848.256      281170.656      1.77215602e-06  -0.687596556   
210848.256      281170.656      3.15138857e-06  -1.2227388     
210848.256      281170.656      5.60404941e-06  -2.17437123    
210848.256      281170.656      9.96556567e-06  -3.86663959    
210848.256      281170.656      1.77215602e-05  -6.87596556    
210848.256      281170.656      3.15138857e-05  -12.227388     
210848.256      281170.656      5.60404941e-05  -21.7437123    
210848.256      281170.656      9.96556567e-05  -38.6663959    
281170.656      374947.104      0               7.85294052e-12 
281170.656      374947.104      1.77215602e-10  -4.83512338e-05
281170.656      374947.104      3.15138856e-10  -8.59820097e-05
281170.656      374947.104      5.60404939e-10  -0.000152900044
281170.656      374947.104      9.96556564e-10  -0.000271899005
281170.656      374947.104      1.77215602e-09  -0.000483512409
281170.656      374947.104      3.15138856e-09  -0.000859820168
281170.656      374947.104      5.60404939e-09  -0.00152900051 
281170.656      374947.104      9.96556564e-09  -0.00271899012 
281170.656      374947.104      1.77215602e-08  -0.00483512416 
281170.656      374947.104      3.15138856e-08  -0.00859820175 
281170.656      374947.104      5.60404939e-08  -0.0152900051  
281170.656      374947.104      9.96556564e-08  -0.0271899013  
281170.656      374947.104      1.77215602e-07  -0.0483512417  
281170.656      374947.104      3.15138856e-07  -0.0859820175  
281170.656      374947.104      5.60404939e-07  -0.152900051   
281170.656      374947.104      9.96556564e-07  -0.271899013   
281170.656      374947.104      1.77215602e-06  -0.483512417   
281170.656      374947.104      3.15138856e-06  -0.859820175   
281170.656      374947.104      5.60404939e-06  -1.52900051    
281170.656      374947.104      9.96556564e-06  -2.71899013    
281170.656      374947.104      1.77215602e-05  -4.83512417    
281170.656      374947.104      3.15138856e-05  -8.59820175    
281170.656      374947.104      5.60404939e-05  -15.2900051    
281170.656      374947.104      9.96556564e-05  -27.1899013    
374947.104      500000          0               5.34721211e-06 
374947.104      500000          1.77215602e-10  -2.7062257e-05 
374947.104      500000          3.15138857e-10  -5.22858803e-05
374947.104      500000          5.6040494e-10   -9.71405319e-05
374947.104      500000          9.96556566e-10  -0.000176904641
374947.104      500000          1.77215602e-09  -0.00031874753 
374947.104      500000          3.15138857e-09  -0.000570983873
374947.104      500000          5.6040494e-09   -0.00101953074 
374947.104      500000          9.96556566e-09  -0.00181717293 
374947.104      500000          1.77215602e-08  -0.00323560531 
374947.104      500000          3.15138857e-08  -0.00575797977 
374947.104      500000          5.6040494e-08   -0.0102434833  
374947.104      500000          9.96556566e-08  -0.0182200155  
374947.104      500000          1.77215602e-07  -0.0324046878  
374947.104      500000          3.15138857e-07  -0.0576295337  
374947.104      500000          5.6040494e-07   -0.102488047   
374947.104      500000          9.96556566e-07  -0.182264342   
374947.104      500000          1.77215602e-06  -0.324145626   
374947.104      500000          3.15138857e-06  -0.576502586   
374947.104      500000          5.6040494e-06   -1.02542649    
374947.104      500000          9.96556566e-06  -1.8242371     
374947.104      500000          1.77215602e-05  -3.24623739    
374947.104      500000          3.15138857e-05  -5.77924604    
374947.104      500000          5.6040494e-05   -10.2952669    
374947.104      500000          9.96556566e-05  -18.3547108    
