### like_carina.txt
#[0]emin(MeV) [1]emax(MeV) [2]eflux(MeV/cm^2/s) [3]deltaLogLike
500             666.760688      0               -0.00777314461 
500             666.760688      1.77215602e-10  -0.00753667455 
500             666.760688      3.15138857e-10  -0.00735513493 
500             666.760688      5.6040494e-10   -0.00703771022 
500             666.760688      9.96556566e-10  -0.00649031563 
500             666.760688      1.77215602e-09  -0.00557082453 
500             666.760688      3.15138857e-09  -0.00410587531 
500             666.760688      5.6040494e-09   -0.00203678172 
500             666.760688      9.96556566e-09  -4.05973406e-05
500             666.760688      1.77215602e-08  -0.00174897911 
500             666.760688      3.15138857e-08  -0.0210623268  
500             666.760688      5.6040494e-08   -0.10500056    
500             666.760688      9.96556566e-08  -0.401518645   
500             666.760688      1.77215602e-07  -1.34847964    
500             666.760688      3.15138857e-07  -4.15837416    
500             666.760688      5.6040494e-07   -11.9405875    
500             666.760688      9.96556566e-07  -32.0340296    
500             666.760688      1.77215602e-06  -80.4560734    
500             666.760688      3.15138857e-06  -190.041427    
500             666.760688      5.6040494e-06   -425.231149    
500             666.760688      9.96556566e-06  -908.900529    
500             666.760688      1.77215602e-05  -1870.66747    
500             666.760688      3.15138857e-05  -3733.33236    
500             666.760688      5.6040494e-05   -7267.12334    
500             666.760688      9.96556566e-05  -13864.5038    
666.760688      889.139688      0               -0.00887570156 
666.760688      889.139688      1.77215602e-10  -0.00858159714 
666.760688      889.139688      3.15138856e-10  -0.008356182   
666.760688      889.139688      5.6040494e-10   -0.0079628496  
666.760688      889.139688      9.96556565e-10  -0.0072871403  
666.760688      889.139688      1.77215602e-09  -0.00616045905 
666.760688      889.139688      3.15138856e-09  -0.00439286039 
666.760688      889.139688      5.6040494e-09   -0.00199040182 
666.760688      889.139688      9.96556565e-09  -3.1450887e-05 
666.760688      889.139688      1.77215602e-08  -0.00370328774 
666.760688      889.139688      3.15138856e-08  -0.0320122394  
666.760688      889.139688      5.6040494e-08   -0.14690946    
666.760688      889.139688      9.96556565e-08  -0.53478714    
666.760688      889.139688      1.77215602e-07  -1.71588411    
666.760688      889.139688      3.15138856e-07  -5.03139974    
666.760688      889.139688      5.6040494e-07   -13.670508     
666.760688      889.139688      9.96556565e-07  -34.677834     
666.760688      889.139688      1.77215602e-06  -82.7011074    
666.760688      889.139688      3.15138856e-06  -186.80029     
666.760688      889.139688      5.6040494e-06   -402.634258    
666.760688      889.139688      9.96556565e-06  -834.199417    
666.760688      889.139688      1.77215602e-05  -1672.67532    
666.760688      889.139688      3.15138856e-05  -3265.85598    
666.760688      889.139688      5.6040494e-05   -6242.06571    
666.760688      889.139688      9.96556565e-05  -11730.9625    
889.139688      1185.68688      0               -0.379451356   
889.139688      1185.68688      1.77215602e-10  -0.377283046   
889.139688      1185.68688      3.15138856e-10  -0.375600476   
889.139688      1185.68688      5.60404939e-10  -0.372619148   
889.139688      1185.68688      9.96556565e-10  -0.367351442   
889.139688      1185.68688      1.77215602e-09  -0.358090871   
889.139688      1185.68688      3.15138856e-09  -0.341958696   
889.139688      1185.68688      5.60404939e-09  -0.314320173   
889.139688      1185.68688      9.96556565e-09  -0.268419791   
889.139688      1185.68688      1.77215602e-08  -0.196704986   
889.139688      1185.68688      3.15138856e-08  -0.09865278    
889.139688      1185.68688      5.60404939e-08  -0.00860994062 
889.139688      1185.68688      9.96556565e-08  -0.0764133627  
889.139688      1185.68688      1.77215602e-07  -0.769187716   
889.139688      1185.68688      3.15138856e-07  -3.31983636    
889.139688      1185.68688      5.60404939e-07  -10.6351284    
889.139688      1185.68688      9.96556565e-07  -29.0079325    
889.139688      1185.68688      1.77215602e-06  -71.1844146    
889.139688      1185.68688      3.15138856e-06  -161.744325    
889.139688      1185.68688      5.60404939e-06  -346.62183     
889.139688      1185.68688      9.96556565e-06  -710.183998    
889.139688      1185.68688      1.77215602e-05  -1405.90049    
889.139688      1185.68688      3.15138856e-05  -2711.1342     
889.139688      1185.68688      5.60404939e-05  -5124.71986    
889.139688      1185.68688      9.96556565e-05  -9540.58856    
1185.68688      1581.13888      0               -0.128937346   
1185.68688      1581.13888      1.77215602e-10  -0.127441159   
1185.68688      1581.13888      3.15138856e-10  -0.126283512   
1185.68688      1581.13888      5.6040494e-10   -0.124239569   
1185.68688      1581.13888      9.96556565e-10  -0.120651122   
1185.68688      1581.13888      1.77215602e-09  -0.114415231   
1185.68688      1581.13888      3.15138856e-09  -0.10378083    
1185.68688      1581.13888      5.6040494e-09   -0.0862808845  
1185.68688      1581.13888      9.96556565e-09  -0.0594782101  
1185.68688      1581.13888      1.77215602e-08  -0.0247193938  
1185.68688      1581.13888      3.15138856e-08  -6.33777508e-05
1185.68688      1581.13888      5.6040494e-08   -0.0573673458  
1185.68688      1581.13888      9.96556565e-08  -0.414227164   
1185.68688      1581.13888      1.77215602e-07  -1.63341947    
1185.68688      1581.13888      3.15138856e-07  -5.01103612    
1185.68688      1581.13888      5.6040494e-07   -13.2867248    
1185.68688      1581.13888      9.96556565e-07  -31.9258282    
1185.68688      1581.13888      1.77215602e-06  -71.443538     
1185.68688      1581.13888      3.15138856e-06  -151.599949    
1185.68688      1581.13888      5.6040494e-06   -308.901974    
1185.68688      1581.13888      9.96556565e-06  -609.96208     
1185.68688      1581.13888      1.77215602e-05  -1175.27173    
1185.68688      1581.13888      3.15138856e-05  -2221.49206    
1185.68688      1581.13888      5.6040494e-05   -4136.69859    
1185.68688      1581.13888      9.96556565e-05  -7614.32186    
1581.13888      2108.4825       0               0.000751303067 
1581.13888      2108.4825       1.77215602e-10  0.000854320851 
1581.13888      2108.4825       3.15138857e-10  0.000929183942 
1581.13888      2108.4825       5.6040494e-10   0.00105084836  
1581.13888      2108.4825       9.96556566e-10  0.00123107292  
1581.13888      2108.4825       1.77215602e-09  0.0014379866   
1581.13888      2108.4825       3.15138857e-09  0.00145050982  
1581.13888      2108.4825       5.6040494e-09   0.000369279574 
1581.13888      2108.4825       9.96556566e-09  -0.0049329595  
1581.13888      2108.4825       1.77215602e-08  -0.0244754146  
1581.13888      2108.4825       3.15138857e-08  -0.0883765117  
1581.13888      2108.4825       5.6040494e-08   -0.28130306    
1581.13888      2108.4825       9.96556566e-08  -0.823154396   
1581.13888      2108.4825       1.77215602e-07  -2.23635563    
1581.13888      2108.4825       3.15138857e-07  -5.65904584    
1581.13888      2108.4825       5.6040494e-07   -13.4060163    
1581.13888      2108.4825       9.96556566e-07  -29.9792992    
1581.13888      2108.4825       1.77215602e-06  -63.9012177    
1581.13888      2108.4825       3.15138857e-06  -131.011376    
1581.13888      2108.4825       5.6040494e-06   -260.348582    
1581.13888      2108.4825       9.96556566e-06  -504.612838    
1581.13888      2108.4825       1.77215602e-05  -958.752822    
1581.13888      2108.4825       3.15138857e-05  -1792.98308    
1581.13888      2108.4825       5.6040494e-05   -3311.47017    
1581.13888      2108.4825       9.96556566e-05  -6056.73617    
2108.4825       2811.70675      0               -0.724246281   
2108.4825       2811.70675      1.77215602e-10  -0.717812406   
2108.4825       2811.70675      3.15138856e-10  -0.71283765    
2108.4825       2811.70675      5.60404939e-10  -0.70406101    
2108.4825       2811.70675      9.96556564e-10  -0.688671818   
2108.4825       2811.70675      1.77215602e-09  -0.66197998    
2108.4825       2811.70675      3.15138856e-09  -0.616565312   
2108.4825       2811.70675      5.60404939e-09  -0.54186902    
2108.4825       2811.70675      9.96556564e-09  -0.426168995   
2108.4825       2811.70675      1.77215602e-08  -0.265574999   
2108.4825       2811.70675      3.15138856e-08  -0.0880080907  
2108.4825       2811.70675      5.60404939e-08  -0.00129709018 
2108.4825       2811.70675      9.96556564e-08  -0.273621899   
2108.4825       2811.70675      1.77215602e-07  -1.46249943    
2108.4825       2811.70675      3.15138856e-07  -4.63827926    
2108.4825       2811.70675      5.60404939e-07  -11.8010351    
2108.4825       2811.70675      9.96556564e-07  -26.6655498    
2108.4825       2811.70675      1.77215602e-06  -56.1014044    
2108.4825       2811.70675      3.15138856e-06  -112.710248    
2108.4825       2811.70675      5.60404939e-06  -219.39185     
2108.4825       2811.70675      9.96556564e-06  -417.438256    
2108.4825       2811.70675      1.77215602e-05  -780.932205    
2108.4825       2811.70675      3.15138856e-05  -1442.40201    
2108.4825       2811.70675      5.60404939e-05  -2638.49317    
2108.4825       2811.70675      9.96556564e-05  -4791.17333    
2811.70675      3749.471        0               8.19009383e-05 
2811.70675      3749.471        1.77215602e-10  -0.00198887749 
2811.70675      3749.471        3.15138857e-10  -0.00360942647 
2811.70675      3749.471        5.6040494e-10   -0.00651032801 
2811.70675      3749.471        9.96556566e-10  -0.0117287347  
2811.70675      3749.471        1.77215602e-09  -0.0211940528  
2811.70675      3749.471        3.15138857e-09  -0.038593589   
2811.70675      3749.471        5.6040494e-09   -0.0712293886  
2811.70675      3749.471        9.96556566e-09  -0.134125302   
2811.70675      3749.471        1.77215602e-08  -0.259056786   
2811.70675      3749.471        3.15138857e-08  -0.513324229   
2811.70675      3749.471        5.6040494e-08   -1.03515996    
2811.70675      3749.471        9.96556566e-08  -2.09444946    
2811.70675      3749.471        1.77215602e-07  -4.19426127    
2811.70675      3749.471        3.15138857e-07  -8.24957941    
2811.70675      3749.471        5.6040494e-07   -15.9155239    
2811.70675      3749.471        9.96556566e-07  -30.187258     
2811.70675      3749.471        1.77215602e-06  -56.4794806    
2811.70675      3749.471        3.15138857e-06  -104.56194     
2811.70675      3749.471        5.6040494e-06   -192.030721    
2811.70675      3749.471        9.96556566e-06  -350.505125    
2811.70675      3749.471        1.77215602e-05  -636.629544    
2811.70675      3749.471        3.15138857e-05  -1151.57843    
2811.70675      3749.471        5.6040494e-05   -2075.69353    
2811.70675      3749.471        9.96556566e-05  -3730.08926    
3749.471        5000            0               7.29414751e-10 
3749.471        5000            1.77215602e-10  -0.004490982   
3749.471        5000            3.15138856e-10  -0.00798627358 
3749.471        5000            5.60404939e-10  -0.0142019914  
3749.471        5000            9.96556565e-10  -0.0252556311  
3749.471        5000            1.77215602e-09  -0.0449132172  
3749.471        5000            3.15138856e-09  -0.0798734539  
3749.471        5000            5.60404939e-09  -0.142053734   
3749.471        5000            9.96556565e-09  -0.25266291    
3749.471        5000            1.77215602e-08  -0.449467395   
3749.471        5000            3.15138856e-08  -0.799784309   
3749.471        5000            5.60404939e-08  -1.42380082    
3749.471        5000            9.96556565e-08  -2.53664877    
3749.471        5000            1.77215602e-07  -4.52480904    
3749.471        5000            3.15138856e-07  -8.08557788    
3749.471        5000            5.60404939e-07  -14.4815185    
3749.471        5000            9.96556565e-07  -26.0004722    
3749.471        5000            1.77215602e-06  -46.776581     
3749.471        5000            3.15138856e-06  -84.2472936    
3749.471        5000            5.60404939e-06  -151.747711    
3749.471        5000            9.96556565e-06  -273.143716    
3749.471        5000            1.77215602e-05  -491.089258    
3749.471        5000            3.15138856e-05  -881.698545    
3749.471        5000            5.60404939e-05  -1580.59867    
3749.471        5000            9.96556565e-05  -2829.22991    
5000            6667.607        0               4.91127139e-10 
5000            6667.607        1.77215602e-10  -0.00302379214 
5000            6667.607        3.15138857e-10  -0.00537725589 
5000            6667.607        5.6040494e-10   -0.00956260588 
5000            6667.607        9.96556566e-10  -0.0170060666  
5000            6667.607        1.77215602e-09  -0.0302449536  
5000            6667.607        3.15138857e-09  -0.0537947582  
5000            6667.607        5.6040494e-09   -0.0956960877  
5000            6667.607        9.96556566e-09  -0.170281203   
5000            6667.607        1.77215602e-08  -0.303141901   
5000            6667.607        3.15138857e-08  -0.540109355   
5000            6667.607        5.6040494e-08   -0.96364699    
5000            6667.607        9.96556566e-08  -1.72316335    
5000            6667.607        1.77215602e-07  -3.09177062    
5000            6667.607        3.15138857e-07  -5.57300395    
5000            6667.607        5.6040494e-07   -10.0987615    
5000            6667.607        9.96556566e-07  -18.3852695    
5000            6667.607        1.77215602e-06  -33.5554748    
5000            6667.607        3.15138857e-06  -61.2250449    
5000            6667.607        5.6040494e-06   -111.430055    
5000            6667.607        9.96556566e-06  -202.083327    
5000            6667.607        1.77215602e-05  -365.154917    
5000            6667.607        3.15138857e-05  -657.667867    
5000            6667.607        5.6040494e-05   -1181.22822    
5000            6667.607        9.96556566e-05  -2116.73789    
6667.607        8891.397        0               2.03308969e-06 
6667.607        8891.397        1.77215602e-10  -0.00225271808 
6667.607        8891.397        3.15138856e-10  -0.00400771903 
6667.607        8891.397        5.6040494e-10   -0.00712897812 
6667.607        8891.397        9.96556565e-10  -0.0126806394  
6667.607        8891.397        1.77215602e-09  -0.0225567987  
6667.607        8891.397        3.15138856e-09  -0.0401311857  
6667.607        8891.397        5.6040494e-09   -0.0714204076  
6667.607        8891.397        9.96556565e-09  -0.127176817   
6667.607        8891.397        1.77215602e-08  -0.226682868   
6667.607        8891.397        3.15138856e-08  -0.40470668    
6667.607        8891.397        5.6040494e-08   -0.724424099   
6667.607        8891.397        9.96556565e-08  -1.30168608    
6667.607        8891.397        1.77215602e-07  -2.3505427     
6667.607        8891.397        3.15138856e-07  -4.26689705    
6667.607        8891.397        5.6040494e-07   -7.77723735    
6667.607        8891.397        9.96556565e-07  -14.1978534    
6667.607        8891.397        1.77215602e-06  -25.8905047    
6667.607        8891.397        3.15138856e-06  -47.0777068    
6667.607        8891.397        5.6040494e-06   -85.308478     
6667.607        8891.397        9.96556565e-06  -154.081165    
6667.607        8891.397        1.77215602e-05  -277.514089    
6667.607        8891.397        3.15138856e-05  -498.642422    
6667.607        8891.397        5.6040494e-05   -894.152601    
6667.607        8891.397        9.96556565e-05  -1600.5743     
8891.397        11856.869       0               2.5920599e-10  
8891.397        11856.869       1.77215602e-10  -0.00159690581 
8891.397        11856.869       3.15138856e-10  -0.00283982539 
8891.397        11856.869       5.60404939e-10  -0.00505025757 
8891.397        11856.869       9.96556565e-10  -0.008981573   
8891.397        11856.869       1.77215602e-09  -0.0159742849  
8891.397        11856.869       3.15138856e-09  -0.0284147508  
8891.397        11856.869       5.60404939e-09  -0.0505545893  
8891.397        11856.869       9.96556565e-09  -0.0899793739  
8891.397        11856.869       1.77215602e-08  -0.160255724   
8891.397        11856.869       3.15138856e-08  -0.285744145   
8891.397        11856.869       5.60404939e-08  -0.510459725   
8891.397        11856.869       9.96556565e-08  -0.914631838   
8891.397        11856.869       1.77215602e-07  -1.64603525    
8891.397        11856.869       3.15138856e-07  -2.97929907    
8891.397        11856.869       5.60404939e-07  -5.4262532     
8891.397        11856.869       9.96556565e-07  -9.93570697    
8891.397        11856.869       1.77215602e-06  -18.24831      
8891.397        11856.869       3.15138856e-06  -33.5238265    
8891.397        11856.869       5.60404939e-06  -61.4501496    
8891.397        11856.869       9.96556565e-06  -112.209072    
8891.397        11856.869       1.77215602e-05  -203.976959    
8891.397        11856.869       3.15138856e-05  -369.165671    
8891.397        11856.869       5.60404939e-05  -665.522742    
8891.397        11856.869       9.96556565e-05  -1195.85198    
11856.869       15811.388       0               2.45108822e-10 
11856.869       15811.388       1.77215602e-10  -0.00150781757 
11856.869       15811.388       3.15138857e-10  -0.00268132405 
11856.869       15811.388       5.6040494e-10   -0.00476815275 
11856.869       15811.388       9.96556566e-10  -0.00847913718 
11856.869       15811.388       1.77215602e-09  -0.0150783673  
11856.869       15811.388       3.15138857e-09  -0.0268138415  
11856.869       15811.388       5.6040494e-09   -0.0476834224  
11856.869       15811.388       9.96556566e-09  -0.0847973548  
11856.869       15811.388       1.77215602e-08  -0.150802563   
11856.869       15811.388       3.15138857e-08  -0.268198005   
11856.869       15811.388       5.6040494e-08   -0.477021879   
11856.869       15811.388       9.96556566e-08  -0.848562618   
11856.869       15811.388       1.77215602e-07  -1.50986455    
11856.869       15811.388       3.15138857e-07  -2.687666      
11856.869       15811.388       5.6040494e-07   -4.78751965    
11856.869       15811.388       9.96556566e-07  -8.53691869    
11856.869       15811.388       1.77215602e-06  -15.2448139    
11856.869       15811.388       3.15138857e-06  -27.2706899    
11856.869       15811.388       5.6040494e-06   -48.8651222    
11856.869       15811.388       9.96556566e-06  -87.663974     
11856.869       15811.388       1.77215602e-05  -157.339375    
11856.869       15811.388       3.15138857e-05  -282.308412    
11856.869       15811.388       5.6040494e-05   -506.096811    
11856.869       15811.388       9.96556566e-05  -906.1946      
15811.388       21084.826       0               1.91789695e-10 
15811.388       21084.826       1.77215602e-10  -0.0011823438  
15811.388       21084.826       3.15138856e-10  -0.00210253875 
15811.388       21084.826       5.60404939e-10  -0.00373890455 
15811.388       21084.826       9.96556565e-10  -0.00664882671 
15811.388       21084.826       1.77215602e-09  -0.0118235021  
15811.388       21084.826       3.15138856e-09  -0.0210255863  
15811.388       21084.826       5.60404939e-09  -0.0373896701  
15811.388       21084.826       9.96556565e-09  -0.0664902377  
15811.388       21084.826       1.77215602e-08  -0.118241243   
15811.388       21084.826       3.15138856e-08  -0.210275504   
15811.388       21084.826       5.60404939e-08  -0.373958633   
15811.388       21084.826       9.96556565e-08  -0.665097234   
15811.388       21084.826       1.77215602e-07  -1.18302317    
15811.388       21084.826       3.15138856e-07  -2.10465658    
15811.388       21084.826       5.60404939e-07  -3.74543972    
15811.388       21084.826       9.96556565e-07  -6.66865347    
15811.388       21084.826       1.77215602e-06  -11.8820658    
15811.388       21084.826       3.15138856e-06  -21.1919214    
15811.388       21084.826       5.60404939e-06  -37.838083     
15811.388       21084.826       9.96556565e-06  -67.6262292    
15811.388       21084.826       1.77215602e-05  -120.934652    
15811.388       21084.826       3.15138856e-05  -216.265839    
15811.388       21084.826       5.60404939e-05  -386.544826    
15811.388       21084.826       9.96556565e-05  -690.318877    
21084.826       28117.066       0               1.52510893e-10 
21084.826       28117.066       1.77215602e-10  -0.000939096507
21084.826       28117.066       3.15138857e-10  -0.00166997611 
21084.826       28117.066       5.60404941e-10  -0.00296968426 
21084.826       28117.066       9.96556567e-10  -0.00528092855 
21084.826       28117.066       1.77215602e-09  -0.00939096678 
21084.826       28117.066       3.15138857e-09  -0.0166997635  
21084.826       28117.066       5.60404941e-09  -0.0296968474  
21084.826       28117.066       9.96556567e-09  -0.0528092975  
21084.826       28117.066       1.77215602e-08  -0.093909703   
21084.826       28117.066       3.15138857e-08  -0.166997743   
21084.826       28117.066       5.60404941e-08  -0.296968813   
21084.826       28117.066       9.96556567e-08  -0.528094046   
21084.826       28117.066       1.77215602e-07  -0.939100409   
21084.826       28117.066       3.15138857e-07  -1.6699881     
21084.826       28117.066       5.60404941e-07  -2.9697218     
21084.826       28117.066       9.96556567e-07  -5.28104653    
21084.826       28117.066       1.77215602e-06  -9.39133735    
21084.826       28117.066       3.15138857e-06  -16.7009229    
21084.826       28117.066       5.60404941e-06  -29.7004472    
21084.826       28117.066       9.96556567e-06  -52.8203299    
21084.826       28117.066       1.77215602e-05  -93.942798     
21084.826       28117.066       3.15138857e-05  -167.093793    
21084.826       28117.066       5.60404941e-05  -297.234729    
21084.826       28117.066       9.96556567e-05  -528.786932    
28117.066       37494.712       0               8.21387403e-11 
28117.066       37494.712       1.77215602e-10  -0.000505906752
28117.066       37494.712       3.15138856e-10  -0.000899666535
28117.066       37494.712       5.60404939e-10  -0.00159993097 
28117.066       37494.712       9.96556565e-10  -0.00284535331 
28117.066       37494.712       1.77215602e-09  -0.00506055665 
28117.066       37494.712       3.15138856e-09  -0.00900136804 
28117.066       37494.712       5.60404939e-09  -0.0160141526  
28117.066       37494.712       9.96556565e-09  -0.0285003197  
28117.066       37494.712       1.77215602e-08  -0.0507526853  
28117.066       37494.712       3.15138856e-08  -0.0904743073  
28117.066       37494.712       5.60404939e-08  -0.161573003   
28117.066       37494.712       9.96556565e-08  -0.289395314   
28117.066       37494.712       1.77215602e-07  -0.520720272   
28117.066       37494.712       3.15138856e-07  -0.943063762   
28117.066       37494.712       5.60404939e-07  -1.72161463    
28117.066       37494.712       9.96556565e-07  -3.16736427    
28117.066       37494.712       1.77215602e-06  -5.85704796    
28117.066       37494.712       3.15138856e-06  -10.8398937    
28117.066       37494.712       5.60404939e-06  -19.9994424    
28117.066       37494.712       9.96556565e-06  -36.6985952    
28117.066       37494.712       1.77215602e-05  -66.9318318    
28117.066       37494.712       3.15138856e-05  -121.376848    
28117.066       37494.712       5.60404939e-05  -219.045186    
28117.066       37494.712       9.96556565e-05  -393.775084    
37494.712       50000           0               2.41448893e-05 
37494.712       50000           1.77215602e-10  -0.0005009643  
37494.712       50000           3.15138857e-10  -0.000909646019
37494.712       50000           5.60404941e-10  -0.00163639641 
37494.712       50000           9.96556567e-10  -0.00292876201 
37494.712       50000           1.77215602e-09  -0.00522695022 
37494.712       50000           3.15138857e-09  -0.00931377437 
37494.712       50000           5.60404941e-09  -0.0165813003  
37494.712       50000           9.96556567e-09  -0.0295050258  
37494.712       50000           1.77215602e-08  -0.0524871276  
37494.712       50000           3.15138857e-08  -0.0933560638  
37494.712       50000           5.60404941e-08  -0.166033518   
37494.712       50000           9.96556567e-08  -0.295277706   
37494.712       50000           1.77215602e-07  -0.525120598   
37494.712       50000           3.15138857e-07  -0.933878854   
37494.712       50000           5.60404941e-07  -1.66086972    
37494.712       50000           9.96556567e-07  -2.95398719    
37494.712       50000           1.77215602e-06  -5.25450647    
37494.712       50000           3.15138857e-06  -9.34845579    
37494.712       50000           5.60404941e-06  -16.6372632    
37494.712       50000           9.96556567e-06  -29.6223401    
37494.712       50000           1.77215602e-05  -52.7726955    
37494.712       50000           3.15138857e-05  -94.0748716    
37494.712       50000           5.60404941e-05  -167.792312    
37494.712       50000           9.96556567e-05  -299.366597    
50000           66676.072       0               6.53983534e-11 
50000           66676.072       1.77215602e-10  -0.000402600121
50000           66676.072       3.15138856e-10  -0.000715935557
50000           66676.072       5.60404939e-10  -0.00127313351 
50000           66676.072       9.96556564e-10  -0.00226398716 
50000           66676.072       1.77215602e-09  -0.0040260018  
50000           66676.072       3.15138856e-09  -0.00715935616 
50000           66676.072       5.60404939e-09  -0.0127313357  
50000           66676.072       9.96556564e-09  -0.0226398722  
50000           66676.072       1.77215602e-08  -0.0402600187  
50000           66676.072       3.15138856e-08  -0.0715935624  
50000           66676.072       5.60404939e-08  -0.127313358   
50000           66676.072       9.96556564e-08  -0.226398724   
50000           66676.072       1.77215602e-07  -0.402600193   
50000           66676.072       3.15138856e-07  -0.715935641   
50000           66676.072       5.60404939e-07  -1.27313363    
50000           66676.072       9.96556564e-07  -2.26398741    
50000           66676.072       1.77215602e-06  -4.02600244    
50000           66676.072       3.15138856e-06  -7.15935805    
50000           66676.072       5.60404939e-06  -12.7313415    
50000           66676.072       9.96556564e-06  -22.6398904    
50000           66676.072       1.77215602e-05  -40.2600761    
50000           66676.072       3.15138856e-05  -71.5937435    
50000           66676.072       5.60404939e-05  -127.313928    
50000           66676.072       9.96556564e-05  -226.400515    
66676.072       88913.968       0               -2.89655538    
66676.072       88913.968       1.77215602e-10  -2.88265843    
66676.072       88913.968       3.15138857e-10  -2.87198045    
66676.072       88913.968       5.6040494e-10   -2.85328121    
66676.072       88913.968       9.96556567e-10  -2.82090545    
66676.072       88913.968       1.77215602e-09  -2.76591064    
66676.072       88913.968       3.15138857e-09  -2.67533063    
66676.072       88913.968       5.6040494e-09   -2.53296359    
66676.072       88913.968       9.96556567e-09  -2.32330504    
66676.072       88913.968       1.77215602e-08  -2.03852984    
66676.072       88913.968       3.15138857e-08  -1.68458381    
66676.072       88913.968       5.6040494e-08   -1.28185432    
66676.072       88913.968       9.96556567e-08  -0.861764037   
66676.072       88913.968       1.77215602e-07  -0.465486905   
66676.072       88913.968       3.15138857e-07  -0.149580048   
66676.072       88913.968       5.6040494e-07   -0.000901158601
66676.072       88913.968       9.96556567e-07  -0.164341113   
66676.072       88913.968       1.77215602e-06  -0.891483757   
66676.072       88913.968       3.15138857e-06  -2.62607862    
66676.072       88913.968       5.6040494e-06   -6.155182      
66676.072       88913.968       9.96556567e-06  -12.8774406    
66676.072       88913.968       1.77215602e-05  -25.2801506    
66676.072       88913.968       3.15138857e-05  -47.7883401    
66676.072       88913.968       5.6040494e-05   -88.2768733    
66676.072       88913.968       9.96556567e-05  -160.763952    
88913.968       118568.688      0               1.96992652e-07 
88913.968       118568.688      1.77215602e-10  -0.000218260887
88913.968       118568.688      3.15138856e-10  -0.000388282158
88913.968       118568.688      5.60404939e-10  -0.000690627484
88913.968       118568.688      9.96556564e-10  -0.00122828196 
88913.968       118568.688      1.77215602e-09  -0.00218438185 
88913.968       118568.688      3.15138856e-09  -0.00388459465 
88913.968       118568.688      5.60404939e-09  -0.00690804821 
88913.968       118568.688      9.96556564e-09  -0.0122845939  
88913.968       118568.688      1.77215602e-08  -0.0218455958  
88913.968       118568.688      3.15138856e-08  -0.0388477332  
88913.968       118568.688      5.60404939e-08  -0.0690822985  
88913.968       118568.688      9.96556564e-08  -0.122847849   
88913.968       118568.688      1.77215602e-07  -0.218458165   
88913.968       118568.688      3.15138856e-07  -0.388480476   
88913.968       118568.688      5.60404939e-07  -0.690829091   
88913.968       118568.688      9.96556564e-07  -1.22849394    
88913.968       118568.688      1.77215602e-06  -2.18462655    
88913.968       118568.688      3.15138856e-06  -3.8849422     
88913.968       118568.688      5.60404939e-06  -6.90871763    
88913.968       118568.688      9.96556564e-06  -12.2862628    
88913.968       118568.688      1.77215602e-05  -21.8503278    
88913.968       118568.688      3.15138856e-05  -38.8616481    
88913.968       118568.688      5.60404939e-05  -69.1228076    
88913.968       118568.688      9.96556564e-05  -122.961585    
118568.688      158113.888      0               2.59561261e-11 
118568.688      158113.888      1.77215602e-10  -0.000159776789
118568.688      158113.888      3.15138857e-10  -0.000284127794
118568.688      158113.888      5.6040494e-10   -0.000505258626
118568.688      158113.888      9.96556566e-10  -0.000898491031
118568.688      158113.888      1.77215602e-09  -0.00159776812 
118568.688      158113.888      3.15138857e-09  -0.00284127817 
118568.688      158113.888      5.6040494e-09   -0.00505258649 
118568.688      158113.888      9.96556566e-09  -0.00898491055 
118568.688      158113.888      1.77215602e-08  -0.0159776815  
118568.688      158113.888      3.15138857e-08  -0.028412782   
118568.688      158113.888      5.6040494e-08   -0.0505258654  
118568.688      158113.888      9.96556566e-08  -0.0898491066  
118568.688      158113.888      1.77215602e-07  -0.159776818   
118568.688      158113.888      3.15138857e-07  -0.284127829   
118568.688      158113.888      5.6040494e-07   -0.50525868    
118568.688      158113.888      9.96556566e-07  -0.898491147   
118568.688      158113.888      1.77215602e-06  -1.59776843    
118568.688      158113.888      3.15138857e-06  -2.8412791     
118568.688      158113.888      5.6040494e-06   -5.05258937    
118568.688      158113.888      9.96556566e-06  -8.98491957    
118568.688      158113.888      1.77215602e-05  -15.9777099    
118568.688      158113.888      3.15138857e-05  -28.4128716    
118568.688      158113.888      5.6040494e-05   -50.5261474    
118568.688      158113.888      9.96556566e-05  -89.8499913    
158113.888      210848.256      0               4.17377255e-06 
158113.888      210848.256      1.77215602e-10  -0.000108737956
158113.888      210848.256      3.15138857e-10  -0.000196614833
158113.888      210848.256      5.6040494e-10   -0.000352884479
158113.888      210848.256      9.96556566e-10  -0.000630775591
158113.888      210848.256      1.77215602e-09  -0.00112494369 
158113.888      210848.256      3.15138857e-09  -0.00200371285 
158113.888      210848.256      5.6040494e-09   -0.00356641053 
158113.888      210848.256      9.96556566e-09  -0.00634532554 
158113.888      210848.256      1.77215602e-08  -0.0112870188  
158113.888      210848.256      3.15138857e-08  -0.0200747492  
158113.888      210848.256      5.6040494e-08   -0.0357018487  
158113.888      210848.256      9.96556566e-08  -0.0634913865  
158113.888      210848.256      1.77215602e-07  -0.112909545   
158113.888      210848.256      3.15138857e-07  -0.200790718   
158113.888      210848.256      5.6040494e-07   -0.357073924   
158113.888      210848.256      9.96556566e-07  -0.635007761   
158113.888      210848.256      1.77215602e-06  -1.12931011    
158113.888      210848.256      3.15138857e-06  -2.00849899    
158113.888      210848.256      5.6040494e-06   -3.57249799    
158113.888      210848.256      9.96556566e-06  -6.35539009    
158113.888      210848.256      1.77215602e-05  -11.3089555    
158113.888      210848.256      3.15138857e-05  -20.1308531    
158113.888      210848.256      5.6040494e-05   -35.8512646    
158113.888      210848.256      9.96556566e-05  -63.8790915    
210848.256      281170.656      0               1.34319222e-11 
210848.256      281170.656      1.77215602e-10  -8.27012718e-05
210848.256      281170.656      3.15138857e-10  -0.000147065979
210848.256      281170.656      5.60404941e-10  -0.000261524413
210848.256      281170.656      9.96556567e-10  -0.00046506349 
210848.256      281170.656      1.77215602e-09  -0.000827012839
210848.256      281170.656      3.15138857e-09  -0.00147065991 
210848.256      281170.656      5.60404941e-09  -0.00261524425 
210848.256      281170.656      9.96556567e-09  -0.00465063502 
210848.256      281170.656      1.77215602e-08  -0.00827012851 
210848.256      281170.656      3.15138857e-08  -0.0147065993  
210848.256      281170.656      5.60404941e-08  -0.0261524427  
210848.256      281170.656      9.96556567e-08  -0.0465063503  
210848.256      281170.656      1.77215602e-07  -0.0827012852  
210848.256      281170.656      3.15138857e-07  -0.147065993   
210848.256      281170.656      5.60404941e-07  -0.261524427   
210848.256      281170.656      9.96556567e-07  -0.465063503   
210848.256      281170.656      1.77215602e-06  -0.827012852   
210848.256      281170.656      3.15138857e-06  -1.47065993    
210848.256      281170.656      5.60404941e-06  -2.61524427    
210848.256      281170.656      9.96556567e-06  -4.65063503    
210848.256      281170.656      1.77215602e-05  -8.27012852    
210848.256      281170.656      3.15138857e-05  -14.7065993    
210848.256      281170.656      5.60404941e-05  -26.1524427    
210848.256      281170.656      9.96556567e-05  -46.5063503    
281170.656      374947.104      0               2.00803486e-06 
281170.656      374947.104      1.77215602e-10  -5.51004486e-05
281170.656      374947.104      3.15138856e-10  -9.95468069e-05
281170.656      374947.104      5.60404939e-10  -0.000178584854
281170.656      374947.104      9.96556564e-10  -0.000319136595
281170.656      374947.104      1.77215602e-09  -0.000569076893
281170.656      374947.104      3.15138856e-09  -0.00101354068 
281170.656      374947.104      5.60404939e-09  -0.00180392178 
281170.656      374947.104      9.96556564e-09  -0.00320944119 
281170.656      374947.104      1.77215602e-08  -0.00570885051 
281170.656      374947.104      3.15138856e-08  -0.0101535084  
281170.656      374947.104      5.60404939e-08  -0.0180573828  
281170.656      374947.104      9.96556564e-08  -0.0321127773  
281170.656      374947.104      1.77215602e-07  -0.0571075037  
281170.656      374947.104      3.15138856e-07  -0.101556083   
281170.656      374947.104      5.60404939e-07  -0.180601142   
281170.656      374947.104      9.96556564e-07  -0.321174996   
281170.656      374947.104      1.77215602e-06  -0.571184871   
281170.656      374947.104      3.15138856e-06  -1.01586675    
281170.656      374947.104      5.60404939e-06  -1.80692692    
281170.656      374947.104      9.96556564e-06  -3.21453669    
281170.656      374947.104      1.77215602e-05  -5.72025851    
281170.656      374947.104      3.15138856e-05  -10.1834008    
281170.656      374947.104      5.60404939e-05  -18.1389482    
281170.656      374947.104      9.96556564e-05  -32.3298921    
374947.104      500000          0               6.63213928e-12 
374947.104      500000          1.77215602e-10  -4.0834941e-05 
374947.104      500000          3.15138857e-10  -7.261594e-05  
374947.104      500000          5.6040494e-10   -0.000129131436
374947.104      500000          9.96556566e-10  -0.000229631779
374947.104      500000          1.77215602e-09  -0.00040834947 
374947.104      500000          3.15138857e-09  -0.00072615946 
374947.104      500000          5.6040494e-09   -0.00129131442 
374947.104      500000          9.96556566e-09  -0.00229631785 
374947.104      500000          1.77215602e-08  -0.00408349476 
374947.104      500000          3.15138857e-08  -0.00726159466 
374947.104      500000          5.6040494e-08   -0.0129131443  
374947.104      500000          9.96556566e-08  -0.0229631786  
374947.104      500000          1.77215602e-07  -0.0408349477  
374947.104      500000          3.15138857e-07  -0.0726159466  
374947.104      500000          5.6040494e-07   -0.129131443   
374947.104      500000          9.96556566e-07  -0.229631786   
374947.104      500000          1.77215602e-06  -0.408349477   
374947.104      500000          3.15138857e-06  -0.726159466   
374947.104      500000          5.6040494e-06   -1.29131443    
374947.104      500000          9.96556566e-06  -2.29631786    
374947.104      500000          1.77215602e-05  -4.08349477    
374947.104      500000          3.15138857e-05  -7.26159466    
374947.104      500000          5.6040494e-05   -12.9131443    
374947.104      500000          9.96556566e-05  -22.9631786    
