### like_leo_IV.txt
#[0]emin(MeV) [1]emax(MeV) [2]eflux(MeV/cm^2/s) [3]deltaLogLike
500             666.760688      0               2.08821402e-05 
500             666.760688      1.77215602e-10  -0.000386778276
500             666.760688      3.15138857e-10  -0.000705970739
500             666.760688      5.6040494e-10   -0.00127773108 
500             666.760688      9.96556566e-10  -0.00230758551 
500             666.760688      1.77215602e-09  -0.00418034496 
500             666.760688      3.15138857e-09  -0.00764123973 
500             666.760688      5.6040494e-09   -0.0142071049  
500             666.760688      9.96556566e-09  -0.0271752846  
500             666.760688      1.77215602e-08  -0.0542740833  
500             666.760688      3.15138857e-08  -0.114966664   
500             666.760688      5.6040494e-08   -0.261022454   
500             666.760688      9.96556566e-08  -0.634089814   
500             666.760688      1.77215602e-07  -1.62110866    
500             666.760688      3.15138857e-07  -4.24688854    
500             666.760688      5.6040494e-07   -11.0794563    
500             666.760688      9.96556566e-07  -28.1233102    
500             666.760688      1.77215602e-06  -68.4838061    
500             666.760688      3.15138857e-06  -159.176251    
500             666.760688      5.6040494e-06   -353.589068    
500             666.760688      9.96556566e-06  -754.09754     
500             666.760688      1.77215602e-05  -1552.7264     
500             666.760688      3.15138857e-05  -3103.73493    
500             666.760688      5.6040494e-05   -6052.72947    
500             666.760688      9.96556566e-05  -11566.1391    
666.760688      889.139688      0               -0.45753395    
666.760688      889.139688      1.77215602e-10  -0.455695416   
666.760688      889.139688      3.15138856e-10  -0.454267411   
666.760688      889.139688      5.6040494e-10   -0.451734256   
666.760688      889.139688      9.96556565e-10  -0.447249303   
666.760688      889.139688      1.77215602e-09  -0.439335976   
666.760688      889.139688      3.15138856e-09  -0.425459732   
666.760688      889.139688      5.6040494e-09   -0.40139911    
666.760688      889.139688      9.96556565e-09  -0.360535143   
666.760688      889.139688      1.77215602e-08  -0.293822227   
666.760688      889.139688      3.15138856e-08  -0.193353219   
666.760688      889.139688      5.6040494e-08   -0.0687319088  
666.760688      889.139688      9.96556565e-08  -0.00165549606 
666.760688      889.139688      1.77215602e-07  -0.299458443   
666.760688      889.139688      3.15138856e-07  -1.87214988    
666.760688      889.139688      5.6040494e-07   -7.05736823    
666.760688      889.139688      9.96556565e-07  -21.2799366    
666.760688      889.139688      1.77215602e-06  -56.2219169    
666.760688      889.139688      3.15138856e-06  -135.677256    
666.760688      889.139688      5.6040494e-06   -306.132595    
666.760688      889.139688      9.96556565e-06  -655.710993    
666.760688      889.139688      1.77215602e-05  -1347.93799    
666.760688      889.139688      3.15138856e-05  -2681.6398     
666.760688      889.139688      5.6040494e-05   -5197.00164    
666.760688      889.139688      9.96556565e-05  -9863.81241    
889.139688      1185.68688      0               -0.00124451007 
889.139688      1185.68688      1.77215602e-10  -0.00112320194 
889.139688      1185.68688      3.15138856e-10  -0.00103304274 
889.139688      1185.68688      5.60404939e-10  -0.000881894937
889.139688      1185.68688      9.96556565e-10  -0.000642076244
889.139688      1185.68688      1.77215602e-09  -0.000306831702
889.139688      1185.68688      3.15138856e-09  2.93966878e-06 
889.139688      1185.68688      5.60404939e-09  -0.000340377908
889.139688      1185.68688      9.96556565e-09  -0.00371618801 
889.139688      1185.68688      1.77215602e-08  -0.0181328901  
889.139688      1185.68688      3.15138856e-08  -0.0686876144  
889.139688      1185.68688      5.60404939e-08  -0.229316372   
889.139688      1185.68688      9.96556565e-08  -0.703629353   
889.139688      1185.68688      1.77215602e-07  -2.01084354    
889.139688      1185.68688      3.15138856e-07  -5.37262629    
889.139688      1185.68688      5.60404939e-07  -13.461397     
889.139688      1185.68688      9.96556565e-07  -31.7970861    
889.139688      1185.68688      1.77215602e-06  -71.3178328    
889.139688      1185.68688      3.15138856e-06  -153.068948    
889.139688      1185.68688      5.60404939e-06  -316.677801    
889.139688      1185.68688      9.96556565e-06  -635.542083    
889.139688      1185.68688      1.77215602e-05  -1243.88452    
889.139688      1185.68688      3.15138856e-05  -2384.7685     
889.139688      1185.68688      5.60404939e-05  -4495.23935    
889.139688      1185.68688      9.96556565e-05  -8357.56095    
1185.68688      1581.13888      0               2.54156657e-06 
1185.68688      1581.13888      1.77215602e-10  -0.00140978647 
1185.68688      1581.13888      3.15138856e-10  -0.00251305391 
1185.68688      1581.13888      5.6040494e-10   -0.00448377459 
1185.68688      1581.13888      9.96556565e-10  -0.00801599947 
1185.68688      1581.13888      1.77215602e-09  -0.0143844011  
1185.68688      1581.13888      3.15138856e-09  -0.0259814899  
1185.68688      1581.13888      5.6040494e-09   -0.0474479916  
1185.68688      1581.13888      9.96556565e-09  -0.0881967087  
1185.68688      1581.13888      1.77215602e-08  -0.168330999   
1185.68688      1581.13888      3.15138856e-08  -0.332833027   
1185.68688      1581.13888      5.6040494e-08   -0.685099564   
1185.68688      1581.13888      9.96556565e-08  -1.46267268    
1185.68688      1581.13888      1.77215602e-07  -3.19832718    
1185.68688      1581.13888      3.15138856e-07  -7.04388548    
1185.68688      1581.13888      5.6040494e-07   -15.3908169    
1185.68688      1581.13888      9.96556565e-07  -33.0158139    
1185.68688      1581.13888      1.77215602e-06  -69.1475318    
1185.68688      1581.13888      3.15138856e-06  -141.163481    
1185.68688      1581.13888      5.6040494e-06   -281.204338    
1185.68688      1581.13888      9.96556565e-06  -548.027189    
1185.68688      1581.13888      1.77215602e-05  -1048.1966     
1185.68688      1581.13888      3.15138856e-05  -1973.77098    
1185.68688      1581.13888      5.6040494e-05   -3669.10811    
1185.68688      1581.13888      9.96556565e-05  -6749.38517    
1581.13888      2108.4825       0               7.36690708e-10 
1581.13888      2108.4825       1.77215602e-10  -0.00453796401 
1581.13888      2108.4825       3.15138857e-10  -0.0080713955  
1581.13888      2108.4825       5.6040494e-10   -0.0143583346  
1581.13888      2108.4825       9.96556566e-10  -0.0255493363  
1581.13888      2108.4825       1.77215602e-09  -0.0454848733  
1581.13888      2108.4825       3.15138857e-09  -0.0810448536  
1581.13888      2108.4825       5.6040494e-09   -0.144619447   
1581.13888      2108.4825       9.96556566e-09  -0.258713923   
1581.13888      2108.4825       1.77215602e-08  -0.464736733   
1581.13888      2108.4825       3.15138857e-08  -0.840207386   
1581.13888      2108.4825       5.6040494e-08   -1.53306839    
1581.13888      2108.4825       9.96556566e-08  -2.83013161    
1581.13888      2108.4825       1.77215602e-07  -5.2913306     
1581.13888      2108.4825       3.15138857e-07  -10.0078733    
1581.13888      2108.4825       5.6040494e-07   -19.0919233    
1581.13888      2108.4825       9.96556566e-07  -36.5894245    
1581.13888      2108.4825       1.77215602e-06  -70.137617     
1581.13888      2108.4825       3.15138857e-06  -133.911574    
1581.13888      2108.4825       5.6040494e-06   -253.831794    
1581.13888      2108.4825       9.96556566e-06  -476.810558    
1581.13888      2108.4825       1.77215602e-05  -887.261096    
1581.13888      2108.4825       3.15138857e-05  -1636.61017    
1581.13888      2108.4825       5.6040494e-05   -2995.90552    
1581.13888      2108.4825       9.96556566e-05  -5449.2916     
2108.4825       2811.70675      0               0.000763270165 
2108.4825       2811.70675      1.77215602e-10  0.000783796725 
2108.4825       2811.70675      3.15138856e-10  0.00079037157  
2108.4825       2811.70675      5.60404939e-10  0.000781853123 
2108.4825       2811.70675      9.96556564e-10  0.000703324999 
2108.4825       2811.70675      1.77215602e-09  0.000366181538 
2108.4825       2811.70675      3.15138856e-09  -0.000842004027
2108.4825       2811.70675      5.60404939e-09  -0.00483107261 
2108.4825       2811.70675      9.96556564e-09  -0.017318452   
2108.4825       2811.70675      1.77215602e-08  -0.0545612646  
2108.4825       2811.70675      3.15138856e-08  -0.159728325   
2108.4825       2811.70675      5.60404939e-08  -0.438110236   
2108.4825       2811.70675      9.96556564e-08  -1.1241705     
2108.4825       2811.70675      1.77215602e-07  -2.7004256     
2108.4825       2811.70675      3.15138856e-07  -6.10901616    
2108.4825       2811.70675      5.60404939e-07  -13.1387813    
2108.4825       2811.70675      9.96556564e-07  -27.1309751    
2108.4825       2811.70675      1.77215602e-06  -54.2422722    
2108.4825       2811.70675      3.15138856e-06  -105.694485    
2108.4825       2811.70675      5.60404939e-06  -201.801861    
2108.4825       2811.70675      9.96556564e-06  -379.186057    
2108.4825       2811.70675      1.77215602e-05  -703.659677    
2108.4825       2811.70675      3.15138856e-05  -1293.17317    
2108.4825       2811.70675      5.60404939e-05  -2358.62183    
2108.4825       2811.70675      9.96556564e-05  -4276.34754    
2811.70675      3749.471        0               8.26247287e-05 
2811.70675      3749.471        1.77215602e-10  -0.00390218399 
2811.70675      3749.471        3.15138857e-10  -0.00700390064 
2811.70675      3749.471        5.6040494e-10   -0.0125205313  
2811.70675      3749.471        9.96556566e-10  -0.0223335213  
2811.70675      3749.471        1.77215602e-09  -0.0397928423  
2811.70675      3749.471        3.15138857e-09  -0.0708689918  
2811.70675      3749.471        5.6040494e-09   -0.126220813   
2811.70675      3749.471        9.96556566e-09  -0.224931798   
2811.70675      3749.471        1.77215602e-08  -0.401332139   
2811.70675      3749.471        3.15138857e-08  -0.71764537    
2811.70675      3749.471        5.6040494e-08   -1.28787673    
2811.70675      3749.471        9.96556566e-08  -2.32370777    
2811.70675      3749.471        1.77215602e-07  -4.22311608    
2811.70675      3749.471        3.15138857e-07  -7.73885739    
2811.70675      3749.471        5.6040494e-07   -14.288502     
2811.70675      3749.471        9.96556566e-07  -26.507288     
2811.70675      3749.471        1.77215602e-06  -49.2214411    
2811.70675      3749.471        3.15138857e-06  -91.1675405    
2811.70675      3749.471        5.6040494e-06   -168.043373    
2811.70675      3749.471        9.96556566e-06  -307.931018    
2811.70675      3749.471        1.77215602e-05  -560.962733    
2811.70675      3749.471        3.15138857e-05  -1016.57877    
2811.70675      3749.471        5.6040494e-05   -1834.30827    
2811.70675      3749.471        9.96556566e-05  -3298.56061    
3749.471        5000            0               0.000182005604 
3749.471        5000            1.77215602e-10  -0.00125054517 
3749.471        5000            3.15138856e-10  -0.00236677035 
3749.471        5000            5.60404939e-10  -0.00435453771 
3749.471        5000            9.96556565e-10  -0.00789819842 
3749.471        5000            1.77215602e-09  -0.0142276967  
3749.471        5000            3.15138856e-09  -0.0255707941  
3749.471        5000            5.60404939e-09  -0.0460148673  
3749.471        5000            9.96556565e-09  -0.0832125542  
3749.471        5000            1.77215602e-08  -0.151915297   
3749.471        5000            3.15138856e-08  -0.281609305   
3749.471        5000            5.60404939e-08  -0.533351109   
3749.471        5000            9.96556565e-08  -1.03615389    
3749.471        5000            1.77215602e-07  -2.06075127    
3749.471        5000            3.15138856e-07  -4.15667088    
3749.471        5000            5.60404939e-07  -8.39085068    
3749.471        5000            9.96556565e-07  -16.7582125    
3749.471        5000            1.77215602e-06  -32.901664     
3749.471        5000            3.15138856e-06  -63.3902939    
3749.471        5000            5.60404939e-06  -119.995976    
3749.471        5000            9.96556565e-06  -223.753129    
3749.471        5000            1.77215602e-05  -412.196449    
3749.471        5000            3.15138856e-05  -752.252629    
3749.471        5000            5.60404939e-05  -1363.1891     
3749.471        5000            9.96556565e-05  -2457.46051    
5000            6667.607        0               4.79303708e-10 
5000            6667.607        1.77215602e-10  -0.00295167602 
5000            6667.607        3.15138857e-10  -0.00524892903 
5000            6667.607        5.6040494e-10   -0.00933413853 
5000            6667.607        9.96556566e-10  -0.0165989462  
5000            6667.607        1.77215602e-09  -0.0295183215  
5000            6667.607        3.15138857e-09  -0.0524942152  
5000            6667.607        5.6040494e-09   -0.0933569336  
5000            6667.607        9.96556566e-09  -0.166038529   
5000            6667.607        1.77215602e-08  -0.295337855   
5000            6667.607        3.15138857e-08  -0.525428299   
5000            6667.607        5.6040494e-08   -0.935090858   
5000            6667.607        9.96556566e-08  -1.66511057    
5000            6667.607        1.77215602e-07  -2.96786145    
5000            6667.607        3.15138857e-07  -5.29771791    
5000            6667.607        5.6040494e-07   -9.47679191    
5000            6667.607        9.96556566e-07  -16.99809      
5000            6667.607        1.77215602e-06  -30.5729014    
5000            6667.607        3.15138857e-06  -55.1023852    
5000            6667.607        5.6040494e-06   -99.3887409    
5000            6667.607        9.96556566e-06  -179.162936    
5000            6667.607        1.77215602e-05  -322.475048    
5000            6667.607        3.15138857e-05  -579.303758    
5000            6667.607        5.6040494e-05   -1038.66747    
5000            6667.607        9.96556566e-05  -1859.06244    
6667.607        8891.397        0               3.56294549e-10 
6667.607        8891.397        1.77215602e-10  -0.00219187627 
6667.607        8891.397        3.15138856e-10  -0.0038977835  
6667.607        8891.397        5.6040494e-10   -0.00693139517 
6667.607        8891.397        9.96556565e-10  -0.0123261054  
6667.607        8891.397        1.77215602e-09  -0.0219197269  
6667.607        8891.397        3.15138856e-09  -0.0389808756  
6667.607        8891.397        5.6040494e-09   -0.0693235513  
6667.607        8891.397        9.96556565e-09  -0.123291355   
6667.607        8891.397        1.77215602e-08  -0.21929281    
6667.607        8891.397        3.15138856e-08  -0.390109362   
6667.607        8891.397        5.6040494e-08   -0.694177708   
6667.607        8891.397        9.96556565e-08  -1.23584708    
6667.607        8891.397        1.77215602e-07  -2.20195828    
6667.607        8891.397        3.15138856e-07  -3.92837087    
6667.607        8891.397        5.6040494e-07   -7.0217435     
6667.607        8891.397        9.96556565e-07  -12.5827334    
6667.607        8891.397        1.77215602e-06  -22.6118467    
6667.607        8891.397        3.15138856e-06  -40.7371104    
6667.607        8891.397        5.6040494e-06   -73.5055548    
6667.607        8891.397        9.96556565e-06  -132.671506    
6667.607        8891.397        1.77215602e-05  -239.256311    
6667.607        8891.397        3.15138856e-05  -430.754135    
6667.607        8891.397        5.6040494e-05   -773.930889    
6667.607        8891.397        9.96556565e-05  -1387.58419    
8891.397        11856.869       0               2.92516233e-10 
8891.397        11856.869       1.77215602e-10  -0.00180045633 
8891.397        11856.869       3.15138856e-10  -0.00320171638 
8891.397        11856.869       5.60404939e-10  -0.005693552   
8891.397        11856.869       9.96556565e-10  -0.0101247438  
8891.397        11856.869       1.77215602e-09  -0.0180046782  
8891.397        11856.869       3.15138856e-09  -0.0320175215  
8891.397        11856.869       5.60404939e-09  -0.0569366451  
8891.397        11856.869       9.96556565e-09  -0.101250988   
8891.397        11856.869       1.77215602e-08  -0.18005799    
8891.397        11856.869       3.15138856e-08  -0.32021058    
8891.397        11856.869       5.60404939e-08  -0.569477885   
8891.397        11856.869       9.96556565e-08  -1.01286005    
8891.397        11856.869       1.77215602e-07  -1.80167508    
8891.397        11856.869       3.15138856e-07  -3.20550271    
8891.397        11856.869       5.60404939e-07  -5.7051676     
8891.397        11856.869       9.96556565e-07  -10.1596419    
8891.397        11856.869       1.77215602e-06  -18.1061711    
8891.397        11856.869       3.15138856e-06  -32.299177     
8891.397        11856.869       5.60404939e-06  -57.6721907    
8891.397        11856.869       9.96556565e-06  -103.04287     
8891.397        11856.869       1.77215602e-05  -184.129119    
8891.397        11856.869       3.15138856e-05  -328.903277    
8891.397        11856.869       5.60404939e-05  -587.129356    
8891.397        11856.869       9.96556565e-05  -1047.36076    
11856.869       15811.388       0               5.65470234e-05 
11856.869       15811.388       1.77215602e-10  -0.00130692564 
11856.869       15811.388       3.15138857e-10  -0.00236808886 
11856.869       15811.388       5.6040494e-10   -0.00425513468 
11856.869       15811.388       9.96556566e-10  -0.00761083292 
11856.869       15811.388       1.77215602e-09  -0.0135782132  
11856.869       15811.388       3.15138857e-09  -0.0241899178  
11856.869       15811.388       5.6040494e-09   -0.0430606052  
11856.869       15811.388       9.96556566e-09  -0.076618312   
11856.869       15811.388       1.77215602e-08  -0.136294403   
11856.869       15811.388       3.15138857e-08  -0.242418676   
11856.869       15811.388       5.6040494e-08   -0.43114834    
11856.869       15811.388       9.96556566e-08  -0.766797133   
11856.869       15811.388       1.77215602e-07  -1.36378294    
11856.869       15811.388       3.15138857e-07  -2.42572633    
11856.869       15811.388       5.6040494e-07   -4.31518184    
11856.869       15811.388       9.96556566e-07  -7.67819884    
11856.869       15811.388       1.77215602e-06  -13.6672152    
11856.869       15811.388       3.15138857e-06  -24.3403241    
11856.869       15811.388       5.6040494e-06   -43.3757478    
11856.869       15811.388       9.96556566e-06  -77.3460118    
11856.869       15811.388       1.77215602e-05  -137.982103    
11856.869       15811.388       3.15138857e-05  -246.192968    
11856.869       15811.388       5.6040494e-05   -439.211874    
11856.869       15811.388       9.96556566e-05  -783.319642    
15811.388       21084.826       0               4.69369222e-05 
15811.388       21084.826       1.77215602e-10  -0.000973858877
15811.388       21084.826       3.15138856e-10  -0.00176832339 
15811.388       21084.826       5.60404939e-10  -0.0031811036  
15811.388       21084.826       9.96556565e-10  -0.00569342264 
15811.388       21084.826       1.77215602e-09  -0.0101610312  
15811.388       21084.826       3.15138856e-09  -0.0181056983  
15811.388       21084.826       5.60404939e-09  -0.03223357    
15811.388       21084.826       9.96556565e-09  -0.0573569802  
15811.388       21084.826       1.77215602e-08  -0.102033761   
15811.388       21084.826       3.15138856e-08  -0.181482628   
15811.388       21084.826       5.60404939e-08  -0.322768284   
15811.388       21084.826       9.96556565e-08  -0.574024292   
15811.388       21084.826       1.77215602e-07  -1.02086116    
15811.388       21084.826       3.15138856e-07  -1.81556706    
15811.388       21084.826       5.60404939e-07  -3.22910409    
15811.388       21084.826       9.96556565e-07  -5.74378055    
15811.388       21084.826       1.77215602e-06  -10.2186514    
15811.388       21084.826       3.15138856e-06  -18.1852806    
15811.388       21084.826       5.60404939e-06  -32.3776415    
15811.388       21084.826       9.96556565e-06  -57.682294     
15811.388       21084.826       1.77215602e-05  -102.839178    
15811.388       21084.826       3.15138856e-05  -183.473215    
15811.388       21084.826       5.60404939e-05  -327.477983    
15811.388       21084.826       9.96556565e-05  -584.568738    
21084.826       28117.066       0               7.07401335e-06 
21084.826       28117.066       1.77215602e-10  -0.00077753657 
21084.826       28117.066       3.15138857e-10  -0.00138818287 
21084.826       28117.066       5.60404941e-10  -0.00247408267 
21084.826       28117.066       9.96556567e-10  -0.00440511616 
21084.826       28117.066       1.77215602e-09  -0.00783903397 
21084.826       28117.066       3.15138857e-09  -0.0139455016  
21084.826       28117.066       5.60404941e-09  -0.0248045143  
21084.826       28117.066       9.96556567e-09  -0.0441148956  
21084.826       28117.066       1.77215602e-08  -0.0784542203  
21084.826       28117.066       3.15138857e-08  -0.13951936    
21084.826       28117.066       5.60404941e-08  -0.248110952   
21084.826       28117.066       9.96556567e-08  -0.441219395   
21084.826       28117.066       1.77215602e-07  -0.784627262   
21084.826       28117.066       3.15138857e-07  -1.39532476    
21084.826       28117.066       5.60404941e-07  -2.48138579    
21084.826       28117.066       9.96556567e-07  -4.41292523    
21084.826       28117.066       1.77215602e-06  -7.84842156    
21084.826       28117.066       3.15138857e-06  -13.9597652    
21084.826       28117.066       5.60404941e-06  -24.8335908    
21084.826       28117.066       9.96556567e-06  -44.1877783    
21084.826       28117.066       1.77215602e-05  -78.6514946    
21084.826       28117.066       3.15138857e-05  -140.050583    
21084.826       28117.066       5.60404941e-05  -249.478922    
21084.826       28117.066       9.96556567e-05  -444.533563    
28117.066       37494.712       0               9.85664883e-11 
28117.066       37494.712       1.77215602e-10  -0.000606623018
28117.066       37494.712       3.15138856e-10  -0.0010787453  
28117.066       37494.712       5.60404939e-10  -0.00191831063 
28117.066       37494.712       9.96556565e-10  -0.00341129238 
28117.066       37494.712       1.77215602e-09  -0.0060662311  
28117.066       37494.712       3.15138856e-09  -0.010787454   
28117.066       37494.712       5.60404939e-09  -0.0191831075  
28117.066       37494.712       9.96556565e-09  -0.0341129257  
28117.066       37494.712       1.77215602e-08  -0.0606623151  
28117.066       37494.712       3.15138856e-08  -0.107874551   
28117.066       37494.712       5.60404939e-08  -0.191831108   
28117.066       37494.712       9.96556565e-08  -0.341129358   
28117.066       37494.712       1.77215602e-07  -0.606623468   
28117.066       37494.712       3.15138856e-07  -1.07874651    
28117.066       37494.712       5.60404939e-07  -1.91831424    
28117.066       37494.712       9.96556565e-07  -3.41130356    
28117.066       37494.712       1.77215602e-06  -6.0662662     
28117.066       37494.712       3.15138856e-06  -10.7875645    
28117.066       37494.712       5.60404939e-06  -19.1834555    
28117.066       37494.712       9.96556565e-06  -34.1140184    
28117.066       37494.712       1.77215602e-05  -60.6657294    
28117.066       37494.712       3.15138856e-05  -107.885128    
28117.066       37494.712       5.60404939e-05  -191.863413    
28117.066       37494.712       9.96556565e-05  -341.225828    
37494.712       50000           0               7.3853812e-11  
37494.712       50000           1.77215602e-10  -0.000454668494
37494.712       50000           3.15138857e-10  -0.000808527679
37494.712       50000           5.60404941e-10  -0.00143778818 
37494.712       50000           9.96556567e-10  -0.00255678918 
37494.712       50000           1.77215602e-09  -0.00454668561 
37494.712       50000           3.15138857e-09  -0.00808527746 
37494.712       50000           5.60404941e-09  -0.0143778825  
37494.712       50000           9.96556567e-09  -0.0255678924  
37494.712       50000           1.77215602e-08  -0.0454668568  
37494.712       50000           3.15138857e-08  -0.0808527754  
37494.712       50000           5.60404941e-08  -0.143778826   
37494.712       50000           9.96556567e-08  -0.255678927   
37494.712       50000           1.77215602e-07  -0.454668574   
37494.712       50000           3.15138857e-07  -0.808527772   
37494.712       50000           5.60404941e-07  -1.43778832    
37494.712       50000           9.96556567e-07  -2.55678944    
37494.712       50000           1.77215602e-06  -4.54668629    
37494.712       50000           3.15138857e-06  -8.08527946    
37494.712       50000           5.60404941e-06  -14.3778887    
37494.712       50000           9.96556567e-06  -25.5679118    
37494.712       50000           1.77215602e-05  -45.4669177    
37494.712       50000           3.15138857e-05  -80.8529674    
37494.712       50000           5.60404941e-05  -143.77943     
37494.712       50000           9.96556567e-05  -255.680819    
50000           66676.072       0               4.34710046e-11 
50000           66676.072       1.77215602e-10  -0.000267616758
50000           66676.072       3.15138856e-10  -0.000475900541
50000           66676.072       5.60404939e-10  -0.000846294084
50000           66676.072       9.96556564e-10  -0.00150497874 
50000           66676.072       1.77215602e-09  -0.00267637186 
50000           66676.072       3.15138856e-09  -0.00475965031 
50000           66676.072       5.60404939e-09  -0.00846497797 
50000           66676.072       9.96556564e-09  -0.0150562207  
50000           66676.072       1.77215602e-08  -0.026784018   
50000           66676.072       3.15138856e-08  -0.0476604502  
50000           66676.072       5.60404939e-08  -0.0848506379  
50000           66676.072       9.96556564e-08  -0.151189875   
50000           66676.072       1.77215602e-07  -0.269784256   
50000           66676.072       3.15138856e-07  -0.482535773   
50000           66676.072       5.60404939e-07  -0.866159479   
50000           66676.072       9.96556564e-07  -1.56244368    
50000           66676.072       1.77215602e-06  -2.83464381    
50000           66676.072       3.15138856e-06  -5.16900628    
50000           66676.072       5.60404939e-06  -9.45110404    
50000           66676.072       9.96556564e-06  -17.2695859    
50000           66676.072       1.77215602e-05  -31.4490965    
50000           66676.072       3.15138856e-05  -57.0002326    
50000           66676.072       5.60404939e-05  -102.816814    
50000           66676.072       9.96556564e-05  -184.700678    
66676.072       88913.968       0               3.97619715e-11 
66676.072       88913.968       1.77215602e-10  -0.000244840707
66676.072       88913.968       3.15138857e-10  -0.000435395219
66676.072       88913.968       5.6040494e-10   -0.000774254386
66676.072       88913.968       9.96556567e-10  -0.00137684067 
66676.072       88913.968       1.77215602e-09  -0.00244840746 
66676.072       88913.968       3.15138857e-09  -0.00435395264 
66676.072       88913.968       5.6040494e-09   -0.00774254451 
66676.072       88913.968       9.96556567e-09  -0.0137684079  
66676.072       88913.968       1.77215602e-08  -0.0244840778  
66676.072       88913.968       3.15138857e-08  -0.0435395358  
66676.072       88913.968       5.6040494e-08   -0.0774254739  
66676.072       88913.968       9.96556567e-08  -0.13768417    
66676.072       88913.968       1.77215602e-07  -0.244841063   
66676.072       88913.968       3.15138857e-07  -0.435396258   
66676.072       88913.968       5.6040494e-07   -0.774257582   
66676.072       88913.968       9.96556567e-07  -1.37685068    
66676.072       88913.968       1.77215602e-06  -2.44843895    
66676.072       88913.968       3.15138857e-06  -4.35405174    
66676.072       88913.968       5.6040494e-06   -7.74285556    
66676.072       88913.968       9.96556567e-06  -13.7693793    
66676.072       88913.968       1.77215602e-05  -24.4870835    
66676.072       88913.968       3.15138857e-05  -43.5486937    
66676.072       88913.968       5.6040494e-05   -77.4526893    
66676.072       88913.968       9.96556567e-05  -137.762052    
88913.968       118568.688      0               2.30811718e-05 
88913.968       118568.688      1.77215602e-10  -0.000155945283
88913.968       118568.688      3.15138856e-10  -0.000295277886
88913.968       118568.688      5.60404939e-10  -0.000543050185
88913.968       118568.688      9.96556564e-10  -0.000983658564
88913.968       118568.688      1.77215602e-09  -0.00176718337 
88913.968       118568.688      3.15138856e-09  -0.0031605094  
88913.968       118568.688      5.60404939e-09  -0.0056382324  
88913.968       118568.688      9.96556564e-09  -0.0100443162  
88913.968       118568.688      1.77215602e-08  -0.0178795643  
88913.968       118568.688      3.15138856e-08  -0.0318128246  
88913.968       118568.688      5.60404939e-08  -0.0565900546  
88913.968       118568.688      9.96556564e-08  -0.100650893   
88913.968       118568.688      1.77215602e-07  -0.179003374   
88913.968       118568.688      3.15138856e-07  -0.318335978   
88913.968       118568.688      5.60404939e-07  -0.566108281   
88913.968       118568.688      9.96556564e-07  -1.00671667    
88913.968       118568.688      1.77215602e-06  -1.79024151    
88913.968       118568.688      3.15138856e-06  -3.18356765    
88913.968       118568.688      5.60404939e-06  -5.66129098    
88913.968       118568.688      9.96556564e-06  -10.0673758    
88913.968       118568.688      1.77215602e-05  -17.9026272    
88913.968       118568.688      3.15138856e-05  -31.8358981    
88913.968       118568.688      5.60404939e-05  -56.6131614    
88913.968       118568.688      9.96556564e-05  -100.674104    
118568.688      158113.888      0               4.58689652e-07 
118568.688      158113.888      1.77215602e-10  -0.000126726168
118568.688      158113.888      3.15138857e-10  -0.000225711526
118568.688      158113.888      5.6040494e-10   -0.000401735158
118568.688      158113.888      9.96556566e-10  -0.000714754378
118568.688      158113.888      1.77215602e-09  -0.00127139008 
118568.688      158113.888      3.15138857e-09  -0.00226124408 
118568.688      158113.888      5.6040494e-09   -0.00402148173 
118568.688      158113.888      9.96556566e-09  -0.00715167813 
118568.688      158113.888      1.77215602e-08  -0.0127180484  
118568.688      158113.888      3.15138857e-08  -0.0226166305  
118568.688      158113.888      5.6040494e-08   -0.0402191398  
118568.688      158113.888      9.96556566e-08  -0.0715215237  
118568.688      158113.888      1.77215602e-07  -0.127186553   
118568.688      158113.888      3.15138857e-07  -0.226176564   
118568.688      158113.888      5.6040494e-07   -0.402214872   
118568.688      158113.888      9.96556566e-07  -0.715280316   
118568.688      158113.888      1.77215602e-06  -1.27206114    
118568.688      158113.888      3.15138857e-06  -2.26236829    
118568.688      158113.888      5.6040494e-06   -4.02400752    
118568.688      158113.888      9.96556566e-06  -7.15847031    
118568.688      158113.888      1.77215602e-05  -12.7374919    
118568.688      158113.888      3.15138857e-05  -22.6721025    
118568.688      158113.888      5.6040494e-05   -40.3714754    
118568.688      158113.888      9.96556566e-05  -71.9159184    
158113.888      210848.256      0               1.49782409e-11 
158113.888      210848.256      1.77215602e-10  -9.22388239e-05
158113.888      210848.256      3.15138857e-10  -0.000164026413
158113.888      210848.256      5.6040494e-10   -0.000291684805
158113.888      210848.256      9.96556566e-10  -0.000518697094
158113.888      210848.256      1.77215602e-09  -0.000922388376
158113.888      210848.256      3.15138857e-09  -0.00164026427 
158113.888      210848.256      5.6040494e-09   -0.00291684821 
158113.888      210848.256      9.96556566e-09  -0.00518697116 
158113.888      210848.256      1.77215602e-08  -0.00922388414 
158113.888      210848.256      3.15138857e-08  -0.0164026436  
158113.888      210848.256      5.6040494e-08   -0.0291684847  
158113.888      210848.256      9.96556566e-08  -0.0518697195  
158113.888      210848.256      1.77215602e-07  -0.0922388662  
158113.888      210848.256      3.15138857e-07  -0.164026514   
158113.888      210848.256      5.6040494e-07   -0.291685093   
158113.888      210848.256      9.96556566e-07  -0.518697974   
158113.888      210848.256      1.77215602e-06  -0.922391124   
158113.888      210848.256      3.15138857e-06  -1.64027292    
158113.888      210848.256      5.6040494e-06   -2.91687547    
158113.888      210848.256      9.96556566e-06  -5.18705706    
158113.888      210848.256      1.77215602e-05  -9.22415418    
158113.888      210848.256      3.15138857e-05  -16.4034888    
158113.888      210848.256      5.6040494e-05   -29.17111      
158113.888      210848.256      9.96556566e-05  -51.8777697    
210848.256      281170.656      0               4.29366245e-06 
210848.256      281170.656      1.77215602e-10  -6.0062659e-05 
210848.256      281170.656      3.15138857e-10  -0.00011014986 
210848.256      281170.656      5.60404941e-10  -0.000199218899
210848.256      281170.656      9.96556567e-10  -0.000357608545
210848.256      281170.656      1.77215602e-09  -0.000639269609
210848.256      281170.656      3.15138857e-09  -0.00114014174 
210848.256      281170.656      5.60404941e-09  -0.00203083253 
210848.256      281170.656      9.96556567e-09  -0.00361473023 
210848.256      281170.656      1.77215602e-08  -0.0064313448  
210848.256      281170.656      3.15138857e-08  -0.0114400786  
210848.256      281170.656      5.60404941e-08  -0.0203470257  
210848.256      281170.656      9.96556567e-08  -0.036186127   
210848.256      281170.656      1.77215602e-07  -0.0643526654  
210848.256      281170.656      3.15138857e-07  -0.114441244   
210848.256      281170.656      5.60404941e-07  -0.203514636   
210848.256      281170.656      9.96556567e-07  -0.361918017   
210848.256      281170.656      1.77215602e-06  -0.643622372   
210848.256      281170.656      3.15138857e-06  -1.14463058    
210848.256      281170.656      5.60404941e-06  -2.03574716    
210848.256      281170.656      9.96556567e-06  -3.62096669    
210848.256      281170.656      1.77215602e-05  -6.44162997    
210848.256      281170.656      3.15138857e-05  -11.4624934    
210848.256      281170.656      5.60404941e-05  -20.4045447    
210848.256      281170.656      9.96556567e-05  -36.3402789    
281170.656      374947.104      0               4.14883541e-08 
281170.656      374947.104      1.77215602e-10  -4.59676351e-05
281170.656      374947.104      3.15138856e-10  -8.17755886e-05
281170.656      374947.104      5.60404939e-10  -0.000145452135
281170.656      374947.104      9.96556564e-10  -0.000258686827
281170.656      374947.104      1.77215602e-09  -0.000460049749
281170.656      374947.104      3.15138856e-09  -0.000818129291
281170.656      374947.104      5.60404939e-09  -0.00145489478 
281170.656      374947.104      9.96556564e-09  -0.00258724176 
281170.656      374947.104      1.77215602e-08  -0.00460087117 
281170.656      374947.104      3.15138856e-08  -0.0081816672  
281170.656      374947.104      5.60404939e-08  -0.014549324   
281170.656      374947.104      9.96556564e-08  -0.0258727999  
281170.656      374947.104      1.77215602e-07  -0.0460091134  
281170.656      374947.104      3.15138856e-07  -0.081817135   
281170.656      374947.104      5.60404939e-07  -0.145493897   
281170.656      374947.104      9.96556564e-07  -0.258729268   
281170.656      374947.104      1.77215602e-06  -0.460094337   
281170.656      374947.104      3.15138856e-06  -0.818180658   
281170.656      374947.104      5.60404939e-06  -1.45496752    
281170.656      374947.104      9.96556564e-06  -2.58738177    
281170.656      374947.104      1.77215602e-05  -4.60122209    
281170.656      374947.104      3.15138856e-05  -8.18267495    
281170.656      374947.104      5.60404939e-05  -14.5523545    
281170.656      374947.104      9.96556564e-05  -25.8819432    
374947.104      500000          0               5.20172794e-12 
374947.104      500000          1.77215602e-10  -3.20275785e-05
374947.104      500000          3.15138857e-10  -5.69539875e-05
374947.104      500000          5.6040494e-10   -0.000101280107
374947.104      500000          9.96556566e-10  -0.000180104334
374947.104      500000          1.77215602e-09  -0.000320275832
374947.104      500000          3.15138857e-09  -0.000569539922
374947.104      500000          5.6040494e-09   -0.00101280112 
374947.104      500000          9.96556566e-09  -0.00180104338 
374947.104      500000          1.77215602e-08  -0.00320275837 
374947.104      500000          3.15138857e-08  -0.00569539926 
374947.104      500000          5.6040494e-08   -0.0101280112  
374947.104      500000          9.96556566e-08  -0.0180104339  
374947.104      500000          1.77215602e-07  -0.0320275837  
374947.104      500000          3.15138857e-07  -0.0569539927  
374947.104      500000          5.6040494e-07   -0.101280113   
374947.104      500000          9.96556566e-07  -0.180104339   
374947.104      500000          1.77215602e-06  -0.320275837   
374947.104      500000          3.15138857e-06  -0.569539927   
374947.104      500000          5.6040494e-06   -1.01280113    
374947.104      500000          9.96556566e-06  -1.80104339    
374947.104      500000          1.77215602e-05  -3.20275837    
374947.104      500000          3.15138857e-05  -5.69539927    
374947.104      500000          5.6040494e-05   -10.1280113    
374947.104      500000          9.96556566e-05  -18.0104339    
