### like_canes_venatici_I.txt
#[0]emin(MeV) [1]emax(MeV) [2]eflux(MeV/cm^2/s) [3]deltaLogLike
500             666.760688      0               1.56686565e-05 
500             666.760688      1.77215602e-10  -0.000469560951
500             666.760688      3.15138857e-10  -0.000850749146
500             666.760688      5.6040494e-10   -0.00153626563 
500             666.760688      9.96556566e-10  -0.00277949372 
500             666.760688      1.77215602e-09  -0.00506664235 
500             666.760688      3.15138857e-09  -0.00937441621 
500             666.760688      5.6040494e-09   -0.0177910173  
500             666.760688      9.96556566e-09  -0.0351237699  
500             666.760688      1.77215602e-08  -0.0732875938  
500             666.760688      3.15138857e-08  -0.163622307   
500             666.760688      5.6040494e-08   -0.391461907   
500             666.760688      9.96556566e-08  -0.990344267   
500             666.760688      1.77215602e-07  -2.58392486    
500             666.760688      3.15138857e-07  -6.75607255    
500             666.760688      5.6040494e-07   -17.2689627    
500             666.760688      9.96556566e-07  -42.4535563    
500             666.760688      1.77215602e-06  -99.6700808    
500             666.760688      3.15138857e-06  -223.478182    
500             666.760688      5.6040494e-06   -480.485488    
500             666.760688      9.96556566e-06  -996.085564    
500             666.760688      1.77215602e-05  -2002.19036    
500             666.760688      3.15138857e-05  -3922.06201    
500             666.760688      5.6040494e-05   -7521.01287    
500             666.760688      9.96556566e-05  -14174.4665    
666.760688      889.139688      0               -0.476100597   
666.760688      889.139688      1.77215602e-10  -0.47350474    
666.760688      889.139688      3.15138856e-10  -0.471490017   
666.760688      889.139688      5.6040494e-10   -0.467919323   
666.760688      889.139688      9.96556565e-10  -0.461607661   
666.760688      889.139688      1.77215602e-09  -0.45050365    
666.760688      889.139688      3.15138856e-09  -0.431134653   
666.760688      889.139688      5.6040494e-09   -0.39787194    
666.760688      889.139688      9.96556565e-09  -0.342392312   
666.760688      889.139688      1.77215602e-08  -0.255002498   
666.760688      889.139688      3.15138856e-08  -0.13346585    
666.760688      889.139688      5.6040494e-08   -0.0157088763  
666.760688      889.139688      9.96556565e-08  -0.0776070856  
666.760688      889.139688      1.77215602e-07  -0.883919677   
666.760688      889.139688      3.15138856e-07  -3.95105001    
666.760688      889.139688      5.6040494e-07   -12.8758449    
666.760688      889.139688      9.96556565e-07  -35.44168      
666.760688      889.139688      1.77215602e-06  -87.4233834    
666.760688      889.139688      3.15138856e-06  -199.398295    
666.760688      889.139688      5.6040494e-06   -428.910734    
666.760688      889.139688      9.96556565e-06  -882.166239    
666.760688      889.139688      1.77215602e-05  -1752.67925    
666.760688      889.139688      3.15138856e-05  -3390.10838    
666.760688      889.139688      5.6040494e-05   -6422.86571    
666.760688      889.139688      9.96556565e-05  -11976.4274    
889.139688      1185.68688      0               5.60248736e-10 
889.139688      1185.68688      1.77215602e-10  -0.00343767283 
889.139688      1185.68688      3.15138856e-10  -0.00611715525 
889.139688      1185.68688      5.60404939e-10  -0.0108906828  
889.139688      1185.68688      9.96556565e-10  -0.019406658   
889.139688      1185.68688      1.77215602e-09  -0.0346363929  
889.139688      1185.68688      3.15138856e-09  -0.0619886552  
889.139688      1185.68688      5.60404939e-09  -0.111468559   
889.139688      1185.68688      9.96556565e-09  -0.202046945   
889.139688      1185.68688      1.77215602e-08  -0.370959997   
889.139688      1185.68688      3.15138856e-08  -0.694394676   
889.139688      1185.68688      5.60404939e-08  -1.33451561    
889.139688      1185.68688      9.96556565e-08  -2.64528949    
889.139688      1185.68688      1.77215602e-07  -5.40147051    
889.139688      1185.68688      3.15138856e-07  -11.2674587    
889.139688      1185.68688      5.60404939e-07  -23.70485      
889.139688      1185.68688      9.96556565e-07  -49.6548356    
889.139688      1185.68688      1.77215602e-06  -102.585009    
889.139688      1185.68688      3.15138856e-06  -207.952169    
889.139688      1185.68688      5.60404939e-06  -412.941068    
889.139688      1185.68688      9.96556565e-06  -803.778819    
889.139688      1185.68688      1.77215602e-05  -1536.53087    
889.139688      1185.68688      3.15138856e-05  -2891.91514    
889.139688      1185.68688      5.60404939e-05  -5372.82846    
889.139688      1185.68688      9.96556565e-05  -9877.80896    
1185.68688      1581.13888      0               -0.0219213555  
1185.68688      1581.13888      1.77215602e-10  -0.0209010111  
1185.68688      1581.13888      3.15138856e-10  -0.0201249385  
1185.68688      1581.13888      5.6040494e-10   -0.0187836558  
1185.68688      1581.13888      9.96556565e-10  -0.0165201552  
1185.68688      1581.13888      1.77215602e-09  -0.0128743082  
1185.68688      1581.13888      3.15138856e-09  -0.00756058624 
1185.68688      1581.13888      5.6040494e-09   -0.00165180181 
1185.68688      1581.13888      9.96556565e-09  -0.00153550047 
1185.68688      1581.13888      1.77215602e-08  -0.0303586673  
1185.68688      1581.13888      3.15138856e-08  -0.156970485   
1185.68688      1581.13888      5.6040494e-08   -0.559286531   
1185.68688      1581.13888      9.96556565e-08  -1.64541904    
1185.68688      1581.13888      1.77215602e-07  -4.26796162    
1185.68688      1581.13888      3.15138856e-07  -10.1054107    
1185.68688      1581.13888      5.6040494e-07   -22.3641073    
1185.68688      1581.13888      9.96556565e-07  -47.0756923    
1185.68688      1581.13888      1.77215602e-06  -95.4589542    
1185.68688      1581.13888      3.15138856e-06  -188.161008    
1185.68688      1581.13888      5.6040494e-06   -362.823406    
1185.68688      1581.13888      9.96556565e-06  -687.544973    
1185.68688      1581.13888      1.77215602e-05  -1284.8119     
1185.68688      1581.13888      3.15138856e-05  -2374.05262    
1185.68688      1581.13888      5.6040494e-05   -4347.38116    
1185.68688      1581.13888      9.96556565e-05  -7904.43179    
1581.13888      2108.4825       0               0.00075543961  
1581.13888      2108.4825       1.77215602e-10  0.000690638079 
1581.13888      2108.4825       3.15138857e-10  0.000629079532 
1581.13888      2108.4825       5.6040494e-10   0.000495690337 
1581.13888      2108.4825       9.96556566e-10  0.000183454641 
1581.13888      2108.4825       1.77215602e-09  -0.000605689013
1581.13888      2108.4825       3.15138857e-09  -0.00273037599 
1581.13888      2108.4825       5.6040494e-09   -0.00869319831 
1581.13888      2108.4825       9.96556566e-09  -0.0257163668  
1581.13888      2108.4825       1.77215602e-08  -0.0739867415  
1581.13888      2108.4825       3.15138857e-08  -0.206967597   
1581.13888      2108.4825       5.6040494e-08   -0.556498618   
1581.13888      2108.4825       9.96556566e-08  -1.42343394    
1581.13888      2108.4825       1.77215602e-07  -3.44806847    
1581.13888      2108.4825       3.15138857e-07  -7.92188609    
1581.13888      2108.4825       5.6040494e-07   -17.3535163    
1581.13888      2108.4825       9.96556566e-07  -36.4940438    
1581.13888      2108.4825       1.77215602e-06  -74.1907467    
1581.13888      2108.4825       3.15138857e-06  -146.721173    
1581.13888      2108.4825       5.6040494e-06   -283.74392     
1581.13888      2108.4825       9.96556566e-06  -538.856627    
1581.13888      2108.4825       1.77215602e-05  -1008.3113     
1581.13888      2108.4825       3.15138857e-05  -1864.26483    
1581.13888      2108.4825       5.6040494e-05   -3413.94397    
1581.13888      2108.4825       9.96556566e-05  -6204.94411    
2108.4825       2811.70675      0               -0.00495940628 
2108.4825       2811.70675      1.77215602e-10  -0.00421244425 
2108.4825       2811.70675      3.15138856e-10  -0.00367489503 
2108.4825       2811.70675      5.60404939e-10  -0.00281212244 
2108.4825       2811.70675      9.96556564e-10  -0.00156543346 
2108.4825       2811.70675      1.77215602e-09  -0.000220590638
2108.4825       2811.70675      3.15138856e-09  -0.000395517861
2108.4825       2811.70675      5.60404939e-09  -0.00789693438 
2108.4825       2811.70675      9.96556564e-09  -0.0399127591  
2108.4825       2811.70675      1.77215602e-08  -0.140411407   
2108.4825       2811.70675      3.15138856e-08  -0.407776095   
2108.4825       2811.70675      5.60404939e-08  -1.03833814    
2108.4825       2811.70675      9.96556564e-08  -2.39549505    
2108.4825       2811.70675      1.77215602e-07  -5.13282844    
2108.4825       2811.70675      3.15138856e-07  -10.4288485    
2108.4825       2811.70675      5.60404939e-07  -20.4321424    
2108.4825       2811.70675      9.96556564e-07  -39.0803448    
2108.4825       2811.70675      1.77215602e-06  -73.5626408    
2108.4825       2811.70675      3.15138856e-06  -136.895803    
2108.4825       2811.70675      5.60404939e-06  -252.482802    
2108.4825       2811.70675      9.96556564e-06  -462.239234    
2108.4825       2811.70675      1.77215602e-05  -841.088503    
2108.4825       2811.70675      3.15138856e-05  -1522.76281    
2108.4825       2811.70675      5.60404939e-05  -2745.68656    
2108.4825       2811.70675      9.96556564e-05  -4934.58412    
2811.70675      3749.471        0               5.31144906e-10 
2811.70675      3749.471        1.77215602e-10  -0.00327050236 
2811.70675      3749.471        3.15138857e-10  -0.00581811899 
2811.70675      3749.471        5.6040494e-10   -0.010353349   
2811.70675      3749.471        9.96556566e-10  -0.0184335524  
2811.70675      3749.471        1.77215602e-09  -0.0328504609  
2811.70675      3749.471        3.15138857e-09  -0.0586378995  
2811.70675      3749.471        5.6040494e-09   -0.10496013    
2811.70675      3749.471        9.96556566e-09  -0.188751494   
2811.70675      3749.471        1.77215602e-08  -0.341964479   
2811.70675      3749.471        3.15138857e-08  -0.626385581   
2811.70675      3749.471        5.6040494e-08   -1.16398066    
2811.70675      3749.471        9.96556566e-08  -2.1968586     
2811.70675      3749.471        1.77215602e-07  -4.19818786    
2811.70675      3749.471        3.15138857e-07  -8.06596264    
2811.70675      3749.471        5.6040494e-07   -15.4597137    
2811.70675      3749.471        9.96556566e-07  -29.4035137    
2811.70675      3749.471        1.77215602e-06  -55.3785366    
2811.70675      3749.471        3.15138857e-06  -103.282282    
2811.70675      3749.471        5.6040494e-06   -190.914751    
2811.70675      3749.471        9.96556566e-06  -350.173187    
2811.70675      3749.471        1.77215602e-05  -638.054733    
2811.70675      3749.471        3.15138857e-05  -1156.20205    
2811.70675      3749.471        5.6040494e-05   -2085.65294    
2811.70675      3749.471        9.96556566e-05  -3748.65029    
3749.471        5000            0               7.77163223e-10 
3749.471        5000            1.77215602e-10  -0.00478392376 
3749.471        5000            3.15138856e-10  -0.00850717351 
3749.471        5000            5.60404939e-10  -0.0151281946  
3749.471        5000            9.96556565e-10  -0.0269023553  
3749.471        5000            1.77215602e-09  -0.0478405299  
3749.471        5000            3.15138856e-09  -0.0850758034  
3749.471        5000            5.60404939e-09  -0.151294779   
3749.471        5000            9.96556565e-09  -0.269064021   
3749.471        5000            1.77215602e-08  -0.478532712   
3749.471        5000            3.15138856e-08  -0.851157927   
3749.471        5000            5.60404939e-08  -1.51419582    
3749.471        5000            9.96556565e-08  -2.69449755    
3749.471        5000            1.77215602e-07  -4.79705684    
3749.471        5000            3.15138856e-07  -8.54632767    
3749.471        5000            5.60404939e-07  -15.240911     
3749.471        5000            9.96556565e-07  -27.2117294    
3749.471        5000            1.77215602e-06  -48.641935     
3749.471        5000            3.15138856e-06  -87.0269991    
3749.471        5000            5.60404939e-06  -155.771922    
3749.471        5000            9.96556565e-06  -278.815771    
3749.471        5000            1.77215602e-05  -498.867043    
3749.471        5000            3.15138856e-05  -892.055788    
3749.471        5000            5.60404939e-05  -1593.98062    
3749.471        5000            9.96556565e-05  -2846.00302    
5000            6667.607        0               5.0162455e-06  
5000            6667.607        1.77215602e-10  -0.000463578652
5000            6667.607        3.15138857e-10  -0.000835174039
5000            6667.607        5.6040494e-10   -0.00151079041 
5000            6667.607        9.96556566e-10  -0.00275862723 
5000            6667.607        1.77215602e-09  -0.00512188815 
5000            6667.607        3.15138857e-09  -0.00976718172 
5000            6667.607        5.6040494e-09   -0.0193571051  
5000            6667.607        9.96556566e-09  -0.0402575311  
5000            6667.607        1.77215602e-08  -0.0879205804  
5000            6667.607        3.15138857e-08  -0.198898566   
5000            6667.607        5.6040494e-08   -0.454292971   
5000            6667.607        9.96556566e-08  -1.01939385    
5000            6667.607        1.77215602e-07  -2.20577429    
5000            6667.607        3.15138857e-07  -4.57316053    
5000            6667.607        5.6040494e-07   -9.11136757    
5000            6667.607        9.96556566e-07  -17.5743227    
5000            6667.607        1.77215602e-06  -33.0873995    
5000            6667.607        3.15138857e-06  -61.2378154    
5000            6667.607        5.6040494e-06   -112.017036    
5000            6667.607        9.96556566e-06  -203.272274    
5000            6667.607        1.77215602e-05  -366.846897    
5000            6667.607        3.15138857e-05  -659.517103    
5000            6667.607        5.6040494e-05   -1182.46314    
5000            6667.607        9.96556566e-05  -2115.90248    
6667.607        8891.397        0               -1.8273119     
6667.607        8891.397        1.77215602e-10  -1.79541522    
6667.607        8891.397        3.15138856e-10  -1.77137066    
6667.607        8891.397        5.6040494e-10   -1.73018622    
6667.607        8891.397        9.96556565e-10  -1.66146774    
6667.607        8891.397        1.77215602e-09  -1.55145165    
6667.607        8891.397        3.15138856e-09  -1.38573389    
6667.607        8891.397        5.6040494e-09   -1.15582782    
6667.607        8891.397        9.96556565e-09  -0.867687623   
6667.607        8891.397        1.77215602e-08  -0.547582799   
6667.607        8891.397        3.15138856e-08  -0.244351608   
6667.607        8891.397        5.6040494e-08   -0.0345160477  
6667.607        8891.397        9.96556565e-08  -0.0398346775  
6667.607        8891.397        1.77215602e-07  -0.467550823   
6667.607        8891.397        3.15138856e-07  -1.68946403    
6667.607        8891.397        5.6040494e-07   -4.38970765    
6667.607        8891.397        9.96556565e-07  -9.83269119    
6667.607        8891.397        1.77215602e-06  -20.336811     
6667.607        8891.397        3.15138856e-06  -40.103129     
6667.607        8891.397        5.6040494e-06   -76.672764     
6667.607        8891.397        9.96556565e-06  -143.516257    
6667.607        8891.397        1.77215602e-05  -264.654337    
6667.607        8891.397        3.15138856e-05  -482.891059    
6667.607        8891.397        5.6040494e-05   -874.450282    
6667.607        8891.397        9.96556565e-05  -1574.98147    
8891.397        11856.869       0               2.9875158e-05  
8891.397        11856.869       1.77215602e-10  -0.00100614534 
8891.397        11856.869       3.15138856e-10  -0.0018131873  
8891.397        11856.869       5.60404939e-10  -0.0032499053  
8891.397        11856.869       9.96556565e-10  -0.00580974655 
8891.397        11856.869       1.77215602e-09  -0.0103774421  
8891.397        11856.869       3.15138856e-09  -0.0185488731  
8891.397        11856.869       5.60404939e-09  -0.0332315901  
8891.397        11856.869       9.96556565e-09  -0.0598066275  
8891.397        11856.869       1.77215602e-08  -0.10845915    
8891.397        11856.869       3.15138856e-08  -0.199005534   
8891.397        11856.869       5.60404939e-08  -0.370983228   
8891.397        11856.869       9.96556565e-08  -0.704079828   
8891.397        11856.869       1.77215602e-07  -1.35650625    
8891.397        11856.869       3.15138856e-07  -2.6310416     
8891.397        11856.869       5.60404939e-07  -5.08424387    
8891.397        11856.869       9.96556565e-07  -9.71319938    
8891.397        11856.869       1.77215602e-06  -18.2905198    
8891.397        11856.869       3.15138856e-06  -33.972751     
8891.397        11856.869       5.60404939e-06  -62.3954732    
8891.397        11856.869       9.96556565e-06  -113.626296    
8891.397        11856.869       1.77215602e-05  -205.63586     
8891.397        11856.869       3.15138856e-05  -370.468579    
8891.397        11856.869       5.60404939e-05  -665.215776    
8891.397        11856.869       9.96556565e-05  -1191.52016    
11856.869       15811.388       0               1.44613455e-06 
11856.869       15811.388       1.77215602e-10  -0.00160226674 
11856.869       15811.388       3.15138857e-10  -0.0028504035  
11856.869       15811.388       5.6040494e-10   -0.00506993947 
11856.869       15811.388       9.96556566e-10  -0.00901689486 
11856.869       15811.388       1.77215602e-09  -0.0160356852  
11856.869       15811.388       3.15138857e-09  -0.0285170582  
11856.869       15811.388       5.6040494e-09   -0.0507124354  
11856.869       15811.388       9.96556566e-09  -0.0901820445  
11856.869       15811.388       1.77215602e-08  -0.160370122   
11856.869       15811.388       3.15138857e-08  -0.285184404   
11856.869       15811.388       5.6040494e-08   -0.507139919   
11856.869       15811.388       9.96556566e-08  -0.901841518   
11856.869       15811.388       1.77215602e-07  -1.60373969    
11856.869       15811.388       3.15138857e-07  -2.85193737    
11856.869       15811.388       5.6040494e-07   -5.07166521    
11856.869       15811.388       9.96556566e-07  -9.01922296    
11856.869       15811.388       1.77215602e-06  -16.0398939    
11856.869       15811.388       3.15138857e-06  -28.5270829    
11856.869       15811.388       5.6040494e-06   -50.7401614    
11856.869       15811.388       9.96556566e-06  -90.2622699    
11856.869       15811.388       1.77215602e-05  -160.600032    
11856.869       15811.388       3.15138857e-05  -285.818215    
11856.869       15811.388       5.6040494e-05   -508.791434    
11856.869       15811.388       9.96556566e-05  -905.873174    
15811.388       21084.826       0               1.8138735e-10  
15811.388       21084.826       1.77215602e-10  -0.00111662816 
15811.388       21084.826       3.15138856e-10  -0.00198567989 
15811.388       21084.826       5.60404939e-10  -0.00353110293 
15811.388       21084.826       9.96556565e-10  -0.00627931663 
15811.388       21084.826       1.77215602e-09  -0.0111664708  
15811.388       21084.826       3.15138856e-09  -0.0198573937  
15811.388       21084.826       5.60404939e-09  -0.035312906   
15811.388       21084.826       9.96556565e-09  -0.0627990925  
15811.388       21084.826       1.77215602e-08  -0.111683418   
15811.388       21084.826       3.15138856e-08  -0.198632944   
15811.388       21084.826       5.60404939e-08  -0.353314793   
15811.388       21084.826       9.96556565e-08  -0.628573498   
15811.388       21084.826       1.77215602e-07  -1.11865026    
15811.388       21084.826       3.15138856e-07  -1.99193123    
15811.388       21084.826       5.60404939e-07  -3.55012293    
15811.388       21084.826       9.96556565e-07  -6.33572315    
15811.388       21084.826       1.77215602e-06  -11.3274461    
15811.388       21084.826       3.15138856e-06  -20.2932328    
15811.388       21084.826       5.60404939e-06  -36.4194426    
15811.388       21084.826       9.96556565e-06  -65.4206263    
15811.388       21084.826       1.77215602e-05  -117.497814    
15811.388       21084.826       3.15138856e-05  -210.81491     
15811.388       21084.826       5.60404939e-05  -377.687469    
15811.388       21084.826       9.96556565e-05  -675.595094    
21084.826       28117.066       0               8.23480491e-07 
21084.826       28117.066       1.77215602e-10  -0.000912387565
21084.826       28117.066       3.15138857e-10  -0.00162312096 
21084.826       28117.066       5.60404941e-10  -0.00288700359 
21084.826       28117.066       9.96556567e-10  -0.00513454031 
21084.826       28117.066       1.77215602e-09  -0.00913128938 
21084.826       28117.066       3.15138857e-09  -0.0162386285  
21084.826       28117.066       5.60404941e-09  -0.0288774713  
21084.826       28117.066       9.96556567e-09  -0.0513528905  
21084.826       28117.066       1.77215602e-08  -0.0913205457  
21084.826       28117.066       3.15138857e-08  -0.162394457   
21084.826       28117.066       5.60404941e-08  -0.288784528   
21084.826       28117.066       9.96556567e-08  -0.51354391    
21084.826       28117.066       1.77215602e-07  -0.913236838   
21084.826       28117.066       3.15138857e-07  -1.62402754    
21084.826       28117.066       5.60404941e-07  -2.88809029    
21084.826       28117.066       9.96556567e-07  -5.13619049    
21084.826       28117.066       1.77215602e-06  -9.13468819    
21084.826       28117.066       3.15138857e-06  -16.2473799    
21084.826       28117.066       5.60404941e-06  -28.902242     
21084.826       28117.066       9.96556567e-06  -51.4239472    
21084.826       28117.066       1.77215602e-05  -91.5187083    
21084.826       28117.066       3.15138857e-05  -162.919298    
21084.826       28117.066       5.60404941e-05  -290.087665    
21084.826       28117.066       9.96556567e-05  -516.566542    
28117.066       37494.712       0               6.29769829e-07 
28117.066       37494.712       1.77215602e-10  -0.000697762717
28117.066       37494.712       3.15138856e-10  -0.00124130722 
28117.066       37494.712       5.60404939e-10  -0.00220788124 
28117.066       37494.712       9.96556565e-10  -0.00392671997 
28117.066       37494.712       1.77215602e-09  -0.00698329571 
28117.066       37494.712       3.15138856e-09  -0.0124187421  
28117.066       37494.712       5.60404939e-09  -0.0220844864  
28117.066       37494.712       9.96556565e-09  -0.0392728871  
28117.066       37494.712       1.77215602e-08  -0.0698386864  
28117.066       37494.712       3.15138856e-08  -0.124193283   
28117.066       37494.712       5.60404939e-08  -0.220851146   
28117.066       37494.712       9.96556565e-08  -0.392736477   
28117.066       37494.712       1.77215602e-07  -0.698398657   
28117.066       37494.712       3.15138856e-07  -1.24195783    
28117.066       37494.712       5.60404939e-07  -2.20857807    
28117.066       37494.712       9.96556565e-07  -3.92756211    
28117.066       37494.712       1.77215602e-06  -6.98459248    
28117.066       37494.712       3.15138856e-06  -12.4214501    
28117.066       37494.712       5.60404939e-06  -22.0915164    
28117.066       37494.712       9.96556565e-06  -39.2928652    
28117.066       37494.712       1.77215602e-05  -69.8961515    
28117.066       37494.712       3.15138856e-05  -124.354104    
28117.066       37494.712       5.60404939e-05  -221.279681    
28117.066       37494.712       9.96556565e-05  -393.81161     
37494.712       50000           0               8.57767191e-11 
37494.712       50000           1.77215602e-10  -0.000528128415
37494.712       50000           3.15138857e-10  -0.000939159952
37494.712       50000           5.60404941e-10  -0.00167008887 
37494.712       50000           9.96556567e-10  -0.00296988472 
37494.712       50000           1.77215602e-09  -0.00528128492 
37494.712       50000           3.15138857e-09  -0.0093916003  
37494.712       50000           5.60404941e-09  -0.0167008895  
37494.712       50000           9.96556567e-09  -0.029698848   
37494.712       50000           1.77215602e-08  -0.0528128501  
37494.712       50000           3.15138857e-08  -0.0939160042  
37494.712       50000           5.60404941e-08  -0.167008897   
37494.712       50000           9.96556567e-08  -0.296988486   
37494.712       50000           1.77215602e-07  -0.528128517   
37494.712       50000           3.15138857e-07  -0.939160092   
37494.712       50000           5.60404941e-07  -1.67008913    
37494.712       50000           9.96556567e-07  -2.96988535    
37494.712       50000           1.77215602e-06  -5.28128671    
37494.712       50000           3.15138857e-06  -9.39160576    
37494.712       50000           5.60404941e-06  -16.7009066    
37494.712       50000           9.96556567e-06  -29.6989017    
37494.712       50000           1.77215602e-05  -52.8130188    
37494.712       50000           3.15138857e-05  -93.9165329    
37494.712       50000           5.60404941e-05  -167.010544    
37494.712       50000           9.96556567e-05  -296.99356     
50000           66676.072       0               5.79518655e-11 
50000           66676.072       1.77215602e-10  -0.000356810103
50000           66676.072       3.15138856e-10  -0.000634508501
50000           66676.072       5.60404939e-10  -0.0011283347  
50000           66676.072       9.96556564e-10  -0.00200649838 
50000           66676.072       1.77215602e-09  -0.00356812735 
50000           66676.072       3.15138856e-09  -0.00634516711 
50000           66676.072       5.60404939e-09  -0.0112836055  
50000           66676.072       9.96556564e-09  -0.0200657998  
50000           66676.072       1.77215602e-08  -0.0356838513  
50000           66676.072       3.15138856e-08  -0.0634598138  
50000           66676.072       5.60404939e-08  -0.112861759   
50000           66676.072       9.96556564e-08  -0.200739034   
50000           66676.072       1.77215602e-07  -0.357093395   
50000           66676.072       3.15138856e-07  -0.635396532   
50000           66676.072       5.60404939e-07  -1.13110066    
50000           66676.072       9.96556564e-07  -2.01501884    
50000           66676.072       1.77215602e-06  -3.59389649    
50000           66676.072       3.15138856e-06  -6.42086589    
50000           66676.072       5.60404939e-06  -11.4966136    
50000           66676.072       9.96556564e-06  -20.6316038    
50000           66676.072       1.77215602e-05  -37.0872249    
50000           66676.072       3.15138856e-05  -66.700184     
50000           66676.072       5.60404939e-05  -119.864137    
50000           66676.072       9.96556564e-05  -215.052348    
66676.072       88913.968       0               4.6878057e-11  
66676.072       88913.968       1.77215602e-10  -0.000288662175
66676.072       88913.968       3.15138857e-10  -0.000513322039
66676.072       88913.968       5.6040494e-10   -0.00091283005 
66676.072       88913.968       9.96556567e-10  -0.00162326692 
66676.072       88913.968       1.77215602e-09  -0.00288662218 
66676.072       88913.968       3.15138857e-09  -0.00513322082 
66676.072       88913.968       5.6040494e-09   -0.00912830092 
66676.072       88913.968       9.96556567e-09  -0.0162326696  
66676.072       88913.968       1.77215602e-08  -0.0288662222  
66676.072       88913.968       3.15138857e-08  -0.0513322087  
66676.072       88913.968       5.6040494e-08   -0.0912830099  
66676.072       88913.968       9.96556567e-08  -0.162326697   
66676.072       88913.968       1.77215602e-07  -0.288662225   
66676.072       88913.968       3.15138857e-07  -0.513322094   
66676.072       88913.968       5.6040494e-07   -0.91283012    
66676.072       88913.968       9.96556567e-07  -1.62326704    
66676.072       88913.968       1.77215602e-06  -2.88662246    
66676.072       88913.968       3.15138857e-06  -5.13322161    
66676.072       88913.968       5.6040494e-06   -9.12830333    
66676.072       88913.968       9.96556567e-06  -16.2326771    
66676.072       88913.968       1.77215602e-05  -28.8662457    
66676.072       88913.968       3.15138857e-05  -51.3322828    
66676.072       88913.968       5.6040494e-05   -91.2832428    
66676.072       88913.968       9.96556567e-05  -162.327427    
88913.968       118568.688      0               3.43600703e-11 
88913.968       118568.688      1.77215602e-10  -0.000211555233
88913.968       118568.688      3.15138856e-10  -0.000376204342
88913.968       118568.688      5.60404939e-10  -0.000668996463
88913.968       118568.688      9.96556564e-10  -0.00118966266 
88913.968       118568.688      1.77215602e-09  -0.00211555265 
88913.968       118568.688      3.15138856e-09  -0.00376204374 
88913.968       118568.688      5.60404939e-09  -0.00668996496 
88913.968       118568.688      9.96556564e-09  -0.011896627   
88913.968       118568.688      1.77215602e-08  -0.021155527   
88913.968       118568.688      3.15138856e-08  -0.0376204384  
88913.968       118568.688      5.60404939e-08  -0.0668996521  
88913.968       118568.688      9.96556564e-08  -0.118966277   
88913.968       118568.688      1.77215602e-07  -0.211555292   
88913.968       118568.688      3.15138856e-07  -0.376204452   
88913.968       118568.688      5.60404939e-07  -0.668996736   
88913.968       118568.688      9.96556564e-07  -1.18966345    
88913.968       118568.688      1.77215602e-06  -2.11555507    
88913.968       118568.688      3.15138856e-06  -3.76205131    
88913.968       118568.688      5.60404939e-06  -6.68998878    
88913.968       118568.688      9.96556564e-06  -11.896702     
88913.968       118568.688      1.77215602e-05  -21.1557626    
88913.968       118568.688      3.15138856e-05  -37.6211751    
88913.968       118568.688      5.60404939e-05  -66.901937     
88913.968       118568.688      9.96556564e-05  -118.973266    
118568.688      158113.888      0               6.79076297e-07 
118568.688      158113.888      1.77215602e-10  -0.000149956981
118568.688      158113.888      3.15138857e-10  -0.000267193928
118568.688      158113.888      5.6040494e-10   -0.000475673991
118568.688      158113.888      9.96556566e-10  -0.000846409837
118568.688      158113.888      1.77215602e-09  -0.00150568189 
118568.688      158113.888      3.15138857e-09  -0.00267805222 
118568.688      158113.888      5.6040494e-09   -0.00476285556 
118568.688      158113.888      9.96556566e-09  -0.00847022258 
118568.688      158113.888      1.77215602e-08  -0.0150629702  
118568.688      158113.888      3.15138857e-08  -0.0267867592  
118568.688      158113.888      5.6040494e-08   -0.0476350633  
118568.688      158113.888      9.96556566e-08  -0.084709589   
118568.688      158113.888      1.77215602e-07  -0.150639767   
118568.688      158113.888      3.15138857e-07  -0.267886185   
118568.688      158113.888      5.6040494e-07   -0.476396096   
118568.688      158113.888      9.96556566e-07  -0.847225784   
118568.688      158113.888      1.77215602e-06  -1.50679157    
118568.688      158113.888      3.15138857e-06  -2.6800743     
118568.688      158113.888      5.6040494e-06   -4.76767469    
118568.688      158113.888      9.96556566e-06  -8.48343147    
118568.688      158113.888      1.77215602e-05  -15.1004901    
118568.688      158113.888      3.15138857e-05  -26.8912295    
118568.688      158113.888      5.6040494e-05   -47.9118324    
118568.688      158113.888      9.96556566e-05  -85.3960284    
158113.888      210848.256      0               -0.702545484   
158113.888      210848.256      1.77215602e-10  -0.702366209   
158113.888      210848.256      3.15138857e-10  -0.702226712   
158113.888      210848.256      5.6040494e-10   -0.70197871    
158113.888      210848.256      9.96556566e-10  -0.701537891   
158113.888      210848.256      1.77215602e-09  -0.700754618   
158113.888      210848.256      3.15138857e-09  -0.699363715   
158113.888      210848.256      5.6040494e-09   -0.696896535   
158113.888      210848.256      9.96556566e-09  -0.692528822   
158113.888      210848.256      1.77215602e-08  -0.684823364   
158113.888      210848.256      3.15138857e-08  -0.671312814   
158113.888      210848.256      5.6040494e-08   -0.647879178   
158113.888      210848.256      9.96556566e-08  -0.607999663   
158113.888      210848.256      1.77215602e-07  -0.542341548   
158113.888      210848.256      3.15138857e-07  -0.440253266   
158113.888      210848.256      5.6040494e-07   -0.2965829     
158113.888      210848.256      9.96556566e-07  -0.128734519   
158113.888      210848.256      1.77215602e-06  -0.00683050555 
158113.888      210848.256      3.15138857e-06  -0.0949293846  
158113.888      210848.256      5.6040494e-06   -0.704653768   
158113.888      210848.256      9.96556566e-06  -2.38186746    
158113.888      210848.256      1.77215602e-05  -6.07092497    
158113.888      210848.256      3.15138857e-05  -13.4242807    
158113.888      210848.256      5.6040494e-05   -27.3656577    
158113.888      210848.256      9.96556566e-05  -53.0951924    
210848.256      281170.656      0               1.28415056e-11 
210848.256      281170.656      1.77215602e-10  -7.90666829e-05
210848.256      281170.656      3.15138857e-10  -0.000140602664
210848.256      281170.656      5.60404941e-10  -0.000250030833
210848.256      281170.656      9.96556567e-10  -0.000444624692
210848.256      281170.656      1.77215602e-09  -0.000790666945
210848.256      281170.656      3.15138857e-09  -0.00140602676 
210848.256      281170.656      5.60404941e-09  -0.00250030844 
210848.256      281170.656      9.96556567e-09  -0.00444624703 
210848.256      281170.656      1.77215602e-08  -0.00790666956 
210848.256      281170.656      3.15138857e-08  -0.0140602677  
210848.256      281170.656      5.60404941e-08  -0.0250030846  
210848.256      281170.656      9.96556567e-08  -0.0444624705  
210848.256      281170.656      1.77215602e-07  -0.0790666958  
210848.256      281170.656      3.15138857e-07  -0.140602677   
210848.256      281170.656      5.60404941e-07  -0.250030846   
210848.256      281170.656      9.96556567e-07  -0.444624705   
210848.256      281170.656      1.77215602e-06  -0.790666958   
210848.256      281170.656      3.15138857e-06  -1.40602677    
210848.256      281170.656      5.60404941e-06  -2.50030846    
210848.256      281170.656      9.96556567e-06  -4.44624705    
210848.256      281170.656      1.77215602e-05  -7.90666958    
210848.256      281170.656      3.15138857e-05  -14.0602677    
210848.256      281170.656      5.60404941e-05  -25.0030846    
210848.256      281170.656      9.96556567e-05  -44.4624705    
281170.656      374947.104      0               9.0739638e-12  
281170.656      374947.104      1.77215602e-10  -5.58696692e-05
281170.656      374947.104      3.15138856e-10  -9.93518895e-05
281170.656      374947.104      5.60404939e-10  -0.000176675426
281170.656      374947.104      9.96556564e-10  -0.00031417828 
281170.656      374947.104      1.77215602e-09  -0.000558696774
281170.656      374947.104      3.15138856e-09  -0.000993518977
281170.656      374947.104      5.60404939e-09  -0.00176675435 
281170.656      374947.104      9.96556564e-09  -0.00314178288 
281170.656      374947.104      1.77215602e-08  -0.00558696782 
281170.656      374947.104      3.15138856e-08  -0.00993518985 
281170.656      374947.104      5.60404939e-08  -0.0176675435  
281170.656      374947.104      9.96556564e-08  -0.0314178289  
281170.656      374947.104      1.77215602e-07  -0.0558696783  
281170.656      374947.104      3.15138856e-07  -0.0993518985  
281170.656      374947.104      5.60404939e-07  -0.176675436   
281170.656      374947.104      9.96556564e-07  -0.314178289   
281170.656      374947.104      1.77215602e-06  -0.558696783   
281170.656      374947.104      3.15138856e-06  -0.993518986   
281170.656      374947.104      5.60404939e-06  -1.76675436    
281170.656      374947.104      9.96556564e-06  -3.14178289    
281170.656      374947.104      1.77215602e-05  -5.58696783    
281170.656      374947.104      3.15138856e-05  -9.93518986    
281170.656      374947.104      5.60404939e-05  -17.6675436    
281170.656      374947.104      9.96556564e-05  -31.4178289    
374947.104      500000          0               6.31655839e-12 
374947.104      500000          1.77215602e-10  -3.88915467e-05
374947.104      500000          3.15138857e-10  -6.91600417e-05
374947.104      500000          5.6040494e-10   -0.000122985883
374947.104      500000          9.96556566e-10  -0.000218703268
374947.104      500000          1.77215602e-09  -0.000388915524
374947.104      500000          3.15138857e-09  -0.000691600473
374947.104      500000          5.6040494e-09   -0.00122985889 
374947.104      500000          9.96556566e-09  -0.00218703274 
374947.104      500000          1.77215602e-08  -0.0038891553  
374947.104      500000          3.15138857e-08  -0.00691600479 
374947.104      500000          5.6040494e-08   -0.0122985889  
374947.104      500000          9.96556566e-08  -0.0218703275  
374947.104      500000          1.77215602e-07  -0.038891553   
374947.104      500000          3.15138857e-07  -0.069160048   
374947.104      500000          5.6040494e-07   -0.122985889   
374947.104      500000          9.96556566e-07  -0.218703275   
374947.104      500000          1.77215602e-06  -0.38891553    
374947.104      500000          3.15138857e-06  -0.69160048    
374947.104      500000          5.6040494e-06   -1.22985889    
374947.104      500000          9.96556566e-06  -2.18703275    
374947.104      500000          1.77215602e-05  -3.8891553     
374947.104      500000          3.15138857e-05  -6.9160048     
374947.104      500000          5.6040494e-05   -12.2985889    
374947.104      500000          9.96556566e-05  -21.8703275    
