### like_pisces_II.txt
#[0]emin(MeV) [1]emax(MeV) [2]eflux(MeV/cm^2/s) [3]deltaLogLike
500             666.760688      0               2.47382559e-10 
500             666.760688      1.77215602e-10  -0.00151725559 
500             666.760688      3.15138857e-10  -0.00269999802 
500             666.760688      5.6040494e-10   -0.00480733687 
500             666.760688      9.96556566e-10  -0.0085677066  
500             666.760688      1.77215602e-09  -0.0152955419  
500             666.760688      3.15138857e-09  -0.0273884108  
500             666.760688      5.6040494e-09   -0.0492989979  
500             666.760688      9.96556566e-09  -0.0895378202  
500             666.760688      1.77215602e-08  -0.165080853   
500             666.760688      3.15138857e-08  -0.311770362   
500             666.760688      5.6040494e-08   -0.610325856   
500             666.760688      9.96556566e-08  -1.25346582    
500             666.760688      1.77215602e-07  -2.71823638    
500             666.760688      3.15138857e-07  -6.18924374    
500             666.760688      5.6040494e-07   -14.5203571    
500             666.760688      9.96556566e-07  -34.2268315    
500             666.760688      1.77215602e-06  -79.3045136    
500             666.760688      3.15138857e-06  -178.274761    
500             666.760688      5.6040494e-06   -387.094511    
500             666.760688      9.96556566e-06  -812.756512    
500             666.760688      1.77215602e-05  -1655.96405    
500             666.760688      3.15138857e-05  -3287.39092    
500             666.760688      5.6040494e-05   -6383.21664    
500             666.760688      9.96556566e-05  -12165.9486    
666.760688      889.139688      0               -1.55558869    
666.760688      889.139688      1.77215602e-10  -1.55200532    
666.760688      889.139688      3.15138856e-10  -1.5492199     
666.760688      889.139688      5.6040494e-10   -1.54427406    
666.760688      889.139688      9.96556565e-10  -1.53550244    
666.760688      889.139688      1.77215602e-09  -1.51997811    
666.760688      889.139688      3.15138856e-09  -1.49260486    
666.760688      889.139688      5.6040494e-09   -1.44466101    
666.760688      889.139688      9.96556565e-09  -1.36169778    
666.760688      889.139688      1.77215602e-08  -1.22128482    
666.760688      889.139688      3.15138856e-08  -0.993372268   
666.760688      889.139688      5.6040494e-08   -0.653179479   
666.760688      889.139688      9.96556565e-08  -0.235629584   
666.760688      889.139688      1.77215602e-07  -0.00304492447 
666.760688      889.139688      3.15138856e-07  -0.873606881   
666.760688      889.139688      5.6040494e-07   -5.36315949    
666.760688      889.139688      9.96556565e-07  -19.4310969    
666.760688      889.139688      1.77215602e-06  -55.8703316    
666.760688      889.139688      3.15138856e-06  -140.400174    
666.760688      889.139688      5.6040494e-06   -322.597325    
666.760688      889.139688      9.96556565e-06  -695.516273    
666.760688      889.139688      1.77215602e-05  -1430.82096    
666.760688      889.139688      3.15138856e-05  -2841.44767    
666.760688      889.139688      5.6040494e-05   -5493.07185    
666.760688      889.139688      9.96556565e-05  -10402.2494    
889.139688      1185.68688      0               1.65534075e-05 
889.139688      1185.68688      1.77215602e-10  -0.000665812264
889.139688      1185.68688      3.15138856e-10  -0.00120021936 
889.139688      1185.68688      5.60404939e-10  -0.00215774793 
889.139688      1185.68688      9.96556565e-10  -0.00388323561 
889.139688      1185.68688      1.77215602e-09  -0.00702327546 
889.139688      1185.68688      3.15138856e-09  -0.0128322903  
889.139688      1185.68688      5.60404939e-09  -0.0238665737  
889.139688      1185.68688      9.96556565e-09  -0.0456733399  
889.139688      1185.68688      1.77215602e-08  -0.0911351524  
889.139688      1185.68688      3.15138856e-08  -0.191954481   
889.139688      1185.68688      5.60404939e-08  -0.428793065   
889.139688      1185.68688      9.96556565e-08  -1.00706797    
889.139688      1185.68688      1.77215602e-07  -2.43445775    
889.139688      1185.68688      3.15138856e-07  -5.90319294    
889.139688      1185.68688      5.60404939e-07  -14.0540009    
889.139688      1185.68688      9.96556565e-07  -32.4270366    
889.139688      1185.68688      1.77215602e-06  -72.1470982    
889.139688      1185.68688      3.15138856e-06  -154.835777    
889.139688      1185.68688      5.60404939e-06  -321.511111    
889.139688      1185.68688      9.96556565e-06  -648.538128    
889.139688      1185.68688      1.77215602e-05  -1276.01158    
889.139688      1185.68688      3.15138856e-05  -2458.18362    
889.139688      1185.68688      5.60404939e-05  -4653.1021     
889.139688      1185.68688      9.96556565e-05  -8681.93097    
1185.68688      1581.13888      0               6.7120709e-10  
1185.68688      1581.13888      1.77215602e-10  -0.00413643821 
1185.68688      1581.13888      3.15138856e-10  -0.00735877595 
1185.68688      1581.13888      5.6040494e-10   -0.0130955339  
1185.68688      1581.13888      9.96556565e-10  -0.0233177035  
1185.68688      1581.13888      1.77215602e-09  -0.0415603439  
1185.68688      1581.13888      3.15138856e-09  -0.0742033931  
1185.68688      1581.13888      5.6040494e-09   -0.132879935   
1185.68688      1581.13888      9.96556565e-09  -0.239143205   
1185.68688      1581.13888      1.77215602e-08  -0.433840286   
1185.68688      1581.13888      3.15138856e-08  -0.796542935   
1185.68688      1581.13888      5.6040494e-08   -1.48635324    
1185.68688      1581.13888      9.96556565e-08  -2.82639018    
1185.68688      1581.13888      1.77215602e-07  -5.47294138    
1185.68688      1581.13888      3.15138856e-07  -10.7430727    
1185.68688      1581.13888      5.6040494e-07   -21.2355453    
1185.68688      1581.13888      9.96556565e-07  -41.9900861    
1185.68688      1581.13888      1.77215602e-06  -82.6218351    
1185.68688      1581.13888      3.15138856e-06  -161.200756    
1185.68688      1581.13888      5.6040494e-06   -311.227396    
1185.68688      1581.13888      9.96556565e-06  -594.090409    
1185.68688      1581.13888      1.77215602e-05  -1121.25351    
1185.68688      1581.13888      3.15138856e-05  -2093.74128    
1185.68688      1581.13888      5.6040494e-05   -3872.35015    
1185.68688      1581.13888      9.96556565e-05  -7102.40664    
1581.13888      2108.4825       0               2.61934474e-10 
1581.13888      2108.4825       1.77215602e-10  -0.00162551203 
1581.13888      2108.4825       3.15138857e-10  -0.00289474635 
1581.13888      2108.4825       5.6040494e-10   -0.00516070816 
1581.13888      2108.4825       9.96556566e-10  -0.00921827773 
1581.13888      2108.4825       1.77215602e-09  -0.0165218523  
1581.13888      2108.4825       3.15138857e-09  -0.0297846582  
1581.13888      2108.4825       5.6040494e-09   -0.0542200758  
1581.13888      2108.4825       9.96556566e-09  -0.100260363   
1581.13888      2108.4825       1.77215602e-08  -0.189794013   
1581.13888      2108.4825       3.15138857e-08  -0.370747334   
1581.13888      2108.4825       5.6040494e-08   -0.750469419   
1581.13888      2108.4825       9.96556566e-08  -1.56787973    
1581.13888      2108.4825       1.77215602e-07  -3.33841477    
1581.13888      2108.4825       3.15138857e-07  -7.12946111    
1581.13888      2108.4825       5.6040494e-07   -15.0722925    
1581.13888      2108.4825       9.96556566e-07  -31.3070586    
1581.13888      2108.4825       1.77215602e-06  -63.7040054    
1581.13888      2108.4825       3.15138857e-06  -126.953539    
1581.13888      2108.4825       5.6040494e-06   -248.078927    
1581.13888      2108.4825       9.96556566e-06  -476.244344    
1581.13888      2108.4825       1.77215602e-05  -900.168335    
1581.13888      2108.4825       3.15138857e-05  -1679.05344    
1581.13888      2108.4825       5.6040494e-05   -3097.6063     
1581.13888      2108.4825       9.96556566e-05  -5663.93821    
2108.4825       2811.70675      0               0.000649769688 
2108.4825       2811.70675      1.77215602e-10  0.000660547968 
2108.4825       2811.70675      3.15138856e-10  0.000654932272 
2108.4825       2811.70675      5.60404939e-10  0.000614915079 
2108.4825       2811.70675      9.96556564e-10  0.00044992322  
2108.4825       2811.70675      1.77215602e-09  -0.000133982926
2108.4825       2811.70675      3.15138856e-09  -0.00205771606 
2108.4825       2811.70675      5.60404939e-09  -0.00810650143 
2108.4825       2811.70675      9.96556564e-09  -0.0263342581  
2108.4825       2811.70675      1.77215602e-08  -0.0786410457  
2108.4825       2811.70675      3.15138856e-08  -0.219998299   
2108.4825       2811.70675      5.60404939e-08  -0.576438993   
2108.4825       2811.70675      9.96556564e-08  -1.41389115    
2108.4825       2811.70675      1.77215602e-07  -3.26158798    
2108.4825       2811.70675      3.15138856e-07  -7.13888722    
2108.4825       2811.70675      5.60404939e-07  -14.9733187    
2108.4825       2811.70675      9.96556564e-07  -30.3597269    
2108.4825       2811.70675      1.77215602e-06  -59.9156448    
2108.4825       2811.70675      3.15138856e-06  -115.67233     
2108.4825       2811.70675      5.60404939e-06  -219.293317    
2108.4825       2811.70675      9.96556564e-06  -409.575776    
2108.4825       2811.70675      1.77215602e-05  -755.857344    
2108.4825       2811.70675      3.15138856e-05  -1381.97826    
2108.4825       2811.70675      5.60404939e-05  -2509.0164     
2108.4825       2811.70675      9.96556564e-05  -4531.32518    
2811.70675      3749.471        0               0.000131280866 
2811.70675      3749.471        1.77215602e-10  -0.00192547701 
2811.70675      3749.471        3.15138857e-10  -0.0035348807  
2811.70675      3749.471        5.6040494e-10   -0.0064154616  
2811.70675      3749.471        9.96556566e-10  -0.0115961628  
2811.70675      3749.471        1.77215602e-09  -0.0209895499  
2811.70675      3749.471        3.15138857e-09  -0.0382461868  
2811.70675      3749.471        5.6040494e-09   -0.0705827714  
2811.70675      3749.471        9.96556566e-09  -0.13281501    
2811.70675      3749.471        1.77215602e-08  -0.2561983     
2811.70675      3749.471        3.15138857e-08  -0.50673108    
2811.70675      3749.471        5.6040494e-08   -1.01940086    
2811.70675      3749.471        9.96556566e-08  -2.05598389    
2811.70675      3749.471        1.77215602e-07  -4.09930348    
2811.70675      3749.471        3.15138857e-07  -8.01539888    
2811.70675      3749.471        5.6040494e-07   -15.3494937    
2811.70675      3749.471        9.96556566e-07  -28.8733786    
2811.70675      3749.471        1.77215602e-06  -53.5870084    
2811.70675      3749.471        3.15138857e-06  -98.5248934    
2811.70675      3749.471        5.6040494e-06   -179.978501    
2811.70675      3749.471        9.96556566e-06  -327.224051    
2811.70675      3749.471        1.77215602e-05  -592.715498    
2811.70675      3749.471        3.15138857e-05  -1070.23339    
2811.70675      3749.471        5.6040494e-05   -1927.16643    
2811.70675      3749.471        9.96556566e-05  -3461.87973    
3749.471        5000            0               6.96672942e-10 
3749.471        5000            1.77215602e-10  -0.0042880753  
3749.471        5000            3.15138856e-10  -0.00762541327 
3749.471        5000            5.60404939e-10  -0.0135601688  
3749.471        5000            9.96556565e-10  -0.0241139366  
3749.471        5000            1.77215602e-09  -0.0428818457  
3749.471        5000            3.15138856e-09  -0.0762575729  
3749.471        5000            5.60404939e-09  -0.135612544   
3749.471        5000            9.96556565e-09  -0.241173627   
3749.471        5000            1.77215602e-08  -0.42892648    
3749.471        5000            3.15138856e-08  -0.76291561    
3749.471        5000            5.60404939e-08  -1.3571908     
3749.471        5000            9.96556565e-08  -2.4150537     
3749.471        5000            1.77215602e-07  -4.29947963    
3749.471        5000            3.15138856e-07  -7.66003133    
3749.471        5000            5.60404939e-07  -13.66255      
3749.471        5000            9.96556565e-07  -24.4055076    
3749.471        5000            1.77215602e-06  -43.6721578    
3749.471        5000            3.15138856e-06  -78.2798285    
3749.471        5000            5.60404939e-06  -140.486722    
3749.471        5000            9.96556565e-06  -252.275986    
3749.471        5000            1.77215602e-05  -452.974488    
3749.471        5000            3.15138856e-05  -812.791106    
3749.471        5000            5.60404939e-05  -1456.8794     
3749.471        5000            9.96556565e-05  -2608.14179    
5000            6667.607        0               4.41790944e-05 
5000            6667.607        1.77215602e-10  -0.00199790831 
5000            6667.607        3.15138857e-10  -0.00358772774 
5000            6667.607        5.6040494e-10   -0.00641596094 
5000            6667.607        9.96556566e-10  -0.0114487894  
5000            6667.607        1.77215602e-09  -0.0204094007  
5000            6667.607        3.15138857e-09  -0.0363779083  
5000            6667.607        5.6040494e-09   -0.0648807437  
5000            6667.607        9.96556566e-09  -0.115896175   
5000            6667.607        1.77215602e-08  -0.207620449   
5000            6667.607        3.15138857e-08  -0.373716488   
5000            6667.607        5.6040494e-08   -0.677582197   
5000            6667.607        9.96556566e-08  -1.24063759    
5000            6667.607        1.77215602e-07  -2.29728314    
5000            6667.607        3.15138857e-07  -4.29708567    
5000            6667.607        5.6040494e-07   -8.08689557    
5000            6667.607        9.96556566e-07  -15.2305434    
5000            6667.607        1.77215602e-06  -28.5742849    
5000            6667.607        3.15138857e-06  -53.2546854    
5000            6667.607        5.6040494e-06   -98.4942104    
5000            6667.607        9.96556566e-06  -180.789554    
5000            6667.607        1.77215602e-05  -329.571018    
5000            6667.607        3.15138857e-05  -597.266922    
5000            6667.607        5.6040494e-05   -1077.21988    
5000            6667.607        9.96556566e-05  -1935.57941    
6667.607        8891.397        0               3.86307875e-10 
6667.607        8891.397        1.77215602e-10  -0.00237911211 
6667.607        8891.397        3.15138856e-10  -0.00423073617 
6667.607        8891.397        5.6040494e-10   -0.00752346228 
6667.607        8891.397        9.96556565e-10  -0.0133789162  
6667.607        8891.397        1.77215602e-09  -0.023791761   
6667.607        8891.397        3.15138856e-09  -0.0423093768  
6667.607        8891.397        5.6040494e-09   -0.0752409827  
6667.607        8891.397        9.96556565e-09  -0.133809241   
6667.607        8891.397        1.77215602e-08  -0.23798095    
6667.607        8891.397        3.15138856e-08  -0.423293246   
6667.607        8891.397        5.6040494e-08   -0.753036114   
6667.607        8891.397        9.96556565e-08  -1.34004808    
6667.607        8891.397        1.77215602e-07  -2.38585974    
6667.607        8891.397        3.15138856e-07  -4.25136017    
6667.607        8891.397        5.6040494e-07   -7.5850946     
6667.607        8891.397        9.96556565e-07  -13.5569608    
6667.607        8891.397        1.77215602e-06  -24.2826438    
6667.607        8891.397        3.15138856e-06  -43.586721     
6667.607        8891.397        5.6040494e-06   -78.3585355    
6667.607        8891.397        9.96556565e-06  -140.947073    
6667.607        8891.397        1.77215602e-05  -253.398449    
6667.607        8891.397        3.15138856e-05  -454.988502    
6667.607        8891.397        5.6040494e-05   -815.644404    
6667.607        8891.397        9.96556565e-05  -1459.84474    
8891.397        11856.869       0               3.7724168e-05  
8891.397        11856.869       1.77215602e-10  -0.00186418517 
8891.397        11856.869       3.15138856e-10  -0.00334440472 
8891.397        11856.869       5.60404939e-10  -0.00597665441 
8891.397        11856.869       9.96556565e-10  -0.010657548   
8891.397        11856.869       1.77215602e-09  -0.0189815424  
8891.397        11856.869       3.15138856e-09  -0.0337841119  
8891.397        11856.869       5.60404939e-09  -0.0601077911  
8891.397        11856.869       9.96556565e-09  -0.106920461   
8891.397        11856.869       1.77215602e-08  -0.190172183   
8891.397        11856.869       3.15138856e-08  -0.338234972   
8891.397        11856.869       5.60404939e-08  -0.6015882     
8891.397        11856.869       9.96556565e-08  -1.07007835    
8891.397        11856.869       1.77215602e-07  -1.90371906    
8891.397        11856.869       3.15138856e-07  -3.38776265    
8891.397        11856.869       5.60404939e-07  -6.03139855    
8891.397        11856.869       9.96556565e-07  -10.744923     
8891.397        11856.869       1.77215602e-06  -19.1574379    
8891.397        11856.869       3.15138856e-06  -34.1838209    
8891.397        11856.869       5.60404939e-06  -61.030632     
8891.397        11856.869       9.96556565e-06  -108.977566    
8891.397        11856.869       1.77215602e-05  -194.540918    
8891.397        11856.869       3.15138856e-05  -347.105251    
8891.397        11856.869       5.60404939e-05  -618.950003    
8891.397        11856.869       9.96556565e-05  -1103.08842    
11856.869       15811.388       0               3.23147067e-05 
11856.869       15811.388       1.77215602e-10  -0.0014013689  
11856.869       15811.388       3.15138857e-10  -0.00251717597 
11856.869       15811.388       5.6040494e-10   -0.00450139405 
11856.869       15811.388       9.96556566e-10  -0.0080298925  
11856.869       15811.388       1.77215602e-09  -0.0143045622  
11856.869       15811.388       3.15138857e-09  -0.0254627211  
11856.869       15811.388       5.6040494e-09   -0.0453051809  
11856.869       15811.388       9.96556566e-09  -0.0805910471  
11856.869       15811.388       1.77215602e-08  -0.143340529   
11856.869       15811.388       3.15138857e-08  -0.254930908   
11856.869       15811.388       5.6040494e-08   -0.453383206   
11856.869       15811.388       9.96556566e-08  -0.806328931   
11856.869       15811.388       1.77215602e-07  -1.43409613    
11856.869       15811.388       3.15138857e-07  -2.55084517    
11856.869       15811.388       5.6040494e-07   -4.5379551     
11856.869       15811.388       9.96556566e-07  -8.07514912    
11856.869       15811.388       1.77215602e-06  -14.3751229    
11856.869       15811.388       3.15138857e-06  -25.6034641    
11856.869       15811.388       5.6040494e-06   -45.6286457    
11856.869       15811.388       9.96556566e-06  -81.35693      
11856.869       15811.388       1.77215602e-05  -145.104172    
11856.869       15811.388       3.15138857e-05  -258.814547    
11856.869       15811.388       5.6040494e-05   -461.572788    
11856.869       15811.388       9.96556566e-05  -822.971677    
15811.388       21084.826       0               8.77562491e-06 
15811.388       21084.826       1.77215602e-10  -0.00107271516 
15811.388       21084.826       3.15138856e-10  -0.00191441734 
15811.388       21084.826       5.60404939e-10  -0.00341119938 
15811.388       21084.826       9.96556565e-10  -0.00607289726 
15811.388       21084.826       1.77215602e-09  -0.0108061436  
15811.388       21084.826       3.15138856e-09  -0.01922319    
15811.388       21084.826       5.60404939e-09  -0.0341910883  
15811.388       21084.826       9.96556565e-09  -0.0608083134  
15811.388       21084.826       1.77215602e-08  -0.108141555   
15811.388       21084.826       3.15138856e-08  -0.192314479   
15811.388       21084.826       5.60404939e-08  -0.342001228   
15811.388       21084.826       9.96556565e-08  -0.608197977   
15811.388       21084.826       1.77215602e-07  -1.08160752    
15811.388       21084.826       3.15138856e-07  -1.92357876    
15811.388       21084.826       5.60404939e-07  -3.42120109    
15811.388       21084.826       9.96556565e-07  -6.08549905    
15811.388       21084.826       1.77215602e-06  -10.8266663    
15811.388       21084.826       3.15138856e-06  -19.2672427    
15811.388       21084.826       5.60404939e-06  -34.3024028    
15811.388       21084.826       9.96556565e-06  -61.1018347    
15811.388       21084.826       1.77215602e-05  -108.896549    
15811.388       21084.826       3.15138856e-05  -194.154811    
15811.388       21084.826       5.60404939e-05  -346.217569    
15811.388       21084.826       9.96556565e-05  -617.303719    
21084.826       28117.066       0               3.63337904e-07 
21084.826       28117.066       1.77215602e-10  -0.000402658225
21084.826       28117.066       3.15138857e-10  -0.000716449611
21084.826       28117.066       5.60404941e-10  -0.0012747349  
21084.826       28117.066       9.96556567e-10  -0.00226839541 
21084.826       28117.066       1.77215602e-09  -0.00403815654 
21084.826       28117.066       3.15138857e-09  -0.00719396238 
21084.826       28117.066       5.60404941e-09  -0.0128331008  
21084.826       28117.066       9.96556567e-09  -0.0229460661  
21084.826       28117.066       1.77215602e-08  -0.0411924249  
21084.826       28117.066       3.15138857e-08  -0.0744374803  
21084.826       28117.066       5.60404941e-08  -0.135910806   
21084.826       28117.066       9.96556567e-08  -0.251851091   
21084.826       28117.066       1.77215602e-07  -0.475332933   
21084.826       28117.066       3.15138857e-07  -0.913426649   
21084.826       28117.066       5.60404941e-07  -1.77588028    
21084.826       28117.066       9.96556567e-07  -3.45595787    
21084.826       28117.066       1.77215602e-06  -6.66405464    
21084.826       28117.066       3.15138857e-06  -12.6599984    
21084.826       28117.066       5.60404941e-06  -23.6705341    
21084.826       28117.066       9.96556567e-06  -43.6404109    
21084.826       28117.066       1.77215602e-05  -79.5750682    
21084.826       28117.066       3.15138857e-05  -143.933429    
21084.826       28117.066       5.60404941e-05  -258.887787    
21084.826       28117.066       9.96556567e-05  -463.901552    
28117.066       37494.712       0               1.03199227e-10 
28117.066       37494.712       1.77215602e-10  -0.000635344882
28117.066       37494.712       3.15138856e-10  -0.0011298208  
28117.066       37494.712       5.60404939e-10  -0.00200913716 
28117.066       37494.712       9.96556565e-10  -0.00357280735 
28117.066       37494.712       1.77215602e-09  -0.00635344989 
28117.066       37494.712       3.15138856e-09  -0.0112982094  
28117.066       37494.712       5.60404939e-09  -0.020091374   
28117.066       37494.712       9.96556565e-09  -0.035728079   
28117.066       37494.712       1.77215602e-08  -0.0635345143  
28117.066       37494.712       3.15138856e-08  -0.112982141   
28117.066       37494.712       5.60404939e-08  -0.200913885   
28117.066       37494.712       9.96556565e-08  -0.357281247   
28117.066       37494.712       1.77215602e-07  -0.635346588   
28117.066       37494.712       3.15138856e-07  -1.12982597    
28117.066       37494.712       5.60404939e-07  -2.00915327    
28117.066       37494.712       9.96556565e-07  -3.57285796    
28117.066       37494.712       1.77215602e-06  -6.35360919    
28117.066       37494.712       3.15138856e-06  -11.29871      
28117.066       37494.712       5.60404939e-06  -20.0929404    
28117.066       37494.712       9.96556565e-06  -35.732944     
28117.066       37494.712       1.77215602e-05  -63.5494312    
28117.066       37494.712       3.15138856e-05  -113.026938    
28117.066       37494.712       5.60404939e-05  -201.044222    
28117.066       37494.712       9.96556565e-05  -357.643994    
37494.712       50000           0               7.71649411e-11 
37494.712       50000           1.77215602e-10  -0.000475054842
37494.712       50000           3.15138857e-10  -0.000844780304
37494.712       50000           5.60404941e-10  -0.00150225548 
37494.712       50000           9.96556567e-10  -0.00267143006 
37494.712       50000           1.77215602e-09  -0.00475054916 
37494.712       50000           3.15138857e-09  -0.00844780389 
37494.712       50000           5.60404941e-09  -0.015022556   
37494.712       50000           9.96556567e-09  -0.0267143029  
37494.712       50000           1.77215602e-08  -0.0475054972  
37494.712       50000           3.15138857e-08  -0.084478055   
37494.712       50000           5.60404941e-08  -0.15022561    
37494.712       50000           9.96556567e-08  -0.267143184   
37494.712       50000           1.77215602e-07  -0.47505546    
37494.712       50000           3.15138857e-07  -0.844782093   
37494.712       50000           5.60404941e-07  -1.50226097    
37494.712       50000           9.96556567e-07  -2.67144722    
37494.712       50000           1.77215602e-06  -4.75060313    
37494.712       50000           3.15138857e-06  -8.44797374    
37494.712       50000           5.60404941e-06  -15.0230892    
37494.712       50000           9.96556567e-06  -26.7159686    
37494.712       50000           1.77215602e-05  -47.5106548    
37494.712       50000           3.15138857e-05  -84.4937912    
37494.712       50000           5.60404941e-05  -150.27251     
37494.712       50000           9.96556567e-05  -267.278207    
50000           66676.072       0               4.44658176e-05 
50000           66676.072       1.77215602e-10  -0.000293341422
50000           66676.072       3.15138856e-10  -0.000556249906
50000           66676.072       5.60404939e-10  -0.00102377479 
50000           66676.072       9.96556564e-10  -0.00185516512 
50000           66676.072       1.77215602e-09  -0.00333361084 
50000           66676.072       3.15138856e-09  -0.00596270491 
50000           66676.072       5.60404939e-09  -0.0106379829  
50000           66676.072       9.96556564e-09  -0.0189519785  
50000           66676.072       1.77215602e-08  -0.0337367272  
50000           66676.072       3.15138856e-08  -0.0600285893  
50000           66676.072       5.60404939e-08  -0.10678428    
50000           66676.072       9.96556564e-08  -0.18993342    
50000           66676.072       1.77215602e-07  -0.337809854   
50000           66676.072       3.15138856e-07  -0.600819448   
50000           66676.072       5.60404939e-07  -1.06866093    
50000           66676.072       9.96556564e-07  -1.9010353     
50000           66676.072       1.77215602e-06  -3.38250117    
50000           66676.072       3.15138856e-06  -6.02067261    
50000           66676.072       5.60404939e-06  -10.722349     
50000           66676.072       9.96556564e-06  -19.1095012    
50000           66676.072       1.77215602e-05  -34.0845335    
50000           66676.072       3.15138856e-05  -60.8366123    
50000           66676.072       5.60404939e-05  -108.628406    
50000           66676.072       9.96556564e-05  -193.971432    
66676.072       88913.968       0               4.16804369e-11 
66676.072       88913.968       1.77215602e-10  -0.000256628742
66676.072       88913.968       3.15138857e-10  -0.000456357641
66676.072       88913.968       5.6040494e-10   -0.00081153143 
66676.072       88913.968       9.96556567e-10  -0.00144312967 
66676.072       88913.968       1.77215602e-09  -0.00256628782 
66676.072       88913.968       3.15138857e-09  -0.00456357686 
66676.072       88913.968       5.6040494e-09   -0.00811531491 
66676.072       88913.968       9.96556567e-09  -0.0144312978  
66676.072       88913.968       1.77215602e-08  -0.025662881   
66676.072       88913.968       3.15138857e-08  -0.0456357765  
66676.072       88913.968       5.6040494e-08   -0.0811531735  
66676.072       88913.968       9.96556567e-08  -0.144313054   
66676.072       88913.968       1.77215602e-07  -0.25662905    
66676.072       88913.968       3.15138857e-07  -0.456358523   
66676.072       88913.968       5.6040494e-07   -0.81153413    
66676.072       88913.968       9.96556567e-07  -1.44313811    
66676.072       88913.968       1.77215602e-06  -2.56631437    
66676.072       88913.968       3.15138857e-06  -4.56366045    
66676.072       88913.968       5.6040494e-06   -8.11557765    
66676.072       88913.968       9.96556567e-06  -14.4321203    
66676.072       88913.968       1.77215602e-05  -25.6654367    
66676.072       88913.968       3.15138857e-05  -45.6436188    
66676.072       88913.968       5.6040494e-05   -81.176749     
66676.072       88913.968       9.96556567e-05  -144.381725    
88913.968       118568.688      0               3.47041329e-06 
88913.968       118568.688      1.77215602e-10  -0.000179826072
88913.968       118568.688      3.15138856e-10  -0.000322481965
88913.968       118568.688      5.60404939e-10  -0.000576164028
88913.968       118568.688      9.96556564e-10  -0.0010272817  
88913.968       118568.688      1.77215602e-09  -0.00182949522 
88913.968       118568.688      3.15138856e-09  -0.00325605583 
88913.968       118568.688      5.60404939e-09  -0.00579288177 
88913.968       118568.688      9.96556564e-09  -0.0103040753  
88913.968       118568.688      1.77215602e-08  -0.0183262636  
88913.968       118568.688      3.15138856e-08  -0.0325920377  
88913.968       118568.688      5.60404939e-08  -0.0579608281  
88913.968       118568.688      9.96556564e-08  -0.103074441   
88913.968       118568.688      1.77215602e-07  -0.18330162    
88913.968       118568.688      3.15138856e-07  -0.325976062   
88913.968       118568.688      5.60404939e-07  -0.579716514   
88913.968       118568.688      9.96556564e-07  -1.03101735    
88913.968       118568.688      1.77215602e-06  -1.83380198    
88913.968       118568.688      3.15138856e-06  -3.26212472    
88913.968       118568.688      5.60404939e-06  -5.80429262    
88913.968       118568.688      9.96556564e-06  -10.3312248    
88913.968       118568.688      1.77215602e-05  -18.3978107    
88913.968       118568.688      3.15138856e-05  -32.7814697    
88913.968       118568.688      5.60404939e-05  -58.4407296    
88913.968       118568.688      9.96556564e-05  -104.215135    
118568.688      158113.888      0               2.20055085e-11 
118568.688      158113.888      1.77215602e-10  -0.000135472492
118568.688      158113.888      3.15138857e-10  -0.00024090796 
118568.688      158113.888      5.6040494e-10   -0.000428401683
118568.688      158113.888      9.96556566e-10  -0.000761817909
118568.688      158113.888      1.77215602e-09  -0.00135472512 
118568.688      158113.888      3.15138857e-09  -0.0024090798  
118568.688      158113.888      5.6040494e-09   -0.00428401703 
118568.688      158113.888      9.96556566e-09  -0.0076181793  
118568.688      158113.888      1.77215602e-08  -0.0135472514  
118568.688      158113.888      3.15138857e-08  -0.0240907983  
118568.688      158113.888      5.6040494e-08   -0.0428401707  
118568.688      158113.888      9.96556566e-08  -0.0761817939  
118568.688      158113.888      1.77215602e-07  -0.135472517   
118568.688      158113.888      3.15138857e-07  -0.240907991   
118568.688      158113.888      5.6040494e-07   -0.428401732   
118568.688      158113.888      9.96556566e-07  -0.761818017   
118568.688      158113.888      1.77215602e-06  -1.35472541    
118568.688      158113.888      3.15138857e-06  -2.40908068    
118568.688      158113.888      5.6040494e-06   -4.28401977    
118568.688      158113.888      9.96556566e-06  -7.61818789    
118568.688      158113.888      1.77215602e-05  -13.5472785    
118568.688      158113.888      3.15138857e-05  -24.0908836    
118568.688      158113.888      5.6040494e-05   -42.8404388    
118568.688      158113.888      9.96556566e-05  -76.1826322    
158113.888      210848.256      0               1.57580615e-11 
158113.888      210848.256      1.77215602e-10  -9.70237733e-05
158113.888      210848.256      3.15138857e-10  -0.000172535391
158113.888      210848.256      5.6040494e-10   -0.000306816145
158113.888      210848.256      9.96556566e-10  -0.000545604845
158113.888      210848.256      1.77215602e-09  -0.000970237875
158113.888      210848.256      3.15138857e-09  -0.00172535405 
158113.888      210848.256      5.6040494e-09   -0.00306816159 
158113.888      210848.256      9.96556566e-09  -0.00545604859 
158113.888      210848.256      1.77215602e-08  -0.00970237889 
158113.888      210848.256      3.15138857e-08  -0.0172535406  
158113.888      210848.256      5.6040494e-08   -0.030681616   
158113.888      210848.256      9.96556566e-08  -0.0545604861  
158113.888      210848.256      1.77215602e-07  -0.097023789   
158113.888      210848.256      3.15138857e-07  -0.172535406   
158113.888      210848.256      5.6040494e-07   -0.306816161   
158113.888      210848.256      9.96556566e-07  -0.545604861   
158113.888      210848.256      1.77215602e-06  -0.97023789    
158113.888      210848.256      3.15138857e-06  -1.72535406    
158113.888      210848.256      5.6040494e-06   -3.06816161    
158113.888      210848.256      9.96556566e-06  -5.45604861    
158113.888      210848.256      1.77215602e-05  -9.7023789     
158113.888      210848.256      3.15138857e-05  -17.2535406    
158113.888      210848.256      5.6040494e-05   -30.6816161    
158113.888      210848.256      9.96556566e-05  -54.5604861    
210848.256      281170.656      0               1.1210588e-11  
210848.256      281170.656      1.77215602e-10  -6.90245145e-05
210848.256      281170.656      3.15138857e-10  -0.000122744882
210848.256      281170.656      5.60404941e-10  -0.000218274704
210848.256      281170.656      9.96556567e-10  -0.000388153421
210848.256      281170.656      1.77215602e-09  -0.000690245246
210848.256      281170.656      3.15138857e-09  -0.00122744892 
210848.256      281170.656      5.60404941e-09  -0.00218274714 
210848.256      281170.656      9.96556567e-09  -0.00388153431 
210848.256      281170.656      1.77215602e-08  -0.00690245256 
210848.256      281170.656      3.15138857e-08  -0.0122744893  
210848.256      281170.656      5.60404941e-08  -0.0218274715  
210848.256      281170.656      9.96556567e-08  -0.0388153432  
210848.256      281170.656      1.77215602e-07  -0.0690245257  
210848.256      281170.656      3.15138857e-07  -0.122744893   
210848.256      281170.656      5.60404941e-07  -0.218274716   
210848.256      281170.656      9.96556567e-07  -0.388153432   
210848.256      281170.656      1.77215602e-06  -0.690245257   
210848.256      281170.656      3.15138857e-06  -1.22744893    
210848.256      281170.656      5.60404941e-06  -2.18274716    
210848.256      281170.656      9.96556567e-06  -3.88153432    
210848.256      281170.656      1.77215602e-05  -6.90245257    
210848.256      281170.656      3.15138857e-05  -12.2744893    
210848.256      281170.656      5.60404941e-05  -21.8274716    
210848.256      281170.656      9.96556567e-05  -38.8153432    
281170.656      374947.104      0               9.5073101e-07  
281170.656      374947.104      1.77215602e-10  -4.69814739e-05
281170.656      374947.104      3.15138856e-10  -8.42861221e-05
281170.656      374947.104      5.60404939e-10  -0.00015062421 
281170.656      374947.104      9.96556564e-10  -0.000268591868
281170.656      374947.104      1.77215602e-09  -0.000478371326
281170.656      374947.104      3.15138856e-09  -0.000851417826
281170.656      374947.104      5.60404939e-09  -0.00151479876 
281170.656      374947.104      9.96556564e-09  -0.00269447551 
281170.656      374947.104      1.77215602e-08  -0.00479227066 
281170.656      374947.104      3.15138856e-08  -0.00852273742 
281170.656      374947.104      5.60404939e-08  -0.0151565524  
281170.656      374947.104      9.96556564e-08  -0.0269533375  
281170.656      374947.104      1.77215602e-07  -0.0479313448  
281170.656      374947.104      3.15138856e-07  -0.0852361889  
281170.656      374947.104      5.60404939e-07  -0.151574896   
281170.656      374947.104      9.96556564e-07  -0.26954451    
281170.656      374947.104      1.77215602e-06  -0.47933015    
281170.656      374947.104      3.15138856e-06  -0.85239616    
281170.656      374947.104      5.60404939e-06  -1.51583857    
281170.656      374947.104      9.96556564e-06  -2.69570853    
281170.656      374947.104      1.77215602e-05  -4.794108      
281170.656      374947.104      3.15138856e-05  -8.52644969    
281170.656      374947.104      5.60404939e-05  -15.1660012    
281170.656      374947.104      9.96556564e-05  -26.9799406    
374947.104      500000          0               5.45513634e-12 
374947.104      500000          1.77215602e-10  -3.35876466e-05
374947.104      500000          3.15138857e-10  -5.97282246e-05
374947.104      500000          5.6040494e-10   -0.000106213476
374947.104      500000          9.96556566e-10  -0.000188877242
374947.104      500000          1.77215602e-09  -0.000335876515
374947.104      500000          3.15138857e-09  -0.000597282296
374947.104      500000          5.6040494e-09   -0.00106213481 
374947.104      500000          9.96556566e-09  -0.00188877247 
374947.104      500000          1.77215602e-08  -0.0033587652  
374947.104      500000          3.15138857e-08  -0.005972823   
374947.104      500000          5.6040494e-08   -0.0106213482  
374947.104      500000          9.96556566e-08  -0.0188877248  
374947.104      500000          1.77215602e-07  -0.0335876521  
374947.104      500000          3.15138857e-07  -0.0597282301  
374947.104      500000          5.6040494e-07   -0.106213482   
374947.104      500000          9.96556566e-07  -0.188877248   
374947.104      500000          1.77215602e-06  -0.335876521   
374947.104      500000          3.15138857e-06  -0.597282301   
374947.104      500000          5.6040494e-06   -1.06213482    
374947.104      500000          9.96556566e-06  -1.88877248    
374947.104      500000          1.77215602e-05  -3.35876521    
374947.104      500000          3.15138857e-05  -5.97282301    
374947.104      500000          5.6040494e-05   -10.6213482    
374947.104      500000          9.96556566e-05  -18.8877248    
