### like_hercules.txt
#[0]emin(MeV) [1]emax(MeV) [2]eflux(MeV/cm^2/s) [3]deltaLogLike
500             666.760688      0               -0.706754152   
500             666.760688      1.77215602e-10  -0.704978849   
500             666.760688      3.15138857e-10  -0.703598846   
500             666.760688      5.6040494e-10   -0.701148442   
500             666.760688      9.96556566e-10  -0.696802404   
500             666.760688      1.77215602e-09  -0.689110155   
500             666.760688      3.15138857e-09  -0.67554555    
500             666.760688      5.6040494e-09   -0.651784508   
500             666.760688      9.96556566e-09  -0.610665378   
500             666.760688      1.77215602e-08  -0.541100354   
500             666.760688      3.15138857e-08  -0.428465689   
500             666.760688      5.6040494e-08   -0.262238412   
500             666.760688      9.96556566e-08  -0.0694373997  
500             666.760688      1.77215602e-07  -0.0270145211  
500             666.760688      3.15138857e-07  -0.787557084   
500             666.760688      5.6040494e-07   -4.31012509    
500             666.760688      9.96556566e-07  -15.7319025    
500             666.760688      1.77215602e-06  -47.1505863    
500             666.760688      3.15138857e-06  -124.744965    
500             666.760688      5.6040494e-06   -301.798313    
500             666.760688      9.96556566e-06  -682.344614    
500             666.760688      1.77215602e-05  -1463.90747    
500             666.760688      3.15138857e-05  -3014.3344     
500             666.760688      5.6040494e-05   -6009.22879    
500             666.760688      9.96556566e-05  -11676.7032    
666.760688      889.139688      0               -0.311025739   
666.760688      889.139688      1.77215602e-10  -0.309686749   
666.760688      889.139688      3.15138856e-10  -0.308646809   
666.760688      889.139688      5.6040494e-10   -0.30680219    
666.760688      889.139688      9.96556565e-10  -0.303536746   
666.760688      889.139688      1.77215602e-09  -0.297776615   
666.760688      889.139688      3.15138856e-09  -0.287680902   
666.760688      889.139688      5.6040494e-09   -0.270191823   
666.760688      889.139688      9.96556565e-09  -0.240546033   
666.760688      889.139688      1.77215602e-08  -0.192359683   
666.760688      889.139688      3.15138856e-08  -0.120635844   
666.760688      889.139688      5.6040494e-08   -0.0353272144  
666.760688      889.139688      9.96556565e-08  -0.00756479522 
666.760688      889.139688      1.77215602e-07  -0.305456634   
666.760688      889.139688      3.15138856e-07  -1.74690567    
666.760688      889.139688      5.6040494e-07   -6.51550287    
666.760688      889.139688      9.96556565e-07  -19.8641169    
666.760688      889.139688      1.77215602e-06  -53.4169991    
666.760688      889.139688      3.15138856e-06  -131.287233    
666.760688      889.139688      5.6040494e-06   -301.142209    
666.760688      889.139688      9.96556565e-06  -654.035571    
666.760688      889.139688      1.77215602e-05  -1359.88656    
666.760688      889.139688      3.15138856e-05  -2730.88864    
666.760688      889.139688      5.6040494e-05   -5334.6024     
666.760688      889.139688      9.96556565e-05  -10195.2248    
889.139688      1185.68688      0               -1.16717377    
889.139688      1185.68688      1.77215602e-10  -1.16407583    
889.139688      1185.68688      3.15138856e-10  -1.16166823    
889.139688      1185.68688      5.60404939e-10  -1.15739435    
889.139688      1185.68688      9.96556565e-10  -1.14981788    
889.139688      1185.68688      1.77215602e-09  -1.13641952    
889.139688      1185.68688      3.15138856e-09  -1.11282872    
889.139688      1185.68688      5.60404939e-09  -1.0716159     
889.139688      1185.68688      9.96556565e-09  -1.00063112    
889.139688      1185.68688      1.77215602e-08  -0.88151371    
889.139688      1185.68688      3.15138856e-08  -0.691286273   
889.139688      1185.68688      5.60404939e-08  -0.416755974   
889.139688      1185.68688      9.96556565e-08  -0.108625032   
889.139688      1185.68688      1.77215602e-07  -0.0378151181  
889.139688      1185.68688      3.15138856e-07  -1.07441138    
889.139688      1185.68688      5.60404939e-07  -5.48527261    
889.139688      1185.68688      9.96556565e-07  -18.4515485    
889.139688      1185.68688      1.77215602e-06  -50.81449      
889.139688      1185.68688      3.15138856e-06  -123.99443     
889.139688      1185.68688      5.60404939e-06  -278.843906    
889.139688      1185.68688      9.96556565e-06  -591.602365    
889.139688      1185.68688      1.77215602e-05  -1202.50869    
889.139688      1185.68688      3.15138856e-05  -2366.82887    
889.139688      1185.68688      5.60404939e-05  -4545.65337    
889.139688      1185.68688      9.96556565e-05  -8567.43683    
1185.68688      1581.13888      0               -0.376025386   
1185.68688      1581.13888      1.77215602e-10  -0.373978794   
1185.68688      1581.13888      3.15138856e-10  -0.372390625   
1185.68688      1581.13888      5.6040494e-10   -0.369576456   
1185.68688      1581.13888      9.96556565e-10  -0.364603739   
1185.68688      1581.13888      1.77215602e-09  -0.35586052    
1185.68688      1581.13888      3.15138856e-09  -0.340625229   
1185.68688      1581.13888      5.6040494e-09   -0.314506986   
1185.68688      1581.13888      9.96556565e-09  -0.271065993   
1185.68688      1581.13888      1.77215602e-08  -0.202912513   
1185.68688      1581.13888      3.15138856e-08  -0.108442612   
1185.68688      1581.13888      5.6040494e-08   -0.0153743855  
1185.68688      1581.13888      9.96556565e-08  -0.0462229476  
1185.68688      1581.13888      1.77215602e-07  -0.572787363   
1185.68688      1581.13888      3.15138856e-07  -2.53711541    
1185.68688      1581.13888      5.6040494e-07   -8.07024834    
1185.68688      1581.13888      9.96556565e-07  -21.6563991    
1185.68688      1581.13888      1.77215602e-06  -52.3077118    
1185.68688      1581.13888      3.15138856e-06  -117.561169    
1185.68688      1581.13888      5.6040494e-06   -250.659613    
1185.68688      1581.13888      9.96556565e-06  -513.264857    
1185.68688      1581.13888      1.77215602e-05  -1017.91427    
1185.68688      1581.13888      3.15138856e-05  -1967.82779    
1185.68688      1581.13888      5.6040494e-05   -3727.70396    
1185.68688      1581.13888      9.96556565e-05  -6949.80577    
1581.13888      2108.4825       0               -0.0339489659  
1581.13888      2108.4825       1.77215602e-10  -0.0332827159  
1581.13888      2108.4825       3.15138857e-10  -0.0327691431  
1581.13888      2108.4825       5.6040494e-10   -0.0318665541  
1581.13888      2108.4825       9.96556566e-10  -0.0302951594  
1581.13888      2108.4825       1.77215602e-09  -0.0276064802  
1581.13888      2108.4825       3.15138857e-09  -0.0231553972  
1581.13888      2108.4825       5.6040494e-09   -0.0162617697  
1581.13888      2108.4825       9.96556566e-09  -0.00711512577 
1581.13888      2108.4825       1.77215602e-08  -8.7673774e-05 
1581.13888      2108.4825       3.15138857e-08  -0.0139226902  
1581.13888      2108.4825       5.6040494e-08   -0.1092953     
1581.13888      2108.4825       9.96556566e-08  -0.454943836   
1581.13888      2108.4825       1.77215602e-07  -1.46948063    
1581.13888      2108.4825       3.15138857e-07  -4.09883421    
1581.13888      2108.4825       5.6040494e-07   -10.3297053    
1581.13888      2108.4825       9.96556566e-07  -24.1270775    
1581.13888      2108.4825       1.77215602e-06  -53.1544582    
1581.13888      2108.4825       3.15138857e-06  -111.904397    
1581.13888      2108.4825       5.6040494e-06   -227.296614    
1581.13888      2108.4825       9.96556566e-06  -448.592801    
1581.13888      2108.4825       1.77215602e-05  -864.952849    
1581.13888      2108.4825       3.15138857e-05  -1636.62128    
1581.13888      2108.4825       5.6040494e-05   -3050.46001    
1581.13888      2108.4825       9.96556566e-05  -5618.87394    
2108.4825       2811.70675      0               2.31921149e-10 
2108.4825       2811.70675      1.77215602e-10  -0.00144051503 
2108.4825       2811.70675      3.15138856e-10  -0.00256319186 
2108.4825       2811.70675      5.60404939e-10  -0.00456297987 
2108.4825       2811.70675      9.96556564e-10  -0.00812975206 
2108.4825       2811.70675      1.77215602e-09  -0.0145058539  
2108.4825       2811.70675      3.15138856e-09  -0.0259493275  
2108.4825       2811.70675      5.60404939e-09  -0.0466277553  
2108.4825       2811.70675      9.96556564e-09  -0.0844215363  
2108.4825       2811.70675      1.77215602e-08  -0.15476513    
2108.4825       2811.70675      3.15138856e-08  -0.289277107   
2108.4825       2811.70675      5.60404939e-08  -0.555841737   
2108.4825       2811.70675      9.96556564e-08  -1.10541271    
2108.4825       2811.70675      1.77215602e-07  -2.27715069    
2108.4825       2811.70675      3.15138856e-07  -4.81939111    
2108.4825       2811.70675      5.60404939e-07  -10.3194505    
2108.4825       2811.70675      9.96556564e-07  -21.986169     
2108.4825       2811.70675      1.77215602e-06  -46.025349     
2108.4825       2811.70675      3.15138856e-06  -94.0556651    
2108.4825       2811.70675      5.60404939e-06  -187.402357    
2108.4825       2811.70675      9.96556564e-06  -364.753309    
2108.4825       2811.70675      1.77215602e-05  -695.777971    
2108.4825       2811.70675      3.15138856e-05  -1305.33675    
2108.4825       2811.70675      5.60404939e-05  -2416.53986    
2108.4825       2811.70675      9.96556564e-05  -4427.33864    
2811.70675      3749.471        0               0.00028902099  
2811.70675      3749.471        1.77215602e-10  -0.000766463276
2811.70675      3749.471        3.15138857e-10  -0.00158977659 
2811.70675      3749.471        5.6040494e-10   -0.00305785481 
2811.70675      3749.471        9.96556566e-10  -0.00568111737 
2811.70675      3749.471        1.77215602e-09  -0.0103857139  
2811.70675      3749.471        3.15138857e-09  -0.0188763993  
2811.70675      3749.471        5.6040494e-09   -0.0343639729  
2811.70675      3749.471        9.96556566e-09  -0.0631060605  
2811.70675      3749.471        1.77215602e-08  -0.117863976   
2811.70675      3749.471        3.15138857e-08  -0.226003733   
2811.70675      3749.471        5.6040494e-08   -0.448710214   
2811.70675      3749.471        9.96556566e-08  -0.92523346    
2811.70675      3749.471        1.77215602e-07  -1.96809303    
2811.70675      3749.471        3.15138857e-07  -4.25067975    
2811.70675      3749.471        5.6040494e-07   -9.14895414    
2811.70675      3749.471        9.96556566e-07  -19.3381021    
2811.70675      3749.471        1.77215602e-06  -39.8308289    
2811.70675      3749.471        3.15138857e-06  -79.8030745    
2811.70675      3749.471        5.6040494e-06   -155.827174    
2811.70675      3749.471        9.96556566e-06  -297.62072     
2811.70675      3749.471        1.77215602e-05  -558.290629    
2811.70675      3749.471        3.15138857e-05  -1032.58972    
2811.70675      3749.471        5.6040494e-05   -1889.41866    
2811.70675      3749.471        9.96556566e-05  -3429.65209    
3749.471        5000            0               -0.879647198   
3749.471        5000            1.77215602e-10  -0.875238237   
3749.471        5000            3.15138856e-10  -0.87181992    
3749.471        5000            5.60404939e-10  -0.865769339   
3749.471        5000            9.96556565e-10  -0.855097983   
3749.471        5000            1.77215602e-09  -0.836396501   
3749.471        5000            3.15138856e-09  -0.803988663   
3749.471        5000            5.60404939e-09  -0.748927929   
3749.471        5000            9.96556565e-09  -0.658560058   
3749.471        5000            1.77215602e-08  -0.518967265   
3749.471        5000            3.15138856e-08  -0.325648456   
3749.471        5000            5.60404939e-08  -0.111332068   
3749.471        5000            9.96556565e-08  -0.000647117331
3749.471        5000            1.77215602e-07  -0.298863477   
3749.471        5000            3.15138856e-07  -1.62690415    
3749.471        5000            5.60404939e-07  -5.14402054    
3749.471        5000            9.96556565e-07  -12.9532321    
3749.471        5000            1.77215602e-06  -28.852242     
3749.471        5000            3.15138856e-06  -59.6947144    
3749.471        5000            5.60404939e-06  -117.820081    
3749.471        5000            9.96556565e-06  -225.368863    
3749.471        5000            1.77215602e-05  -421.951588    
3749.471        5000            3.15138856e-05  -778.302968    
3749.471        5000            5.60404939e-05  -1420.59715    
3749.471        5000            9.96556565e-05  -2573.70312    
5000            6667.607        0               -0.130310637   
5000            6667.607        1.77215602e-10  -0.129072147   
5000            6667.607        3.15138857e-10  -0.128113448   
5000            6667.607        5.6040494e-10   -0.126419797   
5000            6667.607        9.96556566e-10  -0.12344317    
5000            6667.607        1.77215602e-09  -0.118259925   
5000            6667.607        3.15138857e-09  -0.1093843     
5000            6667.607        5.6040494e-09   -0.0946473018  
5000            6667.607        9.96556566e-09  -0.071571851   
5000            6667.607        1.77215602e-08  -0.0395552064  
5000            6667.607        3.15138857e-08  -0.00708810146 
5000            6667.607        5.6040494e-08   -0.0102333472  
5000            6667.607        9.96556566e-08  -0.151094271   
5000            6667.607        1.77215602e-07  -0.665312264   
5000            6667.607        3.15138857e-07  -2.03066918    
5000            6667.607        5.6040494e-07   -5.14597824    
5000            6667.607        9.96556566e-07  -11.6439258    
5000            6667.607        1.77215602e-06  -24.451638     
5000            6667.607        3.15138857e-06  -48.7943614    
5000            6667.607        5.6040494e-06   -93.9883115    
5000            6667.607        9.96556566e-06  -176.641915    
5000            6667.607        1.77215602e-05  -326.367601    
5000            6667.607        3.15138857e-05  -595.96328     
5000            6667.607        5.6040494e-05   -1079.5451     
5000            6667.607        9.96556566e-05  -1944.81136    
6667.607        8891.397        0               -0.148900424   
6667.607        8891.397        1.77215602e-10  -0.146818762   
6667.607        8891.397        3.15138856e-10  -0.145213393   
6667.607        8891.397        5.6040494e-10   -0.142390172   
6667.607        8891.397        9.96556565e-10  -0.137468149   
6667.607        8891.397        1.77215602e-09  -0.129019139   
6667.607        8891.397        3.15138856e-09  -0.114914299   
6667.607        8891.397        5.6040494e-09   -0.092532625   
6667.607        8891.397        9.96556565e-09  -0.060269826   
6667.607        8891.397        1.77215602e-08  -0.0223635928  
6667.607        8891.397        3.15138856e-08  1.91330651e-05 
6667.607        8891.397        5.6040494e-08   -0.0507196339  
6667.607        8891.397        9.96556565e-08  -0.296705691   
6667.607        8891.397        1.77215602e-07  -0.964525228   
6667.607        8891.397        3.15138856e-07  -2.45233824    
6667.607        8891.397        5.6040494e-07   -5.45508682    
6667.607        8891.397        9.96556565e-07  -11.1969604    
6667.607        8891.397        1.77215602e-06  -21.8536056    
6667.607        8891.397        3.15138856e-06  -41.3107824    
6667.607        8891.397        5.6040494e-06   -76.5204265    
6667.607        8891.397        9.96556565e-06  -139.915482    
6667.607        8891.397        1.77215602e-05  -253.701537    
6667.607        8891.397        3.15138856e-05  -457.481088    
6667.607        8891.397        5.6040494e-05   -821.808062    
6667.607        8891.397        9.96556565e-05  -1472.30934    
8891.397        11856.869       0               -2.07528164    
8891.397        11856.869       1.77215602e-10  -2.05566923    
8891.397        11856.869       3.15138856e-10  -2.04069108    
8891.397        11856.869       5.60404939e-10  -2.01464813    
8891.397        11856.869       9.96556565e-10  -1.97010096    
8891.397        11856.869       1.77215602e-09  -1.89592395    
8891.397        11856.869       3.15138856e-09  -1.77749585    
8891.397        11856.869       5.60404939e-09  -1.59961954    
8891.397        11856.869       9.96556565e-09  -1.35314409    
8891.397        11856.869       1.77215602e-08  -1.04297275    
8891.397        11856.869       3.15138856e-08  -0.692906093   
8891.397        11856.869       5.60404939e-08  -0.347467848   
8891.397        11856.869       9.96556565e-08  -0.0789957886  
8891.397        11856.869       1.77215602e-07  -0.0124281068  
8891.397        11856.869       3.15138856e-07  -0.382717366   
8891.397        11856.869       5.60404939e-07  -1.64490624    
8891.397        11856.869       9.96556565e-07  -4.66516238    
8891.397        11856.869       1.77215602e-06  -11.0428114    
8891.397        11856.869       3.15138856e-06  -23.669281     
8891.397        11856.869       5.60404939e-06  -47.7294498    
8891.397        11856.869       9.96556565e-06  -92.5025794    
8891.397        11856.869       1.77215602e-05  -174.57535     
8891.397        11856.869       3.15138856e-05  -323.550911    
8891.397        11856.869       5.60404939e-05  -592.194771    
8891.397        11856.869       9.96556565e-05  -1074.47496    
11856.869       15811.388       0               2.30556907e-10 
11856.869       15811.388       1.77215602e-10  -0.00141931512 
11856.869       15811.388       3.15138857e-10  -0.00252394065 
11856.869       15811.388       5.6040494e-10   -0.00448827701 
11856.869       15811.388       9.96556566e-10  -0.00798142702 
11856.869       15811.388       1.77215602e-09  -0.0141932589  
11856.869       15811.388       3.15138857e-09  -0.0252397426  
11856.869       15811.388       5.6040494e-09   -0.044883828   
11856.869       15811.388       9.96556566e-09  -0.0798176087  
11856.869       15811.388       1.77215602e-08  -0.141943128   
11856.869       15811.388       3.15138857e-08  -0.252430674   
11856.869       15811.388       5.6040494e-08   -0.448942988   
11856.869       15811.388       9.96556566e-08  -0.798504839   
11856.869       15811.388       1.77215602e-07  -1.42045789    
11856.869       15811.388       3.15138857e-07  -2.52748283    
11856.869       15811.388       5.6040494e-07   -4.49910295    
11856.869       15811.388       9.96556566e-07  -8.0137685     
11856.869       15811.388       1.77215602e-06  -14.2865947    
11856.869       15811.388       3.15138857e-06  -25.4964967    
11856.869       15811.388       5.6040494e-06   -45.5493011    
11856.869       15811.388       9.96556566e-06  -81.4330772    
11856.869       15811.388       1.77215602e-05  -145.620542    
11856.869       15811.388       3.15138857e-05  -260.333806    
11856.869       15811.388       5.6040494e-05   -465.128613    
11856.869       15811.388       9.96556566e-05  -830.390817    
15811.388       21084.826       0               2.0020392e-06  
15811.388       21084.826       1.77215602e-10  -0.00110819335 
15811.388       21084.826       3.15138856e-10  -0.00197223557 
15811.388       21084.826       5.60404939e-10  -0.00350874411 
15811.388       21084.826       9.96556565e-10  -0.00624108571 
15811.388       21084.826       1.77215602e-09  -0.0110999529  
15811.388       21084.826       3.15138856e-09  -0.0197403773  
15811.388       21084.826       5.60404939e-09  -0.0351054697  
15811.388       21084.826       9.96556565e-09  -0.0624289079  
15811.388       21084.826       1.77215602e-08  -0.11101765    
15811.388       21084.826       3.15138856e-08  -0.197422117   
15811.388       21084.826       5.60404939e-08  -0.351073743   
15811.388       21084.826       9.96556565e-08  -0.624310344   
15811.388       21084.826       1.77215602e-07  -1.11020477    
15811.388       21084.826       3.15138856e-07  -1.97427157    
15811.388       21084.826       5.60404939e-07  -3.51085755    
15811.388       21084.826       9.96556565e-07  -6.2434427     
15811.388       21084.826       1.77215602e-06  -11.1030726    
15811.388       21084.826       3.15138856e-06  -19.7458682    
15811.388       21084.826       5.60404939e-06  -35.1182414    
15811.388       21084.826       9.96556565e-06  -62.4635846    
15811.388       21084.826       1.77215602e-05  -111.116165    
15811.388       21084.826       3.15138856e-05  -197.698299    
15811.388       21084.826       5.60404939e-05  -351.815543    
15811.388       21084.826       9.96556565e-05  -626.190837    
21084.826       28117.066       0               3.73031543e-06 
21084.826       28117.066       1.77215602e-10  -0.000823747054
21084.826       28117.066       3.15138857e-10  -0.00146775594 
21084.826       28117.066       5.60404941e-10  -0.00261298428 
21084.826       28117.066       9.96556567e-10  -0.0046495222  
21084.826       28117.066       1.77215602e-09  -0.00827106177 
21084.826       28117.066       3.15138857e-09  -0.0147111904  
21084.826       28117.066       5.60404941e-09  -0.0261635996  
21084.826       28117.066       9.96556567e-09  -0.0465293763  
21084.826       28117.066       1.77215602e-08  -0.0827460281  
21084.826       28117.066       3.15138857e-08  -0.14715128    
21084.826       28117.066       5.60404941e-08  -0.261687885   
21084.826       28117.066       9.96556567e-08  -0.465385048   
21084.826       28117.066       1.77215602e-07  -0.827675188   
21084.826       28117.066       3.15138857e-07  -1.47211337    
21084.826       28117.066       5.60404941e-07  -2.61867034    
21084.826       28117.066       9.96556567e-07  -4.65925645    
21084.826       28117.066       1.77215602e-06  -8.29281903    
21084.826       28117.066       3.15138857e-06  -14.7672669    
21084.826       28117.066       5.60404941e-06  -26.3122386    
21084.826       28117.066       9.96556567e-06  -46.9102138    
21084.826       28117.066       1.77215602e-05  -83.6642011    
21084.826       28117.066       3.15138857e-05  -149.220385    
21084.826       28117.066       5.60404941e-05  -266.068612    
21084.826       28117.066       9.96556567e-05  -474.191935    
28117.066       37494.712       0               2.87056446e-06 
28117.066       37494.712       1.77215602e-10  -0.000633892122
28117.066       37494.712       3.15138856e-10  -0.00112947144 
28117.066       37494.712       5.60404939e-10  -0.00201074998 
28117.066       37494.712       9.96556565e-10  -0.00357790963 
28117.066       37494.712       1.77215602e-09  -0.00636475792 
28117.066       37494.712       3.15138856e-09  -0.0113205546  
28117.066       37494.712       5.60404939e-09  -0.0201333511  
28117.066       37494.712       9.96556565e-09  -0.0358049827  
28117.066       37494.712       1.77215602e-08  -0.0636735763  
28117.066       37494.712       3.15138856e-08  -0.113231893   
28117.066       37494.712       5.60404939e-08  -0.201360965   
28117.066       37494.712       9.96556565e-08  -0.358080778   
28117.066       37494.712       1.77215602e-07  -0.636777755   
28117.066       37494.712       3.15138856e-07  -1.13239573    
28117.066       37494.712       5.60404939e-07  -2.01379595    
28117.066       37494.712       9.96556565e-07  -3.58133714    
28117.066       37494.712       1.77215602e-06  -6.36937422    
28117.066       37494.712       3.15138856e-06  -11.3288346    
28117.066       37494.712       5.60404939e-06  -20.1527173    
28117.066       37494.712       9.96556565e-06  -35.8569244    
28117.066       37494.712       1.77215602e-05  -63.8170969    
28117.066       37494.712       3.15138856e-05  -113.617728    
28117.066       37494.712       5.60404939e-05  -202.342497    
28117.066       37494.712       9.96556565e-05  -360.417788    
37494.712       50000           0               7.83302312e-11 
37494.712       50000           1.77215602e-10  -0.000482260332
37494.712       50000           3.15138857e-10  -0.000857593679
37494.712       50000           5.60404941e-10  -0.00152504124 
37494.712       50000           9.96556567e-10  -0.0027119495  
37494.712       50000           1.77215602e-09  -0.00482260403 
37494.712       50000           3.15138857e-09  -0.00857593751 
37494.712       50000           5.60404941e-09  -0.0152504132  
37494.712       50000           9.96556567e-09  -0.0271194959  
37494.712       50000           1.77215602e-08  -0.0482260414  
37494.712       50000           3.15138857e-08  -0.0857593771  
37494.712       50000           5.60404941e-08  -0.152504137   
37494.712       50000           9.96556567e-08  -0.271194973   
37494.712       50000           1.77215602e-07  -0.482260457   
37494.712       50000           3.15138857e-07  -0.857593907   
37494.712       50000           5.60404941e-07  -1.52504179    
37494.712       50000           9.96556567e-07  -2.71195107    
37494.712       50000           1.77215602e-06  -4.82260882    
37494.712       50000           3.15138857e-06  -8.57595247    
37494.712       50000           5.60404941e-06  -15.2504602    
37494.712       50000           9.96556567e-06  -27.1196437    
37494.712       50000           1.77215602e-05  -48.2265053    
37494.712       50000           3.15138857e-05  -85.7608243    
37494.712       50000           5.60404941e-05  -152.508608    
37494.712       50000           9.96556567e-05  -271.208562    
50000           66676.072       0               5.77387027e-11 
50000           66676.072       1.77215602e-10  -0.000355519978
50000           66676.072       3.15138856e-10  -0.000632213901
50000           66676.072       5.60404939e-10  -0.00112425301 
50000           66676.072       9.96556564e-10  -0.00199923602 
50000           66676.072       1.77215602e-09  -0.0035552003  
50000           66676.072       3.15138856e-09  -0.00632213953 
50000           66676.072       5.60404939e-09  -0.0112425306  
50000           66676.072       9.96556564e-09  -0.0199923608  
50000           66676.072       1.77215602e-08  -0.0355520036  
50000           66676.072       3.15138856e-08  -0.0632213961  
50000           66676.072       5.60404939e-08  -0.112425307   
50000           66676.072       9.96556564e-08  -0.199923611   
50000           66676.072       1.77215602e-07  -0.355520044   
50000           66676.072       3.15138856e-07  -0.632213986   
50000           66676.072       5.60404939e-07  -1.12425315    
50000           66676.072       9.96556564e-07  -1.99923635    
50000           66676.072       1.77215602e-06  -3.55520123    
50000           66676.072       3.15138856e-06  -6.32214235    
50000           66676.072       5.60404939e-06  -11.2425394    
50000           66676.072       9.96556564e-06  -19.9923883    
50000           66676.072       1.77215602e-05  -35.5520905    
50000           66676.072       3.15138856e-05  -63.2216695    
50000           66676.072       5.60404939e-05  -112.426165    
50000           66676.072       9.96556564e-05  -199.926286    
66676.072       88913.968       0               4.20499191e-11 
66676.072       88913.968       1.77215602e-10  -0.000258865832
66676.072       88913.968       3.15138857e-10  -0.000460335814
66676.072       88913.968       5.6040494e-10   -0.000818605739
66676.072       88913.968       9.96556567e-10  -0.00145570978 
66676.072       88913.968       1.77215602e-09  -0.00258865883 
66676.072       88913.968       3.15138857e-09  -0.00460335891 
66676.072       88913.968       5.6040494e-09   -0.00818605901 
66676.072       88913.968       9.96556567e-09  -0.0145571021  
66676.072       88913.968       1.77215602e-08  -0.025886601   
66676.072       88913.968       3.15138857e-08  -0.0460336287  
66676.072       88913.968       5.6040494e-08   -0.0818607143  
66676.072       88913.968       9.96556567e-08  -0.145571413   
66676.072       88913.968       1.77215602e-07  -0.258867248   
66676.072       88913.968       3.15138857e-07  -0.460340197   
66676.072       88913.968       5.6040494e-07   -0.818619487   
66676.072       88913.968       9.96556567e-07  -1.45575305    
66676.072       88913.968       1.77215602e-06  -2.5887949     
66676.072       88913.968       3.15138857e-06  -4.60378553    
66676.072       88913.968       5.6040494e-06   -8.18738823    
66676.072       88913.968       9.96556567e-06  -14.5611992    
66676.072       88913.968       1.77215602e-05  -25.8990039    
66676.072       88913.968       3.15138857e-05  -46.0701175    
66676.072       88913.968       5.6040494e-05   -81.9636087    
66676.072       88913.968       9.96556567e-05  -145.845484    
88913.968       118568.688      0               3.08375547e-11 
88913.968       118568.688      1.77215602e-10  -0.000189859697
88913.968       118568.688      3.15138856e-10  -0.000337623614
88913.968       118568.688      5.60404939e-10  -0.000600389145
88913.968       118568.688      9.96556564e-10  -0.00106765968 
88913.968       118568.688      1.77215602e-09  -0.00189859725 
88913.968       118568.688      3.15138856e-09  -0.00337623642 
88913.968       118568.688      5.60404939e-09  -0.00600389173 
88913.968       118568.688      9.96556564e-09  -0.0106765971  
88913.968       118568.688      1.77215602e-08  -0.0189859728  
88913.968       118568.688      3.15138856e-08  -0.0337623646  
88913.968       118568.688      5.60404939e-08  -0.0600389181  
88913.968       118568.688      9.96556564e-08  -0.106765973   
88913.968       118568.688      1.77215602e-07  -0.189859733   
88913.968       118568.688      3.15138856e-07  -0.337623662   
88913.968       118568.688      5.60404939e-07  -0.60038923    
88913.968       118568.688      9.96556564e-07  -1.06765988    
88913.968       118568.688      1.77215602e-06  -1.89859782    
88913.968       118568.688      3.15138856e-06  -3.37623817    
88913.968       118568.688      5.60404939e-06  -6.00389721    
88913.968       118568.688      9.96556564e-06  -10.6766143    
88913.968       118568.688      1.77215602e-05  -18.9860271    
88913.968       118568.688      3.15138856e-05  -33.7625356    
88913.968       118568.688      5.60404939e-05  -60.0394549    
88913.968       118568.688      9.96556564e-05  -106.767648    
118568.688      158113.888      0               2.21618279e-11 
118568.688      158113.888      1.77215602e-10  -0.000136472866
118568.688      158113.888      3.15138857e-10  -0.000242686904
118568.688      158113.888      5.6040494e-10   -0.000431565143
118568.688      158113.888      9.96556566e-10  -0.000767443427
118568.688      158113.888      1.77215602e-09  -0.00136472887 
118568.688      158113.888      3.15138857e-09  -0.00242686928 
118568.688      158113.888      5.6040494e-09   -0.00431565173 
118568.688      158113.888      9.96556566e-09  -0.00767443479 
118568.688      158113.888      1.77215602e-08  -0.0136472899  
118568.688      158113.888      3.15138857e-08  -0.0242686962  
118568.688      158113.888      5.6040494e-08   -0.0431565277  
118568.688      158113.888      9.96556566e-08  -0.0767443803  
118568.688      158113.888      1.77215602e-07  -0.136473001   
118568.688      158113.888      3.15138857e-07  -0.242687284   
118568.688      158113.888      5.6040494e-07   -0.431566295   
118568.688      158113.888      9.96556566e-07  -0.767447019   
118568.688      158113.888      1.77215602e-06  -1.36474016    
118568.688      158113.888      3.15138857e-06  -2.42690487    
118568.688      158113.888      5.6040494e-06   -4.31576379    
118568.688      158113.888      9.96556566e-06  -7.67478659    
118568.688      158113.888      1.77215602e-05  -13.6483885    
118568.688      158113.888      3.15138857e-05  -24.2720955    
118568.688      158113.888      5.6040494e-05   -43.166885     
118568.688      158113.888      9.96556566e-05  -76.7751667    
158113.888      210848.256      0               8.84696123e-07 
158113.888      210848.256      1.77215602e-10  -9.72409065e-05
158113.888      210848.256      3.15138857e-10  -0.000173610043
158113.888      210848.256      5.6040494e-10   -0.000309415705
158113.888      210848.256      9.96556566e-10  -0.000550916118
158113.888      210848.256      1.77215602e-09  -0.00098037133 
158113.888      210848.256      3.15138857e-09  -0.00174406269 
158113.888      210848.256      5.6040494e-09   -0.00310211931 
158113.888      210848.256      9.96556566e-09  -0.00551712345 
158113.888      210848.256      1.77215602e-08  -0.00981167557 
158113.888      210848.256      3.15138857e-08  -0.0174485892  
158113.888      210848.256      5.6040494e-08   -0.0310291554  
158113.888      210848.256      9.96556566e-08  -0.0551791967  
158113.888      210848.256      1.77215602e-07  -0.098124718   
158113.888      210848.256      3.15138857e-07  -0.174493854   
158113.888      210848.256      5.6040494e-07   -0.310299517   
158113.888      210848.256      9.96556566e-07  -0.551799931   
158113.888      210848.256      1.77215602e-06  -0.981255147   
158113.888      210848.256      3.15138857e-06  -1.74494652    
158113.888      210848.256      5.6040494e-06   -3.10300318    
158113.888      210848.256      9.96556566e-06  -5.51800742    
158113.888      210848.256      1.77215602e-05  -9.81255991    
158113.888      210848.256      3.15138857e-05  -17.4494747    
158113.888      210848.256      5.6040494e-05   -31.0300445    
158113.888      210848.256      9.96556566e-05  -55.1800972    
210848.256      281170.656      0               1.13296039e-11 
210848.256      281170.656      1.77215602e-10  -6.97519983e-05
210848.256      281170.656      3.15138857e-10  -0.000124038551
210848.256      281170.656      5.60404941e-10  -0.000220575211
210848.256      281170.656      9.96556567e-10  -0.000392244364
210848.256      281170.656      1.77215602e-09  -0.000697520085
210848.256      281170.656      3.15138857e-09  -0.00124038562 
210848.256      281170.656      5.60404941e-09  -0.00220575221 
210848.256      281170.656      9.96556567e-09  -0.00392244375 
210848.256      281170.656      1.77215602e-08  -0.00697520099 
210848.256      281170.656      3.15138857e-08  -0.0124038564  
210848.256      281170.656      5.60404941e-08  -0.0220575226  
210848.256      281170.656      9.96556567e-08  -0.0392244388  
210848.256      281170.656      1.77215602e-07  -0.0697520136  
210848.256      281170.656      3.15138857e-07  -0.124038575   
210848.256      281170.656      5.60404941e-07  -0.220575262   
210848.256      281170.656      9.96556567e-07  -0.392244502   
210848.256      281170.656      1.77215602e-06  -0.697520496   
210848.256      281170.656      3.15138857e-06  -1.24038689    
210848.256      281170.656      5.60404941e-06  -2.20575621    
210848.256      281170.656      9.96556567e-06  -3.92245636    
210848.256      281170.656      1.77215602e-05  -6.97524073    
210848.256      281170.656      3.15138857e-05  -12.4039814    
210848.256      281170.656      5.60404941e-05  -22.0579148    
210848.256      281170.656      9.96556567e-05  -39.2256618    
281170.656      374947.104      0               7.10542736e-12 
281170.656      374947.104      1.77215602e-10  -4.37405259e-05
281170.656      374947.104      3.15138856e-10  -7.77829014e-05
281170.656      374947.104      5.60404939e-10  -0.000138319799
281170.656      374947.104      9.96556564e-10  -0.000245971448
281170.656      374947.104      1.77215602e-09  -0.000437406576
281170.656      374947.104      3.15138856e-09  -0.000777833039
281170.656      374947.104      5.60404939e-09  -0.00138321057 
281170.656      374947.104      9.96556564e-09  -0.00245975414 
281170.656      374947.104      1.77215602e-08  -0.00437419101 
281170.656      374947.104      3.15138856e-08  -0.00777872622 
281170.656      374947.104      5.60404939e-08  -0.0138333567  
281170.656      374947.104      9.96556564e-08  -0.0246014933  
281170.656      374947.104      1.77215602e-07  -0.043754386   
281170.656      374947.104      3.15138856e-07  -0.0778265964  
281170.656      374947.104      5.60404939e-07  -0.138457295   
281170.656      374947.104      9.96556564e-07  -0.246402556   
281170.656      374947.104      1.77215602e-06  -0.438749697   
281170.656      374947.104      3.15138856e-06  -0.781972103   
281170.656      374947.104      5.60404939e-06  -1.39573639    
281170.656      374947.104      9.96556564e-06  -2.49658379    
281170.656      374947.104      1.77215602e-05  -4.47795814    
281170.656      374947.104      3.15138856e-05  -8.05478589    
281170.656      374947.104      5.60404939e-05  -14.5191693    
281170.656      374947.104      9.96556564e-05  -26.1871811    
374947.104      500000          0               5.52469182e-12 
374947.104      500000          1.77215602e-10  -3.40157167e-05
374947.104      500000          3.15138857e-10  -6.04894529e-05
374947.104      500000          5.6040494e-10   -0.000107567153
374947.104      500000          9.96556566e-10  -0.000191284457
374947.104      500000          1.77215602e-09  -0.000340157217
374947.104      500000          3.15138857e-09  -0.000604894579
374947.104      500000          5.6040494e-09   -0.00107567158 
374947.104      500000          9.96556566e-09  -0.00191284462 
374947.104      500000          1.77215602e-08  -0.00340157221 
374947.104      500000          3.15138857e-08  -0.00604894584 
374947.104      500000          5.6040494e-08   -0.0107567158  
374947.104      500000          9.96556566e-08  -0.0191284463  
374947.104      500000          1.77215602e-07  -0.0340157222  
374947.104      500000          3.15138857e-07  -0.0604894584  
374947.104      500000          5.6040494e-07   -0.107567158   
374947.104      500000          9.96556566e-07  -0.191284463   
374947.104      500000          1.77215602e-06  -0.340157222   
374947.104      500000          3.15138857e-06  -0.604894584   
374947.104      500000          5.6040494e-06   -1.07567158    
374947.104      500000          9.96556566e-06  -1.91284463    
374947.104      500000          1.77215602e-05  -3.40157222    
374947.104      500000          3.15138857e-05  -6.04894584    
374947.104      500000          5.6040494e-05   -10.7567158    
374947.104      500000          9.96556566e-05  -19.1284463    
