### like_sculptor.txt
#[0]emin(MeV) [1]emax(MeV) [2]eflux(MeV/cm^2/s) [3]deltaLogLike
500             666.760688      0               -0.0248970606  
500             666.760688      1.77215602e-10  -0.0244230662  
500             666.760688      3.15138857e-10  -0.0240573799  
500             666.760688      5.6040494e-10   -0.0234140324  
500             666.760688      9.96556566e-10  -0.0222919222  
500             666.760688      1.77215602e-09  -0.0203657685  
500             666.760688      3.15138857e-09  -0.0171589523  
500             666.760688      5.6040494e-09   -0.0121435165  
500             666.760688      9.96556566e-09  -0.00537810458 
500             666.760688      1.77215602e-08  -4.93133412e-05
500             666.760688      3.15138857e-08  -0.011185229   
500             666.760688      5.6040494e-08   -0.0931216755  
500             666.760688      9.96556566e-08  -0.420104839   
500             666.760688      1.77215602e-07  -1.50447381    
500             666.760688      3.15138857e-07  -4.73149164    
500             666.760688      5.6040494e-07   -13.5306852    
500             666.760688      9.96556566e-07  -35.6885895    
500             666.760688      1.77215602e-06  -87.6289958    
500             666.760688      3.15138857e-06  -202.189313    
500             666.760688      5.6040494e-06   -442.755176    
500             666.760688      9.96556566e-06  -928.801317    
500             666.760688      1.77215602e-05  -1881.50671    
500             666.760688      3.15138857e-05  -3704.63212    
500             666.760688      5.6040494e-05   -7127.92719    
500             666.760688      9.96556566e-05  -13462.0697    
666.760688      889.139688      0               2.60343459e-05 
666.760688      889.139688      1.77215602e-10  -0.00203976751 
666.760688      889.139688      3.15138856e-10  -0.00365206256 
666.760688      889.139688      5.6040494e-10   -0.00652894199 
666.760688      889.139688      9.96556565e-10  -0.0116756642  
666.760688      889.139688      1.77215602e-09  -0.0209251014  
666.760688      889.139688      3.15138856e-09  -0.0376783485  
666.760688      889.139688      5.6040494e-09   -0.0684243684  
666.760688      889.139688      9.96556565e-09  -0.126056646   
666.760688      889.139688      1.77215602e-08  -0.237575473   
666.760688      889.139688      3.15138856e-08  -0.462807467   
666.760688      889.139688      5.6040494e-08   -0.940491061   
666.760688      889.139688      9.96556565e-08  -1.99859842    
666.760688      889.139688      1.77215602e-07  -4.40186503    
666.760688      889.139688      3.15138856e-07  -9.86394051    
666.760688      889.139688      5.6040494e-07   -22.0404435    
666.760688      889.139688      9.96556565e-07  -48.3973361    
666.760688      889.139688      1.77215602e-06  -103.68635     
666.760688      889.139688      3.15138856e-06  -216.326253    
666.760688      889.139688      5.6040494e-06   -439.97164     
666.760688      889.139688      9.96556565e-06  -874.300359    
666.760688      889.139688      1.77215602e-05  -1702.07024    
666.760688      889.139688      3.15138856e-05  -3254.79083    
666.760688      889.139688      5.6040494e-05   -6129.01956    
666.760688      889.139688      9.96556565e-05  -11392.8635    
889.139688      1185.68688      0               -0.288299149   
889.139688      1185.68688      1.77215602e-10  -0.286137263   
889.139688      1185.68688      3.15138856e-10  -0.284461152   
889.139688      1185.68688      5.60404939e-10  -0.281494461   
889.139688      1185.68688      9.96556565e-10  -0.276262703   
889.139688      1185.68688      1.77215602e-09  -0.267097213   
889.139688      1185.68688      3.15138856e-09  -0.251231451   
889.139688      1185.68688      5.60404939e-09  -0.224367975   
889.139688      1185.68688      9.96556565e-09  -0.180763559   
889.139688      1185.68688      1.77215602e-08  -0.115851135   
889.139688      1185.68688      3.15138856e-08  -0.03759259    
889.139688      1185.68688      5.60404939e-08  -0.00297457465 
889.139688      1185.68688      9.96556565e-08  -0.216647544   
889.139688      1185.68688      1.77215602e-07  -1.26102456    
889.139688      1185.68688      3.15138856e-07  -4.56755998    
889.139688      1185.68688      5.60404939e-07  -13.2953091    
889.139688      1185.68688      9.96556565e-07  -33.90299      
889.139688      1185.68688      1.77215602e-06  -78.964628     
889.139688      1185.68688      3.15138856e-06  -172.26105     
889.139688      1185.68688      5.60404939e-06  -357.97663     
889.139688      1185.68688      9.96556565e-06  -717.178176    
889.139688      1185.68688      1.77215602e-05  -1397.13148    
889.139688      1185.68688      3.15138856e-05  -2663.27188    
889.139688      1185.68688      5.60404939e-05  -4991.33101    
889.139688      1185.68688      9.96556565e-05  -9230.96458    
1185.68688      1581.13888      0               -0.492520884   
1185.68688      1581.13888      1.77215602e-10  -0.489157372   
1185.68688      1581.13888      3.15138856e-10  -0.486549834   
1185.68688      1581.13888      5.6040494e-10   -0.481934915   
1185.68688      1581.13888      9.96556565e-10  -0.473797603   
1185.68688      1581.13888      1.77215602e-09  -0.459544592   
1185.68688      1581.13888      3.15138856e-09  -0.434876631   
1185.68688      1581.13888      5.6040494e-09   -0.39310154    
1185.68688      1581.13888      9.96556565e-09  -0.325151443   
1185.68688      1581.13888      1.77215602e-08  -0.22296081    
1185.68688      1581.13888      3.15138856e-08  -0.0935810112  
1185.68688      1581.13888      5.6040494e-08   -0.00076835794 
1185.68688      1581.13888      9.96556565e-08  -0.164536189   
1185.68688      1581.13888      1.77215602e-07  -1.16464016    
1185.68688      1581.13888      3.15138856e-07  -4.31849355    
1185.68688      1581.13888      5.6040494e-07   -12.3670351    
1185.68688      1581.13888      9.96556565e-07  -30.7238783    
1185.68688      1581.13888      1.77215602e-06  -69.722669     
1185.68688      1581.13888      3.15138856e-06  -148.610033    
1185.68688      1581.13888      5.6040494e-06   -302.641508    
1185.68688      1581.13888      9.96556565e-06  -595.727789    
1185.68688      1581.13888      1.77215602e-05  -1142.98915    
1185.68688      1581.13888      3.15138856e-05  -2150.96287    
1185.68688      1581.13888      5.6040494e-05   -3989.16905    
1185.68688      1581.13888      9.96556565e-05  -7317.31214    
1581.13888      2108.4825       0               8.93123797e-10 
1581.13888      2108.4825       1.77215602e-10  -0.00549883748 
1581.13888      2108.4825       3.15138857e-10  -0.00977969549 
1581.13888      2108.4825       5.6040494e-10   -0.0173949029  
1581.13888      2108.4825       9.96556566e-10  -0.030945219   
1581.13888      2108.4825       1.77215602e-09  -0.0550677753  
1581.13888      2108.4825       3.15138857e-09  -0.0980470811  
1581.13888      2108.4825       5.6040494e-09   -0.174734748   
1581.13888      2108.4825       9.96556566e-09  -0.311908069   
1581.13888      2108.4825       1.77215602e-08  -0.55828841    
1581.13888      2108.4825       3.15138857e-08  -1.00372041    
1581.13888      2108.4825       5.6040494e-08   -1.81676069    
1581.13888      2108.4825       9.96556566e-08  -3.31928063    
1581.13888      2108.4825       1.77215602e-07  -6.13331871    
1581.13888      2108.4825       3.15138857e-07  -11.4624061    
1581.13888      2108.4825       5.6040494e-07   -21.6147074    
1581.13888      2108.4825       9.96556566e-07  -40.9594089    
1581.13888      2108.4825       1.77215602e-06  -77.6635371    
1581.13888      2108.4825       3.15138857e-06  -146.821575    
1581.13888      2108.4825       5.6040494e-06   -276.039011    
1581.13888      2108.4825       9.96556566e-06  -515.347       
1581.13888      2108.4825       1.77215602e-05  -954.828578    
1581.13888      2108.4825       3.15138857e-05  -1755.99112    
1581.13888      2108.4825       5.6040494e-05   -3207.55206    
1581.13888      2108.4825       9.96556566e-05  -5824.53946    
2108.4825       2811.70675      0               -0.502611188   
2108.4825       2811.70675      1.77215602e-10  -0.498697777   
2108.4825       2811.70675      3.15138856e-10  -0.495669205   
2108.4825       2811.70675      5.60404939e-10  -0.490320358   
2108.4825       2811.70675      9.96556564e-10  -0.480923648   
2108.4825       2811.70675      1.77215602e-09  -0.464570145   
2108.4825       2811.70675      3.15138856e-09  -0.436577258   
2108.4825       2811.70675      5.60404939e-09  -0.390037847   
2108.4825       2811.70675      9.96556564e-09  -0.316543267   
2108.4825       2811.70675      1.77215602e-08  -0.210803129   
2108.4825       2811.70675      3.15138856e-08  -0.084750722   
2108.4825       2811.70675      5.60404939e-08  -0.000733801263
2108.4825       2811.70675      9.96556564e-08  -0.140497376   
2108.4825       2811.70675      1.77215602e-07  -0.941964423   
2108.4825       2811.70675      3.15138856e-07  -3.35881498    
2108.4825       2811.70675      5.60404939e-07  -9.32307237    
2108.4825       2811.70675      9.96556564e-07  -22.5350014    
2108.4825       2811.70675      1.77215602e-06  -49.8129432    
2108.4825       2811.70675      3.15138856e-06  -103.45695     
2108.4825       2811.70675      5.60404939e-06  -205.466343    
2108.4825       2811.70675      9.96556564e-06  -395.113443    
2108.4825       2811.70675      1.77215602e-05  -742.530779    
2108.4825       2811.70675      3.15138856e-05  -1372.99524    
2108.4825       2811.70675      5.60404939e-05  -2510.18655    
2108.4825       2811.70675      9.96556564e-05  -4553.09531    
2811.70675      3749.471        0               -0.486652697   
2811.70675      3749.471        1.77215602e-10  -0.481417703   
2811.70675      3749.471        3.15138857e-10  -0.477377182   
2811.70675      3749.471        5.6040494e-10   -0.470264146   
2811.70675      3749.471        9.96556566e-10  -0.457839358   
2811.70675      3749.471        1.77215602e-09  -0.436432225   
2811.70675      3749.471        3.15138857e-09  -0.400426996   
2811.70675      3749.471        5.6040494e-09   -0.342363769   
2811.70675      3749.471        9.96556566e-09  -0.255389324   
2811.70675      3749.471        1.77215602e-08  -0.141565221   
2811.70675      3749.471        3.15138857e-08  -0.0308573834  
2811.70675      3749.471        5.6040494e-08   -0.0150142884  
2811.70675      3749.471        9.96556566e-08  -0.301001387   
2811.70675      3749.471        1.77215602e-07  -1.29944799    
2811.70675      3749.471        3.15138857e-07  -3.79073176    
2811.70675      3749.471        5.6040494e-07   -9.25039507    
2811.70675      3749.471        9.96556566e-07  -20.4587587    
2811.70675      3749.471        1.77215602e-06  -42.5772108    
2811.70675      3749.471        3.15138857e-06  -85.000082     
2811.70675      3749.471        5.6040494e-06   -164.580974    
2811.70675      3749.471        9.96556566e-06  -311.375351    
2811.70675      3749.471        1.77215602e-05  -578.939032    
2811.70675      3749.471        3.15138857e-05  -1062.73974    
2811.70675      3749.471        5.6040494e-05   -1932.93722    
2811.70675      3749.471        9.96556566e-05  -3492.63092    
3749.471        5000            0               6.38755796e-06 
3749.471        5000            1.77215602e-10  -0.00353599566 
3749.471        5000            3.15138856e-10  -0.00629334126 
3749.471        5000            5.60404939e-10  -0.0111974964  
3749.471        5000            9.96556565e-10  -0.0199210563  
3749.471        5000            1.77215602e-09  -0.0354421835  
3749.471        5000            3.15138856e-09  -0.0630688651  
3749.471        5000            5.60404939e-09  -0.112277514   
3749.471        5000            9.96556565e-09  -0.200034811   
3749.471        5000            1.77215602e-08  -0.356859439   
3749.471        5000            3.15138856e-08  -0.638035653   
3749.471        5000            5.60404939e-08  -1.14467166    
3749.471        5000            9.96556565e-08  -2.06363092    
3749.471        5000            1.77215602e-07  -3.74286037    
3749.471        5000            3.15138856e-07  -6.83022231    
3749.471        5000            5.60404939e-07  -12.5219676    
3749.471        5000            9.96556565e-07  -23.0000519    
3749.471        5000            1.77215602e-06  -42.2015288    
3749.471        5000            3.15138856e-06  -77.1807263    
3749.471        5000            5.60404939e-06  -140.53534     
3749.471        5000            9.96556565e-06  -254.739243    
3749.471        5000            1.77215602e-05  -459.877155    
3749.471        5000            3.15138856e-05  -827.432046    
3749.471        5000            5.60404939e-05  -1484.83287    
3749.471        5000            9.96556565e-05  -2659.12304    
5000            6667.607        0               -2.13084932    
5000            6667.607        1.77215602e-10  -2.11899034    
5000            6667.607        3.15138857e-10  -2.10983039    
5000            6667.607        5.6040494e-10   -2.09368946    
5000            6667.607        9.96556566e-10  -2.06544283    
5000            6667.607        1.77215602e-09  -2.01659435    
5000            6667.607        3.15138857e-09  -1.93378482    
5000            6667.607        5.6040494e-09   -1.79786438    
5000            6667.607        9.96556566e-09  -1.58561109    
5000            6667.607        1.77215602e-08  -1.27745793    
5000            6667.607        3.15138857e-08  -0.874324681   
5000            6667.607        5.6040494e-08   -0.424980909   
5000            6667.607        9.96556566e-08  -0.0656972264  
5000            6667.607        1.77215602e-07  -0.0784681765  
5000            6667.607        3.15138857e-07  -0.98556144    
5000            6667.607        5.6040494e-07   -3.72016011    
5000            6667.607        9.96556566e-07  -9.94203693    
5000            6667.607        1.77215602e-06  -22.6105252    
5000            6667.607        3.15138857e-06  -47.0101898    
5000            6667.607        5.6040494e-06   -92.5794687    
5000            6667.607        9.96556566e-06  -176.170098    
5000            6667.607        1.77215602e-05  -327.854089    
5000            6667.607        3.15138857e-05  -601.253313    
5000            6667.607        5.6040494e-05   -1091.89035    
5000            6667.607        9.96556566e-05  -1969.7872     
6667.607        8891.397        0               -0.85456825    
6667.607        8891.397        1.77215602e-10  -0.845928677   
6667.607        8891.397        3.15138856e-10  -0.839282176   
6667.607        8891.397        5.6040494e-10   -0.827626754   
6667.607        8891.397        9.96556565e-10  -0.807402286   
6667.607        8891.397        1.77215602e-09  -0.772940257   
6667.607        8891.397        3.15138856e-09  -0.715983156   
6667.607        8891.397        5.6040494e-09   -0.62640576    
6667.607        8891.397        9.96556565e-09  -0.496023555   
6667.607        8891.397        1.77215602e-08  -0.32724161    
6667.607        8891.397        3.15138856e-08  -0.145761605   
6667.607        8891.397        5.6040494e-08   -0.0145407454  
6667.607        8891.397        9.96556565e-08  -0.0512761475  
6667.607        8891.397        1.77215602e-07  -0.462390937   
6667.607        8891.397        3.15138856e-07  -1.61477766    
6667.607        8891.397        5.6040494e-07   -4.17354112    
6667.607        8891.397        9.96556565e-07  -9.34933494    
6667.607        8891.397        1.77215602e-06  -19.3349552    
6667.607        8891.397        3.15138856e-06  -38.0811876    
6667.607        8891.397        5.6040494e-06   -72.6818567    
6667.607        8891.397        9.96556565e-06  -135.840067    
6667.607        8891.397        1.77215602e-05  -250.243444    
6667.607        8891.397        3.15138856e-05  -456.322747    
6667.607        8891.397        5.6040494e-05   -826.035426    
6667.607        8891.397        9.96556565e-05  -1487.38466    
8891.397        11856.869       0               4.28086261e-05 
8891.397        11856.869       1.77215602e-10  -0.00193558621 
8891.397        11856.869       3.15138856e-10  -0.00347533168 
8891.397        11856.869       5.60404939e-10  -0.00621343262 
8891.397        11856.869       9.96556565e-10  -0.0110825515  
8891.397        11856.869       1.77215602e-09  -0.0197412378  
8891.397        11856.869       3.15138856e-09  -0.0351389046  
8891.397        11856.869       5.60404939e-09  -0.0625205841  
8891.397        11856.869       9.96556565e-09  -0.11121389    
8891.397        11856.869       1.77215602e-08  -0.197807436   
8891.397        11856.869       3.15138856e-08  -0.351805171   
8891.397        11856.869       5.60404939e-08  -0.625688216   
8891.397        11856.869       9.96556565e-08  -1.11282872    
8891.397        11856.869       1.77215602e-07  -1.97940896    
8891.397        11856.869       3.15138856e-07  -3.52136482    
8891.397        11856.869       5.60404939e-07  -6.2661371     
8891.397        11856.869       9.96556565e-07  -11.1547765    
8891.397        11856.869       1.77215602e-06  -19.8679869    
8891.397        11856.869       3.15138856e-06  -35.4086179    
8891.397        11856.869       5.60404939e-06  -63.1378315    
8891.397        11856.869       9.96556565e-06  -112.612677    
8891.397        11856.869       1.77215602e-05  -200.847886    
8891.397        11856.869       3.15138856e-05  -358.121507    
8891.397        11856.869       5.60404939e-05  -638.320948    
8891.397        11856.869       9.96556565e-05  -1137.37043    
11856.869       15811.388       0               2.23394636e-10 
11856.869       15811.388       1.77215602e-10  -0.00137439337 
11856.869       15811.388       3.15138857e-10  -0.00244406621 
11856.869       15811.388       5.6040494e-10   -0.00434626635 
11856.869       15811.388       9.96556566e-10  -0.00772898221 
11856.869       15811.388       1.77215602e-09  -0.0137446253  
11856.869       15811.388       3.15138857e-09  -0.0244428436  
11856.869       15811.388       5.6040494e-09   -0.0434695492  
11856.869       15811.388       9.96556566e-09  -0.0773115461  
11856.869       15811.388       1.77215602e-08  -0.137514689   
11856.869       15811.388       3.15138857e-08  -0.244643411   
11856.869       15811.388       5.6040494e-08   -0.435367398   
11856.869       15811.388       9.96556566e-08  -0.77519726    
11856.869       15811.388       1.77215602e-07  -1.38150229    
11856.869       15811.388       3.15138857e-07  -2.46537125    
11856.869       15811.388       5.6040494e-07   -4.40801102    
11856.869       15811.388       9.96556566e-07  -7.89961583    
11856.869       15811.388       1.77215602e-06  -14.1885226    
11856.869       15811.388       3.15138857e-06  -25.5221167    
11856.869       15811.388       5.6040494e-06   -45.9244724    
11856.869       15811.388       9.96556566e-06  -82.5753003    
11856.869       15811.388       1.77215602e-05  -148.264978    
11856.869       15811.388       3.15138857e-05  -265.768461    
11856.869       15811.388       5.6040494e-05   -475.636793    
11856.869       15811.388       9.96556566e-05  -850.065563    
15811.388       21084.826       0               1.76669346e-10 
15811.388       21084.826       1.77215602e-10  -0.00108755633 
15811.388       21084.826       3.15138856e-10  -0.00193398092 
15811.388       21084.826       5.60404939e-10  -0.00343916411 
15811.388       21084.826       9.96556565e-10  -0.00611581233 
15811.388       21084.826       1.77215602e-09  -0.0108756785  
15811.388       21084.826       3.15138856e-09  -0.0193401699  
15811.388       21084.826       5.60404939e-09  -0.034392778   
15811.388       21084.826       9.96556565e-09  -0.0611617126  
15811.388       21084.826       1.77215602e-08  -0.108768117   
15811.388       21084.826       3.15138856e-08  -0.193437445   
15811.388       21084.826       5.60404939e-08  -0.344040338   
15811.388       21084.826       9.96556565e-08  -0.611970419   
15811.388       21084.826       1.77215602e-07  -1.08878385    
15811.388       21084.826       3.15138856e-07  -1.93778285    
15811.388       21084.826       5.60404939e-07  -3.45076822    
15811.388       21084.826       9.96556565e-07  -6.15040096    
15811.388       21084.826       1.77215602e-06  -10.9751469    
15811.388       21084.826       3.15138856e-06  -19.6123427    
15811.388       21084.826       5.60404939e-06  -35.0928672    
15811.388       21084.826       9.96556565e-06  -62.8436673    
15811.388       21084.826       1.77215602e-05  -112.545866    
15811.388       21084.826       3.15138856e-05  -201.425395    
15811.388       21084.826       5.60404939e-05  -360.102296    
15811.388       21084.826       9.96556565e-05  -643.00322     
21084.826       28117.066       0               1.19911192e-10 
21084.826       28117.066       1.77215602e-10  -0.000738474672
21084.826       28117.066       3.15138857e-10  -0.00131322612 
21084.826       28117.066       5.60404941e-10  -0.00233532012 
21084.826       28117.066       9.96556567e-10  -0.00415296893 
21084.826       28117.066       1.77215602e-09  -0.00738550948 
21084.826       28117.066       3.15138857e-09  -0.0131346691  
21084.826       28117.066       5.60404941e-09  -0.0233608034  
21084.826       28117.066       9.96556567e-09  -0.0415536712  
21084.826       28117.066       1.77215602e-08  -0.0739306166  
21084.826       28117.066       3.15138857e-08  -0.131583769   
21084.826       28117.066       5.60404941e-08  -0.234348146   
21084.826       28117.066       9.96556567e-08  -0.417825143   
21084.826       28117.066       1.77215602e-07  -0.746268131   
21084.826       28117.066       3.15138857e-07  -1.33646372    
21084.826       28117.066       5.60404941e-07  -2.40213268    
21084.826       28117.066       9.96556567e-07  -4.33548841    
21084.826       28117.066       1.77215602e-06  -7.85301589    
21084.826       28117.066       3.15138857e-06  -14.249617     
21084.826       28117.066       5.60404941e-06  -25.8407848    
21084.826       28117.066       9.96556567e-06  -46.7437715    
21084.826       28117.066       1.77215602e-05  -84.2725575    
21084.826       28117.066       3.15138857e-05  -151.431371    
21084.826       28117.066       5.60404941e-05  -271.362061    
21084.826       28117.066       9.96556567e-05  -485.260599    
28117.066       37494.712       0               1.08315135e-10 
28117.066       37494.712       1.77215602e-10  -0.000666912678
28117.066       37494.712       3.15138856e-10  -0.00118595717 
28117.066       37494.712       5.60404939e-10  -0.0021089633  
28117.066       37494.712       9.96556565e-10  -0.0037503261  
28117.066       37494.712       1.77215602e-09  -0.00666912776 
28117.066       37494.712       3.15138856e-09  -0.0118595727  
28117.066       37494.712       5.60404939e-09  -0.021089634   
28117.066       37494.712       9.96556565e-09  -0.0375032621  
28117.066       37494.712       1.77215602e-08  -0.0666912791  
28117.066       37494.712       3.15138856e-08  -0.118595729   
28117.066       37494.712       5.60404939e-08  -0.210896346   
28117.066       37494.712       9.96556565e-08  -0.375032637   
28117.066       37494.712       1.77215602e-07  -0.666912839   
28117.066       37494.712       3.15138856e-07  -1.18595744    
28117.066       37494.712       5.60404939e-07  -2.10896393    
28117.066       37494.712       9.96556565e-07  -3.75032786    
28117.066       37494.712       1.77215602e-06  -6.6691331     
28117.066       37494.712       3.15138856e-06  -11.8595893    
28117.066       37494.712       5.60404939e-06  -21.0896863    
28117.066       37494.712       9.96556565e-06  -37.5034264    
28117.066       37494.712       1.77215602e-05  -66.6917949    
28117.066       37494.712       3.15138856e-05  -118.597341    
28117.066       37494.712       5.60404939e-05  -210.901335    
28117.066       37494.712       9.96556565e-05  -375.047856    
37494.712       50000           0               6.57678356e-11 
37494.712       50000           1.77215602e-10  -0.000405017182
37494.712       50000           3.15138857e-10  -0.000720239771
37494.712       50000           5.60404941e-10  -0.00128080659 
37494.712       50000           9.96556567e-10  -0.00227769208 
37494.712       50000           1.77215602e-09  -0.00405056272 
37494.712       50000           3.15138857e-09  -0.00720363192 
37494.712       50000           5.60404941e-09  -0.0128119639  
37494.712       50000           9.96556567e-09  -0.0227892252  
37494.712       50000           1.77215602e-08  -0.0405444206  
37494.712       50000           3.15138857e-08  -0.07215835    
37494.712       50000           5.60404941e-08  -0.128501967   
37494.712       50000           9.96556567e-08  -0.22908175    
37494.712       50000           1.77215602e-07  -0.409100814   
37494.712       50000           3.15138857e-07  -0.732601163   
37494.712       50000           5.60404941e-07  -1.31716831    
37494.712       50000           9.96556567e-07  -2.38020356    
37494.712       50000           1.77215602e-06  -4.32349602    
37494.712       50000           3.15138857e-06  -7.88227996    
37494.712       50000           5.60404941e-06  -14.3824844    
37494.712       50000           9.96556567e-06  -26.1888745    
37494.712       50000           1.77215602e-05  -47.5008427    
37494.712       50000           3.15138857e-05  -85.7761896    
37494.712       50000           5.60404941e-05  -154.27495     
37494.712       50000           9.96556567e-05  -276.59265     
50000           66676.072       0               6.01971806e-11 
50000           66676.072       1.77215602e-10  -0.000370584437
50000           66676.072       3.15138856e-10  -0.000659002722
50000           66676.072       5.60404939e-10  -0.00117189102 
50000           66676.072       9.96556564e-10  -0.00208394973 
50000           66676.072       1.77215602e-09  -0.00370584499 
50000           66676.072       3.15138856e-09  -0.00659002801 
50000           66676.072       5.60404939e-09  -0.0117189116  
50000           66676.072       9.96556564e-09  -0.0208395004  
50000           66676.072       1.77215602e-08  -0.0370584584  
50000           66676.072       3.15138856e-08  -0.0659003059  
50000           66676.072       5.60404939e-08  -0.117189196   
50000           66676.072       9.96556564e-08  -0.208395257   
50000           66676.072       1.77215602e-07  -0.370585383   
50000           66676.072       3.15138856e-07  -0.659005583   
50000           66676.072       5.60404939e-07  -1.17189993    
50000           66676.072       9.96556564e-07  -2.08397772    
50000           66676.072       1.77215602e-06  -3.70593301    
50000           66676.072       3.15138856e-06  -6.5903044     
50000           66676.072       5.60404939e-06  -11.7197753    
50000           66676.072       9.96556564e-06  -20.8421769    
50000           66676.072       1.77215602e-05  -37.0666324    
50000           66676.072       3.15138856e-05  -65.9246883    
50000           66676.072       5.60404939e-05  -117.259361    
50000           66676.072       9.96556564e-05  -208.587285    
66676.072       88913.968       0               1.7075842e-06  
66676.072       88913.968       1.77215602e-10  -0.000268855784
66676.072       88913.968       3.15138857e-10  -0.000479429694
66676.072       88913.968       5.6040494e-10   -0.000853888962
66676.072       88913.968       9.96556567e-10  -0.00151978224 
66676.072       88913.968       1.77215602e-09  -0.00270392677 
66676.072       88913.968       3.15138857e-09  -0.00480966729 
66676.072       88913.968       5.6040494e-09   -0.00855426452 
66676.072       88913.968       9.96556567e-09  -0.0152132116  
66676.072       88913.968       1.77215602e-08  -0.0270547023  
66676.072       88913.968       3.15138857e-08  -0.048112251   
66676.072       88913.968       5.6040494e-08   -0.0855586767  
66676.072       88913.968       9.96556567e-08  -0.152149581   
66676.072       88913.968       1.77215602e-07  -0.270569011   
66676.072       88913.968       3.15138857e-07  -0.481158767   
66676.072       88913.968       5.6040494e-07   -0.855667942   
66676.072       88913.968       9.96556567e-07  -1.52171788    
66676.072       88913.968       1.77215602e-06  -2.70635146    
66676.072       88913.968       3.15138857e-06  -4.8136041     
66676.072       88913.968       5.6040494e-06   -8.56280131    
66676.072       88913.968       9.96556567e-06  -15.2353768    
66676.072       88913.968       1.77215602e-05  -27.1156353    
66676.072       88913.968       3.15138857e-05  -48.2773149    
66676.072       88913.968       5.6040494e-05   -85.984005     
66676.072       88913.968       9.96556567e-05  -153.176435    
88913.968       118568.688      0               3.28128635e-11 
88913.968       118568.688      1.77215602e-10  -0.000202020108
88913.968       118568.688      3.15138856e-10  -0.000359248224
88913.968       118568.688      5.60404939e-10  -0.000638843745
88913.968       118568.688      9.96556564e-10  -0.0011360427  
88913.968       118568.688      1.77215602e-09  -0.00202020137 
88913.968       118568.688      3.15138856e-09  -0.00359248253 
88913.968       118568.688      5.60404939e-09  -0.00638843775 
88913.968       118568.688      9.96556564e-09  -0.0113604273  
88913.968       118568.688      1.77215602e-08  -0.0202020141  
88913.968       118568.688      3.15138856e-08  -0.0359248259  
88913.968       118568.688      5.60404939e-08  -0.0638843785  
88913.968       118568.688      9.96556564e-08  -0.113604276   
88913.968       118568.688      1.77215602e-07  -0.202020148   
88913.968       118568.688      3.15138856e-07  -0.35924828    
88913.968       118568.688      5.60404939e-07  -0.638843853   
88913.968       118568.688      9.96556564e-07  -1.13604297    
88913.968       118568.688      1.77215602e-06  -2.02020216    
88913.968       118568.688      3.15138856e-06  -3.59248493    
88913.968       118568.688      5.60404939e-06  -6.38844526    
88913.968       118568.688      9.96556564e-06  -11.360451     
88913.968       118568.688      1.77215602e-05  -20.2020886    
88913.968       118568.688      3.15138856e-05  -35.9250601    
88913.968       118568.688      5.60404939e-05  -63.8851125    
88913.968       118568.688      9.96556564e-05  -113.606561    
118568.688      158113.888      0               2.16573426e-11 
118568.688      158113.888      1.77215602e-10  -0.000133347751
118568.688      158113.888      3.15138857e-10  -0.000237129703
118568.688      158113.888      5.6040494e-10   -0.000421683286
118568.688      158113.888      9.96556566e-10  -0.000749871988
118568.688      158113.888      1.77215602e-09  -0.00133348594 
118568.688      158113.888      3.15138857e-09  -0.00237132326 
118568.688      158113.888      5.6040494e-09   -0.00421691538 
118568.688      158113.888      9.96556566e-09  -0.00749898034 
118568.688      158113.888      1.77215602e-08  -0.0133356822  
118568.688      158113.888      3.15138857e-08  -0.0237158323  
118568.688      158113.888      5.6040494e-08   -0.042177363   
118568.688      158113.888      9.96556566e-08  -0.0750156999  
118568.688      158113.888      1.77215602e-07  -0.133438362   
118568.688      158113.888      3.15138857e-07  -0.237414219   
118568.688      158113.888      5.6040494e-07   -0.422572088   
118568.688      158113.888      9.96556566e-07  -0.752623693   
118568.688      158113.888      1.77215602e-06  -1.34187703    
118568.688      158113.888      3.15138857e-06  -2.39629128    
118568.688      158113.888      5.6040494e-06   -4.28848377    
118568.688      158113.888      9.96556566e-06  -7.69368794    
118568.688      158113.888      1.77215602e-05  -13.8319507    
118568.688      158113.888      3.15138857e-05  -24.8931581    
118568.688      158113.888      5.6040494e-05   -44.7827004    
118568.688      158113.888      9.96556566e-05  -80.4420271    
158113.888      210848.256      0               2.32608187e-07 
158113.888      210848.256      1.77215602e-10  -3.20194509e-05
158113.888      210848.256      3.15138857e-10  -5.71243095e-05
158113.888      210848.256      5.6040494e-10   -0.00010177586 
158113.888      210848.256      9.96556566e-10  -0.00018120439 
158113.888      210848.256      1.77215602e-09  -0.000322531429
158113.888      210848.256      3.15138857e-09  -0.00057410609 
158113.888      210848.256      5.6040494e-09   -0.0010222837  
158113.888      210848.256      9.96556566e-09  -0.00182181668 
158113.888      210848.256      1.77215602e-08  -0.00325163482 
158113.888      210848.256      3.15138857e-08  -0.00581944859 
158113.888      210848.256      5.6040494e-08   -0.0104644241  
158113.888      210848.256      9.96556566e-08  -0.0189678589  
158113.888      210848.256      1.77215602e-07  -0.0348297122  
158113.888      210848.256      3.15138857e-07  -0.0652264301  
158113.888      210848.256      5.6040494e-07   -0.125465813   
158113.888      210848.256      9.96556566e-07  -0.248848407   
158113.888      210848.256      1.77215602e-06  -0.506791296   
158113.888      210848.256      3.15138857e-06  -1.04528254    
158113.888      210848.256      5.6040494e-06   -2.1444355     
158113.888      210848.256      9.96556566e-06  -4.31427802    
158113.888      210848.256      1.77215602e-05  -8.45910221    
158113.888      210848.256      3.15138857e-05  -16.1733178    
158113.888      210848.256      5.6040494e-05   -30.2755817    
158113.888      210848.256      9.96556566e-05  -55.7643412    
210848.256      281170.656      0               1.23296928e-11 
210848.256      281170.656      1.77215602e-10  -7.59151739e-05
210848.256      281170.656      3.15138857e-10  -0.0001349984  
210848.256      281170.656      5.60404941e-10  -0.000240064885
210848.256      281170.656      9.96556567e-10  -0.000426902452
210848.256      281170.656      1.77215602e-09  -0.000759151849
210848.256      281170.656      3.15138857e-09  -0.00134998411 
210848.256      281170.656      5.60404941e-09  -0.00240064896 
210848.256      281170.656      9.96556567e-09  -0.00426902463 
210848.256      281170.656      1.77215602e-08  -0.00759151861 
210848.256      281170.656      3.15138857e-08  -0.0134998412  
210848.256      281170.656      5.60404941e-08  -0.0240064897  
210848.256      281170.656      9.96556567e-08  -0.0426902464  
210848.256      281170.656      1.77215602e-07  -0.0759151862  
210848.256      281170.656      3.15138857e-07  -0.134998412   
210848.256      281170.656      5.60404941e-07  -0.240064897   
210848.256      281170.656      9.96556567e-07  -0.426902464   
210848.256      281170.656      1.77215602e-06  -0.759151862   
210848.256      281170.656      3.15138857e-06  -1.34998412    
210848.256      281170.656      5.60404941e-06  -2.40064897    
210848.256      281170.656      9.96556567e-06  -4.26902464    
210848.256      281170.656      1.77215602e-05  -7.59151862    
210848.256      281170.656      3.15138857e-05  -13.4998412    
210848.256      281170.656      5.60404941e-05  -24.0064897    
210848.256      281170.656      9.96556567e-05  -42.6902464    
281170.656      374947.104      0               8.72879546e-12 
281170.656      374947.104      1.77215602e-10  -5.37439795e-05
281170.656      374947.104      3.15138856e-10  -9.5571819e-05 
281170.656      374947.104      5.60404939e-10  -0.000169953405
281170.656      374947.104      9.96556564e-10  -0.000302224647
281170.656      374947.104      1.77215602e-09  -0.000537439874
281170.656      374947.104      3.15138856e-09  -0.000955718268
281170.656      374947.104      5.60404939e-09  -0.00169953412 
281170.656      374947.104      9.96556564e-09  -0.00302224655 
281170.656      374947.104      1.77215602e-08  -0.00537439881 
281170.656      374947.104      3.15138856e-08  -0.00955718276 
281170.656      374947.104      5.60404939e-08  -0.0169953413  
281170.656      374947.104      9.96556564e-08  -0.0302224656  
281170.656      374947.104      1.77215602e-07  -0.0537439882  
281170.656      374947.104      3.15138856e-07  -0.0955718277  
281170.656      374947.104      5.60404939e-07  -0.169953413   
281170.656      374947.104      9.96556564e-07  -0.302224656   
281170.656      374947.104      1.77215602e-06  -0.537439882   
281170.656      374947.104      3.15138856e-06  -0.955718277   
281170.656      374947.104      5.60404939e-06  -1.69953413    
281170.656      374947.104      9.96556564e-06  -3.02224656    
281170.656      374947.104      1.77215602e-05  -5.37439882    
281170.656      374947.104      3.15138856e-05  -9.55718277    
281170.656      374947.104      5.60404939e-05  -16.9953413    
281170.656      374947.104      9.96556564e-05  -30.2224656    
374947.104      500000          0               6.08779693e-12 
374947.104      500000          1.77215602e-10  -3.74833115e-05
374947.104      500000          3.15138857e-10  -6.66558057e-05
374947.104      500000          5.6040494e-10   -0.000118532652
374947.104      500000          9.96556566e-10  -0.000210784179
374947.104      500000          1.77215602e-09  -0.000374833169
374947.104      500000          3.15138857e-09  -0.000666558112
374947.104      500000          5.6040494e-09   -0.00118532657 
374947.104      500000          9.96556566e-09  -0.00210784184 
374947.104      500000          1.77215602e-08  -0.00374833175 
374947.104      500000          3.15138857e-08  -0.00666558117 
374947.104      500000          5.6040494e-08   -0.0118532658  
374947.104      500000          9.96556566e-08  -0.0210784185  
374947.104      500000          1.77215602e-07  -0.0374833175  
374947.104      500000          3.15138857e-07  -0.0666558118  
374947.104      500000          5.6040494e-07   -0.118532658   
374947.104      500000          9.96556566e-07  -0.210784185   
374947.104      500000          1.77215602e-06  -0.374833175   
374947.104      500000          3.15138857e-06  -0.666558118   
374947.104      500000          5.6040494e-06   -1.18532658    
374947.104      500000          9.96556566e-06  -2.10784185    
374947.104      500000          1.77215602e-05  -3.74833175    
374947.104      500000          3.15138857e-05  -6.66558118    
374947.104      500000          5.6040494e-05   -11.8532658    
374947.104      500000          9.96556566e-05  -21.0784185    
