### like_draco.txt
#[0]emin(MeV) [1]emax(MeV) [2]eflux(MeV/cm^2/s) [3]deltaLogLike
500             666.760688      0               -0.874876291   
500             666.760688      1.77215602e-10  -0.871639718   
500             666.760688      3.15138857e-10  -0.869125364   
500             666.760688      5.6040494e-10   -0.864664088   
500             666.760688      9.96556566e-10  -0.856762119   
500             666.760688      1.77215602e-09  -0.842809429   
500             666.760688      3.15138857e-09  -0.818310459   
500             666.760688      5.6040494e-09   -0.775728428   
500             666.760688      9.96556566e-09  -0.703088341   
500             666.760688      1.77215602e-08  -0.583503288   
500             666.760688      3.15138857e-08  -0.400315656   
500             666.760688      5.6040494e-08   -0.163271392   
500             666.760688      9.96556566e-08  -7.47149461e-05
500             666.760688      1.77215602e-07  -0.424790547   
500             666.760688      3.15138857e-07  -3.02180656    
500             666.760688      5.6040494e-07   -11.9742735    
500             666.760688      9.96556566e-07  -37.1157563    
500             666.760688      1.77215602e-06  -99.596857     
500             666.760688      3.15138857e-06  -242.128744    
500             666.760688      5.6040494e-06   -547.467363    
500             666.760688      9.96556566e-06  -1171.78818    
500             666.760688      1.77215602e-05  -2404.75517    
500             666.760688      3.15138857e-05  -4777.1444     
500             666.760688      5.6040494e-05   -9252.92989    
500             666.760688      9.96556566e-05  -17571.2877    
666.760688      889.139688      0               -5.8515765e-05 
666.760688      889.139688      1.77215602e-10  -2.17113538e-05
666.760688      889.139688      3.15138856e-10  1.5928199e-06  
666.760688      889.139688      5.6040494e-10   3.14997287e-05 
666.760688      889.139688      9.96556565e-10  4.82627438e-05 
666.760688      889.139688      1.77215602e-09  -3.67880093e-05
666.760688      889.139688      3.15138856e-09  -0.000549523147
666.760688      889.139688      5.6040494e-09   -0.00259484662 
666.760688      889.139688      9.96556565e-09  -0.00976376364 
666.760688      889.139688      1.77215602e-08  -0.0333948153  
666.760688      889.139688      3.15138856e-08  -0.108328389   
666.760688      889.139688      5.6040494e-08   -0.338101671   
666.760688      889.139688      9.96556565e-08  -1.01661796    
666.760688      889.139688      1.77215602e-07  -2.92819773    
666.760688      889.139688      3.15138856e-07  -8.01348659    
666.760688      889.139688      5.6040494e-07   -20.7045447    
666.760688      889.139688      9.96556565e-07  -50.4258018    
666.760688      889.139688      1.77215602e-06  -116.172285    
666.760688      889.139688      3.15138856e-06  -254.882514    
666.760688      889.139688      5.6040494e-06   -536.669097    
666.760688      889.139688      9.96556565e-06  -1092.18505    
666.760688      889.139688      1.77215602e-05  -2161.32826    
666.760688      889.139688      3.15138856e-05  -4179.69236    
666.760688      889.139688      5.6040494e-05   -7932.20682    
666.760688      889.139688      9.96556565e-05  -14826.573     
889.139688      1185.68688      0               5.95850906e-06 
889.139688      1185.68688      1.77215602e-10  -0.00164999585 
889.139688      1185.68688      3.15138856e-10  -0.00294404775 
889.139688      1185.68688      5.60404939e-10  -0.00525658337 
889.139688      1185.68688      9.96556565e-10  -0.0094047319  
889.139688      1185.68688      1.77215602e-09  -0.0168941223  
889.139688      1185.68688      3.15138856e-09  -0.0305667325  
889.139688      1185.68688      5.60404939e-09  -0.0559878703  
889.139688      1185.68688      9.96556565e-09  -0.104623633   
889.139688      1185.68688      1.77215602e-08  -0.201574397   
889.139688      1185.68688      3.15138856e-08  -0.405104892   
889.139688      1185.68688      5.60404939e-08  -0.856038095   
889.139688      1185.68688      9.96556565e-08  -1.89806626    
889.139688      1185.68688      1.77215602e-07  -4.3509498     
889.139688      1185.68688      3.15138856e-07  -10.0806321    
889.139688      1185.68688      5.60404939e-07  -23.1037153    
889.139688      1185.68688      9.96556565e-07  -51.6274706    
889.139688      1185.68688      1.77215602e-06  -111.737669    
889.139688      1185.68688      3.15138856e-06  -234.029733    
889.139688      1185.68688      5.60404939e-06  -475.537556    
889.139688      1185.68688      9.96556565e-06  -941.15259     
889.139688      1185.68688      1.77215602e-05  -1821.86915    
889.139688      1185.68688      3.15138856e-05  -3462.77798    
889.139688      1185.68688      5.60404939e-05  -6483.87245    
889.139688      1185.68688      9.96556565e-05  -11994.8762    
1185.68688      1581.13888      0               6.61388185e-07 
1185.68688      1581.13888      1.77215602e-10  -0.000371632321
1185.68688      1581.13888      3.15138856e-10  -0.000669040373
1185.68688      1581.13888      5.6040494e-10   -0.00121444073 
1185.68688      1581.13888      9.96556565e-10  -0.00223640718 
1185.68688      1581.13888      1.77215602e-09  -0.00421754889 
1185.68688      1581.13888      3.15138856e-09  -0.00825339769 
1185.68688      1581.13888      5.6040494e-09   -0.0170237044  
1185.68688      1581.13888      9.96556565e-09  -0.0375067101  
1185.68688      1581.13888      1.77215602e-08  -0.0885938022  
1185.68688      1581.13888      3.15138856e-08  -0.221896707   
1185.68688      1581.13888      5.6040494e-08   -0.575361559   
1185.68688      1581.13888      9.96556565e-08  -1.49948096    
1185.68688      1581.13888      1.77215602e-07  -3.82305099    
1185.68688      1581.13888      3.15138856e-07  -9.35655782    
1185.68688      1581.13888      5.6040494e-07   -21.7878847    
1185.68688      1581.13888      9.96556565e-07  -48.2681554    
1185.68688      1581.13888      1.77215602e-06  -102.264848    
1185.68688      1581.13888      3.15138856e-06  -208.702739    
1185.68688      1581.13888      5.6040494e-06   -413.17036     
1185.68688      1581.13888      9.96556565e-06  -798.370665    
1185.68688      1581.13888      1.77215602e-05  -1513.50268    
1185.68688      1581.13888      3.15138856e-05  -2826.66757    
1185.68688      1581.13888      5.6040494e-05   -5218.18241    
1185.68688      1581.13888      9.96556565e-05  -9546.53344    
1581.13888      2108.4825       0               3.00133252e-10 
1581.13888      2108.4825       1.77215602e-10  -0.00186292416 
1581.13888      2108.4825       3.15138857e-10  -0.00332106276 
1581.13888      2108.4825       5.6040494e-10   -0.0059318396  
1581.13888      2108.4825       9.96556566e-10  -0.0106305061  
1581.13888      2108.4825       1.77215602e-09  -0.019161342   
1581.13888      2108.4825       3.15138857e-09  -0.0348764594  
1581.13888      2108.4825       5.6040494e-09   -0.0644947236  
1581.13888      2108.4825       9.96556566e-09  -0.122187804   
1581.13888      2108.4825       1.77215602e-08  -0.239353017   
1581.13888      2108.4825       3.15138857e-08  -0.487759703   
1581.13888      2108.4825       5.6040494e-08   -1.03159576    
1581.13888      2108.4825       9.96556566e-08  -2.23550172    
1581.13888      2108.4825       1.77215602e-07  -4.87229557    
1581.13888      2108.4825       3.15138857e-07  -10.505397     
1581.13888      2108.4825       5.6040494e-07   -22.1834872    
1581.13888      2108.4825       9.96556566e-07  -45.6931664    
1581.13888      2108.4825       1.77215602e-06  -91.8018008    
1581.13888      2108.4825       3.15138857e-06  -180.265448    
1581.13888      2108.4825       5.6040494e-06   -347.002738    
1581.13888      2108.4825       9.96556566e-06  -656.95043     
1581.13888      2108.4825       1.77215602e-05  -1227.05484    
1581.13888      2108.4825       3.15138857e-05  -2267.21368    
1581.13888      2108.4825       5.6040494e-05   -4152.96077    
1581.13888      2108.4825       9.96556566e-05  -7554.49191    
2108.4825       2811.70675      0               9.17680154e-10 
2108.4825       2811.70675      1.77215602e-10  -0.00564933362 
2108.4825       2811.70675      3.15138856e-10  -0.0100486492  
2108.4825       2811.70675      5.60404939e-10  -0.0178773695  
2108.4825       2811.70675      9.96556564e-10  -0.031816366   
2108.4825       2811.70675      1.77215602e-09  -0.0566582332  
2108.4825       2811.70675      3.15138856e-09  -0.101003892   
2108.4825       2811.70675      5.60404939e-09  -0.180387744   
2108.4825       2811.70675      9.96556564e-09  -0.323148874   
2108.4825       2811.70675      1.77215602e-08  -0.581727667   
2108.4825       2811.70675      3.15138856e-08  -1.0548639     
2108.4825       2811.70675      5.60404939e-08  -1.93151993    
2108.4825       2811.70675      9.96556564e-08  -3.57657198    
2108.4825       2811.70675      1.77215602e-07  -6.69356306    
2108.4825       2811.70675      3.15138856e-07  -12.6268829    
2108.4825       2811.70675      5.60404939e-07  -23.9134146    
2108.4825       2811.70675      9.96556564e-07  -45.2712711    
2108.4825       2811.70675      1.77215602e-06  -85.3547774    
2108.4825       2811.70675      3.15138856e-06  -159.885369    
2108.4825       2811.70675      5.60404939e-06  -297.260693    
2108.4825       2811.70675      9.96556564e-06  -548.561776    
2108.4825       2811.70675      1.77215602e-05  -1005.3334     
2108.4825       2811.70675      3.15138856e-05  -1831.17778    
2108.4825       2811.70675      5.60404939e-05  -3317.95092    
2108.4825       2811.70675      9.96556564e-05  -5985.73616    
2811.70675      3749.471        0               -0.00619140435 
2811.70675      3749.471        1.77215602e-10  -0.00566954831 
2811.70675      3749.471        3.15138857e-10  -0.00528007429 
2811.70675      3749.471        5.6040494e-10   -0.00462324068 
2811.70675      3749.471        9.96556566e-10  -0.00356693814 
2811.70675      3749.471        1.77215602e-09  -0.00203446938 
2811.70675      3749.471        3.15138857e-09  -0.00036366184 
2811.70675      3749.471        5.6040494e-09   -0.000522081113
2811.70675      3749.471        9.96556566e-09  -0.0097029202  
2811.70675      3749.471        1.77215602e-08  -0.0497269895  
2811.70675      3749.471        3.15138857e-08  -0.178462768   
2811.70675      3749.471        5.6040494e-08   -0.532062526   
2811.70675      3749.471        9.96556566e-08  -1.39949455    
2811.70675      3749.471        1.77215602e-07  -3.35037174    
2811.70675      3749.471        3.15138857e-07  -7.46311464    
2811.70675      3749.471        5.6040494e-07   -15.7440373    
2811.70675      3749.471        9.96556566e-07  -31.8869291    
2811.70675      3749.471        1.77215602e-06  -62.6209423    
2811.70675      3749.471        3.15138857e-06  -120.092775    
2811.70675      3749.471        5.6040494e-06   -226.100056    
2811.70675      3749.471        9.96556566e-06  -419.641714    
2811.70675      3749.471        1.77215602e-05  -770.391342    
2811.70675      3749.471        3.15138857e-05  -1402.71501    
2811.70675      3749.471        5.6040494e-05   -2538.42645    
2811.70675      3749.471        9.96556566e-05  -4572.82567    
3749.471        5000            0               -1.80879825    
3749.471        5000            1.77215602e-10  -1.78715256    
3749.471        5000            3.15138856e-10  -1.77054268    
3749.471        5000            5.60404939e-10  -1.74150332    
3749.471        5000            9.96556565e-10  -1.69137663    
3749.471        5000            1.77215602e-09  -1.60671133    
3749.471        5000            3.15138856e-09  -1.46877867    
3749.471        5000            5.60404939e-09  -1.25664481    
3749.471        5000            9.96556565e-09  -0.957851336   
3749.471        5000            1.77215602e-08  -0.588740524   
3749.471        5000            3.15138856e-08  -0.220222566   
3749.471        5000            5.60404939e-08  -0.00446765506 
3749.471        5000            9.96556565e-08  -0.21344349    
3749.471        5000            1.77215602e-07  -1.32032162    
3749.471        5000            3.15138856e-07  -4.16786597    
3749.471        5000            5.60404939e-07  -10.2846863    
3749.471        5000            9.96556565e-07  -22.4514077    
3749.471        5000            1.77215602e-06  -45.7092459    
3749.471        5000            3.15138856e-06  -89.1666817    
3749.471        5000            5.60404939e-06  -169.226522    
3749.471        5000            9.96556565e-06  -315.318961    
3749.471        5000            1.77215602e-05  -580.072219    
3749.471        5000            3.15138856e-05  -1057.37135    
3749.471        5000            5.60404939e-05  -1914.45303    
3749.471        5000            9.96556565e-05  -3448.98351    
5000            6667.607        0               6.67114364e-10 
5000            6667.607        1.77215602e-10  -0.00410504992 
5000            6667.607        3.15138857e-10  -0.0072999709  
5000            6667.607        5.6040494e-10   -0.0129815296  
5000            6667.607        9.96556566e-10  -0.0230852334  
5000            6667.607        1.77215602e-09  -0.0410534056  
5000            6667.607        3.15138857e-09  -0.0730088796  
5000            6667.607        5.6040494e-09   -0.129844241   
5000            6667.607        9.96556566e-09  -0.230943623   
5000            6667.607        1.77215602e-08  -0.410821429   
5000            6667.607        3.15138857e-08  -0.730990355   
5000            6667.607        5.6040494e-08   -1.30125396    
5000            6667.607        9.96556566e-08  -2.31811455    
5000            6667.607        1.77215602e-07  -4.13454534    
5000            6667.607        3.15138857e-07  -7.38762351    
5000            6667.607        5.6040494e-07   -13.2325982    
5000            6667.607        9.96556566e-07  -23.7692905    
5000            6667.607        1.77215602e-06  -42.8075319    
5000            6667.607        3.15138857e-06  -77.2243363    
5000            6667.607        5.6040494e-06   -139.366401    
5000            6667.607        9.96556566e-06  -251.321518    
5000            6667.607        1.77215602e-05  -452.529463    
5000            6667.607        3.15138857e-05  -813.334677    
5000            6667.607        5.6040494e-05   -1459.08699    
5000            6667.607        9.96556566e-05  -2612.97541    
6667.607        8891.397        0               2.51369181e-05 
6667.607        8891.397        1.77215602e-10  -0.00183424149 
6667.607        8891.397        3.15138856e-10  -0.00328229484 
6667.607        8891.397        5.6040494e-10   -0.00585936171 
6667.607        8891.397        9.96556565e-10  -0.0104484892  
6667.607        8891.397        1.77215602e-09  -0.0186293329  
6667.607        8891.397        3.15138856e-09  -0.0332401949  
6667.607        8891.397        5.6040494e-09   -0.0594189464  
6667.607        8891.397        9.96556565e-09  -0.106578479   
6667.607        8891.397        1.77215602e-08  -0.192278032   
6667.607        8891.397        3.15138856e-08  -0.350069189   
6667.607        8891.397        5.6040494e-08   -0.645723991   
6667.607        8891.397        9.96556565e-08  -1.21038372    
6667.607        8891.397        1.77215602e-07  -2.30455726    
6667.607        8891.397        3.15138856e-07  -4.4316242     
6667.607        8891.397        5.6040494e-07   -8.52683066    
6667.607        8891.397        9.96556565e-07  -16.2740716    
6667.607        8891.397        1.77215602e-06  -30.6630964    
6667.607        8891.397        3.15138856e-06  -56.9949299    
6667.607        8891.397        5.6040494e-06   -104.691241    
6667.607        8891.397        9.96556565e-06  -190.523261    
6667.607        8891.397        1.77215602e-05  -344.34871     
6667.607        8891.397        3.15138856e-05  -619.305264    
6667.607        8891.397        5.6040494e-05   -1109.95247    
6667.607        8891.397        9.96556565e-05  -1984.58051    
8891.397        11856.869       0               7.04697043e-05 
8891.397        11856.869       1.77215602e-10  -0.00253493206 
8891.397        11856.869       3.15138856e-10  -0.00456266401 
8891.397        11856.869       5.60404939e-10  -0.00816854102 
8891.397        11856.869       9.96556565e-10  -0.0145808074  
8891.397        11856.869       1.77215602e-09  -0.0259836391  
8891.397        11856.869       3.15138856e-09  -0.0462611558  
8891.397        11856.869       5.60404939e-09  -0.0823205489  
8891.397        11856.869       9.96556565e-09  -0.146445182   
8891.397        11856.869       1.77215602e-08  -0.260479717   
8891.397        11856.869       3.15138856e-08  -0.463274502   
8891.397        11856.869       5.60404939e-08  -0.823930218   
8891.397        11856.869       9.96556565e-08  -1.46537052    
8891.397        11856.869       1.77215602e-07  -2.60632146    
8891.397        11856.869       3.15138856e-07  -4.6361421     
8891.397        11856.869       5.60404939e-07  -8.24839813    
8891.397        11856.869       9.96556565e-07  -14.6796902    
8891.397        11856.869       1.77215602e-06  -26.1372388    
8891.397        11856.869       3.15138856e-06  -46.5642456    
8891.397        11856.869       5.60404939e-06  -83.0064878    
8891.397        11856.869       9.96556565e-06  -148.044212    
8891.397        11856.869       1.77215602e-05  -264.112769    
8891.397        11856.869       3.15138856e-05  -471.183932    
8891.397        11856.869       5.60404939e-05  -840.433924    
8891.397        11856.869       9.96556565e-05  -1498.56244    
11856.869       15811.388       0               3.37107326e-06 
11856.869       15811.388       1.77215602e-10  -0.000620709642
11856.869       15811.388       3.15138857e-10  -0.00110769701 
11856.869       15811.388       5.6040494e-10   -0.00197645254 
11856.869       15811.388       9.96556566e-10  -0.00353002127 
11856.869       15811.388       1.77215602e-09  -0.00631994261 
11856.869       15811.388       3.15138857e-09  -0.0113662296  
11856.869       15811.388       5.6040494e-09   -0.0206026986  
11856.869       15811.388       9.96556566e-09  -0.0378259001  
11856.869       15811.388       1.77215602e-08  -0.0708086447  
11856.869       15811.388       3.15138857e-08  -0.136086954   
11856.869       15811.388       5.6040494e-08   -0.269484149   
11856.869       15811.388       9.96556566e-08  -0.547400746   
11856.869       15811.388       1.77215602e-07  -1.12506778    
11856.869       15811.388       3.15138857e-07  -2.29887044    
11856.869       15811.388       5.6040494e-07   -4.60713305    
11856.869       15811.388       9.96556566e-07  -9.00431373    
11856.869       15811.388       1.77215602e-06  -17.1759046    
11856.869       15811.388       3.15138857e-06  -32.1089137    
11856.869       15811.388       5.6040494e-06   -59.1170426    
11856.869       15811.388       9.96556566e-06  -107.674102    
11856.869       15811.388       1.77215602e-05  -194.682719    
11856.869       15811.388       3.15138857e-05  -350.287355    
11856.869       15811.388       5.6040494e-05   -628.201173    
11856.869       15811.388       9.96556566e-05  -1124.055      
15811.388       21084.826       0               2.31580088e-10 
15811.388       21084.826       1.77215602e-10  -0.00142647948 
15811.388       21084.826       3.15138856e-10  -0.0025366816  
15811.388       21084.826       5.60404939e-10  -0.00451093623 
15811.388       21084.826       9.96556565e-10  -0.00802172856 
15811.388       21084.826       1.77215602e-09  -0.0142649488  
15811.388       21084.826       3.15138856e-09  -0.0253672983  
15811.388       21084.826       5.60404939e-09  -0.0451108823  
15811.388       21084.826       9.96556565e-09  -0.0802220842  
15811.388       21084.826       1.77215602e-08  -0.142664639   
15811.388       21084.826       3.15138856e-08  -0.253720785   
15811.388       21084.826       5.60404939e-08  -0.451259388   
15811.388       21084.826       9.96556565e-08  -0.802693672   
15811.388       21084.826       1.77215602e-07  -1.42812345    
15811.388       21084.826       3.15138856e-07  -2.54178026    
15811.388       21084.826       5.60404939e-07  -4.52653255    
15811.388       21084.826       9.96556565e-07  -8.06837725    
15811.388       21084.826       1.77215602e-06  -14.3997694    
15811.388       21084.826       3.15138856e-06  -25.7386373    
15811.388       21084.826       5.60404939e-06  -46.0736798    
15811.388       21084.826       9.96556565e-06  -82.5567715    
15811.388       21084.826       1.77215602e-05  -147.966599    
15811.388       21084.826       3.15138856e-05  -265.080962    
15811.388       21084.826       5.60404939e-05  -474.454108    
15811.388       21084.826       9.96556565e-05  -848.256978    
21084.826       28117.066       0               1.24941835e-10 
21084.826       28117.066       1.77215602e-10  -0.000769581611
21084.826       28117.066       3.15138857e-10  -0.00136859303 
21084.826       28117.066       5.60404941e-10  -0.00243393624 
21084.826       28117.066       9.96556567e-10  -0.00432883613 
21084.826       28117.066       1.77215602e-09  -0.00769983019 
21084.826       28117.066       3.15138857e-09  -0.0136986032  
21084.826       28117.066       5.60404941e-09  -0.0243793329  
21084.826       28117.066       9.96556567e-09  -0.0434141856  
21084.826       28117.066       1.77215602e-08  -0.0773930223  
21084.826       28117.066       3.15138857e-08  -0.138216846   
21084.826       28117.066       5.60404941e-08  -0.247591636   
21084.826       28117.066       9.96556567e-08  -0.445661494   
21084.826       28117.066       1.77215602e-07  -0.80790334    
21084.826       28117.066       3.15138857e-07  -1.47819795    
21084.826       28117.066       5.60404941e-07  -2.73172289    
21084.826       28117.066       9.96556567e-07  -5.08858794    
21084.826       28117.066       1.77215602e-06  -9.51020437    
21084.826       28117.066       3.15138857e-06  -17.7350803    
21084.826       28117.066       5.60404941e-06  -32.8634804    
21084.826       28117.066       9.96556567e-06  -60.3954727    
21084.826       28117.066       1.77215602e-05  -110.087331    
21084.826       28117.066       3.15138857e-05  -199.26789     
21084.826       28117.066       5.60404941e-05  -358.748616    
21084.826       28117.066       9.96556567e-05  -643.339792    
28117.066       37494.712       0               1.34917855e-10 
28117.066       37494.712       1.77215602e-10  -0.000831090025
28117.066       37494.712       3.15138856e-10  -0.00147791161 
28117.066       37494.712       5.60404939e-10  -0.00262814377 
28117.066       37494.712       9.96556565e-10  -0.00467358631 
28117.066       37494.712       1.77215602e-09  -0.00831098117 
28117.066       37494.712       3.15138856e-09  -0.0147793693  
28117.066       37494.712       5.60404939e-09  -0.0262822354  
28117.066       37494.712       9.96556565e-09  -0.0467383813  
28117.066       37494.712       1.77215602e-08  -0.083117762   
28117.066       37494.712       3.15138856e-08  -0.147818774   
28117.066       37494.712       5.60404939e-08  -0.262901345   
28117.066       37494.712       9.96556565e-08  -0.467631818   
28117.066       37494.712       1.77215602e-07  -0.831952067   
28117.066       37494.712       3.15138856e-07  -1.48058355    
28117.066       37494.712       5.60404939e-07  -2.6363087     
28117.066       37494.712       9.96556565e-07  -4.69796676    
28117.066       37494.712       1.77215602e-06  -8.38125857    
28117.066       37494.712       3.15138856e-06  -14.972203     
28117.066       37494.712       5.60404939e-06  -26.7798194    
28117.066       37494.712       9.96556565e-06  -47.9390127    
28117.066       37494.712       1.77215602e-05  -85.8345332    
28117.066       37494.712       3.15138856e-05  -153.635773    
28117.066       37494.712       5.60404939e-05  -274.81115     
28117.066       37494.712       9.96556565e-05  -491.150116    
37494.712       50000           0               -0.000900357633
37494.712       50000           1.77215602e-10  -0.000874290033
37494.712       50000           3.15138857e-10  -0.000854268477
37494.712       50000           5.60404941e-10  -0.000819239674
37494.712       50000           9.96556567e-10  -0.000758763915
37494.712       50000           1.77215602e-09  -0.000656942174
37494.712       50000           3.15138857e-09  -0.000493858835
37494.712       50000           5.60404941e-09  -0.000260125901
37494.712       50000           9.96556567e-09  -1.91642118e-05
37494.712       50000           1.77215602e-08  -0.000125365062
37494.712       50000           3.15138857e-08  -0.00191234763 
37494.712       50000           5.60404941e-08  -0.00968129924 
37494.712       50000           9.96556567e-08  -0.0358850821  
37494.712       50000           1.77215602e-07  -0.11295554    
37494.712       50000           3.15138857e-07  -0.316239491   
37494.712       50000           5.60404941e-07  -0.802190626   
37494.712       50000           9.96556567e-07  -1.8684106     
37494.712       50000           1.77215602e-06  -4.05512771    
37494.712       50000           3.15138857e-06  -8.33075415    
37494.712       50000           5.60404941e-06  -16.4320598    
37494.712       50000           9.96556567e-06  -31.4720925    
37494.712       50000           1.77215602e-05  -59.0140076    
37494.712       50000           3.15138857e-05  -108.973416    
37494.712       50000           5.60404941e-05  -199.004763    
37494.712       50000           9.96556567e-05  -360.534409    
50000           66676.072       0               4.34730022e-06 
50000           66676.072       1.77215602e-10  -0.000477831232
50000           66676.072       3.15138856e-10  -0.000853100934
50000           66676.072       5.60404939e-10  -0.00152043549 
50000           66676.072       9.96556564e-10  -0.00270714334 
50000           66676.072       1.77215602e-09  -0.00481744319 
50000           66676.072       3.15138856e-09  -0.00857015142 
50000           66676.072       5.60404939e-09  -0.0152435324  
50000           66676.072       9.96556564e-09  -0.0271107228  
50000           66676.072       1.77215602e-08  -0.0482140751  
50000           66676.072       3.15138856e-08  -0.0857422753  
50000           66676.072       5.60404939e-08  -0.152479617   
50000           66676.072       9.96556564e-08  -0.27116267    
50000           66676.072       1.77215602e-07  -0.482231338   
50000           66676.072       3.15138856e-07  -0.857623858   
50000           66676.072       5.60404939e-07  -1.52534333    
50000           66676.072       9.96556564e-07  -2.71324937    
50000           66676.072       1.77215602e-06  -4.82723609    
50000           66676.072       3.15138856e-06  -8.59107206    
50000           66676.072       5.60404939e-06  -15.297021     
50000           66676.072       9.96556564e-06  -27.2552542    
50000           66676.072       1.77215602e-05  -48.5977571    
50000           66676.072       3.15138856e-05  -86.7088497    
50000           66676.072       5.60404939e-05  -154.759574    
50000           66676.072       9.96556564e-05  -276.196983    
66676.072       88913.968       0               5.95292704e-11 
66676.072       88913.968       1.77215602e-10  -0.000366588332
66676.072       88913.968       3.15138857e-10  -0.00065189653 
66676.072       88913.968       5.6040494e-10   -0.00115925423 
66676.072       88913.968       9.96556567e-10  -0.00206147798 
66676.072       88913.968       1.77215602e-09  -0.00366588392 
66676.072       88913.968       3.15138857e-09  -0.00651896605 
66676.072       88913.968       5.6040494e-09   -0.0115925435  
66676.072       88913.968       9.96556567e-09  -0.0206147824  
66676.072       88913.968       1.77215602e-08  -0.0366588464  
66676.072       88913.968       3.15138857e-08  -0.065189682   
66676.072       88913.968       5.6040494e-08   -0.115925502   
66676.072       88913.968       9.96556567e-08  -0.206148035   
66676.072       88913.968       1.77215602e-07  -0.366589129   
66676.072       88913.968       3.15138857e-07  -0.65189892    
66676.072       88913.968       5.6040494e-07   -1.15926165    
66676.072       88913.968       9.96556567e-07  -2.06150127    
66676.072       88913.968       1.77215602e-06  -3.66595723    
66676.072       88913.968       3.15138857e-06  -6.51919644    
66676.072       88913.968       5.6040494e-06   -11.5932648    
66676.072       88913.968       9.96556567e-06  -20.6170244    
66676.072       88913.968       1.77215602e-05  -36.6657296    
66676.072       88913.968       3.15138857e-05  -65.2103908    
66676.072       88913.968       5.6040494e-05   -115.985888    
66676.072       88913.968       9.96556567e-05  -206.316456    
88913.968       118568.688      0               4.40145698e-11 
88913.968       118568.688      1.77215602e-10  -0.00027102087 
88913.968       118568.688      3.15138856e-10  -0.000481950868
88913.968       118568.688      5.60404939e-10  -0.000857043339
88913.968       118568.688      9.96556564e-10  -0.00152406256 
88913.968       118568.688      1.77215602e-09  -0.0027102091  
88913.968       118568.688      3.15138856e-09  -0.00481950908 
88913.968       118568.688      5.60404939e-09  -0.0085704338  
88913.968       118568.688      9.96556564e-09  -0.015240626   
88913.968       118568.688      1.77215602e-08  -0.0271020915  
88913.968       118568.688      3.15138856e-08  -0.0481950916  
88913.968       118568.688      5.60404939e-08  -0.0857043396  
88913.968       118568.688      9.96556564e-08  -0.152406264   
88913.968       118568.688      1.77215602e-07  -0.271020928   
88913.968       118568.688      3.15138856e-07  -0.481950954   
88913.968       118568.688      5.60404939e-07  -0.857043517   
88913.968       118568.688      9.96556564e-07  -1.52406303    
88913.968       118568.688      1.77215602e-06  -2.71021048    
88913.968       118568.688      3.15138856e-06  -4.81951335    
88913.968       118568.688      5.60404939e-06  -8.5704472     
88913.968       118568.688      9.96556564e-06  -15.2406682    
88913.968       118568.688      1.77215602e-05  -27.1022242    
88913.968       118568.688      3.15138856e-05  -48.1955077    
88913.968       118568.688      5.60404939e-05  -85.7056379    
88913.968       118568.688      9.96556564e-05  -152.410275    
118568.688      158113.888      0               1.76975476e-07 
118568.688      158113.888      1.77215602e-10  -0.000196082587
118568.688      158113.888      3.15138857e-10  -0.000348827365
118568.688      158113.888      5.6040494e-10   -0.000620450257
118568.688      158113.888      9.96556566e-10  -0.00110347166 
118568.688      158113.888      1.77215602e-09  -0.00196241867 
118568.688      158113.888      3.15138857e-09  -0.00348986649 
118568.688      158113.888      5.6040494e-09   -0.00620609554 
118568.688      158113.888      9.96556566e-09  -0.01103631    
118568.688      158113.888      1.77215602e-08  -0.0196257814  
118568.688      158113.888      3.15138857e-08  -0.0349002637  
118568.688      158113.888      5.6040494e-08   -0.0620625673  
118568.688      158113.888      9.96556566e-08  -0.110364753   
118568.688      158113.888      1.77215602e-07  -0.196259598   
118568.688      158113.888      3.15138857e-07  -0.349004833   
118568.688      158113.888      5.6040494e-07   -0.620629175   
118568.688      158113.888      9.96556566e-07  -1.10365515    
118568.688      158113.888      1.77215602e-06  -1.96261661    
118568.688      158113.888      3.15138857e-06  -3.49010993    
118568.688      158113.888      5.6040494e-06   -6.20648206    
118568.688      158113.888      9.96556566e-06  -11.0371442    
118568.688      158113.888      1.77215602e-05  -19.6280057    
118568.688      158113.888      3.15138857e-05  -34.9067473    
118568.688      158113.888      5.6040494e-05   -62.0818208    
118568.688      158113.888      9.96556566e-05  -110.421024    
158113.888      210848.256      0               2.20161667e-11 
158113.888      210848.256      1.77215602e-10  -0.000135551154
158113.888      210848.256      3.15138857e-10  -0.000241047875
158113.888      210848.256      5.6040494e-10   -0.000428650587
158113.888      210848.256      9.96556566e-10  -0.00076226084 
158113.888      210848.256      1.77215602e-09  -0.00135551375 
158113.888      210848.256      3.15138857e-09  -0.00241048531 
158113.888      210848.256      5.6040494e-09   -0.00428652619 
158113.888      210848.256      9.96556566e-09  -0.00762267222 
158113.888      210848.256      1.77215602e-08  -0.0135553389  
158113.888      210848.256      3.15138857e-08  -0.0241054891  
158113.888      210848.256      5.6040494e-08   -0.0428672715  
158113.888      210848.256      9.96556566e-08  -0.0762330689  
158113.888      210848.256      1.77215602e-07  -0.135573416   
158113.888      210848.256      3.15138857e-07  -0.241117982   
158113.888      210848.256      5.6040494e-07   -0.428870895   
158113.888      210848.256      9.96556566e-07  -0.762950051   
158113.888      210848.256      1.77215602e-06  -1.35765283    
158113.888      210848.256      3.15138857e-06  -2.41703528    
158113.888      210848.256      5.6040494e-06   -4.30614459    
158113.888      210848.256      9.96556566e-06  -7.67945933    
158113.888      210848.256      1.77215602e-05  -13.7118879    
158113.888      210848.256      3.15138857e-05  -24.5108784    
158113.888      210848.256      5.6040494e-05   -43.8452915    
158113.888      210848.256      9.96556566e-05  -78.43213      
210848.256      281170.656      0               9.15092713e-08 
210848.256      281170.656      1.77215602e-10  -0.000101389074
210848.256      281170.656      3.15138857e-10  -0.000180369323
210848.256      281170.656      5.60404941e-10  -0.000320818274
210848.256      281170.656      9.96556567e-10  -0.000570575753
210848.256      281170.656      1.77215602e-09  -0.00101471434 
210848.256      281170.656      3.15138857e-09  -0.00180451686 
210848.256      281170.656      5.60404941e-09  -0.00320900648 
210848.256      281170.656      9.96556567e-09  -0.00570658162 
210848.256      281170.656      1.77215602e-08  -0.0101479686  
210848.256      281170.656      3.15138857e-08  -0.0180459973  
210848.256      281170.656      5.60404941e-08  -0.0320909043  
210848.256      281170.656      9.96556567e-08  -0.0570666902  
210848.256      281170.656      1.77215602e-07  -0.101480669   
210848.256      281170.656      3.15138857e-07  -0.1804613     
210848.256      281170.656      5.60404941e-07  -0.32091146    
210848.256      281170.656      9.96556567e-07  -0.570672756   
210848.256      281170.656      1.77215602e-06  -1.01482339    
210848.256      281170.656      3.15138857e-06  -1.80466387    
210848.256      281170.656      5.60404941e-06  -3.20927273    
210848.256      281170.656      9.96556567e-06  -5.70722065    
210848.256      281170.656      1.77215602e-05  -10.149763     
210848.256      281170.656      3.15138857e-05  -18.0513203    
210848.256      281170.656      5.60404941e-05  -32.1067477    
210848.256      281170.656      9.96556567e-05  -57.112738     
281170.656      374947.104      0               1.17342802e-11 
281170.656      374947.104      1.77215602e-10  -7.22490561e-05
281170.656      374947.104      3.15138856e-10  -0.000128479018
281170.656      374947.104      5.60404939e-10  -0.000228471601
281170.656      374947.104      9.96556564e-10  -0.000406286354
281170.656      374947.104      1.77215602e-09  -0.000722490667
281170.656      374947.104      3.15138856e-09  -0.00128479029 
281170.656      374947.104      5.60404939e-09  -0.00228471612 
281170.656      374947.104      9.96556564e-09  -0.00406286364 
281170.656      374947.104      1.77215602e-08  -0.00722490677 
281170.656      374947.104      3.15138856e-08  -0.012847903   
281170.656      374947.104      5.60404939e-08  -0.0228471613  
281170.656      374947.104      9.96556564e-08  -0.0406286365  
281170.656      374947.104      1.77215602e-07  -0.0722490678  
281170.656      374947.104      3.15138856e-07  -0.12847903    
281170.656      374947.104      5.60404939e-07  -0.228471613   
281170.656      374947.104      9.96556564e-07  -0.406286366   
281170.656      374947.104      1.77215602e-06  -0.722490678   
281170.656      374947.104      3.15138856e-06  -1.2847903     
281170.656      374947.104      5.60404939e-06  -2.28471613    
281170.656      374947.104      9.96556564e-06  -4.06286366    
281170.656      374947.104      1.77215602e-05  -7.22490678    
281170.656      374947.104      3.15138856e-05  -12.847903     
281170.656      374947.104      5.60404939e-05  -22.8471613    
281170.656      374947.104      9.96556564e-05  -40.6286366    
374947.104      500000          0               7.70228326e-12 
374947.104      500000          1.77215602e-10  -4.74280497e-05
374947.104      500000          3.15138857e-10  -8.43403362e-05
374947.104      500000          5.6040494e-10   -0.000149980708
374947.104      500000          9.96556566e-10  -0.000266707671
374947.104      500000          1.77215602e-09  -0.000474280954
374947.104      500000          3.15138857e-09  -0.000843404657
374947.104      500000          5.6040494e-09   -0.00149981103 
374947.104      500000          9.96556566e-09  -0.00266708903 
374947.104      500000          1.77215602e-08  -0.00474284836 
374947.104      500000          3.15138857e-08  -0.00843416917 
374947.104      500000          5.6040494e-08   -0.0149984977  
374947.104      500000          9.96556566e-08  -0.0266721148  
374947.104      500000          1.77215602e-07  -0.0474323518  
374947.104      500000          3.15138857e-07  -0.0843539034  
374947.104      500000          5.6040494e-07   -0.150023479   
374947.104      500000          9.96556566e-07  -0.266842265   
374947.104      500000          1.77215602e-06  -0.474702998   
374947.104      500000          3.15138857e-06  -0.844719726   
374947.104      500000          5.6040494e-06   -1.50386463    
374947.104      500000          9.96556566e-06  -2.67936107    
374947.104      500000          1.77215602e-05  -4.77895374    
374947.104      500000          3.15138857e-05  -8.53598245    
374947.104      500000          5.6040494e-05   -15.2696469    
374947.104      500000          9.96556566e-05  -27.3464907    
