### like_leo_II.txt
#[0]emin(MeV) [1]emax(MeV) [2]eflux(MeV/cm^2/s) [3]deltaLogLike
500             666.760688      0               -0.802947662   
500             666.760688      1.77215602e-10  -0.800278728   
500             666.760688      3.15138857e-10  -0.798205036   
500             666.760688      5.6040494e-10   -0.794524962   
500             666.760688      9.96556566e-10  -0.788004545   
500             666.760688      1.77215602e-09  -0.77648449    
500             666.760688      3.15138857e-09  -0.756235219   
500             666.760688      5.6040494e-09   -0.720970191   
500             666.760688      9.96556566e-09  -0.660587142   
500             666.760688      1.77215602e-08  -0.560438866   
500             666.760688      3.15138857e-08  -0.404502075   
500             666.760688      5.6040494e-08   -0.193609018   
500             666.760688      9.96556566e-08  -0.0107430918  
500             666.760688      1.77215602e-07  -0.213272805   
500             666.760688      3.15138857e-07  -1.9234192     
500             666.760688      5.6040494e-07   -8.13327565    
500             666.760688      9.96556566e-07  -25.9521364    
500             666.760688      1.77215602e-06  -70.8617138    
500             666.760688      3.15138857e-06  -174.461585    
500             666.760688      5.6040494e-06   -398.368711    
500             666.760688      9.96556566e-06  -859.129427    
500             666.760688      1.77215602e-05  -1772.8642     
500             666.760688      3.15138857e-05  -3535.06128    
500             666.760688      5.6040494e-05   -6862.72723    
500             666.760688      9.96556566e-05  -13047.1127    
666.760688      889.139688      0               -0.631825093   
666.760688      889.139688      1.77215602e-10  -0.629031633   
666.760688      889.139688      3.15138856e-10  -0.626862497   
666.760688      889.139688      5.6040494e-10   -0.623015877   
666.760688      889.139688      9.96556565e-10  -0.616209316   
666.760688      889.139688      1.77215602e-09  -0.604211935   
666.760688      889.139688      3.15138856e-09  -0.583212543   
666.760688      889.139688      5.6040494e-09   -0.546920352   
666.760688      889.139688      9.96556565e-09  -0.485651678   
666.760688      889.139688      1.77215602e-08  -0.386749631   
666.760688      889.139688      3.15138856e-08  -0.241164058   
666.760688      889.139688      5.6040494e-08   -0.0706655447  
666.760688      889.139688      9.96556565e-08  -0.0131573037  
666.760688      889.139688      1.77215602e-07  -0.548970342   
666.760688      889.139688      3.15138856e-07  -3.02361362    
666.760688      889.139688      5.6040494e-07   -10.7223322    
666.760688      889.139688      9.96556565e-07  -30.89846      
666.760688      889.139688      1.77215602e-06  -78.418093     
666.760688      889.139688      3.15138856e-06  -182.188038    
666.760688      889.139688      5.6040494e-06   -396.526312    
666.760688      889.139688      9.96556565e-06  -821.494379    
666.760688      889.139688      1.77215602e-05  -1639.43459    
666.760688      889.139688      3.15138856e-05  -3180.43353    
666.760688      889.139688      5.6040494e-05   -6039.03158    
666.760688      889.139688      9.96556565e-05  -11281.706     
889.139688      1185.68688      0               -1.13637848    
889.139688      1185.68688      1.77215602e-10  -1.13167681    
889.139688      1185.68688      3.15138856e-10  -1.1280263     
889.139688      1185.68688      5.60404939e-10  -1.12155341    
889.139688      1185.68688      9.96556565e-10  -1.11010197    
889.139688      1185.68688      1.77215602e-09  -1.08992422    
889.139688      1185.68688      3.15138856e-09  -1.054626      
889.139688      1185.68688      5.60404939e-09  -0.993672723   
889.139688      1185.68688      9.96556565e-09  -0.890873348   
889.139688      1185.68688      1.77215602e-08  -0.724948308   
889.139688      1185.68688      3.15138856e-08  -0.47922304    
889.139688      1185.68688      5.60404939e-08  -0.179338442   
889.139688      1185.68688      9.96556565e-08  -4.70170362e-05
889.139688      1185.68688      1.77215602e-07  -0.511988098   
889.139688      1185.68688      3.15138856e-07  -3.17083703    
889.139688      1185.68688      5.60404939e-07  -11.2071927    
889.139688      1185.68688      9.96556565e-07  -31.2199662    
889.139688      1185.68688      1.77215602e-06  -76.0484984    
889.139688      1185.68688      3.15138856e-06  -169.929817    
889.139688      1185.68688      5.60404939e-06  -357.705259    
889.139688      1185.68688      9.96556565e-06  -721.258056    
889.139688      1185.68688      1.77215602e-05  -1408.89238    
889.139688      1185.68688      3.15138856e-05  -2687.75473    
889.139688      1185.68688      5.60404939e-05  -5037.17515    
889.139688      1185.68688      9.96556565e-05  -9314.70927    
1185.68688      1581.13888      0               0.00120388083  
1185.68688      1581.13888      1.77215602e-10  0.000526636472 
1185.68688      1581.13888      3.15138856e-10  -1.15761313e-05
1185.68688      1581.13888      5.6040494e-10   -0.00099261974 
1185.68688      1581.13888      9.96556565e-10  -0.00281243079 
1185.68688      1581.13888      1.77215602e-09  -0.00628373579 
1185.68688      1581.13888      3.15138856e-09  -0.0131852664  
1185.68688      1581.13888      5.6040494e-09   -0.0276812343  
1185.68688      1581.13888      9.96556565e-09  -0.0600713317  
1185.68688      1581.13888      1.77215602e-08  -0.136541003   
1185.68688      1581.13888      3.15138856e-08  -0.323107433   
1185.68688      1581.13888      5.6040494e-08   -0.779158206   
1185.68688      1581.13888      9.96556565e-08  -1.86472566    
1185.68688      1581.13888      1.77215602e-07  -4.33859624    
1185.68688      1581.13888      3.15138856e-07  -9.71812955    
1185.68688      1581.13888      5.6040494e-07   -20.9468073    
1185.68688      1581.13888      9.96556565e-07  -43.6365436    
1185.68688      1581.13888      1.77215602e-06  -88.335831     
1185.68688      1581.13888      3.15138856e-06  -174.596288    
1185.68688      1581.13888      5.6040494e-06   -338.211283    
1185.68688      1581.13888      9.96556565e-06  -644.093873    
1185.68688      1581.13888      1.77215602e-05  -1209.19687    
1185.68688      1581.13888      3.15138856e-05  -2243.33472    
1185.68688      1581.13888      5.6040494e-05   -4121.92932    
1185.68688      1581.13888      9.96556565e-05  -7515.56533    
1581.13888      2108.4825       0               0.000217883199 
1581.13888      2108.4825       1.77215602e-10  -0.00102131533 
1581.13888      2108.4825       3.15138857e-10  -0.00199614947 
1581.13888      2108.4825       5.6040494e-10   -0.00375203013 
1581.13888      2108.4825       9.96556566e-10  -0.00694463349 
1581.13888      2108.4825       1.77215602e-09  -0.0128409042  
1581.13888      2108.4825       3.15138857e-09  -0.0240025131  
1581.13888      2108.4825       5.6040494e-09   -0.0459052935  
1581.13888      2108.4825       9.96556566e-09  -0.0909190439  
1581.13888      2108.4825       1.77215602e-08  -0.188078084   
1581.13888      2108.4825       3.15138857e-08  -0.40600903    
1581.13888      2108.4825       5.6040494e-08   -0.902425016   
1581.13888      2108.4825       9.96556566e-08  -2.02093244    
1581.13888      2108.4825       1.77215602e-07  -4.46635735    
1581.13888      2108.4825       3.15138857e-07  -9.61315933    
1581.13888      2108.4825       5.6040494e-07   -20.0525899    
1581.13888      2108.4825       9.96556566e-07  -40.5778803    
1581.13888      2108.4825       1.77215602e-06  -79.9598321    
1581.13888      2108.4825       3.15138857e-06  -154.116889    
1581.13888      2108.4825       5.6040494e-06   -291.744794    
1581.13888      2108.4825       9.96556566e-06  -544.337132    
1581.13888      2108.4825       1.77215602e-05  -1004.07274    
1581.13888      2108.4825       3.15138857e-05  -1835.73525    
1581.13888      2108.4825       5.6040494e-05   -3333.5742     
1581.13888      2108.4825       9.96556566e-05  -6022.49227    
2108.4825       2811.70675      0               -0.00451088865 
2108.4825       2811.70675      1.77215602e-10  -0.00408884481 
2108.4825       2811.70675      3.15138856e-10  -0.00377507908 
2108.4825       2811.70675      5.60404939e-10  -0.0032486376  
2108.4825       2811.70675      9.96556564e-10  -0.00241093716 
2108.4825       2811.70675      1.77215602e-09  -0.0012259595  
2108.4825       2811.70675      3.15138856e-09  -4.65838143e-05
2108.4825       2811.70675      5.60404939e-09  -0.000699566391
2108.4825       2811.70675      9.96556564e-09  -0.00966496211 
2108.4825       2811.70675      1.77215602e-08  -0.0463383406  
2108.4825       2811.70675      3.15138856e-08  -0.161850856   
2108.4825       2811.70675      5.60404939e-08  -0.47685479    
2108.4825       2811.70675      9.96556564e-08  -1.25214811    
2108.4825       2811.70675      1.77215602e-07  -3.02126865    
2108.4825       2811.70675      3.15138856e-07  -6.84131888    
2108.4825       2811.70675      5.60404939e-07  -14.7472957    
2108.4825       2811.70675      9.96556564e-07  -30.5384391    
2108.4825       2811.70675      1.77215602e-06  -61.1417636    
2108.4825       2811.70675      3.15138856e-06  -119.040574    
2108.4825       2811.70675      5.60404939e-06  -226.645055    
2108.4825       2811.70675      9.96556564e-06  -424.11189     
2108.4825       2811.70675      1.77215602e-05  -783.259845    
2108.4825       2811.70675      3.15138856e-05  -1432.31318    
2108.4825       2811.70675      5.60404939e-05  -2599.904      
2108.4825       2811.70675      9.96556564e-05  -4693.33445    
2811.70675      3749.471        0               0.00014832809  
2811.70675      3749.471        1.77215602e-10  -0.00259577886 
2811.70675      3749.471        3.15138857e-10  -0.00473454153 
2811.70675      3749.471        5.6040494e-10   -0.00854449441 
2811.70675      3749.471        9.96556566e-10  -0.0153405177  
2811.70675      3749.471        1.77215602e-09  -0.0274910538  
2811.70675      3749.471        3.15138857e-09  -0.0493009676  
2811.70675      3749.471        5.6040494e-09   -0.0887068799  
2811.70675      3749.471        9.96556566e-09  -0.16064461    
2811.70675      3749.471        1.77215602e-08  -0.293947261   
2811.70675      3749.471        3.15138857e-08  -0.545639231   
2811.70675      3749.471        5.6040494e-08   -1.0298933     
2811.70675      3749.471        9.96556566e-08  -1.97362848    
2811.70675      3749.471        1.77215602e-07  -3.8177402     
2811.70675      3749.471        3.15138857e-07  -7.39859798    
2811.70675      3749.471        5.6040494e-07   -14.2772656    
2811.70675      3749.471        9.96556566e-07  -27.3353969    
2811.70675      3749.471        1.77215602e-06  -51.8372073    
2811.70675      3749.471        3.15138857e-06  -97.3073141    
2811.70675      3749.471        5.6040494e-06   -180.855498    
2811.70675      3749.471        9.96556566e-06  -333.079845    
2811.70675      3749.471        1.77215602e-05  -608.5611      
2811.70675      3749.471        3.15138857e-05  -1104.52826    
2811.70675      3749.471        5.6040494e-05   -1994.07691    
2811.70675      3749.471        9.96556566e-05  -3585.30341    
3749.471        5000            0               7.36463335e-10 
3749.471        5000            1.77215602e-10  -0.00453571836 
3749.471        5000            3.15138856e-10  -0.00806579003 
3749.471        5000            5.60404939e-10  -0.0143432759  
3749.471        5000            9.96556565e-10  -0.0255065015  
3749.471        5000            1.77215602e-09  -0.0453581571  
3749.471        5000            3.15138856e-09  -0.0806609627  
3749.471        5000            5.60404939e-09  -0.143442421   
3749.471        5000            9.96556565e-09  -0.255095505   
3749.471        5000            1.77215602e-08  -0.453677702   
3749.471        5000            3.15138856e-08  -0.8069121     
3749.471        5000            5.60404939e-08  -1.43537235    
3749.471        5000            9.96556565e-08  -2.55390762    
3749.471        5000            1.77215602e-07  -4.54586857    
3749.471        5000            3.15138856e-07  -8.09659692    
3749.471        5000            5.60404939e-07  -14.4343314    
3749.471        5000            9.96556565e-07  -25.7653783    
3749.471        5000            1.77215602e-06  -46.0572627    
3749.471        5000            3.15138856e-06  -82.4384552    
3749.471        5000            5.60404939e-06  -147.688401    
3749.471        5000            9.96556565e-06  -264.664681    
3749.471        5000            1.77215602e-05  -474.175199    
3749.471        5000            3.15138856e-05  -848.967327    
3749.471        5000            5.60404939e-05  -1518.58789    
3749.471        5000            9.96556565e-05  -2713.59419    
5000            6667.607        0               8.63360467e-05 
5000            6667.607        1.77215602e-10  -0.0034603413  
5000            6667.607        3.15138857e-10  -0.00622064873 
5000            6667.607        5.6040494e-10   -0.0111292498  
5000            6667.607        9.96556566e-10  -0.0198581242  
5000            6667.607        1.77215602e-09  -0.0353805338  
5000            6667.607        3.15138857e-09  -0.0629838166  
5000            6667.607        5.6040494e-09   -0.112070486   
5000            6667.607        9.96556566e-09  -0.199361313   
5000            6667.607        1.77215602e-08  -0.354591988   
5000            6667.607        3.15138857e-08  -0.63064558    
5000            6667.607        5.6040494e-08   -1.12157772    
5000            6667.607        9.96556566e-08  -1.99469168    
5000            6667.607        1.77215602e-07  -3.54764207    
5000            6667.607        3.15138857e-07  -6.31017594    
5000            6667.607        5.6040494e-07   -11.2256156    
5000            6667.607        9.96556566e-07  -19.9750731    
5000            6667.607        1.77215602e-06  -35.557493     
5000            6667.607        3.15138857e-06  -63.3278104    
5000            6667.607        5.6040494e-06   -112.852018    
5000            6667.607        9.96556566e-06  -201.211642    
5000            6667.607        1.77215602e-05  -358.876702    
5000            6667.607        3.15138857e-05  -640.141081    
5000            6667.607        5.6040494e-05   -1141.67645    
5000            6667.607        9.96556566e-05  -2035.53569    
6667.607        8891.397        0               3.88673272e-05 
6667.607        8891.397        1.77215602e-10  -0.00139874241 
6667.607        8891.397        3.15138856e-10  -0.00251847052 
6667.607        8891.397        5.6040494e-10   -0.00451152829 
6667.607        8891.397        9.96556565e-10  -0.00806163014 
6667.607        8891.397        1.77215602e-09  -0.0143932124  
6667.607        8891.397        3.15138856e-09  -0.0257104497  
6667.607        8891.397        5.6040494e-09   -0.0460154163  
6667.607        8891.397        9.96556565e-09  -0.0826734781  
6667.607        8891.397        1.77215602e-08  -0.149505734   
6667.607        8891.397        3.15138856e-08  -0.273073714   
6667.607        8891.397        5.6040494e-08   -0.505548907   
6667.607        8891.397        9.96556565e-08  -0.950288252   
6667.607        8891.397        1.77215602e-07  -1.80935642    
6667.607        8891.397        3.15138856e-07  -3.46573343    
6667.607        8891.397        5.6040494e-07   -6.6222294     
6667.607        8891.397        9.96556565e-07  -12.5436579    
6667.607        8891.397        1.77215602e-06  -23.4910696    
6667.607        8891.397        3.15138856e-06  -43.5001532    
6667.607        8891.397        5.6040494e-06   -79.7678355    
6667.607        8891.397        9.96556565e-06  -145.120759    
6667.607        8891.397        1.77215602e-05  -262.412337    
6667.607        8891.397        3.15138856e-05  -472.351042    
6667.607        8891.397        5.6040494e-05   -847.428676    
6667.607        8891.397        9.96556565e-05  -1516.69459    
8891.397        11856.869       0               4.11481971e-05 
8891.397        11856.869       1.77215602e-10  -0.00194318984 
8891.397        11856.869       3.15138856e-10  -0.00348756014 
8891.397        11856.869       5.60404939e-10  -0.00623388389 
8891.397        11856.869       9.96556565e-10  -0.0111176207  
8891.397        11856.869       1.77215602e-09  -0.0198022879  
8891.397        11856.869       3.15138856e-09  -0.0352461112  
8891.397        11856.869       5.60404939e-09  -0.0627097293  
8891.397        11856.869       9.96556565e-09  -0.1115483     
8891.397        11856.869       1.77215602e-08  -0.198398771   
8891.397        11856.869       3.15138856e-08  -0.352848996   
8891.397        11856.869       5.60404939e-08  -0.627522974   
8891.397        11856.869       9.96556565e-08  -1.11602752    
8891.397        11856.869       1.77215602e-07  -1.98490418    
8891.397        11856.869       3.15138856e-07  -3.53056173    
8891.397        11856.869       5.60404939e-07  -6.28084296    
8891.397        11856.869       9.96556565e-07  -11.1765098    
8891.397        11856.869       1.77215602e-06  -19.8960474    
8891.397        11856.869       3.15138856e-06  -35.4373093    
8891.397        11856.869       5.60404939e-06  -63.157582     
8891.397        11856.869       9.96556565e-06  -112.627638    
8891.397        11856.869       1.77215602e-05  -200.929011    
8891.397        11856.869       3.15138856e-05  -358.516317    
8891.397        11856.869       5.60404939e-05  -639.64468     
8891.397        11856.869       9.96556565e-05  -1140.91248    
11856.869       15811.388       0               2.33455921e-10 
11856.869       15811.388       1.77215602e-10  -0.00143726551 
11856.869       15811.388       3.15138857e-10  -0.00255586322 
11856.869       15811.388       5.6040494e-10   -0.0045450498  
11856.869       15811.388       9.96556566e-10  -0.0080824024  
11856.869       15811.388       1.77215602e-09  -0.0143728766  
11856.869       15811.388       3.15138857e-09  -0.0255593279  
11856.869       15811.388       5.6040494e-09   -0.0454526921  
11856.869       15811.388       9.96556566e-09  -0.0808309503  
11856.869       15811.388       1.77215602e-08  -0.143750622   
11856.869       15811.388       3.15138857e-08  -0.255662153   
11856.869       15811.388       5.6040494e-08   -0.454743398   
11856.869       15811.388       9.96556566e-08  -0.808986797   
11856.869       15811.388       1.77215602e-07  -1.43960844    
11856.869       15811.388       3.15138857e-07  -2.56305874    
11856.869       15811.388       5.6040494e-07   -4.5667113     
11856.869       15811.388       9.96556566e-07  -8.14562236    
11856.869       15811.388       1.77215602e-06  -14.5493812    
11856.869       15811.388       3.15138857e-06  -26.024739     
11856.869       15811.388       5.6040494e-06   -46.6023752    
11856.869       15811.388       9.96556566e-06  -83.489295     
11856.869       15811.388       1.77215602e-05  -149.536623    
11856.869       15811.388       3.15138857e-05  -267.62603     
11856.869       15811.388       5.6040494e-05   -478.476351    
11856.869       15811.388       9.96556566e-05  -854.534127    
15811.388       21084.826       0               1.86844318e-10 
15811.388       21084.826       1.77215602e-10  -0.00115011305 
15811.388       21084.826       3.15138856e-10  -0.00204522251 
15811.388       21084.826       5.60404939e-10  -0.00363697723 
15811.388       21084.826       9.96556565e-10  -0.0064675619  
15811.388       21084.826       1.77215602e-09  -0.0115011324  
15811.388       21084.826       3.15138856e-09  -0.0204522273  
15811.388       21084.826       5.60404939e-09  -0.0363697756  
15811.388       21084.826       9.96556565e-09  -0.0646756259  
15811.388       21084.826       1.77215602e-08  -0.115011342   
15811.388       21084.826       3.15138856e-08  -0.204522327   
15811.388       21084.826       5.60404939e-08  -0.363697923   
15811.388       21084.826       9.96556565e-08  -0.64675678    
15811.388       21084.826       1.77215602e-07  -1.15011506    
15811.388       21084.826       3.15138856e-07  -2.04522846    
15811.388       21084.826       5.60404939e-07  -3.63699563    
15811.388       21084.826       9.96556565e-07  -6.46761955    
15811.388       21084.826       1.77215602e-06  -11.5013136    
15811.388       21084.826       3.15138856e-06  -20.4527963    
15811.388       21084.826       5.60404939e-06  -36.3715541    
15811.388       21084.826       9.96556565e-06  -64.6811386    
15811.388       21084.826       1.77215602e-05  -115.028195    
15811.388       21084.826       3.15138856e-05  -204.572724    
15811.388       21084.826       5.60404939e-05  -363.843827    
15811.388       21084.826       9.96556565e-05  -647.161285    
21084.826       28117.066       0               1.21474386e-10 
21084.826       28117.066       1.77215602e-10  -0.000747739311
21084.826       28117.066       3.15138857e-10  -0.00132970016 
21084.826       28117.066       5.60404941e-10  -0.00236461218 
21084.826       28117.066       9.96556567e-10  -0.00420504767 
21084.826       28117.066       1.77215602e-09  -0.00747808614 
21084.826       28117.066       3.15138857e-09  -0.0132991893  
21084.826       28117.066       5.60404941e-09  -0.0236530287  
21084.826       28117.066       9.96556567e-09  -0.0420722673  
21084.826       28117.066       1.77215602e-08  -0.0748494953  
21084.826       28117.066       3.15138857e-08  -0.133207419   
21084.826       28117.066       5.60404941e-08  -0.237203511   
21084.826       28117.066       9.96556567e-08  -0.422806354   
21084.826       28117.066       1.77215602e-07  -0.754844543   
21084.826       28117.066       3.15138857e-07  -1.35093597    
21084.826       28117.066       5.60404941e-07  -2.42588381    
21084.826       28117.066       9.96556567e-07  -4.37321876    
21084.826       28117.066       1.77215602e-06  -7.91123698    
21084.826       28117.066       3.15138857e-06  -14.3380921    
21084.826       28117.066       5.60404941e-06  -25.9755258    
21084.826       28117.066       9.96556567e-06  -46.9513997    
21084.826       28117.066       1.77215602e-05  -84.5946332    
21084.826       28117.066       3.15138857e-05  -151.925094    
21084.826       28117.066       5.60404941e-05  -272.089858    
21084.826       28117.066       9.96556567e-05  -486.257387    
28117.066       37494.712       0               2.83087365e-05 
28117.066       37494.712       1.77215602e-10  -0.000612485893
28117.066       37494.712       3.15138856e-10  -0.0011112034  
28117.066       37494.712       5.60404939e-10  -0.00199806298 
28117.066       37494.712       9.96556565e-10  -0.00357514872 
28117.066       37494.712       1.77215602e-09  -0.00637965294 
28117.066       37494.712       3.15138856e-09  -0.0113668612  
28117.066       37494.712       5.60404939e-09  -0.0202355621  
28117.066       37494.712       9.96556565e-09  -0.0360067519  
28117.066       37494.712       1.77215602e-08  -0.0640528441  
28117.066       37494.712       3.15138856e-08  -0.113928244   
28117.066       37494.712       5.60404939e-08  -0.202625718   
28117.066       37494.712       9.96556565e-08  -0.360370586   
28117.066       37494.712       1.77215602e-07  -0.640935074   
28117.066       37494.712       3.15138856e-07  -1.14001272    
28117.066       37494.712       5.60404939e-07  -2.02799001    
28117.066       37494.712       9.96556565e-07  -3.60849743    
28117.066       37494.712       1.77215602e-06  -6.4232431     
28117.066       37494.712       3.15138856e-06  -11.4400431    
28117.066       37494.712       5.60404939e-06  -20.3899939    
28117.066       37494.712       9.96556565e-06  -36.3700041    
28117.066       37494.712       1.77215602e-05  -64.9142906    
28117.066       37494.712       3.15138856e-05  -115.896004    
28117.066       37494.712       5.60404939e-05  -206.907735    
28117.066       37494.712       9.96556565e-05  -369.27966     
37494.712       50000           0               -0.000382995466
37494.712       50000           1.77215602e-10  -0.000364266716
37494.712       50000           3.15138857e-10  -0.000349839381
37494.712       50000           5.60404941e-10  -0.000324505129
37494.712       50000           9.96556567e-10  -0.000280469256
37494.712       50000           1.77215602e-09  -0.000205364503
37494.712       50000           3.15138857e-09  -8.18924813e-05
37494.712       50000           5.60404941e-09  0.000106031451 
37494.712       50000           9.96556567e-09  0.000341519337 
37494.712       50000           1.77215602e-08  0.000455678012 
37494.712       50000           3.15138857e-08  -0.00026460711 
37494.712       50000           5.60404941e-08  -0.00426011823 
37494.712       50000           9.96556567e-08  -0.0189614017  
37494.712       50000           1.77215602e-07  -0.064806738   
37494.712       50000           3.15138857e-07  -0.192256158   
37494.712       50000           5.60404941e-07  -0.512512152   
37494.712       50000           9.96556567e-07  -1.24703001    
37494.712       50000           1.77215602e-06  -2.80783413    
37494.712       50000           3.15138857e-06  -5.93817926    
37494.712       50000           5.60404941e-06  -11.9657576    
37494.712       50000           9.96556567e-06  -23.252416     
37494.712       50000           1.77215602e-05  -43.989385     
37494.712       50000           3.15138857e-05  -81.6115546    
37494.712       50000           5.60404941e-05  -149.31901     
37494.712       50000           9.96556567e-05  -270.568396    
50000           66676.072       0               5.96500627e-11 
50000           66676.072       1.77215602e-10  -0.000367289907
50000           66676.072       3.15138856e-10  -0.000653144126
50000           66676.072       5.60404939e-10  -0.0011614728  
50000           66676.072       9.96556564e-10  -0.00206542321 
50000           66676.072       1.77215602e-09  -0.00367289961 
50000           66676.072       3.15138856e-09  -0.0065314418  
50000           66676.072       5.60404939e-09  -0.0116147285  
50000           66676.072       9.96556564e-09  -0.0206542327  
50000           66676.072       1.77215602e-08  -0.0367289968  
50000           66676.072       3.15138856e-08  -0.0653144191  
50000           66676.072       5.60404939e-08  -0.116147288   
50000           66676.072       9.96556564e-08  -0.206542333   
50000           66676.072       1.77215602e-07  -0.367289987   
50000           66676.072       3.15138856e-07  -0.653144249   
50000           66676.072       5.60404939e-07  -1.16147306    
50000           66676.072       9.96556564e-07  -2.06542391    
50000           66676.072       1.77215602e-06  -3.67290169    
50000           66676.072       3.15138856e-06  -6.53144823    
50000           66676.072       5.60404939e-06  -11.6147487    
50000           66676.072       9.96556564e-06  -20.6542962    
50000           66676.072       1.77215602e-05  -36.7291967    
50000           66676.072       3.15138856e-05  -65.3150461    
50000           66676.072       5.60404939e-05  -116.149243    
50000           66676.072       9.96556564e-05  -206.548369    
66676.072       88913.968       0               2.41985305e-07 
66676.072       88913.968       1.77215602e-10  -0.000268111264
66676.072       88913.968       3.15138857e-10  -0.000476965073
66676.072       88913.968       5.6040494e-10   -0.000848365502
66676.072       88913.968       9.96556567e-10  -0.00150881924 
66676.072       88913.968       1.77215602e-09  -0.00268329053 
66676.072       88913.968       3.15138857e-09  -0.00477182868 
66676.072       88913.968       5.6040494e-09   -0.00848583314 
66676.072       88913.968       9.96556567e-09  -0.0150903711  
66676.072       88913.968       1.77215602e-08  -0.0268350858  
66676.072       88913.968       3.15138857e-08  -0.0477204728  
66676.072       88913.968       5.6040494e-08   -0.0848605352  
66676.072       88913.968       9.96556567e-08  -0.150905971   
66676.072       88913.968       1.77215602e-07  -0.268353295   
66676.072       88913.968       3.15138857e-07  -0.477207726   
66676.072       88913.968       5.6040494e-07   -0.848610121   
66676.072       88913.968       9.96556567e-07  -1.50907007    
66676.072       88913.968       1.77215602e-06  -2.68356097    
66676.072       88913.968       3.15138857e-06  -4.77216093    
66676.072       88913.968       5.6040494e-06   -8.4863598     
66676.072       88913.968       9.96556567e-06  -15.0915066    
66676.072       88913.968       1.77215602e-05  -26.8381147    
66676.072       88913.968       3.15138857e-05  -47.729317     
66676.072       88913.968       5.6040494e-05   -84.88688      
66676.072       88913.968       9.96556567e-05  -150.983312    
88913.968       118568.688      0               2.59490207e-11 
88913.968       118568.688      1.77215602e-10  -0.000159679731
88913.968       118568.688      3.15138856e-10  -0.000283956125
88913.968       118568.688      5.60404939e-10  -0.000504956279
88913.968       118568.688      9.96556564e-10  -0.000897962638
88913.968       118568.688      1.77215602e-09  -0.00159685778 
88913.968       118568.688      3.15138856e-09  -0.00283975192 
88913.968       118568.688      5.60404939e-09  -0.00505016502 
88913.968       118568.688      9.96556564e-09  -0.00898152902 
88913.968       118568.688      1.77215602e-08  -0.0159745869  
88913.968       118568.688      3.15138856e-08  -0.0284164817  
88913.968       118568.688      5.60404939e-08  -0.0505613938  
88913.968       118568.688      9.96556564e-08  -0.0900029876  
88913.968       118568.688      1.77215602e-07  -0.160332642   
88913.968       118568.688      3.15138856e-07  -0.285983459   
88913.968       118568.688      5.60404939e-07  -0.511168826   
88913.968       118568.688      9.96556564e-07  -0.91659312    
88913.968       118568.688      1.77215602e-06  -1.65088342    
88913.968       118568.688      3.15138856e-06  -2.98905384    
88913.968       118568.688      5.60404939e-06  -5.43791037    
88913.968       118568.688      9.96556564e-06  -9.91972378    
88913.968       118568.688      1.77215602e-05  -18.0892753    
88913.968       118568.688      3.15138856e-05  -32.8902078    
88913.968       118568.688      5.60404939e-05  -59.5466715    
88913.968       118568.688      9.96556564e-05  -107.335924    
118568.688      158113.888      0               8.86246184e-07 
118568.688      158113.888      1.77215602e-10  -0.0001395377  
118568.688      158113.888      3.15138857e-10  -0.000248826767
118568.688      158113.888      5.6040494e-10   -0.00044317327 
118568.688      158113.888      9.96556566e-10  -0.000788775666
118568.688      158113.888      1.77215602e-09  -0.00140335333 
118568.688      158113.888      3.15138857e-09  -0.00249624427 
118568.688      158113.888      5.6040494e-09   -0.00443971011 
118568.688      158113.888      9.96556566e-09  -0.00789573665 
118568.688      158113.888      1.77215602e-08  -0.0140415215  
118568.688      158113.888      3.15138857e-08  -0.0249704566  
118568.688      158113.888      5.6040494e-08   -0.0444051965  
118568.688      158113.888      9.96556566e-08  -0.0789657196  
118568.688      158113.888      1.77215602e-07  -0.140424382   
118568.688      158113.888      3.15138857e-07  -0.249716306   
118568.688      158113.888      5.6040494e-07   -0.444071824   
118568.688      158113.888      9.96556566e-07  -0.789702645   
118568.688      158113.888      1.77215602e-06  -1.40436971    
118568.688      158113.888      3.15138857e-06  -2.49754066    
118568.688      158113.888      5.6040494e-06   -4.44187728    
118568.688      158113.888      9.96556566e-06  -7.90057863    
118568.688      158113.888      1.77215602e-05  -14.0544134    
118568.688      158113.888      3.15138857e-05  -25.0068016    
118568.688      158113.888      5.6040494e-05   -44.5066697    
118568.688      158113.888      9.96556566e-05  -79.2368279    
158113.888      210848.256      0               2.72611679e-07 
158113.888      210848.256      1.77215602e-10  -0.000100511753
158113.888      210848.256      3.15138857e-10  -0.00017895015 
158113.888      210848.256      5.6040494e-10   -0.000318435538
158113.888      210848.256      9.96556566e-10  -0.00056647954 
158113.888      210848.256      1.77215602e-09  -0.00100757111 
158113.888      210848.256      3.15138857e-09  -0.00179195523 
158113.888      210848.256      5.6040494e-09   -0.0031868096  
158113.888      210848.256      9.96556566e-09  -0.00566725115 
158113.888      210848.256      1.77215602e-08  -0.0100781716  
158113.888      210848.256      3.15138857e-08  -0.0179220282  
158113.888      210848.256      5.6040494e-08   -0.0318706204  
158113.888      210848.256      9.96556566e-08  -0.0566751891  
158113.888      210848.256      1.77215602e-07  -0.100784878   
158113.888      210848.256      3.15138857e-07  -0.179224974   
158113.888      210848.256      5.6040494e-07   -0.318715727   
158113.888      210848.256      9.96556566e-07  -0.566776651   
158113.888      210848.256      1.77215602e-06  -1.00792149    
158113.888      210848.256      3.15138857e-06  -1.7924728     
158113.888      210848.256      5.6040494e-06   -3.18784872    
158113.888      210848.256      9.96556566e-06  -5.66990092    
158113.888      210848.256      1.77215602e-05  -10.0857114    
158113.888      210848.256      3.15138857e-05  -17.9440083    
158113.888      210848.256      5.6040494e-05   -31.9334702    
158113.888      210848.256      9.96556566e-05  -56.8470082    
210848.256      281170.656      0               1.18172139e-11 
210848.256      281170.656      1.77215602e-10  -7.27594213e-05
210848.256      281170.656      3.15138857e-10  -0.00012938659 
210848.256      281170.656      5.60404941e-10  -0.000230085518
210848.256      281170.656      9.96556567e-10  -0.000409156349
210848.256      281170.656      1.77215602e-09  -0.000727594319
210848.256      281170.656      3.15138857e-09  -0.00129386601 
210848.256      281170.656      5.60404941e-09  -0.00230085529 
210848.256      281170.656      9.96556567e-09  -0.00409156359 
210848.256      281170.656      1.77215602e-08  -0.0072759433  
210848.256      281170.656      3.15138857e-08  -0.0129386602  
210848.256      281170.656      5.60404941e-08  -0.023008553   
210848.256      281170.656      9.96556567e-08  -0.040915636   
210848.256      281170.656      1.77215602e-07  -0.0727594331  
210848.256      281170.656      3.15138857e-07  -0.129386602   
210848.256      281170.656      5.60404941e-07  -0.23008553    
210848.256      281170.656      9.96556567e-07  -0.40915636    
210848.256      281170.656      1.77215602e-06  -0.727594331   
210848.256      281170.656      3.15138857e-06  -1.29386602    
210848.256      281170.656      5.60404941e-06  -2.3008553     
210848.256      281170.656      9.96556567e-06  -4.0915636     
210848.256      281170.656      1.77215602e-05  -7.27594331    
210848.256      281170.656      3.15138857e-05  -12.9386602    
210848.256      281170.656      5.60404941e-05  -23.008553     
210848.256      281170.656      9.96556567e-05  -40.915636     
281170.656      374947.104      0               8.32667268e-12 
281170.656      374947.104      1.77215602e-10  -5.12682497e-05
281170.656      374947.104      3.15138856e-10  -9.11692793e-05
281170.656      374947.104      5.60404939e-10  -0.000162124459
281170.656      374947.104      9.96556564e-10  -0.000288302593
281170.656      374947.104      1.77215602e-09  -0.000512682572
281170.656      374947.104      3.15138856e-09  -0.000911692868
281170.656      374947.104      5.60404939e-09  -0.00162124466 
281170.656      374947.104      9.96556564e-09  -0.00288302601 
281170.656      374947.104      1.77215602e-08  -0.00512682579 
281170.656      374947.104      3.15138856e-08  -0.00911692875 
281170.656      374947.104      5.60404939e-08  -0.0162124467  
281170.656      374947.104      9.96556564e-08  -0.0288302601  
281170.656      374947.104      1.77215602e-07  -0.051268258   
281170.656      374947.104      3.15138856e-07  -0.0911692876  
281170.656      374947.104      5.60404939e-07  -0.162124467   
281170.656      374947.104      9.96556564e-07  -0.288302601   
281170.656      374947.104      1.77215602e-06  -0.51268258    
281170.656      374947.104      3.15138856e-06  -0.911692876   
281170.656      374947.104      5.60404939e-06  -1.62124467    
281170.656      374947.104      9.96556564e-06  -2.88302601    
281170.656      374947.104      1.77215602e-05  -5.1268258     
281170.656      374947.104      3.15138856e-05  -9.11692876    
281170.656      374947.104      5.60404939e-05  -16.2124467    
281170.656      374947.104      9.96556564e-05  -28.8302601    
374947.104      500000          0               5.77582426e-12 
374947.104      500000          1.77215602e-10  -3.55628771e-05
374947.104      500000          3.15138857e-10  -6.32407367e-05
374947.104      500000          5.6040494e-10   -0.000112459704
374947.104      500000          9.96556566e-10  -0.000199984781
374947.104      500000          1.77215602e-09  -0.000355628823
374947.104      500000          3.15138857e-09  -0.000632407419
374947.104      500000          5.6040494e-09   -0.0011245971  
374947.104      500000          9.96556566e-09  -0.00199984787 
374947.104      500000          1.77215602e-08  -0.00355628829 
374947.104      500000          3.15138857e-08  -0.00632407424 
374947.104      500000          5.6040494e-08   -0.011245971   
374947.104      500000          9.96556566e-08  -0.0199984787  
374947.104      500000          1.77215602e-07  -0.0355628829  
374947.104      500000          3.15138857e-07  -0.0632407425  
374947.104      500000          5.6040494e-07   -0.11245971    
374947.104      500000          9.96556566e-07  -0.199984787   
374947.104      500000          1.77215602e-06  -0.355628829   
374947.104      500000          3.15138857e-06  -0.632407425   
374947.104      500000          5.6040494e-06   -1.1245971     
374947.104      500000          9.96556566e-06  -1.99984787    
374947.104      500000          1.77215602e-05  -3.55628829    
374947.104      500000          3.15138857e-05  -6.32407425    
374947.104      500000          5.6040494e-05   -11.245971     
374947.104      500000          9.96556566e-05  -19.9984787    
