### like_canes_venatici_II.txt
#[0]emin(MeV) [1]emax(MeV) [2]eflux(MeV/cm^2/s) [3]deltaLogLike
500             666.760688      0               3.81378377e-05 
500             666.760688      1.77215602e-10  -0.000719189044
500             666.760688      3.15138857e-10  -0.0013114448  
500             666.760688      5.6040494e-10   -0.00237078632 
500             666.760688      9.96556566e-10  -0.00427400662 
500             666.760688      1.77215602e-09  -0.00771975905 
500             666.760688      3.15138857e-09  -0.0140405361  
500             666.760688      5.6040494e-09   -0.0258886536  
500             666.760688      9.96556566e-09  -0.0488631384  
500             666.760688      1.77215602e-08  -0.0956472226  
500             666.760688      3.15138857e-08  -0.197076105   
500             666.760688      5.6040494e-08   -0.43241708    
500             666.760688      9.96556566e-08  -1.01143768    
500             666.760688      1.77215602e-07  -2.48765384    
500             666.760688      3.15138857e-07  -6.2741494     
500             666.760688      5.6040494e-07   -15.7844002    
500             666.760688      9.96556566e-07  -38.7461955    
500             666.760688      1.77215602e-06  -91.6111275    
500             666.760688      3.15138857e-06  -207.689003    
500             666.760688      5.6040494e-06   -451.941165    
500             666.760688      9.96556566e-06  -947.650641    
500             666.760688      1.77215602e-05  -1924.19144    
500             666.760688      3.15138857e-05  -3802.27085    
500             666.760688      5.6040494e-05   -7345.77934    
500             666.760688      9.96556566e-05  -13931.9743    
666.760688      889.139688      0               -0.0419053873  
666.760688      889.139688      1.77215602e-10  -0.0411042083  
666.760688      889.139688      3.15138856e-10  -0.0404862482  
666.760688      889.139688      5.6040494e-10   -0.0393993943  
666.760688      889.139688      9.96556565e-10  -0.037504701   
666.760688      889.139688      1.77215602e-09  -0.034255272   
666.760688      889.139688      3.15138856e-09  -0.028853604   
666.760688      889.139688      5.6040494e-09   -0.0204263843  
666.760688      889.139688      9.96556565e-09  -0.00909675632 
666.760688      889.139688      1.77215602e-08  -0.000135450877
666.760688      889.139688      3.15138856e-08  -0.0176264767  
666.760688      889.139688      5.6040494e-08   -0.144924742   
666.760688      889.139688      9.96556565e-08  -0.632879046   
666.760688      889.139688      1.77215602e-07  -2.15884298    
666.760688      889.139688      3.15138856e-07  -6.3802681     
666.760688      889.139688      5.6040494e-07   -17.0167183    
666.760688      889.139688      9.96556565e-07  -41.8700542    
666.760688      889.139688      1.77215602e-06  -96.5377996    
666.760688      889.139688      3.15138856e-06  -211.158432    
666.760688      889.139688      5.6040494e-06   -442.527303    
666.760688      889.139688      9.96556565e-06  -895.765341    
666.760688      889.139688      1.77215602e-05  -1763.06204    
666.760688      889.139688      3.15138856e-05  -3392.87391    
666.760688      889.139688      5.6040494e-05   -6413.23608    
666.760688      889.139688      9.96556565e-05  -11951.0959    
889.139688      1185.68688      0               -0.827419504   
889.139688      1185.68688      1.77215602e-10  -0.823081779   
889.139688      1185.68688      3.15138856e-10  -0.819715739   
889.139688      1185.68688      5.60404939e-10  -0.813751383   
889.139688      1185.68688      9.96556565e-10  -0.803212564   
889.139688      1185.68688      1.77215602e-09  -0.784683762   
889.139688      1185.68688      3.15138856e-09  -0.752398621   
889.139688      1185.68688      5.60404939e-09  -0.697050588   
889.139688      1185.68688      9.96556565e-09  -0.604956626   
889.139688      1185.68688      1.77215602e-08  -0.460183282   
889.139688      1185.68688      3.15138856e-08  -0.257755174   
889.139688      1185.68688      5.60404939e-08  -0.0487718079  
889.139688      1185.68688      9.96556565e-08  -0.061251023   
889.139688      1185.68688      1.77215602e-07  -0.971208726   
889.139688      1185.68688      3.15138856e-07  -4.43176781    
889.139688      1185.68688      5.60404939e-07  -14.0219674    
889.139688      1185.68688      9.96556565e-07  -36.9103578    
889.139688      1185.68688      1.77215602e-06  -86.8132565    
889.139688      1185.68688      3.15138856e-06  -189.326949    
889.139688      1185.68688      5.60404939e-06  -391.541262    
889.139688      1185.68688      9.96556565e-06  -779.282483    
889.139688      1185.68688      1.77215602e-05  -1507.90827    
889.139688      1185.68688      3.15138856e-05  -2857.18895    
889.139688      1185.68688      5.60404939e-05  -5329.05492    
889.139688      1185.68688      9.96556565e-05  -9821.60592    
1185.68688      1581.13888      0               -1.59753955    
1185.68688      1581.13888      1.77215602e-10  -1.58973656    
1185.68688      1581.13888      3.15138856e-10  -1.58368419    
1185.68688      1581.13888      5.6040494e-10   -1.57296559    
1185.68688      1581.13888      9.96556565e-10  -1.55404388    
1185.68688      1581.13888      1.77215602e-09  -1.52083022    
1185.68688      1581.13888      3.15138856e-09  -1.46311415    
1185.68688      1581.13888      5.6040494e-09   -1.36459526    
1185.68688      1581.13888      9.96556565e-09  -1.20167593    
1185.68688      1581.13888      1.77215602e-08  -0.947143948   
1185.68688      1581.13888      3.15138856e-08  -0.589495368   
1185.68688      1581.13888      5.6040494e-08   -0.189422417   
1185.68688      1581.13888      9.96556565e-08  -0.00685003462 
1185.68688      1581.13888      1.77215602e-07  -0.743834589   
1185.68688      1581.13888      3.15138856e-07  -3.97422398    
1185.68688      1581.13888      5.6040494e-07   -12.8889159    
1185.68688      1581.13888      9.96556565e-07  -33.5921238    
1185.68688      1581.13888      1.77215602e-06  -77.3914221    
1185.68688      1581.13888      3.15138856e-06  -164.916234    
1185.68688      1581.13888      5.6040494e-06   -333.568609    
1185.68688      1581.13888      9.96556565e-06  -650.938777    
1185.68688      1581.13888      1.77215602e-05  -1238.80228    
1185.68688      1581.13888      3.15138856e-05  -2315.87671    
1185.68688      1581.13888      5.6040494e-05   -4273.87642    
1185.68688      1581.13888      9.96556565e-05  -7812.72012    
1581.13888      2108.4825       0               -0.0380296717  
1581.13888      2108.4825       1.77215602e-10  -0.0368293161  
1581.13888      2108.4825       3.15138857e-10  -0.0359098573  
1581.13888      2108.4825       5.6040494e-10   -0.0343065265  
1581.13888      2108.4825       9.96556566e-10  -0.0315548694  
1581.13888      2108.4825       1.77215602e-09  -0.0269718919  
1581.13888      2108.4825       3.15138857e-09  -0.0197789341  
1581.13888      2108.4825       5.6040494e-09   -0.00988532601 
1581.13888      2108.4825       9.96556566e-09  -0.00080123397 
1581.13888      2108.4825       1.77215602e-08  -0.00844906909 
1581.13888      2108.4825       3.15138857e-08  -0.0839638647  
1581.13888      2108.4825       5.6040494e-08   -0.364277855   
1581.13888      2108.4825       9.96556566e-08  -1.16948888    
1581.13888      2108.4825       1.77215602e-07  -3.17524474    
1581.13888      2108.4825       3.15138857e-07  -7.71904252    
1581.13888      2108.4825       5.6040494e-07   -17.3625153    
1581.13888      2108.4825       9.96556566e-07  -36.9231937    
1581.13888      2108.4825       1.77215602e-06  -75.3352769    
1581.13888      2108.4825       3.15138857e-06  -148.970255    
1581.13888      2108.4825       5.6040494e-06   -287.541921    
1581.13888      2108.4825       9.96556566e-06  -544.613589    
1581.13888      2108.4825       1.77215602e-05  -1016.32239    
1581.13888      2108.4825       3.15138857e-05  -1874.7325     
1581.13888      2108.4825       5.6040494e-05   -3427.16649    
1581.13888      2108.4825       9.96556566e-05  -6221.701      
2108.4825       2811.70675      0               -0.0172684473  
2108.4825       2811.70675      1.77215602e-10  -0.0158961744  
2108.4825       2811.70675      3.15138856e-10  -0.0148717672  
2108.4825       2811.70675      5.60404939e-10  -0.0131428321  
2108.4825       2811.70675      9.96556564e-10  -0.0103547152  
2108.4825       2811.70675      1.77215602e-09  -0.0062656401  
2108.4825       2811.70675      3.15138856e-09  -0.00155305885 
2108.4825       2811.70675      5.60404939e-09  -0.000350582703
2108.4825       2811.70675      9.96556564e-09  -0.0168935067  
2108.4825       2811.70675      1.77215602e-08  -0.0900392516  
2108.4825       2811.70675      3.15138856e-08  -0.30963132    
2108.4825       2811.70675      5.60404939e-08  -0.858494182   
2108.4825       2811.70675      9.96556564e-08  -2.0803177     
2108.4825       2811.70675      1.77215602e-07  -4.60307506    
2108.4825       2811.70675      3.15138856e-07  -9.57642938    
2108.4825       2811.70675      5.60404939e-07  -19.1192794    
2108.4825       2811.70675      9.96556564e-07  -37.1355708    
2108.4825       2811.70675      1.77215602e-06  -70.7714933    
2108.4825       2811.70675      3.15138856e-06  -132.997747    
2108.4825       2811.70675      5.60404939e-06  -247.183545    
2108.4825       2811.70675      9.96556564e-06  -455.227446    
2108.4825       2811.70675      1.77215602e-05  -832.053187    
2108.4825       2811.70675      3.15138856e-05  -1511.45141    
2108.4825       2811.70675      5.60404939e-05  -2732.07283    
2108.4825       2811.70675      9.96556564e-05  -4919.20645    
2811.70675      3749.471        0               -0.0911898786  
2811.70675      3749.471        1.77215602e-10  -0.0888575371  
2811.70675      3749.471        3.15138857e-10  -0.0870698058  
2811.70675      3749.471        5.6040494e-10   -0.0839493929  
2811.70675      3749.471        9.96556566e-10  -0.0785825821  
2811.70675      3749.471        1.77215602e-09  -0.0695966474  
2811.70675      3749.471        3.15138857e-09  -0.0552851976  
2811.70675      3749.471        5.6040494e-09   -0.0346332916  
2811.70675      3749.471        9.96556566e-09  -0.0108865616  
2811.70675      3749.471        1.77215602e-08  -0.000749902116
2811.70675      3749.471        3.15138857e-08  -0.053265697   
2811.70675      3749.471        5.6040494e-08   -0.282408635   
2811.70675      3749.471        9.96556566e-08  -0.92108588    
2811.70675      3749.471        1.77215602e-07  -2.41931797    
2811.70675      3749.471        3.15138857e-07  -5.63353474    
2811.70675      3749.471        5.6040494e-07   -12.179312     
2811.70675      3749.471        9.96556566e-07  -25.0586769    
2811.70675      3749.471        1.77215602e-06  -49.7609862    
2811.70675      3749.471        3.15138857e-06  -96.2097756    
2811.70675      3749.471        5.6040494e-06   -182.227296    
2811.70675      3749.471        9.96556566e-06  -339.708544    
2811.70675      3749.471        1.77215602e-05  -625.622528    
2811.70675      3749.471        3.15138857e-05  -1141.59908    
2811.70675      3749.471        5.6040494e-05   -2068.76927    
2811.70675      3749.471        9.96556566e-05  -3729.71462    
3749.471        5000            0               8.00355338e-10 
3749.471        5000            1.77215602e-10  -0.00492858017 
3749.471        5000            3.15138856e-10  -0.00876439769 
3749.471        5000            5.60404939e-10  -0.0155855626  
3749.471        5000            9.96556565e-10  -0.02771553    
3749.471        5000            1.77215602e-09  -0.0492860969  
3749.471        5000            3.15138856e-09  -0.0876448947  
3749.471        5000            5.60404939e-09  -0.155858511   
3749.471        5000            9.96556565e-09  -0.277164402   
3749.471        5000            1.77215602e-08  -0.492889695   
3749.471        5000            3.15138856e-08  -0.876539536   
3749.471        5000            5.60404939e-08  -1.55887026    
3749.471        5000            9.96556565e-08  -2.77253844    
3749.471        5000            1.77215602e-07  -4.93168556    
3749.471        5000            3.15138856e-07  -8.77399927    
3749.471        5000            5.60404939e-07  -15.6147903    
3749.471        5000            9.96556565e-07  -27.8023101    
3749.471        5000            1.77215602e-06  -49.5343864    
3749.471        5000            3.15138856e-06  -88.3206193    
3749.471        5000            5.60404939e-06  -157.590075    
3749.471        5000            9.96556565e-06  -281.325963    
3749.471        5000            1.77215602e-05  -502.297698    
3749.471        5000            3.15138856e-05  -896.699433    
3749.471        5000            5.60404939e-05  -1600.20714    
3749.471        5000            9.96556565e-05  -2854.36908    
5000            6667.607        0               -0.0512428947  
5000            6667.607        1.77215602e-10  -0.0498796526  
5000            6667.607        3.15138857e-10  -0.0488343931  
5000            6667.607        5.6040494e-10   -0.0470092908  
5000            6667.607        9.96556566e-10  -0.0438686641  
5000            6667.607        1.77215602e-09  -0.0386071794  
5000            6667.607        3.15138857e-09  -0.0302291477  
5000            6667.607        5.6040494e-09   -0.0181973528  
5000            6667.607        9.96556566e-09  -0.00477790987 
5000            6667.607        1.77215602e-08  -0.00141987093 
5000            6667.607        3.15138857e-08  -0.0426087822  
5000            6667.607        5.6040494e-08   -0.210149118   
5000            6667.607        9.96556566e-08  -0.669801797   
5000            6667.607        1.77215602e-07  -1.72751456    
5000            6667.607        3.15138857e-07  -3.92844204    
5000            6667.607        5.6040494e-07   -8.24355407    
5000            6667.607        9.96556566e-07  -16.4156436    
5000            6667.607        1.77215602e-06  -31.5812297    
5000            6667.607        3.15138857e-06  -59.3699081    
5000            6667.607        5.6040494e-06   -109.847885    
5000            6667.607        9.96556566e-06  -200.971014    
5000            6667.607        1.77215602e-05  -364.729024    
5000            6667.607        3.15138857e-05  -658.081158    
5000            6667.607        5.6040494e-05   -1182.4312     
5000            6667.607        9.96556566e-05  -2118.30238    
6667.607        8891.397        0               4.07226253e-10 
6667.607        8891.397        1.77215602e-10  -0.00250881854 
6667.607        8891.397        3.15138856e-10  -0.00446142194 
6667.607        8891.397        5.6040494e-10   -0.00793378555 
6667.607        8891.397        9.96556565e-10  -0.0141089001  
6667.607        8891.397        1.77215602e-09  -0.0250908697  
6667.607        8891.397        3.15138856e-09  -0.0446226899  
6667.607        8891.397        5.6040494e-09   -0.0793645778  
6667.607        8891.397        9.96556565e-09  -0.141173184   
6667.607        8891.397        1.77215602e-08  -0.251173157   
6667.607        8891.397        3.15138856e-08  -0.447053598   
6667.607        8891.397        5.6040494e-08   -0.796207913   
6667.607        8891.397        9.96556565e-08  -1.4195579     
6667.607        8891.397        1.77215602e-07  -2.5350753     
6667.607        8891.397        3.15138856e-07  -4.53765185    
6667.607        8891.397        5.6040494e-07   -8.14512095    
6667.607        8891.397        9.96556565e-07  -14.6615258    
6667.607        8891.397        1.77215602e-06  -26.4442056    
6667.607        8891.397        3.15138856e-06  -47.7271993    
6667.607        8891.397        5.6040494e-06   -86.0788925    
6667.607        8891.397        9.96556565e-06  -154.997571    
6667.607        8891.397        1.77215602e-05  -278.541237    
6667.607        8891.397        3.15138856e-05  -499.574581    
6667.607        8891.397        5.6040494e-05   -894.436962    
6667.607        8891.397        9.96556565e-05  -1599.01874    
8891.397        11856.869       0               5.77762421e-06 
8891.397        11856.869       1.77215602e-10  -0.00213020599 
8891.397        11856.869       3.15138856e-10  -0.00379259831 
8891.397        11856.869       5.60404939e-10  -0.0067487969  
8891.397        11856.869       9.96556565e-10  -0.0120057457  
8891.397        11856.869       1.77215602e-09  -0.021354075   
8891.397        11856.869       3.15138856e-09  -0.0379780339  
8891.397        11856.869       5.60404939e-09  -0.0675401325  
8891.397        11856.869       9.96556565e-09  -0.120109977   
8891.397        11856.869       1.77215602e-08  -0.213594396   
8891.397        11856.869       3.15138856e-08  -0.379837541   
8891.397        11856.869       5.60404939e-08  -0.675469746   
8891.397        11856.869       9.96556565e-08  -1.20120353    
8891.397        11856.869       1.77215602e-07  -2.13615868    
8891.397        11856.869       3.15138856e-07  -3.79893665    
8891.397        11856.869       5.60404939e-07  -6.75633082    
8891.397        11856.869       9.96556565e-07  -12.0169332    
8891.397        11856.869       1.77215602e-06  -21.3761657    
8891.397        11856.869       3.15138856e-06  -38.031484     
8891.397        11856.869       5.60404939e-06  -67.6791146    
8891.397        11856.869       9.96556565e-06  -120.466869    
8891.397        11856.869       1.77215602e-05  -214.465896    
8891.397        11856.869       3.15138856e-05  -381.840293    
8891.397        11856.869       5.60404939e-05  -679.820995    
8891.397        11856.869       9.96556565e-05  -1210.24026    
11856.869       15811.388       0               2.90288961e-06 
11856.869       15811.388       1.77215602e-10  -0.00160684362 
11856.869       15811.388       3.15138857e-10  -0.00285967622 
11856.869       15811.388       5.6040494e-10   -0.00508756274 
11856.869       15811.388       9.96556566e-10  -0.00904936773 
11856.869       15811.388       1.77215602e-09  -0.0160945649  
11856.869       15811.388       3.15138857e-09  -0.0286228967  
11856.869       15811.388       5.6040494e-09   -0.0509017802  
11856.869       15811.388       9.96556566e-09  -0.0905198882  
11856.869       15811.388       1.77215602e-08  -0.160972043   
11856.869       15811.388       3.15138857e-08  -0.286255942   
11856.869       15811.388       5.6040494e-08   -0.50904661    
11856.869       15811.388       9.96556566e-08  -0.905233479   
11856.869       15811.388       1.77215602e-07  -1.60977329    
11856.869       15811.388       3.15138857e-07  -2.86266981    
11856.869       15811.388       5.6040494e-07   -5.09075715    
11856.869       15811.388       9.96556566e-07  -9.05319013    
11856.869       15811.388       1.77215602e-06  -16.1003347    
11856.869       15811.388       3.15138857e-06  -28.6346211    
11856.869       15811.388       5.6040494e-06   -50.9312994    
11856.869       15811.388       9.96556566e-06  -90.6007494    
11856.869       15811.388       1.77215602e-05  -161.193879    
11856.869       15811.388       3.15138857e-05  -286.841505    
11856.869       15811.388       5.6040494e-05   -510.508653    
11856.869       15811.388       9.96556566e-05  -908.673968    
15811.388       21084.826       0               1.09213858e-06 
15811.388       21084.826       1.77215602e-10  -0.00121005098 
15811.388       21084.826       3.15138856e-10  -0.00215265879 
15811.388       21084.826       5.60404939e-10  -0.00382887896 
15811.388       21084.826       9.96556565e-10  -0.00680966714 
15811.388       21084.826       1.77215602e-09  -0.0121103425  
15811.388       21084.826       3.15138856e-09  -0.021536428   
15811.388       21084.826       5.60404939e-09  -0.0382986532  
15811.388       21084.826       9.96556565e-09  -0.0681066092  
15811.388       21084.826       1.77215602e-08  -0.121113598   
15811.388       21084.826       3.15138856e-08  -0.215375194   
15811.388       21084.826       5.60404939e-08  -0.382999788   
15811.388       21084.826       9.96556565e-08  -0.681086742   
15811.388       21084.826       1.77215602e-07  -1.21117994    
15811.388       21084.826       3.15138856e-07  -2.15386919    
15811.388       21084.826       5.60404939e-07  -3.8303446     
15811.388       21084.826       9.96556565e-07  -6.81192717    
15811.388       21084.826       1.77215602e-06  -12.1150462    
15811.388       21084.826       3.15138856e-06  -21.5485032    
15811.388       21084.826       5.60404939e-06  -38.3322837    
15811.388       21084.826       9.96556565e-06  -68.2004183    
15811.388       21084.826       1.77215602e-05  -121.365258    
15811.388       21084.826       3.15138856e-05  -216.011482    
15811.388       21084.826       5.60404939e-05  -384.505546    
15811.388       21084.826       9.96556565e-05  -684.432739    
21084.826       28117.066       0               1.65372029e-06 
21084.826       28117.066       1.77215602e-10  -0.000915388012
21084.826       28117.066       3.15138857e-10  -0.00162910273 
21084.826       28117.066       5.60404941e-10  -0.00289828694 
21084.826       28117.066       9.96556567e-10  -0.00515525119 
21084.826       28117.066       1.77215602e-09  -0.00916876458 
21084.826       28117.066       3.15138857e-09  -0.0163059138  
21084.826       28117.066       5.60404941e-09  -0.0289977627  
21084.826       28117.066       9.96556567e-09  -0.0515674264  
21084.826       28117.066       1.77215602e-08  -0.0917026274  
21084.826       28117.066       3.15138857e-08  -0.163074332   
21084.826       28117.066       5.60404941e-08  -0.289993491   
21084.826       28117.066       9.96556567e-08  -0.515692247   
21084.826       28117.066       1.77215602e-07  -0.917050949   
21084.826       28117.066       3.15138857e-07  -1.63078912    
21084.826       28117.066       5.60404941e-07  -2.90004726    
21084.826       28117.066       9.96556567e-07  -5.15724398    
21084.826       28117.066       1.77215602e-06  -9.17148516    
21084.826       28117.066       3.15138857e-06  -16.310896     
21084.826       28117.066       5.60404941e-06  -29.0096829    
21084.826       28117.066       9.96556567e-06  -51.6001871    
21084.826       28117.066       1.77215602e-05  -91.7959445    
21084.826       28117.066       3.15138857e-05  -163.335306    
21084.826       28117.066       5.60404941e-05  -290.690153    
21084.826       28117.066       9.96556567e-05  -517.44173     
28117.066       37494.712       0               1.25887192e-06 
28117.066       37494.712       1.77215602e-10  -0.000696826221
28117.066       37494.712       3.15138856e-10  -0.00124013149 
28117.066       37494.712       5.60404939e-10  -0.00220628009 
28117.066       37494.712       9.96556565e-10  -0.00392436236 
28117.066       37494.712       1.77215602e-09  -0.00697959299 
28117.066       37494.712       3.15138856e-09  -0.0124126477  
28117.066       37494.712       5.60404939e-09  -0.0220741401  
28117.066       37494.712       9.96556565e-09  -0.0392549828  
28117.066       37494.712       1.77215602e-08  -0.0698073524  
28117.066       37494.712       3.15138856e-08  -0.1241381     
28117.066       37494.712       5.60404939e-08  -0.220753657   
28117.066       37494.712       9.96556565e-08  -0.392564086   
28117.066       37494.712       1.77215602e-07  -0.698094107   
28117.066       37494.712       3.15138856e-07  -1.24142153    
28117.066       37494.712       5.60404939e-07  -2.20763996    
28117.066       37494.712       9.96556565e-07  -3.92594165    
28117.066       37494.712       1.77215602e-06  -6.98185855    
28117.066       37494.712       3.15138856e-06  -12.4170421    
28117.066       37494.712       5.60404939e-06  -22.0850472    
28117.066       37494.712       9.96556565e-06  -39.2853678    
28117.066       37494.712       1.77215602e-05  -69.8939896    
28117.066       37494.712       3.15138856e-05  -124.379302    
28117.066       37494.712       5.60404939e-05  -221.393301    
28117.066       37494.712       9.96556565e-05  -394.159061    
37494.712       50000           0               5.69571057e-11 
37494.712       50000           1.77215602e-10  -0.00035055657 
37494.712       50000           3.15138857e-10  -0.000623402101
37494.712       50000           5.60404941e-10  -0.00110862909 
37494.712       50000           9.96556567e-10  -0.00197159752 
37494.712       50000           1.77215602e-09  -0.00350651018 
37494.712       50000           3.15138857e-09  -0.00623700437 
37494.712       50000           5.60404941e-09  -0.0110957114  
37494.712       50000           9.96556567e-09  -0.0197456935  
37494.712       50000           1.77215602e-08  -0.0351586831  
37494.712       50000           3.15138857e-08  -0.0626637785  
37494.712       50000           5.60404941e-08  -0.111873913   
37494.712       50000           9.96556567e-08  -0.200290774   
37494.712       50000           1.77215602e-07  -0.360204225   
37494.712       50000           3.15138857e-07  -0.652156624   
37494.712       50000           5.60404941e-07  -1.19130033    
37494.712       50000           9.96556567e-07  -2.19770896    
37494.712       50000           1.77215602e-06  -4.08784548    
37494.712       50000           3.15138857e-06  -7.6337604     
37494.712       50000           5.60404941e-06  -14.2371197    
37494.712       50000           9.96556567e-06  -26.4070504    
37494.712       50000           1.77215602e-05  -48.6044793    
37494.712       50000           3.15138857e-05  -88.7447798    
37494.712       50000           5.60404941e-05  -160.878044    
37494.712       50000           9.96556567e-05  -289.965875    
50000           66676.072       0               6.37498943e-11 
50000           66676.072       1.77215602e-10  -0.00039257209 
50000           66676.072       3.15138856e-10  -0.000698102915
50000           66676.072       5.60404939e-10  -0.00124142209 
50000           66676.072       9.96556564e-10  -0.00220759539 
50000           66676.072       1.77215602e-09  -0.00392572148 
50000           66676.072       3.15138856e-09  -0.00698102973 
50000           66676.072       5.60404939e-09  -0.0124142215  
50000           66676.072       9.96556564e-09  -0.0220759545  
50000           66676.072       1.77215602e-08  -0.0392572154  
50000           66676.072       3.15138856e-08  -0.069810298   
50000           66676.072       5.60404939e-08  -0.124142216   
50000           66676.072       9.96556564e-08  -0.220759547   
50000           66676.072       1.77215602e-07  -0.392572159   
50000           66676.072       3.15138856e-07  -0.698102995   
50000           66676.072       5.60404939e-07  -1.24142221    
50000           66676.072       9.96556564e-07  -2.20759562    
50000           66676.072       1.77215602e-06  -3.92572207    
50000           66676.072       3.15138856e-06  -6.98103145    
50000           66676.072       5.60404939e-06  -12.4142268    
50000           66676.072       9.96556564e-06  -22.0759711    
50000           66676.072       1.77215602e-05  -39.2572676    
50000           66676.072       3.15138856e-05  -69.8104625    
50000           66676.072       5.60404939e-05  -124.142733    
50000           66676.072       9.96556564e-05  -220.761164    
66676.072       88913.968       0               4.32255682e-06 
66676.072       88913.968       1.77215602e-10  -0.000277699638
66676.072       88913.968       3.15138857e-10  -0.000497191732
66676.072       88913.968       5.6040494e-10   -0.000887510064
66676.072       88913.968       9.96556567e-10  -0.0015816053  
66676.072       88913.968       1.77215602e-09  -0.00281590117 
66676.072       88913.968       3.15138857e-09  -0.00501082597 
66676.072       88913.968       5.6040494e-09   -0.00891402148 
66676.072       88913.968       9.96556567e-09  -0.0158550124  
66676.072       88913.968       1.77215602e-08  -0.0281980929  
66676.072       88913.968       3.15138857e-08  -0.050147726   
66676.072       88913.968       5.6040494e-08   -0.0891808978  
66676.072       88913.968       9.96556567e-08  -0.15859465    
66676.072       88913.968       1.77215602e-07  -0.282037579   
66676.072       88913.968       3.15138857e-07  -0.501572093   
66676.072       88913.968       5.6040494e-07   -0.892023683   
66676.072       88913.968       9.96556567e-07  -1.58653545    
66676.072       88913.968       1.77215602e-06  -2.82212201    
66676.072       88913.968       3.15138857e-06  -5.02098775    
66676.072       88913.968       5.6040494e-06   -8.93592916    
66676.072       88913.968       9.96556567e-06  -15.91064      
66676.072       88913.968       1.77215602e-05  -28.3454661    
66676.072       88913.968       3.15138857e-05  -50.5281859    
66676.072       88913.968       5.6040494e-05   -90.1101512    
66676.072       88913.968       9.96556567e-05  -160.72556     
88913.968       118568.688      0               3.43618467e-11 
88913.968       118568.688      1.77215602e-10  -0.000211549156
88913.968       118568.688      3.15138856e-10  -0.000376193536
88913.968       118568.688      5.60404939e-10  -0.000668977249
88913.968       118568.688      9.96556564e-10  -0.0011896285  
88913.968       118568.688      1.77215602e-09  -0.00211549192 
88913.968       118568.688      3.15138856e-09  -0.00376193581 
88913.968       118568.688      5.60404939e-09  -0.00668977323 
88913.968       118568.688      9.96556564e-09  -0.0118962867  
88913.968       118568.688      1.77215602e-08  -0.0211549238  
88913.968       118568.688      3.15138856e-08  -0.037619372   
88913.968       118568.688      5.60404939e-08  -0.0668977756  
88913.968       118568.688      9.96556564e-08  -0.118963003   
88913.968       118568.688      1.77215602e-07  -0.211549668   
88913.968       118568.688      3.15138856e-07  -0.376195079   
88913.968       118568.688      5.60404939e-07  -0.668982047   
88913.968       118568.688      9.96556564e-07  -1.18964358    
88913.968       118568.688      1.77215602e-06  -2.11553938    
88913.968       118568.688      3.15138856e-06  -3.76208508    
88913.968       118568.688      5.60404939e-06  -6.69024102    
88913.968       118568.688      9.96556564e-06  -11.8977431    
88913.968       118568.688      1.77215602e-05  -21.1594074    
88913.968       118568.688      3.15138856e-05  -37.6329177    
88913.968       118568.688      5.60404939e-05  -66.9375001    
88913.968       118568.688      9.96556564e-05  -119.074512    
118568.688      158113.888      0               2.50288679e-11 
118568.688      158113.888      1.77215602e-10  -0.000154086578
118568.688      158113.888      3.15138857e-10  -0.000274009008
118568.688      158113.888      5.6040494e-10   -0.000487264597
118568.688      158113.888      9.96556566e-10  -0.000866492619
118568.688      158113.888      1.77215602e-09  -0.001540866   
118568.688      158113.888      3.15138857e-09  -0.00274009031 
118568.688      158113.888      5.6040494e-09   -0.0048726462  
118568.688      158113.888      9.96556566e-09  -0.00866492643 
118568.688      158113.888      1.77215602e-08  -0.0154086603  
118568.688      158113.888      3.15138857e-08  -0.0274009035  
118568.688      158113.888      5.6040494e-08   -0.0487264627  
118568.688      158113.888      9.96556566e-08  -0.0866492661  
118568.688      158113.888      1.77215602e-07  -0.154086608   
118568.688      158113.888      3.15138857e-07  -0.27400905    
118568.688      158113.888      5.6040494e-07   -0.487264675   
118568.688      158113.888      9.96556566e-07  -0.866492814   
118568.688      158113.888      1.77215602e-06  -1.54086657    
118568.688      158113.888      3.15138857e-06  -2.74009203    
118568.688      158113.888      5.6040494e-06   -4.87265158    
118568.688      158113.888      9.96556566e-06  -8.66494339    
118568.688      158113.888      1.77215602e-05  -15.4087137    
118568.688      158113.888      3.15138857e-05  -27.4010716    
118568.688      158113.888      5.6040494e-05   -48.7269899    
118568.688      158113.888      9.96556566e-05  -86.6509099    
158113.888      210848.256      0               1.79696258e-11 
158113.888      210848.256      1.77215602e-10  -0.000110612558
158113.888      210848.256      3.15138857e-10  -0.000196700049
158113.888      210848.256      5.6040494e-10   -0.000349787661
158113.888      210848.256      9.96556566e-10  -0.00062202021 
158113.888      210848.256      1.77215602e-09  -0.00110612575 
158113.888      210848.256      3.15138857e-09  -0.00196700066 
158113.888      210848.256      5.6040494e-09   -0.00349787679 
158113.888      210848.256      9.96556566e-09  -0.00622020232 
158113.888      210848.256      1.77215602e-08  -0.0110612578  
158113.888      210848.256      3.15138857e-08  -0.0196700074  
158113.888      210848.256      5.6040494e-08   -0.0349787701  
158113.888      210848.256      9.96556566e-08  -0.0622020298  
158113.888      210848.256      1.77215602e-07  -0.110612599   
158113.888      210848.256      3.15138857e-07  -0.196700138   
158113.888      210848.256      5.6040494e-07   -0.349787904   
158113.888      210848.256      9.96556566e-07  -0.622020939   
158113.888      210848.256      1.77215602e-06  -1.10612801    
158113.888      210848.256      3.15138857e-06  -1.96700778    
158113.888      210848.256      5.6040494e-06   -3.49789925    
158113.888      210848.256      9.96556566e-06  -6.22027319    
158113.888      210848.256      1.77215602e-05  -11.0614812    
158113.888      210848.256      3.15138857e-05  -19.6707095    
158113.888      210848.256      5.6040494e-05   -34.9809682    
158113.888      210848.256      9.96556566e-05  -62.2088591    
210848.256      281170.656      0               1.28945743e-11 
210848.256      281170.656      1.77215602e-10  -7.94022513e-05
210848.256      281170.656      3.15138857e-10  -0.000141199399
210848.256      281170.656      5.60404941e-10  -0.000251091993
210848.256      281170.656      9.96556567e-10  -0.000446511732
210848.256      281170.656      1.77215602e-09  -0.000794022629
210848.256      281170.656      3.15138857e-09  -0.0014119941  
210848.256      281170.656      5.60404941e-09  -0.00251092005 
210848.256      281170.656      9.96556567e-09  -0.00446511743 
210848.256      281170.656      1.77215602e-08  -0.0079402264  
210848.256      281170.656      3.15138857e-08  -0.0141199411  
210848.256      281170.656      5.60404941e-08  -0.0251092006  
210848.256      281170.656      9.96556567e-08  -0.0446511744  
210848.256      281170.656      1.77215602e-07  -0.0794022641  
210848.256      281170.656      3.15138857e-07  -0.141199411   
210848.256      281170.656      5.60404941e-07  -0.251092006   
210848.256      281170.656      9.96556567e-07  -0.446511744   
210848.256      281170.656      1.77215602e-06  -0.794022642   
210848.256      281170.656      3.15138857e-06  -1.41199411    
210848.256      281170.656      5.60404941e-06  -2.51092006    
210848.256      281170.656      9.96556567e-06  -4.46511744    
210848.256      281170.656      1.77215602e-05  -7.94022642    
210848.256      281170.656      3.15138857e-05  -14.1199411    
210848.256      281170.656      5.60404941e-05  -25.1092006    
210848.256      281170.656      9.96556567e-05  -44.6511745    
281170.656      374947.104      0               9.11448694e-12 
281170.656      374947.104      1.77215602e-10  -5.61179158e-05
281170.656      374947.104      3.15138856e-10  -9.97933413e-05
281170.656      374947.104      5.60404939e-10  -0.000177460451
281170.656      374947.104      9.96556564e-10  -0.000315574273
281170.656      374947.104      1.77215602e-09  -0.00056117924 
281170.656      374947.104      3.15138856e-09  -0.000997933495
281170.656      374947.104      5.60404939e-09  -0.00177460459 
281170.656      374947.104      9.96556564e-09  -0.00315574282 
281170.656      374947.104      1.77215602e-08  -0.00561179248 
281170.656      374947.104      3.15138856e-08  -0.00997933503 
281170.656      374947.104      5.60404939e-08  -0.017746046   
281170.656      374947.104      9.96556564e-08  -0.0315574282  
281170.656      374947.104      1.77215602e-07  -0.0561179249  
281170.656      374947.104      3.15138856e-07  -0.0997933504  
281170.656      374947.104      5.60404939e-07  -0.17746046    
281170.656      374947.104      9.96556564e-07  -0.315574283   
281170.656      374947.104      1.77215602e-06  -0.561179249   
281170.656      374947.104      3.15138856e-06  -0.997933504   
281170.656      374947.104      5.60404939e-06  -1.7746046     
281170.656      374947.104      9.96556564e-06  -3.15574283    
281170.656      374947.104      1.77215602e-05  -5.61179249    
281170.656      374947.104      3.15138856e-05  -9.97933504    
281170.656      374947.104      5.60404939e-05  -17.746046     
281170.656      374947.104      9.96556564e-05  -31.5574283    
374947.104      500000          0               6.34559072e-12 
374947.104      500000          1.77215602e-10  -3.90699159e-05
374947.104      500000          3.15138857e-10  -6.94772319e-05
374947.104      500000          5.6040494e-10   -0.000123549936
374947.104      500000          9.96556566e-10  -0.000219706312
374947.104      500000          1.77215602e-09  -0.000390699216
374947.104      500000          3.15138857e-09  -0.000694772376
374947.104      500000          5.6040494e-09   -0.00123549942 
374947.104      500000          9.96556566e-09  -0.00219706318 
374947.104      500000          1.77215602e-08  -0.00390699222 
374947.104      500000          3.15138857e-08  -0.00694772382 
374947.104      500000          5.6040494e-08   -0.0123549942  
374947.104      500000          9.96556566e-08  -0.0219706318  
374947.104      500000          1.77215602e-07  -0.0390699222  
374947.104      500000          3.15138857e-07  -0.0694772382  
374947.104      500000          5.6040494e-07   -0.123549942   
374947.104      500000          9.96556566e-07  -0.219706318   
374947.104      500000          1.77215602e-06  -0.390699222   
374947.104      500000          3.15138857e-06  -0.694772382   
374947.104      500000          5.6040494e-06   -1.23549942    
374947.104      500000          9.96556566e-06  -2.19706318    
374947.104      500000          1.77215602e-05  -3.90699222    
374947.104      500000          3.15138857e-05  -6.94772382    
374947.104      500000          5.6040494e-05   -12.3549942    
374947.104      500000          9.96556566e-05  -21.9706318    
