### like_ursa_minor.txt
#[0]emin(MeV) [1]emax(MeV) [2]eflux(MeV/cm^2/s) [3]deltaLogLike
500             666.760688      0               -0.0332518934  
500             666.760688      1.77215602e-10  -0.0325745013  
500             666.760688      3.15138857e-10  -0.0320522328  
500             666.760688      5.6040494e-10   -0.0311341495  
500             666.760688      9.96556566e-10  -0.029535199   
500             666.760688      1.77215602e-09  -0.0267980388  
500             666.760688      3.15138857e-09  -0.0222652936  
500             666.760688      5.6040494e-09   -0.0152564617  
500             666.760688      9.96556566e-09  -0.00608124397 
500             666.760688      1.77215602e-08  3.86726915e-05 
500             666.760688      3.15138857e-08  -0.0202402752  
500             666.760688      5.6040494e-08   -0.149291723   
500             666.760688      9.96556566e-08  -0.645991427   
500             666.760688      1.77215602e-07  -2.25561338    
500             666.760688      3.15138857e-07  -6.95142292    
500             666.760688      5.6040494e-07   -19.5417449    
500             666.760688      9.96556566e-07  -50.8796796    
500             666.760688      1.77215602e-06  -123.947637    
500             666.760688      3.15138857e-06  -285.073259    
500             666.760688      5.6040494e-06   -624.279986    
500             666.760688      9.96556566e-06  -1311.83245    
500             666.760688      1.77215602e-05  -2663.4691     
500             666.760688      3.15138857e-05  -5256.53752    
500             666.760688      5.6040494e-05   -10136.5634    
500             666.760688      9.96556566e-05  -19184.5837    
666.760688      889.139688      0               4.32834167e-05 
666.760688      889.139688      1.77215602e-10  -0.00204817201 
666.760688      889.139688      3.15138856e-10  -0.00368176845 
666.760688      889.139688      5.6040494e-10   -0.00659941403 
666.760688      889.139688      9.96556565e-10  -0.011827748   
666.760688      889.139688      1.77215602e-09  -0.0212510969  
666.760688      889.139688      3.15138856e-09  -0.0384043418  
666.760688      889.139688      5.6040494e-09   -0.0701469961  
666.760688      889.139688      9.96556565e-09  -0.130444953   
666.760688      889.139688      1.77215602e-08  -0.249480209   
666.760688      889.139688      3.15138856e-08  -0.496591555   
666.760688      889.139688      5.6040494e-08   -1.03870492    
666.760688      889.139688      9.96556565e-08  -2.28511072    
666.760688      889.139688      1.77215602e-07  -5.22433549    
666.760688      889.139688      3.15138856e-07  -12.1458871    
666.760688      889.139688      5.6040494e-07   -28.0729407    
666.760688      889.139688      9.96556565e-07  -63.4702705    
666.760688      889.139688      1.77215602e-06  -139.243657    
666.760688      889.139688      3.15138856e-06  -295.841145    
666.760688      889.139688      5.6040494e-06   -609.63456     
666.760688      889.139688      9.96556565e-06  -1222.20325    
666.760688      889.139688      1.77215602e-05  -2392.53491    
666.760688      889.139688      3.15138856e-05  -4589.95038    
666.760688      889.139688      5.6040494e-05   -8659.3441     
666.760688      889.139688      9.96556565e-05  -16114.893     
889.139688      1185.68688      0               -0.0690517998  
889.139688      1185.68688      1.77215602e-10  -0.0676664555  
889.139688      1185.68688      3.15138856e-10  -0.0665986678  
889.139688      1185.68688      5.60404939e-10  -0.0647222732  
889.139688      1185.68688      9.96556565e-10  -0.0614562125  
889.139688      1185.68688      1.77215602e-09  -0.0558704733  
889.139688      1185.68688      3.15138856e-09  -0.0466328953  
889.139688      1185.68688      5.60404939e-09  -0.0323649423  
889.139688      1185.68688      9.96556565e-09  -0.0136049203  
889.139688      1185.68688      1.77215602e-08  -3.88296703e-05
889.139688      1185.68688      3.15138856e-08  -0.0330332086  
889.139688      1185.68688      5.60404939e-08  -0.247633488   
889.139688      1185.68688      9.96556565e-08  -1.02360652    
889.139688      1185.68688      1.77215602e-07  -3.31206062    
889.139688      1185.68688      3.15138856e-07  -9.27714064    
889.139688      1185.68688      5.60404939e-07  -23.4894483    
889.139688      1185.68688      9.96556565e-07  -55.0995897    
889.139688      1185.68688      1.77215602e-06  -121.775639    
889.139688      1185.68688      3.15138856e-06  -256.82621     
889.139688      1185.68688      5.60404939e-06  -522.031248    
889.139688      1185.68688      9.96556565e-06  -1030.58945    
889.139688      1185.68688      1.77215602e-05  -1987.96214    
889.139688      1185.68688      3.15138856e-05  -3764.52315    
889.139688      1185.68688      5.60404939e-05  -7024.87947    
889.139688      1185.68688      9.96556565e-05  -12958.0129    
1185.68688      1581.13888      0               1.53083056e-06 
1185.68688      1581.13888      1.77215602e-10  -0.000571159087
1185.68688      1581.13888      3.15138856e-10  -0.00102621482 
1185.68688      1581.13888      5.6040494e-10   -0.00185557434 
1185.68688      1581.13888      9.96556565e-10  -0.00339383599 
1185.68688      1581.13888      1.77215602e-09  -0.00632837338 
1185.68688      1581.13888      3.15138856e-09  -0.0121680706  
1185.68688      1581.13888      5.6040494e-09   -0.02447241    
1185.68688      1581.13888      9.96556565e-09  -0.0521861279  
1185.68688      1581.13888      1.77215602e-08  -0.118710891   
1185.68688      1581.13888      3.15138856e-08  -0.285830379   
1185.68688      1581.13888      5.6040494e-08   -0.712932666   
1185.68688      1581.13888      9.96556565e-08  -1.79137239    
1185.68688      1581.13888      1.77215602e-07  -4.42238934    
1185.68688      1581.13888      3.15138856e-07  -10.5494695    
1185.68688      1581.13888      5.6040494e-07   -24.1291554    
1185.68688      1581.13888      9.96556565e-07  -52.8664       
1185.68688      1581.13888      1.77215602e-06  -111.316286    
1185.68688      1581.13888      3.15138856e-06  -226.43952     
1185.68688      1581.13888      5.6040494e-06   -447.517762    
1185.68688      1581.13888      9.96556565e-06  -863.793021    
1185.68688      1581.13888      1.77215602e-05  -1635.88369    
1185.68688      1581.13888      3.15138856e-05  -3051.81236    
1185.68688      1581.13888      5.6040494e-05   -5626.7755     
1185.68688      1581.13888      9.96556565e-05  -10280.4777    
1581.13888      2108.4825       0               0.000436986378 
1581.13888      2108.4825       1.77215602e-10  -0.00240315178 
1581.13888      2108.4825       3.15138857e-10  -0.00462287265 
1581.13888      2108.4825       5.6040494e-10   -0.00859017173 
1581.13888      2108.4825       9.96556566e-10  -0.0157080032  
1581.13888      2108.4825       1.77215602e-09  -0.0285619265  
1581.13888      2108.4825       3.15138857e-09  -0.0520280447  
1581.13888      2108.4825       5.6040494e-09   -0.0956119119  
1581.13888      2108.4825       9.96556566e-09  -0.178626759   
1581.13888      2108.4825       1.77215602e-08  -0.341964289   
1581.13888      2108.4825       3.15138857e-08  -0.674569238   
1581.13888      2108.4825       5.6040494e-08   -1.37007446    
1581.13888      2108.4825       9.96556566e-08  -2.83954822    
1581.13888      2108.4825       1.77215602e-07  -5.92280359    
1581.13888      2108.4825       3.15138857e-07  -12.2753758    
1581.13888      2108.4825       5.6040494e-07   -25.0823034    
1581.13888      2108.4825       9.96556566e-07  -50.3846908    
1581.13888      2108.4825       1.77215602e-06  -99.5191042    
1581.13888      2108.4825       3.15138857e-06  -193.51204     
1581.13888      2108.4825       5.6040494e-06   -370.887332    
1581.13888      2108.4825       9.96556566e-06  -701.490596    
1581.13888      2108.4825       1.77215602e-05  -1311.00207    
1581.13888      2108.4825       3.15138857e-05  -2424.48521    
1581.13888      2108.4825       5.6040494e-05   -4443.84454    
1581.13888      2108.4825       9.96556566e-05  -8085.64846    
2108.4825       2811.70675      0               4.2882014e-05  
2108.4825       2811.70675      1.77215602e-10  -0.00392482499 
2108.4825       2811.70675      3.15138856e-10  -0.00701862546 
2108.4825       2811.70675      5.60404939e-10  -0.0125327919  
2108.4825       2811.70675      9.96556564e-10  -0.022377895   
2108.4825       2811.70675      1.77215602e-09  -0.0400084645  
2108.4825       2811.70675      3.15138856e-09  -0.0717431408  
2108.4825       2811.70675      5.60404939e-09  -0.129347968   
2108.4825       2811.70675      9.96556564e-09  -0.235290895   
2108.4825       2811.70675      1.77215602e-08  -0.433778002   
2108.4825       2811.70675      3.15138856e-08  -0.814091287   
2108.4825       2811.70675      5.60404939e-08  -1.55832298    
2108.4825       2811.70675      9.96556564e-08  -3.03266264    
2108.4825       2811.70675      1.77215602e-07  -5.95167189    
2108.4825       2811.70675      3.15138856e-07  -11.6732406    
2108.4825       2811.70675      5.60404939e-07  -22.752115     
2108.4825       2811.70675      9.96556564e-07  -43.9965496    
2108.4825       2811.70675      1.77215602e-06  -84.4269551    
2108.4825       2811.70675      3.15138856e-06  -160.767138    
2108.4825       2811.70675      5.60404939e-06  -303.546462    
2108.4825       2811.70675      9.96556564e-06  -567.785916    
2108.4825       2811.70675      1.77215602e-05  -1051.89805    
2108.4825       2811.70675      3.15138856e-05  -1931.3396     
2108.4825       2811.70675      5.60404939e-05  -3518.61615    
2108.4825       2811.70675      9.96556564e-05  -6370.16061    
2811.70675      3749.471        0               7.70342012e-10 
2811.70675      3749.471        1.77215602e-10  -0.00474421667 
2811.70675      3749.471        3.15138857e-10  -0.00844068814 
2811.70675      3749.471        5.6040494e-10   -0.0150229684  
2811.70675      3749.471        9.96556566e-10  -0.0267561257  
2811.70675      3749.471        1.77215602e-09  -0.0477085405  
2811.70675      3749.471        3.15138857e-09  -0.085239076   
2811.70675      3749.471        5.6040494e-09   -0.152806315   
2811.70675      3749.471        9.96556566e-09  -0.275418759   
2811.70675      3749.471        1.77215602e-08  -0.500462392   
2811.70675      3749.471        3.15138857e-08  -0.919348128   
2811.70675      3749.471        5.6040494e-08   -1.70978163    
2811.70675      3749.471        9.96556566e-08  -3.21440662    
2811.70675      3749.471        1.77215602e-07  -6.08097957    
2811.70675      3749.471        3.15138857e-07  -11.5098933    
2811.70675      3749.471        5.6040494e-07   -21.6963748    
2811.70675      3749.471        9.96556566e-07  -40.6257978    
2811.70675      3749.471        1.77215602e-06  -75.5053801    
2811.70675      3749.471        3.15138857e-06  -139.334477    
2811.70675      3749.471        5.6040494e-06   -255.489436    
2811.70675      3749.471        9.96556566e-06  -465.867135    
2811.70675      3749.471        1.77215602e-05  -845.345572    
2811.70675      3749.471        3.15138857e-05  -1527.47519    
2811.70675      3749.471        5.6040494e-05   -2750.13495    
2811.70675      3749.471        9.96556566e-05  -4936.71005    
3749.471        5000            0               -0.203928706   
3749.471        5000            1.77215602e-10  -0.200309137   
3749.471        5000            3.15138856e-10  -0.197524597   
3749.471        5000            5.60404939e-10  -0.192642293   
3749.471        5000            9.96556565e-10  -0.184175658   
3749.471        5000            1.77215602e-09  -0.169779633   
3749.471        5000            3.15138856e-09  -0.146155007   
3749.471        5000            5.60404939e-09  -0.109836035   
3749.471        5000            9.96556565e-09  -0.0607061334  
3749.471        5000            1.77215602e-08  -0.0118591626  
3749.471        5000            3.15138856e-08  -0.010957773   
3749.471        5000            5.60404939e-08  -0.178843768   
3749.471        5000            9.96556565e-08  -0.773962332   
3749.471        5000            1.77215602e-07  -2.30089947    
3749.471        5000            3.15138856e-07  -5.69815632    
3749.471        5000            5.60404939e-07  -12.6691805    
3749.471        5000            9.96556565e-07  -26.2748561    
3749.471        5000            1.77215602e-06  -51.9985516    
3749.471        5000            3.15138856e-06  -99.6603437    
3749.471        5000            5.60404939e-06  -186.854985    
3749.471        5000            9.96556565e-06  -345.095507    
3749.471        5000            1.77215602e-05  -630.724531    
3749.471        5000            3.15138856e-05  -1144.25371    
3749.471        5000            5.60404939e-05  -2064.69001    
3749.471        5000            9.96556565e-05  -3710.56618    
5000            6667.607        0               6.50288712e-10 
5000            6667.607        1.77215602e-10  -0.00400519861 
5000            6667.607        3.15138857e-10  -0.00712258296 
5000            6667.607        5.6040494e-10   -0.0126666392  
5000            6667.607        9.96556566e-10  -0.0225270231  
5000            6667.607        1.77215602e-09  -0.0400662834  
5000            6667.607        3.15138857e-09  -0.0712709311  
5000            6667.607        5.6040494e-09   -0.126808456   
5000            6667.607        9.96556566e-09  -0.225716426   
5000            6667.607        1.77215602e-08  -0.402057079   
5000            6667.607        3.15138857e-08  -0.717027554   
5000            6667.607        5.6040494e-08   -1.28126076    
5000            6667.607        9.96556566e-08  -2.29640474    
5000            6667.607        1.77215602e-07  -4.13315139    
5000            6667.607        3.15138857e-07  -7.47650783    
5000            6667.607        5.6040494e-07   -13.5897189    
5000            6667.607        9.96556566e-07  -24.7802954    
5000            6667.607        1.77215602e-06  -45.2128058    
5000            6667.607        3.15138857e-06  -82.3394923    
5000            6667.607        5.6040494e-06   -149.453918    
5000            6667.607        9.96556566e-06  -270.26621     
5000            6667.607        1.77215602e-05  -487.065671    
5000            6667.607        3.15138857e-05  -875.230907    
5000            6667.607        5.6040494e-05   -1569.0156     
5000            6667.607        9.96556566e-05  -2807.40318    
6667.607        8891.397        0               8.57784676e-06 
6667.607        8891.397        1.77215602e-10  -0.00237031982 
6667.607        8891.397        3.15138856e-10  -0.00422238271 
6667.607        8891.397        5.6040494e-10   -0.00751719707 
6667.607        8891.397        9.96556565e-10  -0.0133804889  
6667.607        8891.397        1.77215602e-09  -0.0238202497  
6667.607        8891.397        3.15138856e-09  -0.0424264112  
6667.607        8891.397        5.6040494e-09   -0.075642145   
6667.607        8891.397        9.96556565e-09  -0.135105476   
6667.607        8891.397        1.77215602e-08  -0.242044637   
6667.607        8891.397        3.15138856e-08  -0.435707275   
6667.607        8891.397        5.6040494e-08   -0.789774159   
6667.607        8891.397        9.96556565e-08  -1.44417668    
6667.607        8891.397        1.77215602e-07  -2.66483277    
6667.607        8891.397        3.15138856e-07  -4.95090022    
6667.607        8891.397        5.6040494e-07   -9.22329714    
6667.607        8891.397        9.96556565e-07  -17.1616306    
6667.607        8891.397        1.77215602e-06  -31.817817     
6667.607        8891.397        3.15138856e-06  -58.7262767    
6667.607        8891.397        5.6040494e-06   -107.87857     
6667.607        8891.397        9.96556565e-06  -197.206933    
6667.607        8891.397        1.77215602e-05  -358.741214    
6667.607        8891.397        3.15138856e-05  -649.540403    
6667.607        8891.397        5.6040494e-05   -1171.14863    
6667.607        8891.397        9.96556565e-05  -2104.22497    
8891.397        11856.869       0               1.29928944e-05 
8891.397        11856.869       1.77215602e-10  -0.0015886154  
8891.397        11856.869       3.15138856e-10  -0.0028356572  
8891.397        11856.869       5.60404939e-10  -0.00505441819 
8891.397        11856.869       9.96556565e-10  -0.00900369297 
8891.397        11856.869       1.77215602e-09  -0.0160382494  
8891.397        11856.869       3.15138856e-09  -0.0285841886  
8891.397        11856.869       5.60404939e-09  -0.0510083293  
8891.397        11856.869       9.96556565e-09  -0.0912365162  
8891.397        11856.869       1.77215602e-08  -0.163840366   
8891.397        11856.869       3.15138856e-08  -0.29609056    
8891.397        11856.869       5.60404939e-08  -0.540076297   
8891.397        11856.869       9.96556565e-08  -0.996916262   
8891.397        11856.869       1.77215602e-07  -1.86343707    
8891.397        11856.869       3.15138856e-07  -3.51717171    
8891.397        11856.869       5.60404939e-07  -6.66465538    
8891.397        11856.869       9.96556565e-07  -12.5995048    
8891.397        11856.869       1.77215602e-06  -23.6600126    
8891.397        11856.869       3.15138856e-06  -44.0492143    
8891.397        11856.869       5.60404939e-06  -81.3029535    
8891.397        11856.869       9.96556565e-06  -148.903318    
8891.397        11856.869       1.77215602e-05  -270.917725    
8891.397        11856.869       3.15138856e-05  -490.241325    
8891.397        11856.869       5.60404939e-05  -883.258014    
8891.397        11856.869       9.96556565e-05  -1585.91918    
11856.869       15811.388       0               1.26563543e-06 
11856.869       15811.388       1.77215602e-10  -0.00140248862 
11856.869       15811.388       3.15138857e-10  -0.00249529059 
11856.869       15811.388       5.6040494e-10   -0.00443922179 
11856.869       15811.388       9.96556566e-10  -0.00789804384 
11856.869       15811.388       1.77215602e-09  -0.0140550015  
11856.869       15811.388       3.15138857e-09  -0.0250232958  
11856.869       15811.388       5.6040494e-09   -0.0445889937  
11856.869       15811.388       9.96556566e-09  -0.079571516   
11856.869       15811.388       1.77215602e-08  -0.142358853   
11856.869       15811.388       3.15138857e-08  -0.255738546   
11856.869       15811.388       5.6040494e-08   -0.462303983   
11856.869       15811.388       9.96556566e-08  -0.842918629   
11856.869       15811.388       1.77215602e-07  -1.55224365    
11856.869       15811.388       3.15138857e-07  -2.88379487    
11856.869       15811.388       5.6040494e-07   -5.38304       
11856.869       15811.388       9.96556566e-07  -10.0415489    
11856.869       15811.388       1.77215602e-06  -18.6398319    
11856.869       15811.388       3.15138857e-06  -34.3665405    
11856.869       15811.388       5.6040494e-06   -62.9328046    
11856.869       15811.388       9.96556566e-06  -114.553293    
11856.869       15811.388       1.77215602e-05  -207.449352    
11856.869       15811.388       3.15138857e-05  -374.056729    
11856.869       15811.388       5.6040494e-05   -672.065074    
11856.869       15811.388       9.96556566e-05  -1204.07822    
15811.388       21084.826       0               3.82761451e-05 
15811.388       21084.826       1.77215602e-10  -0.00153410447 
15811.388       21084.826       3.15138856e-10  -0.00275785706 
15811.388       21084.826       5.60404939e-10  -0.00493403356 
15811.388       21084.826       9.96556565e-10  -0.0088038912  
15811.388       21084.826       1.77215602e-09  -0.015685604   
15811.388       21084.826       3.15138856e-09  -0.0279232898  
15811.388       21084.826       5.60404939e-09  -0.0496855604  
15811.388       21084.826       9.96556565e-09  -0.0883857346  
15811.388       21084.826       1.77215602e-08  -0.15720791    
15811.388       21084.826       3.15138856e-08  -0.279600707   
15811.388       21084.826       5.60404939e-08  -0.497273666   
15811.388       21084.826       9.96556565e-08  -0.884433509   
15811.388       21084.826       1.77215602e-07  -1.5731507     
15811.388       21084.826       3.15138856e-07  -2.79862051    
15811.388       21084.826       5.60404939e-07  -4.98009185    
15811.388       21084.826       9.96556565e-07  -8.86598363    
15811.388       21084.826       1.77215602e-06  -15.7948601    
15811.388       21084.826       3.15138856e-06  -28.1652977    
15811.388       21084.826       5.60404939e-06  -50.279143     
15811.388       21084.826       9.96556565e-06  -89.8433755    
15811.388       21084.826       1.77215602e-05  -160.626734    
15811.388       21084.826       3.15138856e-05  -287.157304    
15811.388       21084.826       5.60404939e-05  -513.063051    
15811.388       21084.826       9.96556565e-05  -915.919256    
21084.826       28117.066       0               1.35679591e-06 
21084.826       28117.066       1.77215602e-10  -0.000214070369
21084.826       28117.066       3.15138857e-10  -0.000382352691
21084.826       28117.066       5.60404941e-10  -0.000682943214
21084.826       28117.066       9.96556567e-10  -0.00122169465 
21084.826       28117.066       1.77215602e-09  -0.00219301427 
21084.826       28117.066       3.15138857e-09  -0.0039618748  
21084.826       28117.066       5.60404941e-09  -0.00723681834 
21084.826       28117.066       9.96556567e-09  -0.0134585272  
21084.826       28117.066       1.77215602e-08  -0.0257210542  
21084.826       28117.066       3.15138857e-08  -0.0510144215  
21084.826       28117.066       5.60404941e-08  -0.105589303   
21084.826       28117.066       9.96556567e-08  -0.226920012   
21084.826       28117.066       1.77215602e-07  -0.497415598   
21084.826       28117.066       3.15138857e-07  -1.08560327    
21084.826       28117.066       5.60404941e-07  -2.31252041    
21084.826       28117.066       9.96556567e-07  -4.76241644    
21084.826       28117.066       1.77215602e-06  -9.48020516    
21084.826       28117.066       3.15138857e-06  -18.3284527    
21084.826       28117.066       5.60404941e-06  -34.6226445    
21084.826       28117.066       9.96556567e-06  -64.2550999    
21084.826       28117.066       1.77215602e-05  -117.692021    
21084.826       28117.066       3.15138857e-05  -213.532449    
21084.826       28117.066       5.60404941e-05  -384.848994    
21084.826       28117.066       9.96556567e-05  -690.47321     
28117.066       37494.712       0               1.54273039e-10 
28117.066       37494.712       1.77215602e-10  -0.000949935799
28117.066       37494.712       3.15138856e-10  -0.00168925139 
28117.066       37494.712       5.60404939e-10  -0.0030039611  
28117.066       37494.712       9.96556565e-10  -0.0053418823  
28117.066       37494.712       1.77215602e-09  -0.00949935948 
28117.066       37494.712       3.15138856e-09  -0.0168925156  
28117.066       37494.712       5.60404939e-09  -0.0300396133  
28117.066       37494.712       9.96556565e-09  -0.0534188274  
28117.066       37494.712       1.77215602e-08  -0.0949936057  
28117.066       37494.712       3.15138856e-08  -0.168925188   
28117.066       37494.712       5.60404939e-08  -0.30039623    
28117.066       37494.712       9.96556565e-08  -0.534188577   
28117.066       37494.712       1.77215602e-07  -0.949937012   
28117.066       37494.712       3.15138856e-07  -1.68925489    
28117.066       37494.712       5.60404939e-07  -3.00397182    
28117.066       37494.712       9.96556565e-07  -5.34191583    
28117.066       37494.712       1.77215602e-06  -9.49946492    
28117.066       37494.712       3.15138856e-06  -16.8928473    
28117.066       37494.712       5.60404939e-06  -30.040654     
28117.066       37494.712       9.96556565e-06  -53.4220746    
28117.066       37494.712       1.77215602e-05  -95.0036401    
28117.066       37494.712       3.15138856e-05  -168.955697    
28117.066       37494.712       5.60404939e-05  -300.486619    
28117.066       37494.712       9.96556565e-05  -534.44623     
37494.712       50000           0               1.02659214e-10 
37494.712       50000           1.77215602e-10  -0.000632088548
37494.712       50000           3.15138857e-10  -0.00112403443 
37494.712       50000           5.60404941e-10  -0.00199886098 
37494.712       50000           9.96556567e-10  -0.00355457645 
37494.712       50000           1.77215602e-09  -0.00632116624 
37494.712       50000           3.15138857e-09  -0.0112412298  
37494.712       50000           5.60404941e-09  -0.0199914057  
37494.712       50000           9.96556567e-09  -0.0355545915  
37494.712       50000           1.77215602e-08  -0.0632395041  
37494.712       50000           3.15138857e-08  -0.11249995    
37494.712       50000           5.60404941e-08  -0.200189077   
37494.712       50000           9.96556567e-08  -0.356403725   
37494.712       50000           1.77215602e-07  -0.635043442   
37494.712       50000           3.15138857e-07  -1.13303668    
37494.712       50000           5.60404941e-07  -2.02560936    
37494.712       50000           9.96556567e-07  -3.63109571    
37494.712       50000           1.77215602e-06  -6.52884247    
37494.712       50000           3.15138857e-06  -11.7693244    
37494.712       50000           5.60404941e-06  -21.2424467    
37494.712       50000           9.96556567e-06  -38.3239111    
37494.712       50000           1.77215602e-05  -69.0222923    
37494.712       50000           3.15138857e-05  -124.025533    
37494.712       50000           5.60404941e-05  -222.346284    
37494.712       50000           9.96556567e-05  -397.802738    
50000           66676.072       0               2.41714036e-05 
50000           66676.072       1.77215602e-10  -0.000491405111
50000           66676.072       3.15138856e-10  -0.000892667857
50000           66676.072       5.60404939e-10  -0.00160622549 
50000           66676.072       9.96556564e-10  -0.00287513144 
50000           66676.072       1.77215602e-09  -0.00513160425 
50000           66676.072       3.15138856e-09  -0.00914425444 
50000           66676.072       5.60404939e-09  -0.0162799026  
50000           66676.072       9.96556564e-09  -0.0289691892  
50000           66676.072       1.77215602e-08  -0.0515346352  
50000           66676.072       3.15138856e-08  -0.091663405   
50000           66676.072       5.60404939e-08  -0.163027045   
50000           66676.072       9.96556564e-08  -0.289942475   
50000           66676.072       1.77215602e-07  -0.515667882   
50000           66676.072       3.15138856e-07  -0.917177682   
50000           66676.072       5.60404939e-07  -1.63150409    
50000           66676.072       9.96556564e-07  -2.90277415    
50000           66676.072       1.77215602e-06  -5.16637462    
50000           66676.072       3.15138856e-06  -9.19984637    
50000           66676.072       5.60404939e-06  -16.3935224    
50000           66676.072       9.96556564e-06  -29.234564     
50000           66676.072       1.77215602e-05  -52.1680279    
50000           66676.072       3.15138856e-05  -93.123127     
50000           66676.072       5.60404939e-05  -166.221447    
50000           66676.072       9.96556564e-05  -296.595761    
66676.072       88913.968       0               5.88755711e-11 
66676.072       88913.968       1.77215602e-10  -0.00036260634 
66676.072       88913.968       3.15138857e-10  -0.00064481583 
66676.072       88913.968       5.6040494e-10   -0.00114666401 
66676.072       88913.968       9.96556567e-10  -0.00203909301 
66676.072       88913.968       1.77215602e-09  -0.00362608968 
66676.072       88913.968       3.15138857e-09  -0.00644824026 
66676.072       88913.968       5.6040494e-09   -0.0114668981  
66676.072       88913.968       9.96556567e-09  -0.0203917444  
66676.072       88913.968       1.77215602e-08  -0.0362634692  
66676.072       88913.968       3.15138857e-08  -0.0644905267  
66676.072       88913.968       5.6040494e-08   -0.114694618   
66676.072       88913.968       9.96556567e-08  -0.203998218   
66676.072       88913.968       1.77215602e-07  -0.362888475   
66676.072       88913.968       3.15138857e-07  -0.645698729   
66676.072       88913.968       5.6040494e-07   -1.14940603    
66676.072       88913.968       9.96556567e-07  -2.04749946    
66676.072       88913.968       1.77215602e-06  -3.65132444    
66676.072       88913.968       3.15138857e-06  -6.52157432    
66676.072       88913.968       5.6040494e-06   -11.6704486    
66676.072       88913.968       9.96556567e-06  -20.9246482    
66676.072       88913.968       1.77215602e-05  -37.5695108    
66676.072       88913.968       3.15138857e-05  -67.4859503    
66676.072       88913.968       5.6040494e-05   -121.161696    
66676.072       88913.968       9.96556567e-05  -217.262845    
88913.968       118568.688      0               1.26248102e-05 
88913.968       118568.688      1.77215602e-10  -0.000279103067
88913.968       118568.688      3.15138856e-10  -0.000506148867
88913.968       118568.688      5.60404939e-10  -0.000909899738
88913.968       118568.688      9.96556564e-10  -0.0016278816  
88913.968       118568.688      1.77215602e-09  -0.00290465396 
88913.968       118568.688      3.15138856e-09  -0.00517511196 
88913.968       118568.688      5.60404939e-09  -0.00921262068 
88913.968       118568.688      9.96556564e-09  -0.0163924393  
88913.968       118568.688      1.77215602e-08  -0.0291601629  
88913.968       118568.688      3.15138856e-08  -0.0518647429  
88913.968       118568.688      5.60404939e-08  -0.0922398301  
88913.968       118568.688      9.96556564e-08  -0.164038016   
88913.968       118568.688      1.77215602e-07  -0.291715253   
88913.968       118568.688      3.15138856e-07  -0.518761054   
88913.968       118568.688      5.60404939e-07  -0.922511928   
88913.968       118568.688      9.96556564e-07  -1.6404938     
88913.968       118568.688      1.77215602e-06  -2.91726619    
88913.968       118568.688      3.15138856e-06  -5.18772429    
88913.968       118568.688      5.60404939e-06  -9.22523332    
88913.968       118568.688      9.96556564e-06  -16.4050529    
88913.968       118568.688      1.77215602e-05  -29.1727797    
88913.968       118568.688      3.15138856e-05  -51.8773696    
88913.968       118568.688      5.60404939e-05  -92.252488     
88913.968       118568.688      9.96556564e-05  -164.050773    
118568.688      158113.888      0               3.44755335e-11 
118568.688      158113.888      1.77215602e-10  -0.000212212906
118568.688      158113.888      3.15138857e-10  -0.000377373869
118568.688      158113.888      5.6040494e-10   -0.000671076207
118568.688      158113.888      9.96556566e-10  -0.00119336103 
118568.688      158113.888      1.77215602e-09  -0.00212212937 
118568.688      158113.888      3.15138857e-09  -0.003773739   
118568.688      158113.888      5.6040494e-09   -0.0067107624  
118568.688      158113.888      9.96556566e-09  -0.0119336106  
118568.688      158113.888      1.77215602e-08  -0.0212212942  
118568.688      158113.888      3.15138857e-08  -0.0377373907  
118568.688      158113.888      5.6040494e-08   -0.0671076255  
118568.688      158113.888      9.96556566e-08  -0.119336111   
118568.688      158113.888      1.77215602e-07  -0.212212954   
118568.688      158113.888      3.15138857e-07  -0.377373946   
118568.688      158113.888      5.6040494e-07   -0.671076379   
118568.688      158113.888      9.96556566e-07  -1.1933615     
118568.688      158113.888      1.77215602e-06  -2.12213077    
118568.688      158113.888      3.15138857e-06  -3.77374335    
118568.688      158113.888      5.6040494e-06   -6.71077606    
118568.688      158113.888      9.96556566e-06  -11.9336537    
118568.688      158113.888      1.77215602e-05  -21.2214297    
118568.688      158113.888      3.15138857e-05  -37.737816     
118568.688      158113.888      5.6040494e-05   -67.1089533    
118568.688      158113.888      9.96556566e-05  -119.340218    
158113.888      210848.256      0               2.48814302e-11 
158113.888      210848.256      1.77215602e-10  -0.000153201047
158113.888      210848.256      3.15138857e-10  -0.000272434287
158113.888      210848.256      5.6040494e-10   -0.000484464303
158113.888      210848.256      9.96556566e-10  -0.000861512915
158113.888      210848.256      1.77215602e-09  -0.0015320107  
158113.888      210848.256      3.15138857e-09  -0.0027243431  
158113.888      210848.256      5.6040494e-09   -0.00484464326 
158113.888      210848.256      9.96556566e-09  -0.00861512939 
158113.888      210848.256      1.77215602e-08  -0.0153201072  
158113.888      210848.256      3.15138857e-08  -0.0272434314  
158113.888      210848.256      5.6040494e-08   -0.0484464333  
158113.888      210848.256      9.96556566e-08  -0.0861512954  
158113.888      210848.256      1.77215602e-07  -0.153201077   
158113.888      210848.256      3.15138857e-07  -0.272434327   
158113.888      210848.256      5.6040494e-07   -0.484464375   
158113.888      210848.256      9.96556566e-07  -0.861513089   
158113.888      210848.256      1.77215602e-06  -1.53201119    
158113.888      210848.256      3.15138857e-06  -2.72434461    
158113.888      210848.256      5.6040494e-06   -4.84464799    
158113.888      210848.256      9.96556566e-06  -8.61514426    
158113.888      210848.256      1.77215602e-05  -15.3201541    
158113.888      210848.256      3.15138857e-05  -27.2435787    
158113.888      210848.256      5.6040494e-05   -48.4468952    
158113.888      210848.256      9.96556566e-05  -86.1527339    
210848.256      281170.656      0               2.93547256e-07 
210848.256      281170.656      1.77215602e-10  -0.0001082307  
210848.256      281170.656      3.15138857e-10  -0.000192692888
210848.256      281170.656      5.60404941e-10  -0.00034289026 
210848.256      281170.656      9.96556567e-10  -0.000609983162
210848.256      281170.656      1.77215602e-09  -0.00108494899 
210848.256      281170.656      3.15138857e-09  -0.00192957101 
210848.256      281170.656      5.60404941e-09  -0.00343154517 
210848.256      281170.656      9.96556567e-09  -0.00610247557 
210848.256      281170.656      1.77215602e-08  -0.0108521382  
210848.256      281170.656      3.15138857e-08  -0.0192983723  
210848.256      281170.656      5.60404941e-08  -0.0343181578  
210848.256      281170.656      9.96556567e-08  -0.0610276005  
210848.256      281170.656      1.77215602e-07  -0.108524666   
210848.256      281170.656      3.15138857e-07  -0.192988392   
210848.256      281170.656      5.60404941e-07  -0.343190621   
210848.256      281170.656      9.96556567e-07  -0.610298846   
210848.256      281170.656      1.77215602e-06  -1.08531293    
210848.256      281170.656      3.15138857e-06  -1.93008644    
210848.256      281170.656      5.60404941e-06  -3.43253352    
210848.256      281170.656      9.96556567e-06  -6.10492613    
210848.256      281170.656      1.77215602e-05  -10.859037     
210848.256      281170.656      3.15138857e-05  -19.3184487    
210848.256      281170.656      5.60404941e-05  -34.3757097    
210848.256      281170.656      9.96556567e-05  -61.1857307    
281170.656      374947.104      0               1.26121336e-11 
281170.656      374947.104      1.77215602e-10  -7.7653744e-05 
281170.656      374947.104      3.15138856e-10  -0.000138090064
281170.656      374947.104      5.60404939e-10  -0.000245562727
281170.656      374947.104      9.96556564e-10  -0.000436679151
281170.656      374947.104      1.77215602e-09  -0.000776537554
281170.656      374947.104      3.15138856e-09  -0.00138090075 
281170.656      374947.104      5.60404939e-09  -0.00245562739 
281170.656      374947.104      9.96556564e-09  -0.00436679163 
281170.656      374947.104      1.77215602e-08  -0.00776537565 
281170.656      374947.104      3.15138856e-08  -0.0138090076  
281170.656      374947.104      5.60404939e-08  -0.024556274   
281170.656      374947.104      9.96556564e-08  -0.0436679164  
281170.656      374947.104      1.77215602e-07  -0.0776537566  
281170.656      374947.104      3.15138856e-07  -0.138090076   
281170.656      374947.104      5.60404939e-07  -0.24556274    
281170.656      374947.104      9.96556564e-07  -0.436679164   
281170.656      374947.104      1.77215602e-06  -0.776537566   
281170.656      374947.104      3.15138856e-06  -1.38090077    
281170.656      374947.104      5.60404939e-06  -2.4556274     
281170.656      374947.104      9.96556564e-06  -4.36679164    
281170.656      374947.104      1.77215602e-05  -7.76537566    
281170.656      374947.104      3.15138856e-05  -13.8090077    
281170.656      374947.104      5.60404939e-05  -24.556274     
281170.656      374947.104      9.96556564e-05  -43.6679164    
374947.104      500000          0               8.78741524e-12 
374947.104      500000          1.77215602e-10  -5.41049328e-05
374947.104      500000          3.15138857e-10  -9.62136949e-05
374947.104      500000          5.6040494e-10   -0.000171094839
374947.104      500000          9.96556566e-10  -0.000304254437
374947.104      500000          1.77215602e-09  -0.000541049407
374947.104      500000          3.15138857e-09  -0.000962137028
374947.104      500000          5.6040494e-09   -0.00171094847 
374947.104      500000          9.96556566e-09  -0.00304254445 
374947.104      500000          1.77215602e-08  -0.00541049415 
374947.104      500000          3.15138857e-08  -0.00962137036 
374947.104      500000          5.6040494e-08   -0.0171094848  
374947.104      500000          9.96556566e-08  -0.0304254446  
374947.104      500000          1.77215602e-07  -0.0541049416  
374947.104      500000          3.15138857e-07  -0.0962137036  
374947.104      500000          5.6040494e-07   -0.171094848   
374947.104      500000          9.96556566e-07  -0.304254446   
374947.104      500000          1.77215602e-06  -0.541049416   
374947.104      500000          3.15138857e-06  -0.962137036   
374947.104      500000          5.6040494e-06   -1.71094848    
374947.104      500000          9.96556566e-06  -3.04254446    
374947.104      500000          1.77215602e-05  -5.41049416    
374947.104      500000          3.15138857e-05  -9.62137036    
374947.104      500000          5.6040494e-05   -17.1094848    
374947.104      500000          9.96556566e-05  -30.4254446    
