### like_ursa_major_I.txt
#[0]emin(MeV) [1]emax(MeV) [2]eflux(MeV/cm^2/s) [3]deltaLogLike
500             666.760688      0               -0.0448592389  
500             666.760688      1.77215602e-10  -0.0440912221  
500             666.760688      3.15138857e-10  -0.0434982032  
500             666.760688      5.6040494e-10   -0.0424538316  
500             666.760688      9.96556566e-10  -0.0406288049  
500             666.760688      1.77215602e-09  -0.0374848659  
500             666.760688      3.15138857e-09  -0.0322136881  
500             666.760688      5.6040494e-09   -0.023843863   
500             666.760688      9.96556566e-09  -0.0120959786  
500             666.760688      1.77215602e-08  -0.000913458322
500             666.760688      3.15138857e-08  -0.010621517   
500             666.760688      5.6040494e-08   -0.115815728   
500             666.760688      9.96556566e-08  -0.553848567   
500             666.760688      1.77215602e-07  -2.00818334    
500             666.760688      3.15138857e-07  -6.27548505    
500             666.760688      5.6040494e-07   -17.6798404    
500             666.760688      9.96556566e-07  -45.8281858    
500             666.760688      1.77215602e-06  -110.728649    
500             666.760688      3.15138857e-06  -252.146511    
500             666.760688      5.6040494e-06   -546.610001    
500             666.760688      9.96556566e-06  -1138.05553    
500             666.760688      1.77215602e-05  -2292.55427    
500             666.760688      3.15138857e-05  -4495.61978    
500             666.760688      5.6040494e-05   -8625.20367    
500             666.760688      9.96556566e-05  -16259.5679    
666.760688      889.139688      0               1.96381552e-06 
666.760688      889.139688      1.77215602e-10  -0.00109042572 
666.760688      889.139688      3.15138856e-10  -0.00194530786 
666.760688      889.139688      5.6040494e-10   -0.00347567423 
666.760688      889.139688      9.96556565e-10  -0.00622913022 
666.760688      889.139688      1.77215602e-09  -0.0112265698  
666.760688      889.139688      3.15138856e-09  -0.0204312976  
666.760688      889.139688      5.6040494e-09   -0.0377963149  
666.760688      889.139688      9.96556565e-09  -0.0717789265  
666.760688      889.139688      1.77215602e-08  -0.14176137    
666.760688      889.139688      3.15138856e-08  -0.2950579     
666.760688      889.139688      5.6040494e-08   -0.652141797   
666.760688      889.139688      9.96556565e-08  -1.52319563    
666.760688      889.139688      1.77215602e-07  -3.68976553    
666.760688      889.139688      3.15138856e-07  -9.02847626    
666.760688      889.139688      5.6040494e-07   -21.7710306    
666.760688      889.139688      9.96556565e-07  -50.8714945    
666.760688      889.139688      1.77215602e-06  -114.291423    
666.760688      889.139688      3.15138856e-06  -246.690636    
666.760688      889.139688      5.6040494e-06   -513.225227    
666.760688      889.139688      9.96556565e-06  -1034.23355    
666.760688      889.139688      1.77215602e-05  -2029.22357    
666.760688      889.139688      3.15138856e-05  -3895.06164    
666.760688      889.139688      5.6040494e-05   -7344.94326    
666.760688      889.139688      9.96556565e-05  -13655.5871    
889.139688      1185.68688      0               5.27000884e-06 
889.139688      1185.68688      1.77215602e-10  -0.00146168925 
889.139688      1185.68688      3.15138856e-10  -0.0026112981  
889.139688      1185.68688      5.60404939e-10  -0.00467267314 
889.139688      1185.68688      9.96556565e-10  -0.0083920917  
889.139688      1185.68688      1.77215602e-09  -0.0151750318  
889.139688      1185.68688      3.15138856e-09  -0.0277646478  
889.139688      1185.68688      5.60404939e-09  -0.0517880221  
889.139688      1185.68688      9.96556565e-09  -0.0995037321  
889.139688      1185.68688      1.77215602e-08  -0.199244488   
889.139688      1185.68688      3.15138856e-08  -0.419293955   
889.139688      1185.68688      5.60404939e-08  -0.926100095   
889.139688      1185.68688      9.96556565e-08  -2.11653842    
889.139688      1185.68688      1.77215602e-07  -4.89388671    
889.139688      1185.68688      3.15138856e-07  -11.2036604    
889.139688      1185.68688      5.60404939e-07  -25.0314911    
889.139688      1185.68688      9.96556565e-07  -54.2307798    
889.139688      1185.68688      1.77215602e-06  -113.852989    
889.139688      1185.68688      3.15138856e-06  -232.198592    
889.139688      1185.68688      5.60404939e-06  -461.746879    
889.139688      1185.68688      9.96556565e-06  -898.712203    
889.139688      1185.68688      1.77215602e-05  -1717.75573    
889.139688      1185.68688      3.15138856e-05  -3233.48334    
889.139688      1185.68688      5.60404939e-05  -6009.64471    
889.139688      1185.68688      9.96556565e-05  -11053.3823    
1185.68688      1581.13888      0               0.000492089435 
1185.68688      1581.13888      1.77215602e-10  -0.0025265698  
1185.68688      1581.13888      3.15138856e-10  -0.00488112921 
1185.68688      1581.13888      5.6040494e-10   -0.00907940876 
1185.68688      1581.13888      9.96556565e-10  -0.0165804646  
1185.68688      1581.13888      1.77215602e-09  -0.0300305112  
1185.68688      1581.13888      3.15138856e-09  -0.0542958985  
1185.68688      1581.13888      5.6040494e-09   -0.0985245089  
1185.68688      1581.13888      9.96556565e-09  -0.180473265   
1185.68688      1581.13888      1.77215602e-08  -0.336058069   
1185.68688      1581.13888      3.15138856e-08  -0.641118269   
1185.68688      1581.13888      5.6040494e-08   -1.26095107    
1185.68688      1581.13888      9.96556565e-08  -2.55870233    
1185.68688      1581.13888      1.77215602e-07  -5.31773927    
1185.68688      1581.13888      3.15138856e-07  -11.1699041    
1185.68688      1581.13888      5.6040494e-07   -23.389273     
1185.68688      1581.13888      9.96556565e-07  -48.3447249    
1185.68688      1581.13888      1.77215602e-06  -98.1394299    
1185.68688      1581.13888      3.15138856e-06  -195.351665    
1185.68688      1581.13888      5.6040494e-06   -381.479996    
1185.68688      1581.13888      9.96556565e-06  -731.974879    
1185.68688      1581.13888      1.77215602e-05  -1382.99347    
1185.68688      1581.13888      3.15138856e-05  -2578.93045    
1185.68688      1581.13888      5.6040494e-05   -4756.79024    
1185.68688      1581.13888      9.96556565e-05  -8696.11263    
1581.13888      2108.4825       0               5.32963895e-10 
1581.13888      2108.4825       1.77215602e-10  -0.00328627264 
1581.13888      2108.4825       3.15138857e-10  -0.00584803463 
1581.13888      2108.4825       5.6040494e-10   -0.010412459   
1581.13888      2108.4825       9.96556566e-10  -0.0185573212  
1581.13888      2108.4825       1.77215602e-09  -0.0331293258  
1581.13888      2108.4825       3.15138857e-09  -0.0593184093  
1581.13888      2108.4825       5.6040494e-09   -0.106747243   
1581.13888      2108.4825       9.96556566e-09  -0.193716988   
1581.13888      2108.4825       1.77215602e-08  -0.356250362   
1581.13888      2108.4825       3.15138857e-08  -0.668039252   
1581.13888      2108.4825       5.6040494e-08   -1.28463327    
1581.13888      2108.4825       9.96556566e-08  -2.53776536    
1581.13888      2108.4825       1.77215602e-07  -5.12338525    
1581.13888      2108.4825       3.15138857e-07  -10.452648     
1581.13888      2108.4825       5.6040494e-07   -21.288254     
1581.13888      2108.4825       9.96556566e-07  -42.8958349    
1581.13888      2108.4825       1.77215602e-06  -85.11266      
1581.13888      2108.4825       3.15138857e-06  -166.026371    
1581.13888      2108.4825       5.6040494e-06   -318.51435     
1581.13888      2108.4825       9.96556566e-06  -601.908383    
1581.13888      2108.4825       1.77215602e-05  -1122.78801    
1581.13888      2108.4825       3.15138857e-05  -2071.96499    
1581.13888      2108.4825       5.6040494e-05   -3790.22883    
1581.13888      2108.4825       9.96556566e-05  -6885.23438    
2108.4825       2811.70675      0               -0.937548939   
2108.4825       2811.70675      1.77215602e-10  -0.92897887    
2108.4825       2811.70675      3.15138856e-10  -0.922360777   
2108.4825       2811.70675      5.60404939e-10  -0.910702512   
2108.4825       2811.70675      9.96556564e-10  -0.890313791   
2108.4825       2811.70675      1.77215602e-09  -0.855105594   
2108.4825       2811.70675      3.15138856e-09  -0.795625923   
2108.4825       2811.70675      5.60404939e-09  -0.698841364   
2108.4825       2811.70675      9.96556564e-09  -0.551041645   
2108.4825       2811.70675      1.77215602e-08  -0.348734077   
2108.4825       2811.70675      3.15138856e-08  -0.124905618   
2108.4825       2811.70675      5.60404939e-08  8.17179898e-06 
2108.4825       2811.70675      9.96556564e-08  -0.27143201    
2108.4825       2811.70675      1.77215602e-07  -1.56787763    
2108.4825       2811.70675      3.15138856e-07  -5.1187636     
2108.4825       2811.70675      5.60404939e-07  -13.2373431    
2108.4825       2811.70675      9.96556564e-07  -30.198922     
2108.4825       2811.70675      1.77215602e-06  -63.8316728    
2108.4825       2811.70675      3.15138856e-06  -128.368787    
2108.4825       2811.70675      5.60404939e-06  -249.535252    
2108.4825       2811.70675      9.96556564e-06  -473.606809    
2108.4825       2811.70675      1.77215602e-05  -883.524862    
2108.4825       2811.70675      3.15138856e-05  -1627.55485    
2108.4825       2811.70675      5.60404939e-05  -2970.27015    
2108.4825       2811.70675      9.96556564e-05  -5383.2523     
2811.70675      3749.471        0               5.34808669e-06 
2811.70675      3749.471        1.77215602e-10  -0.00592580267 
2811.70675      3749.471        3.15138857e-10  -0.0105423229  
2811.70675      3749.471        5.6040494e-10   -0.0187527097  
2811.70675      3749.471        9.96556566e-10  -0.0333559879  
2811.70675      3749.471        1.77215602e-09  -0.0593338923  
2811.70675      3749.471        3.15138857e-09  -0.105558789   
2811.70675      3749.471        5.6040494e-09   -0.187850187   
2811.70675      3749.471        9.96556566e-09  -0.334469142   
2811.70675      3749.471        1.77215602e-08  -0.596064566   
2811.70675      3749.471        3.15138857e-08  -1.0638595     
2811.70675      3749.471        5.6040494e-08   -1.90330072    
2811.70675      3749.471        9.96556566e-08  -3.41690571    
2811.70675      3749.471        1.77215602e-07  -6.16156775    
2811.70675      3749.471        3.15138857e-07  -11.164149     
2811.70675      3749.471        5.6040494e-07   -20.3083972    
2811.70675      3749.471        9.96556566e-07  -37.0181142    
2811.70675      3749.471        1.77215602e-06  -67.4629015    
2811.70675      3749.471        3.15138857e-06  -122.702958    
2811.70675      3749.471        5.6040494e-06   -222.524469    
2811.70675      3749.471        9.96556566e-06  -402.297975    
2811.70675      3749.471        1.77215602e-05  -725.21534     
2811.70675      3749.471        3.15138857e-05  -1304.08572    
2811.70675      3749.471        5.6040494e-05   -2340.11634    
2811.70675      3749.471        9.96556566e-05  -4191.86227    
3749.471        5000            0               0.000121635191 
3749.471        5000            1.77215602e-10  -0.00161064205 
3749.471        5000            3.15138856e-10  -0.00296273235 
3749.471        5000            5.60404939e-10  -0.00537551502 
3749.471        5000            9.96556565e-10  -0.0096924926  
3749.471        5000            1.77215602e-09  -0.0174518576  
3749.471        5000            3.15138856e-09  -0.0315067078  
3749.471        5000            5.60404939e-09  -0.0572866243  
3749.471        5000            9.96556565e-09  -0.105487868   
3749.471        5000            1.77215602e-08  -0.198011488   
3749.471        5000            3.15138856e-08  -0.381097581   
3749.471        5000            5.60404939e-08  -0.753144407   
3749.471        5000            9.96556565e-08  -1.51895195    
3749.471        5000            1.77215602e-07  -3.08640821    
3749.471        5000            3.15138856e-07  -6.2305986     
3749.471        5000            5.60404939e-07  -12.3754345    
3749.471        5000            9.96556565e-07  -24.0935577    
3749.471        5000            1.77215602e-06  -46.0093832    
3749.471        5000            3.15138856e-06  -86.4291565    
3749.471        5000            5.60404939e-06  -160.260185    
3749.471        5000            9.96556565e-06  -294.203852    
3749.471        5000            1.77215602e-05  -535.968648    
3749.471        5000            3.15138856e-05  -970.617108    
3749.471        5000            5.60404939e-05  -1749.61133    
3749.471        5000            9.96556565e-05  -3142.48753    
5000            6667.607        0               3.46835982e-05 
5000            6667.607        1.77215602e-10  -0.00222902977 
5000            6667.607        3.15138857e-10  -0.00399196337 
5000            6667.607        5.6040494e-10   -0.00712939422 
5000            6667.607        9.96556566e-10  -0.0127163204  
5000            6667.607        1.77215602e-09  -0.0226756344  
5000            6667.607        3.15138857e-09  -0.040461802   
5000            6667.607        5.6040494e-09   -0.0723256677  
5000            6667.607        9.96556566e-09  -0.129708386   
5000            6667.607        1.77215602e-08  -0.233904259   
5000            6667.607        3.15138857e-08  -0.425392978   
5000            6667.607        5.6040494e-08   -0.782728979   
5000            6667.607        9.96556566e-08  -1.46005256    
5000            6667.607        1.77215602e-07  -2.7580256     
5000            6667.607        3.15138857e-07  -5.25096665    
5000            6667.607        5.6040494e-07   -10.008676     
5000            6667.607        9.96556566e-07  -18.984153     
5000            6667.607        1.77215602e-06  -35.6977599    
5000            6667.607        3.15138857e-06  -66.453829     
5000            6667.607        5.6040494e-06   -122.510043    
5000            6667.607        9.96556566e-06  -223.939762    
5000            6667.607        1.77215602e-05  -406.504667    
5000            6667.607        3.15138857e-05  -733.891978    
5000            6667.607        5.6040494e-05   -1319.49633    
5000            6667.607        9.96556566e-05  -2365.16884    
6667.607        8891.397        0               5.22301502e-06 
6667.607        8891.397        1.77215602e-10  -0.00115528586 
6667.607        8891.397        3.15138856e-10  -0.0020611409  
6667.607        8891.397        5.6040494e-10   -0.00367772123 
6667.607        8891.397        9.96556565e-10  -0.00657042318 
6667.607        8891.397        1.77215602e-09  -0.0117706824  
6667.607        8891.397        3.15138856e-09  -0.0211927013  
6667.607        8891.397        5.6040494e-09   -0.038481696   
6667.607        8891.397        9.96556565e-09  -0.070821661   
6667.607        8891.397        1.77215602e-08  -0.132910295   
6667.607        8891.397        3.15138856e-08  -0.255658394   
6667.607        8891.397        5.6040494e-08   -0.504203804   
6667.607        8891.397        9.96556565e-08  -1.01164473    
6667.607        8891.397        1.77215602e-07  -2.0358885     
6667.607        8891.397        3.15138856e-07  -4.05165016    
6667.607        8891.397        5.6040494e-07   -7.90658114    
6667.607        8891.397        9.96556565e-07  -15.1017425    
6667.607        8891.397        1.77215602e-06  -28.302167     
6667.607        8891.397        3.15138856e-06  -52.2585361    
6667.607        8891.397        5.6040494e-06   -95.4558483    
6667.607        8891.397        9.96556565e-06  -173.044789    
6667.607        8891.397        1.77215602e-05  -312.042831    
6667.607        8891.397        3.15138856e-05  -560.570052    
6667.607        8891.397        5.6040494e-05   -1004.26914    
6667.607        8891.397        9.96556565e-05  -1795.51492    
8891.397        11856.869       0               3.9221959e-10  
8891.397        11856.869       1.77215602e-10  -0.00241472613 
8891.397        11856.869       3.15138856e-10  -0.00429405824 
8891.397        11856.869       5.60404939e-10  -0.00763603623 
8891.397        11856.869       9.96556565e-10  -0.0135790081  
8891.397        11856.869       1.77215602e-09  -0.0241472764  
8891.397        11856.869       3.15138856e-09  -0.0429406226  
8891.397        11856.869       5.60404939e-09  -0.0763604815  
8891.397        11856.869       9.96556565e-09  -0.13579045    
8891.397        11856.869       1.77215602e-08  -0.241473924   
8891.397        11856.869       3.15138856e-08  -0.429409881   
8891.397        11856.869       5.60404939e-08  -0.763616348   
8891.397        11856.869       9.96556565e-08  -1.35794086    
8891.397        11856.869       1.77215602e-07  -2.41485362    
8891.397        11856.869       3.15138856e-07  -4.29445731    
8891.397        11856.869       5.60404939e-07  -7.6372795     
8891.397        11856.869       9.96556565e-07  -13.5828428    
8891.397        11856.869       1.77215602e-06  -24.1589014    
8891.397        11856.869       3.15138856e-06  -42.974899     
8891.397        11856.869       5.60404939e-06  -76.4574521    
8891.397        11856.869       9.96556565e-06  -136.049847    
8891.397        11856.869       1.77215602e-05  -242.122661    
8891.397        11856.869       3.15138856e-05  -430.921301    
8891.397        11856.869       5.60404939e-05  -766.913426    
8891.397        11856.869       9.96556565e-05  -1364.74975    
11856.869       15811.388       0               3.73759258e-06 
11856.869       15811.388       1.77215602e-10  -0.00103286767 
11856.869       15811.388       3.15138857e-10  -0.00183998368 
11856.869       15811.388       5.6040494e-10   -0.00327601172 
11856.869       15811.388       9.96556566e-10  -0.00583203822 
11856.869       15811.388       1.77215602e-09  -0.0103848254  
11856.869       15811.388       3.15138857e-09  -0.0185043776  
11856.869       15811.388       5.6040494e-09   -0.0330164041  
11856.869       15811.388       9.96556566e-09  -0.0590494718  
11856.869       15811.388       1.77215602e-08  -0.10603427    
11856.869       15811.388       3.15138857e-08  -0.191635944   
11856.869       15811.388       5.6040494e-08   -0.349679182   
11856.869       15811.388       9.96556566e-08  -0.646149898   
11856.869       15811.388       1.77215602e-07  -1.21037584    
11856.869       15811.388       3.15138857e-07  -2.29179362    
11856.869       15811.388       5.6040494e-07   -4.35704811    
11856.869       15811.388       9.96556566e-07  -8.25458163    
11856.869       15811.388       1.77215602e-06  -15.503635     
11856.869       15811.388       3.15138857e-06  -28.8131287    
11856.869       15811.388       5.6040494e-06   -53.0098915    
11856.869       15811.388       9.96556566e-06  -96.6890529    
11856.869       15811.388       1.77215602e-05  -175.149179    
11856.869       15811.388       3.15138857e-05  -315.619511    
11856.869       15811.388       5.6040494e-05   -566.5697      
11856.869       15811.388       9.96556566e-05  -1014.28424    
15811.388       21084.826       0               3.69742025e-06 
15811.388       21084.826       1.77215602e-10  -0.00136323616 
15811.388       21084.826       3.15138856e-10  -0.00242709247 
15811.388       21084.826       5.60404939e-10  -0.00431892632 
15811.388       21084.826       9.96556565e-10  -0.00768313578 
15811.388       21084.826       1.77215602e-09  -0.0136656411  
15811.388       21084.826       3.15138856e-09  -0.0243042099  
15811.388       21084.826       5.60404939e-09  -0.0432225665  
15811.388       21084.826       9.96556565e-09  -0.0768647183  
15811.388       21084.826       1.77215602e-08  -0.136689952   
15811.388       21084.826       3.15138856e-08  -0.243076212   
15811.388       21084.826       5.60404939e-08  -0.432261587   
15811.388       21084.826       9.96556565e-08  -0.768688818   
15811.388       21084.826       1.77215602e-07  -1.36695919    
15811.388       21084.826       3.15138856e-07  -2.43087863    
15811.388       21084.826       5.60404939e-07  -4.32291112    
15811.388       21084.826       9.96556565e-07  -7.68774309    
15811.388       21084.826       1.77215602e-06  -13.6721861    
15811.388       21084.826       3.15138856e-06  -24.3167174    
15811.388       21084.826       5.60404939e-06  -43.2530774    
15811.388       21084.826       9.96556565e-06  -76.9480023    
15811.388       21084.826       1.77215602e-05  -136.921411    
15811.388       21084.826       3.15138856e-05  -243.70081     
15811.388       21084.826       5.60404939e-05  -433.862387    
15811.388       21084.826       9.96556565e-05  -772.552214    
21084.826       28117.066       0               1.69450232e-10 
21084.826       28117.066       1.77215602e-10  -0.00104300306 
21084.826       28117.066       3.15138857e-10  -0.00185475101 
21084.826       28117.066       5.60404941e-10  -0.00329826571 
21084.826       28117.066       9.96556567e-10  -0.00586523827 
21084.826       28117.066       1.77215602e-09  -0.010430033   
21084.826       28117.066       3.15138857e-09  -0.0185475144  
21084.826       28117.066       5.60404941e-09  -0.0329826674  
21084.826       28117.066       9.96556567e-09  -0.0586524121  
21084.826       28117.066       1.77215602e-08  -0.10430042    
21084.826       28117.066       3.15138857e-08  -0.185475424   
21084.826       28117.066       5.60404941e-08  -0.329827556   
21084.826       28117.066       9.96556567e-08  -0.586526903   
21084.826       28117.066       1.77215602e-07  -1.04301298    
21084.826       28117.066       3.15138857e-07  -1.85478196    
21084.826       28117.066       5.60404941e-07  -3.29836291    
21084.826       28117.066       9.96556567e-07  -5.8655435     
21084.826       28117.066       1.77215602e-06  -10.4309881    
21084.826       28117.066       3.15138857e-06  -18.5504814    
21084.826       28117.066       5.60404941e-06  -32.9917684    
21084.826       28117.066       9.96556567e-06  -58.6797594    
21084.826       28117.066       1.77215602e-05  -104.380041    
21084.826       28117.066       3.15138857e-05  -185.697162    
21084.826       28117.066       5.60404941e-05  -330.411375    
21084.826       28117.066       9.96556567e-05  -587.970565    
28117.066       37494.712       0               7.83302312e-11 
28117.066       37494.712       1.77215602e-10  -0.000481890629
28117.066       37494.712       3.15138856e-10  -0.000856999144
28117.066       37494.712       5.60404939e-10  -0.00152418282 
28117.066       37494.712       9.96556565e-10  -0.00271105123 
28117.066       37494.712       1.77215602e-09  -0.00482299063 
28117.066       37494.712       3.15138856e-09  -0.00858288364 
28117.066       37494.712       5.60404939e-09  -0.0152824717  
28117.066       37494.712       9.96556565e-09  -0.0272383476  
28117.066       37494.712       1.77215602e-08  -0.0486303377  
28117.066       37494.712       3.15138856e-08  -0.0870742119  
28117.066       37494.712       5.60404939e-08  -0.156650787   
28117.066       37494.712       9.96556565e-08  -0.283900354   
28117.066       37494.712       1.77215602e-07  -0.519857171   
28117.066       37494.712       3.15138856e-07  -0.963829865   
28117.066       37494.712       5.60404939e-07  -1.80793426    
28117.066       37494.712       9.96556565e-07  -3.41477068    
28117.066       37494.712       1.77215602e-06  -6.4476781     
28117.066       37494.712       3.15138856e-06  -12.0936231    
28117.066       37494.712       5.60404939e-06  -22.4598454    
28117.066       37494.712       9.96556565e-06  -41.2898274    
28117.066       37494.712       1.77215602e-05  -75.2498741    
28117.066       37494.712       3.15138856e-05  -136.224298    
28117.066       37494.712       5.60404939e-05  -245.390698    
28117.066       37494.712       9.96556565e-05  -440.44891     
37494.712       50000           0               9.16884346e-11 
37494.712       50000           1.77215602e-10  -0.000564495675
37494.712       50000           3.15138857e-10  -0.00100383183 
37494.712       50000           5.60404941e-10  -0.00178509585 
37494.712       50000           9.96556567e-10  -0.00317440651 
37494.712       50000           1.77215602e-09  -0.00564500475 
37494.712       50000           3.15138857e-09  -0.0100384683  
37494.712       50000           5.60404941e-09  -0.0178514308  
37494.712       50000           9.96556567e-09  -0.0317455563  
37494.712       50000           1.77215602e-08  -0.0564547564  
37494.712       50000           3.15138857e-08  -0.100399545   
37494.712       50000           5.60404941e-08  -0.178561154   
37494.712       50000           9.96556567e-08  -0.31760286    
37494.712       50000           1.77215602e-07  -0.565008711   
37494.712       50000           3.15138857e-07  -1.00542834    
37494.712       50000           5.60404941e-07  -1.79000693    
37494.712       50000           9.96556567e-07  -3.18922643    
37494.712       50000           1.77215602e-06  -5.68839471    
37494.712       50000           3.15138857e-06  -10.1600191    
37494.712       50000           5.60404941e-06  -18.1726606    
37494.712       50000           9.96556567e-06  -32.5387104    
37494.712       50000           1.77215602e-05  -58.2817698    
37494.712       50000           3.15138857e-05  -104.351822    
37494.712       50000           5.60404941e-05  -186.680121    
37494.712       50000           9.96556567e-05  -333.622365    
50000           66676.072       0               -0.0947273746  
50000           66676.072       1.77215602e-10  -0.0944629181  
50000           66676.072       3.15138856e-10  -0.0942574422  
50000           66676.072       5.60404939e-10  -0.0938927938  
50000           66676.072       9.96556564e-10  -0.0932466986  
50000           66676.072       1.77215602e-09  -0.0921051685  
50000           66676.072       3.15138856e-09  -0.0900984742  
50000           66676.072       5.60404939e-09  -0.0866026972  
50000           66676.072       9.96556564e-09  -0.0806112376  
50000           66676.072       1.77215602e-08  -0.0706422664  
50000           66676.072       3.15138856e-08  -0.0549473228  
50000           66676.072       5.60404939e-08  -0.0328015869  
50000           66676.072       9.96556564e-08  -0.00866448547 
50000           66676.072       1.77215602e-07  -0.00217108887 
50000           66676.072       3.15138856e-07  -0.0668426967  
50000           66676.072       5.60404939e-07  -0.318577938   
50000           66676.072       9.96556564e-07  -0.976320367   
50000           66676.072       1.77215602e-06  -2.42784636    
50000           66676.072       3.15138856e-06  -5.34989297    
50000           66676.072       5.60404939e-06  -10.9301456    
50000           66676.072       9.96556564e-06  -21.2689167    
50000           66676.072       1.77215602e-05  -40.0976628    
50000           66676.072       3.15138856e-05  -74.0599073    
50000           66676.072       5.60404939e-05  -134.991216    
50000           66676.072       9.96556564e-05  -243.97294     
66676.072       88913.968       0               5.37312417e-11 
66676.072       88913.968       1.77215602e-10  -0.000330820714
66676.072       88913.968       3.15138857e-10  -0.000588291706
66676.072       88913.968       5.6040494e-10   -0.00104614707 
66676.072       88913.968       9.96556567e-10  -0.00186034184 
66676.072       88913.968       1.77215602e-09  -0.00330820766 
66676.072       88913.968       3.15138857e-09  -0.00588291765 
66676.072       88913.968       5.6040494e-09   -0.0104614715  
66676.072       88913.968       9.96556567e-09  -0.01860342    
66676.072       88913.968       1.77215602e-08  -0.0330820803  
66676.072       88913.968       3.15138857e-08  -0.0588291873  
66676.072       88913.968       5.6040494e-08   -0.104614749   
66676.072       88913.968       9.96556567e-08  -0.186034304   
66676.072       88913.968       1.77215602e-07  -0.330821131   
66676.072       88913.968       3.15138857e-07  -0.588292909   
66676.072       88913.968       5.6040494e-07   -1.04615076    
66676.072       88913.968       9.96556567e-07  -1.86035337    
66676.072       88913.968       1.77215602e-06  -3.30824394    
66676.072       88913.968       3.15138857e-06  -5.88303193    
66676.072       88913.968       5.6040494e-06   -10.4618309    
66676.072       88913.968       9.96556567e-06  -18.6045455    
66676.072       88913.968       1.77215602e-05  -33.0855812    
66676.072       88913.968       3.15138857e-05  -58.8399479    
66676.072       88913.968       5.6040494e-05   -104.647184    
66676.072       88913.968       9.96556567e-05  -186.129154    
88913.968       118568.688      0               2.1892189e-07  
88913.968       118568.688      1.77215602e-10  -0.000242557725
88913.968       118568.688      3.15138856e-10  -0.000431505792
88913.968       118568.688      5.60404939e-10  -0.000767508252
88913.968       118568.688      9.96556564e-10  -0.00136501452 
88913.968       118568.688      1.77215602e-09  -0.00242754764 
88913.968       118568.688      3.15138856e-09  -0.00431702851 
88913.968       118568.688      5.60404939e-09  -0.00767705375 
88913.968       118568.688      9.96556564e-09  -0.0136521184  
88913.968       118568.688      1.77215602e-08  -0.0242774561  
88913.968       118568.688      3.15138856e-08  -0.0431722851  
88913.968       118568.688      5.60404939e-08  -0.0767726016  
88913.968       118568.688      9.96556564e-08  -0.136523451   
88913.968       118568.688      1.77215602e-07  -0.242777468   
88913.968       118568.688      3.15138856e-07  -0.431727783   
88913.968       118568.688      5.60404939e-07  -0.767737341   
88913.968       118568.688      9.96556564e-07  -1.365266      
88913.968       118568.688      1.77215602e-06  -2.4278696     
88913.968       118568.688      3.15138856e-06  -4.31757161    
88913.968       118568.688      5.60404939e-06  -7.6782865     
88913.968       118568.688      9.96556564e-06  -13.6554799    
88913.968       118568.688      1.77215602e-05  -24.287276     
88913.968       118568.688      3.15138856e-05  -43.2011637    
88913.968       118568.688      5.60404939e-05  -76.8554155    
88913.968       118568.688      9.96556564e-05  -136.750359    
118568.688      158113.888      0               2.89190893e-11 
118568.688      158113.888      1.77215602e-10  -0.000178053493
118568.688      158113.888      3.15138857e-10  -0.000316628883
118568.688      158113.888      5.6040494e-10   -0.000563054645
118568.688      158113.888      9.96556566e-10  -0.0010012685  
118568.688      158113.888      1.77215602e-09  -0.00178053519 
118568.688      158113.888      3.15138857e-09  -0.00316628909 
118568.688      158113.888      5.6040494e-09   -0.00563054671 
118568.688      158113.888      9.96556566e-09  -0.0100126853  
118568.688      158113.888      1.77215602e-08  -0.0178053522  
118568.688      158113.888      3.15138857e-08  -0.0316628912  
118568.688      158113.888      5.6040494e-08   -0.0563054677  
118568.688      158113.888      9.96556566e-08  -0.100126854   
118568.688      158113.888      1.77215602e-07  -0.178053525   
118568.688      158113.888      3.15138857e-07  -0.316628921   
118568.688      158113.888      5.6040494e-07   -0.563054704   
118568.688      158113.888      9.96556566e-07  -1.00126863    
118568.688      158113.888      1.77215602e-06  -1.78053551    
118568.688      158113.888      3.15138857e-06  -3.16629006    
118568.688      158113.888      5.6040494e-06   -5.63054972    
118568.688      158113.888      9.96556566e-06  -10.0126947    
118568.688      158113.888      1.77215602e-05  -17.8053818    
118568.688      158113.888      3.15138857e-05  -31.6629846    
118568.688      158113.888      5.6040494e-05   -56.305761     
118568.688      158113.888      9.96556566e-05  -100.127771    
158113.888      210848.256      0               2.08046913e-11 
158113.888      210848.256      1.77215602e-10  -0.000128111345
158113.888      210848.256      3.15138857e-10  -0.000227817784
158113.888      210848.256      5.6040494e-10   -0.000405123691
158113.888      210848.256      9.96556566e-10  -0.000720423136
158113.888      210848.256      1.77215602e-09  -0.00128111365 
158113.888      210848.256      3.15138857e-09  -0.00227817806 
158113.888      210848.256      5.6040494e-09   -0.00405123721 
158113.888      210848.256      9.96556566e-09  -0.0072042319  
158113.888      210848.256      1.77215602e-08  -0.0128111378  
158113.888      210848.256      3.15138857e-08  -0.0227817843  
158113.888      210848.256      5.6040494e-08   -0.0405123835  
158113.888      210848.256      9.96556566e-08  -0.0720423546  
158113.888      210848.256      1.77215602e-07  -0.12811149    
158113.888      210848.256      3.15138857e-07  -0.227818198   
158113.888      210848.256      5.6040494e-07   -0.405124954   
158113.888      210848.256      9.96556566e-07  -0.720427082   
158113.888      210848.256      1.77215602e-06  -1.28112607    
158113.888      210848.256      3.15138857e-06  -2.27821718    
158113.888      210848.256      5.6040494e-06   -4.0513603     
158113.888      210848.256      9.96556566e-06  -7.204618      
158113.888      210848.256      1.77215602e-05  -12.8123416    
158113.888      210848.256      3.15138857e-05  -22.785499     
158113.888      210848.256      5.6040494e-05   -40.5236492    
158113.888      210848.256      9.96556566e-05  -72.0755908    
210848.256      281170.656      0               8.32574892e-06 
210848.256      281170.656      1.77215602e-10  -7.96229441e-05
210848.256      281170.656      3.15138857e-10  -0.000148071613
210848.256      281170.656      5.60404941e-10  -0.000269792498
210848.256      281170.656      9.96556567e-10  -0.000486246324
210848.256      281170.656      1.77215602e-09  -0.000871161968
210848.256      281170.656      3.15138857e-09  -0.00155565036 
210848.256      281170.656      5.60404941e-09  -0.00277286459 
210848.256      281170.656      9.96556567e-09  -0.00493741985 
210848.256      281170.656      1.77215602e-08  -0.00878663006 
210848.256      281170.656      3.15138857e-08  -0.0156316839  
210848.256      281170.656      5.60404941e-08  -0.0278043635  
210848.256      281170.656      9.96556567e-08  -0.0494516135  
210848.256      281170.656      1.77215602e-07  -0.0879490746  
210848.256      281170.656      3.15138857e-07  -0.156416512   
210848.256      281170.656      5.60404941e-07  -0.278196474   
210848.256      281170.656      9.96556567e-07  -0.494835608   
210848.256      281170.656      1.77215602e-06  -0.880328933   
210848.256      281170.656      3.15138857e-06  -1.56659921    
210848.256      281170.656      5.60404941e-06  -2.78921255    
210848.256      281170.656      9.96556567e-06  -4.96966171    
210848.256      281170.656      1.77215602e-05  -8.86364837    
210848.256      281170.656      3.15138857e-05  -15.8273595    
210848.256      281170.656      5.60404941e-05  -28.2915904    
210848.256      281170.656      9.96556567e-05  -50.5995141    
281170.656      374947.104      0               1.05710996e-11 
281170.656      374947.104      1.77215602e-10  -6.50804106e-05
281170.656      374947.104      3.15138856e-10  -0.000115731162
281170.656      374947.104      5.60404939e-10  -0.000205802352
281170.656      374947.104      9.96556564e-10  -0.000365974093
281170.656      374947.104      1.77215602e-09  -0.000650804203
281170.656      374947.104      3.15138856e-09  -0.00115731173 
281170.656      374947.104      5.60404939e-09  -0.00205802363 
281170.656      374947.104      9.96556564e-09  -0.00365974109 
281170.656      374947.104      1.77215602e-08  -0.00650804235 
281170.656      374947.104      3.15138856e-08  -0.0115731181  
281170.656      374947.104      5.60404939e-08  -0.0205802386  
281170.656      374947.104      9.96556564e-08  -0.036597418   
281170.656      374947.104      1.77215602e-07  -0.0650804455  
281170.656      374947.104      3.15138856e-07  -0.11573125    
281170.656      374947.104      5.60404939e-07  -0.205802605   
281170.656      374947.104      9.96556564e-07  -0.365974872   
281170.656      374947.104      1.77215602e-06  -0.650806643   
281170.656      374947.104      3.15138856e-06  -1.15731941    
281170.656      374947.104      5.60404939e-06  -2.05804786    
281170.656      374947.104      9.96556564e-06  -3.65981741    
281170.656      374947.104      1.77215602e-05  -6.50828212    
281170.656      374947.104      3.15138856e-05  -11.5738678    
281170.656      374947.104      5.60404939e-05  -20.5825638    
281170.656      374947.104      9.96556564e-05  -36.604528     
374947.104      500000          0               7.40207895e-12 
374947.104      500000          1.77215602e-10  -4.55750875e-05
374947.104      500000          3.15138857e-10  -8.10452455e-05
374947.104      500000          5.6040494e-10   -0.000144121097
374947.104      500000          9.96556566e-10  -0.000256287585
374947.104      500000          1.77215602e-09  -0.000455750942
374947.104      500000          3.15138857e-09  -0.000810452522
374947.104      500000          5.6040494e-09   -0.00144121104 
374947.104      500000          9.96556566e-09  -0.00256287592 
374947.104      500000          1.77215602e-08  -0.00455750948 
374947.104      500000          3.15138857e-08  -0.00810452528 
374947.104      500000          5.6040494e-08   -0.0144121104  
374947.104      500000          9.96556566e-08  -0.0256287593  
374947.104      500000          1.77215602e-07  -0.0455750949  
374947.104      500000          3.15138857e-07  -0.0810452529  
374947.104      500000          5.6040494e-07   -0.144121105   
374947.104      500000          9.96556566e-07  -0.256287593   
374947.104      500000          1.77215602e-06  -0.455750949   
374947.104      500000          3.15138857e-06  -0.810452529   
374947.104      500000          5.6040494e-06   -1.44121105    
374947.104      500000          9.96556566e-06  -2.56287593    
374947.104      500000          1.77215602e-05  -4.55750949    
374947.104      500000          3.15138857e-05  -8.10452529    
374947.104      500000          5.6040494e-05   -14.4121105    
374947.104      500000          9.96556566e-05  -25.6287593    
