### like_segue_2.txt
#[0]emin(MeV) [1]emax(MeV) [2]eflux(MeV/cm^2/s) [3]deltaLogLike
500             666.760688      0               -1.225821      
500             666.760688      1.77215602e-10  -1.22358894    
500             666.760688      3.15138857e-10  -1.22185332    
500             666.760688      5.6040494e-10   -1.21877026    
500             666.760688      9.96556566e-10  -1.21329831    
500             666.760688      1.77215602e-09  -1.20360112    
500             666.760688      3.15138857e-09  -1.18646252    
500             666.760688      5.6040494e-09   -1.15631875    
500             666.760688      9.96556566e-09  -1.10376466    
500             666.760688      1.77215602e-08  -1.01360387    
500             666.760688      3.15138857e-08  -0.863553963   
500             666.760688      5.6040494e-08   -0.628481901   
500             666.760688      9.96556566e-08  -0.30690367    
500             666.760688      1.77215602e-07  -0.0198468861  
500             666.760688      3.15138857e-07  -0.31436822    
500             666.760688      5.6040494e-07   -2.97361871    
500             666.760688      9.96556566e-07  -12.9163972    
500             666.760688      1.77215602e-06  -42.1602834    
500             666.760688      3.15138857e-06  -117.416805    
500             666.760688      5.6040494e-06   -294.037958    
500             666.760688      9.96556566e-06  -681.260956    
500             666.760688      1.77215602e-05  -1487.62866    
500             666.760688      3.15138857e-05  -3102.26261    
500             666.760688      5.6040494e-05   -6239.68857    
500             666.760688      9.96556566e-05  -12197.4722    
666.760688      889.139688      0               -0.000784701046
666.760688      889.139688      1.77215602e-10  -0.000721524664
666.760688      889.139688      3.15138856e-10  -0.000674131594
666.760688      889.139688      5.6040494e-10   -0.000593691457
666.760688      889.139688      9.96556565e-10  -0.000462774942
666.760688      889.139688      1.77215602e-09  -0.000268276171
666.760688      889.139688      3.15138856e-09  -4.32815941e-05
666.760688      889.139688      5.6040494e-09   -2.39766323e-05
666.760688      889.139688      9.96556565e-09  -0.00118574823 
666.760688      889.139688      1.77215602e-08  -0.0069894444  
666.760688      889.139688      3.15138856e-08  -0.0288865696  
666.760688      889.139688      5.6040494e-08   -0.103139914   
666.760688      889.139688      9.96556565e-08  -0.340234704   
666.760688      889.139688      1.77215602e-07  -1.0622088     
666.760688      889.139688      3.15138856e-07  -3.15615074    
666.760688      889.139688      5.6040494e-07   -8.90055782    
666.760688      889.139688      9.96556565e-07  -23.7099116    
666.760688      889.139688      1.77215602e-06  -59.525325     
666.760688      889.139688      3.15138856e-06  -141.115258    
666.760688      889.139688      5.6040494e-06   -317.608074    
666.760688      889.139688      9.96556565e-06  -683.412121    
666.760688      889.139688      1.77215602e-05  -1415.76138    
666.760688      889.139688      3.15138856e-05  -2841.63071    
666.760688      889.139688      5.6040494e-05   -5556.71719    
666.760688      889.139688      9.96556565e-05  -10636.8829    
889.139688      1185.68688      0               -0.017494992   
889.139688      1185.68688      1.77215602e-10  -0.017134613   
889.139688      1185.68688      3.15138856e-10  -0.0168567937  
889.139688      1185.68688      5.60404939e-10  -0.0163684925  
889.139688      1185.68688      9.96556565e-10  -0.0155182829  
889.139688      1185.68688      1.77215602e-09  -0.0140635723  
889.139688      1185.68688      3.15138856e-09  -0.0116568911  
889.139688      1185.68688      5.60404939e-09  -0.00794319947 
889.139688      1185.68688      9.96556565e-09  -0.00310835424 
889.139688      1185.68688      1.77215602e-08  8.73246245e-06 
889.139688      1185.68688      3.15138856e-08  -0.0111732374  
889.139688      1185.68688      5.60404939e-08  -0.0808418677  
889.139688      1185.68688      9.96556565e-08  -0.347199619   
889.139688      1185.68688      1.77215602e-07  -1.20552625    
889.139688      1185.68688      3.15138856e-07  -3.69209301    
889.139688      1185.68688      5.60404939e-07  -10.2934182    
889.139688      1185.68688      9.96556565e-07  -26.4978005    
889.139688      1185.68688      1.77215602e-06  -63.612638     
889.139688      1185.68688      3.15138856e-06  -143.833249    
889.139688      1185.68688      5.60404939e-06  -309.446913    
889.139688      1185.68688      9.96556565e-06  -639.547283    
889.139688      1185.68688      1.77215602e-05  -1280.09498    
889.139688      1185.68688      3.15138856e-05  -2497.50667    
889.139688      1185.68688      5.60404939e-05  -4773.84337    
889.139688      1185.68688      9.96556565e-05  -8975.89534    
1185.68688      1581.13888      0               6.30725663e-06 
1185.68688      1581.13888      1.77215602e-10  -0.00087044706 
1185.68688      1581.13888      3.15138856e-10  -0.00155601166 
1185.68688      1581.13888      5.6040494e-10   -0.00278205699 
1185.68688      1581.13888      9.96556565e-10  -0.00498414618 
1185.68688      1581.13888      1.77215602e-09  -0.0089688841  
1185.68688      1581.13888      3.15138856e-09  -0.0162710598  
1185.68688      1581.13888      5.6040494e-09   -0.0299323481  
1185.68688      1581.13888      9.96556565e-09  -0.0563215053  
1185.68688      1581.13888      1.77215602e-08  -0.109650615   
1185.68688      1581.13888      3.15138856e-08  -0.223568446   
1185.68688      1581.13888      5.6040494e-08   -0.480845437   
1185.68688      1581.13888      9.96556565e-08  -1.08617102    
1185.68688      1581.13888      1.77215602e-07  -2.53116963    
1185.68688      1581.13888      3.15138856e-07  -5.93477136    
1185.68688      1581.13888      5.6040494e-07   -13.6941498    
1185.68688      1581.13888      9.96556565e-07  -30.6906844    
1185.68688      1581.13888      1.77215602e-06  -66.5155931    
1185.68688      1581.13888      3.15138856e-06  -139.547965    
1185.68688      1581.13888      5.6040494e-06   -284.327434    
1185.68688      1581.13888      9.96556565e-06  -564.747137    
1185.68688      1581.13888      1.77215602e-05  -1097.53932    
1185.68688      1581.13888      3.15138856e-05  -2094.00901    
1185.68688      1581.13888      5.6040494e-05   -3934.19032    
1185.68688      1581.13888      9.96556565e-05  -7298.69507    
1581.13888      2108.4825       0               6.33008312e-10 
1581.13888      2108.4825       1.77215602e-10  -0.00387902979 
1581.13888      2108.4825       3.15138857e-10  -0.00689955609 
1581.13888      2108.4825       5.6040494e-10   -0.0122742581  
1581.13888      2108.4825       9.96556566e-10  -0.0218425937  
1581.13888      2108.4825       1.77215602e-09  -0.0388912283  
1581.13888      2108.4825       3.15138857e-09  -0.069313698   
1581.13888      2108.4825       5.6040494e-09   -0.123742926   
1581.13888      2108.4825       9.96556566e-09  -0.22155795    
1581.13888      2108.4825       1.77215602e-08  -0.398645957   
1581.13888      2108.4825       3.15138857e-08  -0.723010648   
1581.13888      2108.4825       5.6040494e-08   -1.32725949    
1581.13888      2108.4825       9.96556566e-08  -2.47729473    
1581.13888      2108.4825       1.77215602e-07  -4.71516666    
1581.13888      2108.4825       3.15138857e-07  -9.14259545    
1581.13888      2108.4825       5.6040494e-07   -17.9541856    
1581.13888      2108.4825       9.96556566e-07  -35.4084799    
1581.13888      2108.4825       1.77215602e-06  -69.5886104    
1581.13888      2108.4825       3.15138857e-06  -135.604833    
1581.13888      2108.4825       5.6040494e-06   -261.386626    
1581.13888      2108.4825       9.96556566e-06  -498.036318    
1581.13888      2108.4825       1.77215602e-05  -938.19703     
1581.13888      2108.4825       3.15138857e-05  -1748.63416    
1581.13888      2108.4825       5.6040494e-05   -3228.17442    
1581.13888      2108.4825       9.96556566e-05  -5910.83585    
2108.4825       2811.70675      0               -0.169454932   
2108.4825       2811.70675      1.77215602e-10  -0.167699387   
2108.4825       2811.70675      3.15138856e-10  -0.166341005   
2108.4825       2811.70675      5.60404939e-10  -0.163942482   
2108.4825       2811.70675      9.96556564e-10  -0.159730851   
2108.4825       2811.70675      1.77215602e-09  -0.152409097   
2108.4825       2811.70675      3.15138856e-09  -0.139909238   
2108.4825       2811.70675      5.60404939e-09  -0.119272297   
2108.4825       2811.70675      9.96556564e-09  -0.0873269956  
2108.4825       2811.70675      1.77215602e-08  -0.0441829634  
2108.4825       2811.70675      3.15138856e-08  -0.0045381579  
2108.4825       2811.70675      5.60404939e-08  -0.0269874644  
2108.4825       2811.70675      9.96556564e-08  -0.278648196   
2108.4825       2811.70675      1.77215602e-07  -1.16295185    
2108.4825       2811.70675      3.15138856e-07  -3.56026862    
2108.4825       2811.70675      5.60404939e-07  -9.27234727    
2108.4825       2811.70675      9.96556564e-07  -21.8240791    
2108.4825       2811.70675      1.77215602e-06  -47.8792974    
2108.4825       2811.70675      3.15138856e-06  -99.7310486    
2108.4825       2811.70675      5.60404939e-06  -199.719927    
2108.4825       2811.70675      9.96556564e-06  -388.138692    
2108.4825       2811.70675      1.77215602e-05  -737.394856    
2108.4825       2811.70675      3.15138856e-05  -1377.28949    
2108.4825       2811.70675      5.60404939e-05  -2539.96944    
2108.4825       2811.70675      9.96556564e-05  -4639.78807    
2811.70675      3749.471        0               -0.025293704   
2811.70675      3749.471        1.77215602e-10  -0.0247027254  
2811.70675      3749.471        3.15138857e-10  -0.0242480556  
2811.70675      3749.471        5.6040494e-10   -0.0234508953  
2811.70675      3749.471        9.96556566e-10  -0.0220690924  
2811.70675      3749.471        1.77215602e-09  -0.0197239616  
2811.70675      3749.471        3.15138857e-09  -0.0159025708  
2811.70675      3749.471        5.6040494e-09   -0.0101802225  
2811.70675      3749.471        9.96556566e-09  -0.00323946229 
2811.70675      3749.471        1.77215602e-08  -0.000334868091
2811.70675      3749.471        3.15138857e-08  -0.0213386477  
2811.70675      3749.471        5.6040494e-08   -0.12615905    
2811.70675      3749.471        9.96556566e-08  -0.470956804   
2811.70675      3749.471        1.77215602e-07  -1.41823383    
2811.70675      3749.471        3.15138857e-07  -3.73489988    
2811.70675      3749.471        5.6040494e-07   -8.93597558    
2811.70675      3749.471        9.96556566e-07  -19.8816939    
2811.70675      3749.471        1.77215602e-06  -41.8322058    
2811.70675      3749.471        3.15138857e-06  -84.3350069    
2811.70675      3749.471        5.6040494e-06   -164.607423    
2811.70675      3749.471        9.96556566e-06  -313.571083    
2811.70675      3749.471        1.77215602e-05  -586.582793    
2811.70675      3749.471        3.15138857e-05  -1082.50065    
2811.70675      3749.471        5.6040494e-05   -1977.57437    
2811.70675      3749.471        9.96556566e-05  -3585.73579    
3749.471        5000            0               -1.36684279    
3749.471        5000            1.77215602e-10  -1.36226325    
3749.471        5000            3.15138856e-10  -1.35870862    
3749.471        5000            5.60404939e-10  -1.35240803    
3749.471        5000            9.96556565e-10  -1.3412683     
3749.471        5000            1.77215602e-09  -1.32166043    
3749.471        5000            3.15138856e-09  -1.28741742    
3749.471        5000            5.60404939e-09  -1.22843434    
3749.471        5000            9.96556565e-09  -1.12924368    
3749.471        5000            1.77215602e-08  -0.969197522   
3749.471        5000            3.15138856e-08  -0.728797243   
3749.471        5000            5.60404939e-08  -0.411580346   
3749.471        5000            9.96556565e-08  -0.0961332765  
3749.471        5000            1.77215602e-07  -0.0350642982  
3749.471        5000            3.15138856e-07  -0.818338852   
3749.471        5000            5.60404939e-07  -3.63193499    
3749.471        5000            9.96556565e-07  -10.6924844    
3749.471        5000            1.77215602e-06  -26.0265474    
3749.471        5000            3.15138856e-06  -56.8821198    
3749.471        5000            5.60404939e-06  -116.256634    
3749.471        5000            9.96556565e-06  -227.399115    
3749.471        5000            1.77215602e-05  -431.819806    
3749.471        5000            3.15138856e-05  -803.536887    
3749.471        5000            5.60404939e-05  -1474.4213     
3749.471        5000            9.96556565e-05  -2679.29552    
5000            6667.607        0               3.04225978e-10 
5000            6667.607        1.77215602e-10  -0.00187468363 
5000            6667.607        3.15138857e-10  -0.00333441523 
5000            6667.607        5.6040494e-10   -0.00593174495 
5000            6667.607        9.96556566e-10  -0.0105553151  
5000            6667.607        1.77215602e-09  -0.0187924043  
5000            6667.607        3.15138857e-09  -0.0334876087  
5000            6667.607        5.6040494e-09   -0.0597675635  
5000            6667.607        9.96556566e-09  -0.106957159   
5000            6667.607        1.77215602e-08  -0.192259433   
5000            6667.607        3.15138857e-08  -0.348038978   
5000            6667.607        5.6040494e-08   -0.636572236   
5000            6667.607        9.96556566e-08  -1.17991486    
5000            6667.607        1.77215602e-07  -2.21841546    
5000            6667.607        3.15138857e-07  -4.21923389    
5000            6667.607        5.6040494e-07   -8.0687993     
5000            6667.607        9.96556566e-07  -15.4105063    
5000            6667.607        1.77215602e-06  -29.2431341    
5000            6667.607        3.15138857e-06  -54.986195     
5000            6667.607        5.6040494e-06   -102.371129    
5000            6667.607        9.96556566e-06  -188.794575    
5000            6667.607        1.77215602e-05  -345.275687    
5000            6667.607        3.15138857e-05  -627.062883    
5000            6667.607        5.6040494e-05   -1132.53661    
5000            6667.607        9.96556566e-05  -2036.8844     
6667.607        8891.397        0               -0.146727345   
6667.607        8891.397        1.77215602e-10  -0.144804174   
6667.607        8891.397        3.15138856e-10  -0.143320131   
6667.607        8891.397        5.6040494e-10   -0.14070835    
6667.607        8891.397        9.96556565e-10  -0.136148966   
6667.607        8891.397        1.77215602e-09  -0.128304076   
6667.607        8891.397        3.15138856e-09  -0.11515253    
6667.607        8891.397        5.6040494e-09   -0.0941227627  
6667.607        8891.397        9.96556565e-09  -0.0633594859  
6667.607        8891.397        1.77215602e-08  -0.0259946352  
6667.607        8891.397        3.15138856e-08  -0.000340403781
6667.607        8891.397        5.6040494e-08   -0.0384811479  
6667.607        8891.397        9.96556565e-08  -0.25384585    
6667.607        8891.397        1.77215602e-07  -0.860796297   
6667.607        8891.397        3.15138856e-07  -2.24159303    
6667.607        8891.397        5.6040494e-07   -5.074368      
6667.607        8891.397        9.96556565e-07  -10.5782412    
6667.607        8891.397        1.77215602e-06  -20.9682754    
6667.607        8891.397        3.15138856e-06  -40.2747846    
6667.607        8891.397        5.6040494e-06   -75.787073     
6667.607        8891.397        9.96556565e-06  -140.583596    
6667.607        8891.397        1.77215602e-05  -258.000192    
6667.607        8891.397        3.15138856e-05  -469.583671    
6667.607        8891.397        5.6040494e-05   -849.278402    
6667.607        8891.397        9.96556565e-05  -1528.69654    
8891.397        11856.869       0               9.26339007e-05 
8891.397        11856.869       1.77215602e-10  -0.00192199147 
8891.397        11856.869       3.15138856e-10  -0.00348993362 
8891.397        11856.869       5.60404939e-10  -0.00627817441 
8891.397        11856.869       9.96556565e-10  -0.0112364505  
8891.397        11856.869       1.77215602e-09  -0.0200536661  
8891.397        11856.869       3.15138856e-09  -0.0357331877  
8891.397        11856.869       5.60404939e-09  -0.0636159121  
8891.397        11856.869       9.96556565e-09  -0.113199673   
8891.397        11856.869       1.77215602e-08  -0.20137499    
8891.397        11856.869       3.15138856e-08  -0.35818019    
8891.397        11856.869       5.60404939e-08  -0.637038932   
8891.397        11856.869       9.96556565e-08  -1.13297574    
8891.397        11856.869       1.77215602e-07  -2.01504032    
8891.397        11856.869       3.15138856e-07  -3.58406459    
8891.397        11856.869       5.60404939e-07  -6.37565883    
8891.397        11856.869       9.96556565e-07  -11.3441781    
8891.397        11856.869       1.77215602e-06  -20.1919605    
8891.397        11856.869       3.15138856e-06  -35.9595164    
8891.397        11856.869       5.60404939e-06  -64.0835368    
8891.397        11856.869       9.96556565e-06  -114.288929    
8891.397        11856.869       1.77215602e-05  -203.959348    
8891.397        11856.869       3.15138856e-05  -364.125024    
8891.397        11856.869       5.60404939e-05  -650.095501    
8891.397        11856.869       9.96556565e-05  -1160.35607    
11856.869       15811.388       0               2.46018317e-10 
11856.869       15811.388       1.77215602e-10  -0.00151378894 
11856.869       15811.388       3.15138857e-10  -0.0026919402  
11856.869       15811.388       5.6040494e-10   -0.00478702301 
11856.869       15811.388       9.96556566e-10  -0.00851266777 
11856.869       15811.388       1.77215602e-09  -0.0151379119  
11856.869       15811.388       3.15138857e-09  -0.0269194683  
11856.869       15811.388       5.6040494e-09   -0.0478704349  
11856.869       15811.388       9.96556566e-09  -0.0851273204  
11856.869       15811.388       1.77215602e-08  -0.151381145   
11856.869       15811.388       3.15138857e-08  -0.269201084   
11856.869       15811.388       5.6040494e-08   -0.47872456    
11856.869       15811.388       9.96556566e-08  -0.851336978   
11856.869       15811.388       1.77215602e-07  -1.51401237    
11856.869       15811.388       3.15138857e-07  -2.69264204    
11856.869       15811.388       5.6040494e-07   -4.78921876    
11856.869       15811.388       9.96556566e-07  -8.51948545    
11856.869       15811.388       1.77215602e-06  -15.1588086    
11856.869       15811.388       3.15138857e-06  -26.9821956    
11856.869       15811.388       5.6040494e-06   -48.052863     
11856.869       15811.388       9.96556566e-06  -85.6349878    
11856.869       15811.388       1.77215602e-05  -152.717788    
11856.869       15811.388       3.15138857e-05  -272.50813     
11856.869       15811.388       5.6040494e-05   -486.408654    
11856.869       15811.388       9.96556566e-05  -868.186701    
15811.388       21084.826       0               1.041178e-05   
15811.388       21084.826       1.77215602e-10  -0.00114440506 
15811.388       21084.826       3.15138856e-10  -0.00204317534 
15811.388       21084.826       5.60404939e-10  -0.00364144024 
15811.388       21084.826       9.96556565e-10  -0.00648360252 
15811.388       21084.826       1.77215602e-09  -0.0115377635  
15811.388       21084.826       3.15138856e-09  -0.0205254809  
15811.388       21084.826       5.60404939e-09  -0.0365081765  
15811.388       21084.826       9.96556565e-09  -0.0649299464  
15811.388       21084.826       1.77215602e-08  -0.115472021   
15811.388       21084.826       3.15138856e-08  -0.205350665   
15811.388       21084.826       5.60404939e-08  -0.365182262   
15811.388       21084.826       9.96556565e-08  -0.649414615   
15811.388       21084.826       1.77215602e-07  -1.15488154    
15811.388       21084.826       3.15138856e-07  -2.0538132     
15811.388       21084.826       5.60404939e-07  -3.65258372    
15811.388       21084.826       9.96556565e-07  -6.49631919    
15811.388       21084.826       1.77215602e-06  -11.5553171    
15811.388       21084.826       3.15138856e-06  -20.557616     
15811.388       21084.826       5.60404939e-06  -36.5829168    
15811.388       21084.826       9.96556565e-06  -65.1235736    
15811.388       21084.826       1.77215602e-05  -115.977647    
15811.388       21084.826       3.15138856e-05  -206.618211    
15811.388       21084.826       5.60404939e-05  -368.179081    
15811.388       21084.826       9.96556565e-05  -656.0891      
21084.826       28117.066       0               1.13004717e-10 
21084.826       28117.066       1.77215602e-10  -0.000695810221
21084.826       28117.066       3.15138857e-10  -0.00123735899 
21084.826       28117.066       5.60404941e-10  -0.00220041408 
21084.826       28117.066       9.96556567e-10  -0.00391309018 
21084.826       28117.066       1.77215602e-09  -0.00695900723 
21084.826       28117.066       3.15138857e-09  -0.0123764477  
21084.826       28117.066       5.60404941e-09  -0.0220131654  
21084.826       28117.066       9.96556567e-09  -0.0391593786  
21084.826       28117.066       1.77215602e-08  -0.0696797913  
21084.826       28117.066       3.15138857e-08  -0.124046353   
21084.826       28117.066       5.60404941e-08  -0.221012879   
21084.826       28117.066       9.96556567e-08  -0.394325336   
21084.826       28117.066       1.77215602e-07  -0.705143436   
21084.826       28117.066       3.15138857e-07  -1.26536469    
21084.826       28117.066       5.60404941e-07  -2.28174423    
21084.826       28117.066       9.96556567e-07  -4.13855252    
21084.826       28117.066       1.77215602e-06  -7.54793835    
21084.826       28117.066       3.15138857e-06  -13.8141507    
21084.826       28117.066       5.60404941e-06  -25.2905727    
21084.826       28117.066       9.96556567e-06  -46.1776855    
21084.826       28117.066       1.77215602e-05  -83.9390489    
21084.826       28117.066       3.15138857e-05  -151.832775    
21084.826       28117.066       5.60404941e-05  -273.435253    
21084.826       28117.066       9.96556567e-05  -490.704339    
28117.066       37494.712       0               1.00158104e-10 
28117.066       37494.712       1.77215602e-10  -0.000616659506
28117.066       37494.712       3.15138856e-10  -0.00109659416 
28117.066       37494.712       5.60404939e-10  -0.00195005462 
28117.066       37494.712       9.96556565e-10  -0.00346775386 
28117.066       37494.712       1.77215602e-09  -0.00616667268 
28117.066       37494.712       3.15138856e-09  -0.0109661851  
28117.066       37494.712       5.60404939e-09  -0.019501314   
28117.066       37494.712       9.96556565e-09  -0.0346799631  
28117.066       37494.712       1.77215602e-08  -0.0616743844  
28117.066       37494.712       3.15138856e-08  -0.109686024   
28117.066       37494.712       5.60404939e-08  -0.195089351   
28117.066       37494.712       9.96556565e-08  -0.347039361   
28117.066       37494.712       1.77215602e-07  -0.617494893   
28117.066       37494.712       3.15138856e-07  -1.09919671    
28117.066       37494.712       5.60404939e-07  -1.95807526    
28117.066       37494.712       9.96556565e-07  -3.49203034    
28117.066       37494.712       1.77215602e-06  -6.23808202    
28117.066       37494.712       3.15138856e-06  -11.167561     
28117.066       37494.712       5.60404939e-06  -20.0379857    
28117.066       37494.712       9.96556565e-06  -36.0171273    
28117.066       37494.712       1.77215602e-05  -64.779323     
28117.066       37494.712       3.15138856e-05  -116.438905    
28117.066       37494.712       5.60404939e-05  -208.98689     
28117.066       37494.712       9.96556565e-05  -374.415648    
37494.712       50000           0               4.54290841e-07 
37494.712       50000           1.77215602e-10  -0.000503338373
37494.712       50000           3.15138857e-10  -0.000895429837
37494.712       50000           5.60404941e-10  -0.00159267803 
37494.712       50000           9.96556567e-10  -0.00283258017 
37494.712       50000           1.77215602e-09  -0.00503747277 
37494.712       50000           3.15138857e-09  -0.00895838831 
37494.712       50000           5.60404941e-09  -0.0159308731  
37494.712       50000           9.96556567e-09  -0.0283299036  
37494.712       50000           1.77215602e-08  -0.0503788583  
37494.712       50000           3.15138857e-08  -0.0895881046  
37494.712       50000           5.60404941e-08  -0.159313239   
37494.712       50000           9.96556567e-08  -0.283304452   
37494.712       50000           1.77215602e-07  -0.503796864   
37494.712       50000           3.15138857e-07  -0.895898371   
37494.712       50000           5.60404941e-07  -1.59317822    
37494.712       50000           9.96556567e-07  -2.83317992    
37494.712       50000           1.77215602e-06  -5.03838425    
37494.712       50000           3.15138857e-06  -8.96026868    
37494.712       50000           5.60404941e-06  -15.935727     
37494.712       50000           9.96556567e-06  -28.3436939    
37494.712       50000           1.77215602e-05  -50.4186305    
37494.712       50000           3.15138857e-05  -89.6998373    
37494.712       50000           5.60404941e-05  -159.611893    
37494.712       50000           9.96556567e-05  -284.053919    
50000           66676.072       0               5.61044544e-11 
50000           66676.072       1.77215602e-10  -0.000345404151
50000           66676.072       3.15138856e-10  -0.00061422572 
50000           66676.072       5.60404939e-10  -0.00109226685 
50000           66676.072       9.96556564e-10  -0.00194236156 
50000           66676.072       1.77215602e-09  -0.00345408016 
50000           66676.072       3.15138856e-09  -0.00614237833 
50000           66676.072       5.60404939e-09  -0.0109230503  
50000           66676.072       9.96556564e-09  -0.0194248213  
50000           66676.072       1.77215602e-08  -0.0345446099  
50000           66676.072       3.15138856e-08  -0.0614358049  
50000           66676.072       5.60404939e-08  -0.109268407   
50000           66676.072       9.96556564e-08  -0.194367451   
50000           66676.072       1.77215602e-07  -0.345819713   
50000           66676.072       3.15138856e-07  -0.615520635   
50000           66676.072       5.60404939e-07  -1.09625898    
50000           66676.072       9.96556564e-07  -1.95445117    
50000           66676.072       1.77215602e-06  -3.48966583    
50000           66676.072       3.15138856e-06  -6.24279482    
50000           66676.072       5.60404939e-06  -11.1907143    
50000           66676.072       9.96556564e-06  -20.0911882    
50000           66676.072       1.77215602e-05  -36.088387     
50000           66676.072       3.15138856e-05  -64.7799542    
50000           66676.072       5.60404939e-05  -116.112325    
50000           66676.072       9.96556564e-05  -207.757556    
66676.072       88913.968       0               2.1745587e-06  
66676.072       88913.968       1.77215602e-10  -0.000265813869
66676.072       88913.968       3.15138857e-10  -0.000474383775
66676.072       88913.968       5.6040494e-10   -0.000845279412
66676.072       88913.968       9.96556567e-10  -0.0015048357  
66676.072       88913.968       1.77215602e-09  -0.00267771173 
66676.072       88913.968       3.15138857e-09  -0.00476341515 
66676.072       88913.968       5.6040494e-09   -0.00847238529 
66676.072       88913.968       9.96556567e-09  -0.0150679917  
66676.072       88913.968       1.77215602e-08  -0.0267968897  
66676.072       88913.968       3.15138857e-08  -0.0476543591  
66676.072       88913.968       5.6040494e-08   -0.0847454358  
66676.072       88913.968       9.96556567e-08  -0.150705842   
66676.072       88913.968       1.77215602e-07  -0.26800852    
66676.072       88913.968       3.15138857e-07  -0.47662633    
66676.072       88913.968       5.6040494e-07   -0.847672349   
66676.072       88913.968       9.96556567e-07  -1.50769809    
66676.072       88913.968       1.77215602e-06  -2.68202565    
66676.072       88913.968       3.15138857e-06  -4.77214466    
66676.072       88913.968       5.6040494e-06   -8.49419559    
66676.072       88913.968       9.96556567e-06  -15.1269984    
66676.072       88913.968       1.77215602e-05  -26.9557017    
66676.072       88913.968       3.15138857e-05  -48.0620025    
66676.072       88913.968       5.6040494e-05   -85.7252908    
66676.072       88913.968       9.96556567e-05  -152.904597    
88913.968       118568.688      0               3.25250937e-11 
88913.968       118568.688      1.77215602e-10  -0.000200245593
88913.968       118568.688      3.15138856e-10  -0.00035609264 
88913.968       118568.688      5.60404939e-10  -0.000633232236
88913.968       118568.688      9.96556564e-10  -0.00112606387 
88913.968       118568.688      1.77215602e-09  -0.00200245623 
88913.968       118568.688      3.15138856e-09  -0.00356092672 
88913.968       118568.688      5.60404939e-09  -0.00633232273 
88913.968       118568.688      9.96556564e-09  -0.0112606393  
88913.968       118568.688      1.77215602e-08  -0.0200245633  
88913.968       118568.688      3.15138856e-08  -0.0356092699  
88913.968       118568.688      5.60404939e-08  -0.0633232351  
88913.968       118568.688      9.96556564e-08  -0.112606417   
88913.968       118568.688      1.77215602e-07  -0.200245709   
88913.968       118568.688      3.15138856e-07  -0.356092937   
88913.968       118568.688      5.60404939e-07  -0.633233102   
88913.968       118568.688      9.96556564e-07  -1.12606654    
88913.968       118568.688      1.77215602e-06  -2.00246459    
88913.968       118568.688      3.15138856e-06  -3.56095302    
88913.968       118568.688      5.60404939e-06  -6.33240552    
88913.968       118568.688      9.96556564e-06  -11.2608993    
88913.968       118568.688      1.77215602e-05  -20.0253764    
88913.968       118568.688      3.15138856e-05  -35.6117905    
88913.968       118568.688      5.60404939e-05  -63.3309395    
88913.968       118568.688      9.96556564e-05  -112.629429    
118568.688      158113.888      0               1.30063924e-07 
118568.688      158113.888      1.77215602e-10  -0.000144106256
118568.688      158113.888      3.15138857e-10  -0.000256362414
118568.688      158113.888      5.6040494e-10   -0.000455985229
118568.688      158113.888      9.96556566e-10  -0.000810970371
118568.688      158113.888      1.77215602e-09  -0.00144223314 
118568.688      158113.888      3.15138857e-09  -0.00256479474 
118568.688      158113.888      5.6040494e-09   -0.00456102295 
118568.688      158113.888      9.96556566e-09  -0.00811087456 
118568.688      158113.888      1.77215602e-08  -0.0144235029  
118568.688      158113.888      3.15138857e-08  -0.0256491207  
118568.688      158113.888      5.6040494e-08   -0.0456114086  
118568.688      158113.888      9.96556566e-08  -0.081109943   
118568.688      158113.888      1.77215602e-07  -0.144236284   
118568.688      158113.888      3.15138857e-07  -0.256492646   
118568.688      158113.888      5.6040494e-07   -0.456116104   
118568.688      158113.888      9.96556566e-07  -0.811103279   
118568.688      158113.888      1.77215602e-06  -1.44237247    
118568.688      158113.888      3.15138857e-06  -2.56495434    
118568.688      158113.888      5.6040494e-06   -4.56124643    
118568.688      158113.888      9.96556566e-06  -8.11129888    
118568.688      158113.888      1.77215602e-05  -14.4245557    
118568.688      158113.888      3.15138857e-05  -25.6521256    
118568.688      158113.888      5.6040494e-05   -45.6203968    
118568.688      158113.888      9.96556566e-05  -81.13688      
158113.888      210848.256      0               1.68327574e-11 
158113.888      210848.256      1.77215602e-10  -0.000103638356
158113.888      210848.256      3.15138857e-10  -0.000184297968
158113.888      210848.256      5.6040494e-10   -0.000327733296
158113.888      210848.256      9.96556566e-10  -0.000582801385
158113.888      210848.256      1.77215602e-09  -0.00103638372 
158113.888      210848.256      3.15138857e-09  -0.00184297984 
158113.888      210848.256      5.6040494e-09   -0.00327733312 
158113.888      210848.256      9.96556566e-09  -0.00582801403 
158113.888      210848.256      1.77215602e-08  -0.0103638374  
158113.888      210848.256      3.15138857e-08  -0.0184297988  
158113.888      210848.256      5.6040494e-08   -0.0327733323  
158113.888      210848.256      9.96556566e-08  -0.0582801436  
158113.888      210848.256      1.77215602e-07  -0.103638384   
158113.888      210848.256      3.15138857e-07  -0.18429802    
158113.888      210848.256      5.6040494e-07   -0.327733424   
158113.888      210848.256      9.96556566e-07  -0.582801755   
158113.888      210848.256      1.77215602e-06  -1.03638485    
158113.888      210848.256      3.15138857e-06  -1.84298338    
158113.888      210848.256      5.6040494e-06   -3.27734428    
158113.888      210848.256      9.96556566e-06  -5.82804923    
158113.888      210848.256      1.77215602e-05  -10.3639483    
158113.888      210848.256      3.15138857e-05  -18.4301475    
158113.888      210848.256      5.6040494e-05   -32.774424     
158113.888      210848.256      9.96556566e-05  -58.2835363    
210848.256      281170.656      0               1.19904087e-11 
210848.256      281170.656      1.77215602e-10  -7.3805129e-05 
210848.256      281170.656      3.15138857e-10  -0.000131246151
210848.256      281170.656      5.60404941e-10  -0.000233392337
210848.256      281170.656      9.96556567e-10  -0.000415036796
210848.256      281170.656      1.77215602e-09  -0.000738051399
210848.256      281170.656      3.15138857e-09  -0.00131246162 
210848.256      281170.656      5.60404941e-09  -0.00233392349 
210848.256      281170.656      9.96556567e-09  -0.00415036811 
210848.256      281170.656      1.77215602e-08  -0.00738051424 
210848.256      281170.656      3.15138857e-08  -0.0131246167  
210848.256      281170.656      5.60404941e-08  -0.0233392363  
210848.256      281170.656      9.96556567e-08  -0.0415036855  
210848.256      281170.656      1.77215602e-07  -0.073805156   
210848.256      281170.656      3.15138857e-07  -0.13124621    
210848.256      281170.656      5.60404941e-07  -0.233392499   
210848.256      281170.656      9.96556567e-07  -0.415037284   
210848.256      281170.656      1.77215602e-06  -0.738052915   
210848.256      281170.656      3.15138857e-06  -1.31246638    
210848.256      281170.656      5.60404941e-06  -2.33393851    
210848.256      281170.656      9.96556567e-06  -4.15041547    
210848.256      281170.656      1.77215602e-05  -7.38066333    
210848.256      281170.656      3.15138857e-05  -13.1250847    
210848.256      281170.656      5.60404941e-05  -23.3406971    
210848.256      281170.656      9.96556567e-05  -41.5082023    
281170.656      374947.104      0               8.46656079e-12 
281170.656      374947.104      1.77215602e-10  -5.2128682e-05 
281170.656      374947.104      3.15138856e-10  -9.26993684e-05
281170.656      374947.104      5.60404939e-10  -0.000164845385
281170.656      374947.104      9.96556564e-10  -0.00029314116 
281170.656      374947.104      1.77215602e-09  -0.000521286896
281170.656      374947.104      3.15138856e-09  -0.00092699376 
281170.656      374947.104      5.60404939e-09  -0.00164845392 
281170.656      374947.104      9.96556564e-09  -0.00293141168 
281170.656      374947.104      1.77215602e-08  -0.00521286904 
281170.656      374947.104      3.15138856e-08  -0.00926993768 
281170.656      374947.104      5.60404939e-08  -0.0164845393  
281170.656      374947.104      9.96556564e-08  -0.0293141169  
281170.656      374947.104      1.77215602e-07  -0.0521286904  
281170.656      374947.104      3.15138856e-07  -0.0926993769  
281170.656      374947.104      5.60404939e-07  -0.164845393   
281170.656      374947.104      9.96556564e-07  -0.293141169   
281170.656      374947.104      1.77215602e-06  -0.521286904   
281170.656      374947.104      3.15138856e-06  -0.926993769   
281170.656      374947.104      5.60404939e-06  -1.64845393    
281170.656      374947.104      9.96556564e-06  -2.93141169    
281170.656      374947.104      1.77215602e-05  -5.21286904    
281170.656      374947.104      3.15138856e-05  -9.26993769    
281170.656      374947.104      5.60404939e-05  -16.4845393    
281170.656      374947.104      9.96556564e-05  -29.3141169    
374947.104      500000          0               5.86919402e-12 
374947.104      500000          1.77215602e-10  -3.61371545e-05
374947.104      500000          3.15138857e-10  -6.42619624e-05
374947.104      500000          5.6040494e-10   -0.000114275729
374947.104      500000          9.96556566e-10  -0.000203214181
374947.104      500000          1.77215602e-09  -0.000361371598
374947.104      500000          3.15138857e-09  -0.000642619676
374947.104      500000          5.6040494e-09   -0.00114275734 
374947.104      500000          9.96556566e-09  -0.00203214186 
374947.104      500000          1.77215602e-08  -0.00361371603 
374947.104      500000          3.15138857e-08  -0.00642619682 
374947.104      500000          5.6040494e-08   -0.0114275735  
374947.104      500000          9.96556566e-08  -0.0203214186  
374947.104      500000          1.77215602e-07  -0.0361371604  
374947.104      500000          3.15138857e-07  -0.0642619682  
374947.104      500000          5.6040494e-07   -0.114275735   
374947.104      500000          9.96556566e-07  -0.203214186   
374947.104      500000          1.77215602e-06  -0.361371604   
374947.104      500000          3.15138857e-06  -0.642619682   
374947.104      500000          5.6040494e-06   -1.14275735    
374947.104      500000          9.96556566e-06  -2.03214186    
374947.104      500000          1.77215602e-05  -3.61371604    
374947.104      500000          3.15138857e-05  -6.42619682    
374947.104      500000          5.6040494e-05   -11.4275735    
374947.104      500000          9.96556566e-05  -20.3214186    
