### like_canis_major.txt
#[0]emin(MeV) [1]emax(MeV) [2]eflux(MeV/cm^2/s) [3]deltaLogLike
500             666.760688      0               -0.630964714   
500             666.760688      1.77215602e-10  -0.629682202   
500             666.760688      3.15138857e-10  -0.628685008   
500             666.760688      5.6040494e-10   -0.626913789   
500             666.760688      9.96556566e-10  -0.623770616   
500             666.760688      1.77215602e-09  -0.618201877   
500             666.760688      3.15138857e-09  -0.608364499   
500             666.760688      5.6040494e-09   -0.591077358   
500             666.760688      9.96556566e-09  -0.560987003   
500             666.760688      1.77215602e-08  -0.50952607    
500             666.760688      3.15138857e-08  -0.424432363   
500             666.760688      5.6040494e-08   -0.293086915   
500             666.760688      9.96556566e-08  -0.120953007   
500             666.760688      1.77215602e-07  -7.54050216e-05
500             666.760688      3.15138857e-07  -0.325846408   
500             666.760688      5.6040494e-07   -2.40782746    
500             666.760688      9.96556566e-07  -10.0068724    
500             666.760688      1.77215602e-06  -32.7804645    
500             666.760688      3.15138857e-06  -93.2459838    
500             666.760688      5.6040494e-06   -239.90175     
500             666.760688      9.96556566e-06  -571.200967    
500             666.760688      1.77215602e-05  -1278.99888    
500             666.760688      3.15138857e-05  -2726.92699    
500             666.760688      5.6040494e-05   -5590.90263    
500             666.760688      9.96556566e-05  -11109.8362    
666.760688      889.139688      0               0.00101007363  
666.760688      889.139688      1.77215602e-10  0.00078477147  
666.760688      889.139688      3.15138856e-10  0.000608224753 
666.760688      889.139688      5.6040494e-10   0.000291684337 
666.760688      889.139688      9.96556565e-10  -0.000279402495
666.760688      889.139688      1.77215602e-09  -0.00132082945 
666.760688      889.139688      3.15138856e-09  -0.00325447507 
666.760688      889.139688      5.6040494e-09   -0.00695067926 
666.760688      889.139688      9.96556565e-09  -0.0143343455  
666.760688      889.139688      1.77215602e-08  -0.0300065456  
666.760688      889.139688      3.15138856e-08  -0.0657939687  
666.760688      889.139688      5.6040494e-08   -0.153821263   
666.760688      889.139688      9.96556565e-08  -0.384061098   
666.760688      889.139688      1.77215602e-07  -1.00947379    
666.760688      889.139688      3.15138856e-07  -2.72530651    
666.760688      889.139688      5.6040494e-07   -7.35477214    
666.760688      889.139688      9.96556565e-07  -19.3788803    
666.760688      889.139688      1.77215602e-06  -49.0506079    
666.760688      889.139688      3.15138856e-06  -118.329108    
666.760688      889.139688      5.6040494e-06   -271.802433    
666.760688      889.139688      9.96556565e-06  -596.510097    
666.760688      889.139688      1.77215602e-05  -1257.68632    
666.760688      889.139688      3.15138856e-05  -2562.86284    
666.760688      889.139688      5.6040494e-05   -5076.30117    
666.760688      889.139688      9.96556565e-05  -9822.80355    
889.139688      1185.68688      0               3.19475657e-06 
889.139688      1185.68688      1.77215602e-10  -0.00070661441 
889.139688      1185.68688      3.15138856e-10  -0.00126061837 
889.139688      1185.68688      5.60404939e-10  -0.00224919398 
889.139688      1185.68688      9.96556565e-10  -0.00401790638 
889.139688      1185.68688      1.77215602e-09  -0.00719711335 
889.139688      1185.68688      3.15138856e-09  -0.0129576951  
889.139688      1185.68688      5.60404939e-09  -0.0235386697  
889.139688      1185.68688      9.96556565e-09  -0.0434120331  
889.139688      1185.68688      1.77215602e-08  -0.0820499759  
889.139688      1185.68688      3.15138856e-08  -0.160935389   
889.139688      1185.68688      5.60404939e-08  -0.332067984   
889.139688      1185.68688      9.96556565e-08  -0.727237304   
889.139688      1185.68688      1.77215602e-07  -1.68556347    
889.139688      1185.68688      3.15138856e-07  -4.06314102    
889.139688      1185.68688      5.60404939e-07  -9.92021667    
889.139688      1185.68688      9.96556565e-07  -23.9115417    
889.139688      1185.68688      1.77215602e-06  -55.9153105    
889.139688      1185.68688      3.15138856e-06  -125.842875    
889.139688      1185.68688      5.60404939e-06  -272.35292     
889.139688      1185.68688      9.96556565e-06  -568.624944    
889.139688      1185.68688      1.77215602e-05  -1150.8609     
889.139688      1185.68688      3.15138856e-05  -2269.48614    
889.139688      1185.68688      5.60404939e-05  -4380.51358    
889.139688      1185.68688      9.96556565e-05  -8307.95652    
1185.68688      1581.13888      0               2.96592734e-05 
1185.68688      1581.13888      1.77215602e-10  -0.000938969888
1185.68688      1581.13888      3.15138856e-10  -0.00169436846 
1185.68688      1581.13888      5.6040494e-10   -0.00304099378 
1185.68688      1581.13888      9.96556565e-10  -0.00544614423 
1185.68688      1581.13888      1.77215602e-09  -0.00975623775 
1185.68688      1581.13888      3.15138856e-09  -0.0175250163  
1185.68688      1581.13888      5.6040494e-09   -0.0316678366  
1185.68688      1581.13888      9.96556565e-09  -0.0578440212  
1185.68688      1581.13888      1.77215602e-08  -0.107582324   
1185.68688      1581.13888      3.15138856e-08  -0.205818669   
1185.68688      1581.13888      5.6040494e-08   -0.4099086     
1185.68688      1581.13888      9.96556565e-08  -0.858156756   
1185.68688      1581.13888      1.77215602e-07  -1.89038308    
1185.68688      1581.13888      3.15138856e-07  -4.32912932    
1185.68688      1581.13888      5.6040494e-07   -10.0816796    
1185.68688      1581.13888      9.96556565e-07  -23.3231294    
1185.68688      1581.13888      1.77215602e-06  -52.6779952    
1185.68688      1581.13888      3.15138856e-06  -115.115001    
1185.68688      1581.13888      5.6040494e-06   -242.850872    
1185.68688      1581.13888      9.96556565e-06  -495.648028    
1185.68688      1581.13888      1.77215602e-05  -982.856626    
1185.68688      1581.13888      3.15138856e-05  -1902.99983    
1185.68688      1581.13888      5.6040494e-05   -3614.65226    
1185.68688      1581.13888      9.96556565e-05  -6762.76212    
1581.13888      2108.4825       0               -0.0439074376  
1581.13888      2108.4825       1.77215602e-10  -0.0433192632  
1581.13888      2108.4825       3.15138857e-10  -0.0428644231  
1581.13888      2108.4825       5.6040494e-10   -0.0420619037  
1581.13888      2108.4825       9.96556566e-10  -0.0406547234  
1581.13888      2108.4825       1.77215602e-09  -0.0382151365  
1581.13888      2108.4825       3.15138857e-09  -0.0340740902  
1581.13888      2108.4825       5.6040494e-09   -0.0273267188  
1581.13888      2108.4825       9.96556566e-09  -0.0172389846  
1581.13888      2108.4825       1.77215602e-08  -0.0051360605  
1581.13888      2108.4825       3.15138857e-08  -0.0010013184  
1581.13888      2108.4825       5.6040494e-08   -0.0434505819  
1581.13888      2108.4825       9.96556566e-08  -0.253401781   
1581.13888      2108.4825       1.77215602e-07  -0.961661607   
1581.13888      2108.4825       3.15138857e-07  -2.97726809    
1581.13888      2108.4825       5.6040494e-07   -8.09860014    
1581.13888      2108.4825       9.96556566e-07  -20.03676      
1581.13888      2108.4825       1.77215602e-06  -46.0687101    
1581.13888      2108.4825       3.15138857e-06  -100.026576    
1581.13888      2108.4825       5.6040494e-06   -207.72972     
1581.13888      2108.4825       9.96556566e-06  -416.779994    
1581.13888      2108.4825       1.77215602e-05  -814.0378      
1581.13888      2108.4825       3.15138857e-05  -1556.66031    
1581.13888      2108.4825       5.6040494e-05   -2927.25604    
1581.13888      2108.4825       9.96556566e-05  -5432.01791    
2108.4825       2811.70675      0               0.000700309938 
2108.4825       2811.70675      1.77215602e-10  -0.000131706602
2108.4825       2811.70675      3.15138856e-10  -0.000782479827
2108.4825       2811.70675      5.60404939e-10  -0.00194670604 
2108.4825       2811.70675      9.96556564e-10  -0.00403897967 
2108.4825       2811.70675      1.77215602e-09  -0.00782857498 
2108.4825       2811.70675      3.15138856e-09  -0.0147829329  
2108.4825       2811.70675      5.60404939e-09  -0.0278165103  
2108.4825       2811.70675      9.96556564e-09  -0.0530258725  
2108.4825       2811.70675      1.77215602e-08  -0.1038885     
2108.4825       2811.70675      3.15138856e-08  -0.211524161   
2108.4825       2811.70675      5.60404939e-08  -0.448987126   
2108.4825       2811.70675      9.96556564e-08  -0.984993327   
2108.4825       2811.70675      1.77215602e-07  -2.19347851    
2108.4825       2811.70675      3.15138856e-07  -4.86374291    
2108.4825       2811.70675      5.60404939e-07  -10.5928685    
2108.4825       2811.70675      9.96556564e-07  -22.5095775    
2108.4825       2811.70675      1.77215602e-06  -46.59012      
2108.4825       2811.70675      3.15138856e-06  -94.0245405    
2108.4825       2811.70675      5.60404939e-06  -185.455866    
2108.4825       2811.70675      9.96556564e-06  -358.557103    
2108.4825       2811.70675      1.77215602e-05  -681.540811    
2108.4825       2811.70675      3.15138856e-05  -1277.21251    
2108.4825       2811.70675      5.60404939e-05  -2365.75971    
2108.4825       2811.70675      9.96556564e-05  -4340.83847    
2811.70675      3749.471        0               5.71122728e-05 
2811.70675      3749.471        1.77215602e-10  -0.00220654603 
2811.70675      3749.471        3.15138857e-10  -0.00397012318 
2811.70675      3749.471        5.6040494e-10   -0.00711017858 
2811.70675      3749.471        9.96556566e-10  -0.0127064339  
2811.70675      3749.471        1.77215602e-09  -0.0226969757  
2811.70675      3749.471        3.15138857e-09  -0.0405843901  
2811.70675      3749.471        5.6040494e-09   -0.0727697336  
2811.70675      3749.471        9.96556566e-09  -0.131154726   
2811.70675      3749.471        1.77215602e-08  -0.238409473   
2811.70675      3749.471        3.15138857e-08  -0.438966809   
2811.70675      3749.471        5.6040494e-08   -0.822135714   
2811.70675      3749.471        9.96556566e-08  -1.56939335    
2811.70675      3749.471        1.77215602e-07  -3.04615592    
2811.70675      3749.471        3.15138857e-07  -5.97125497    
2811.70675      3749.471        5.6040494e-07   -11.7234779    
2811.70675      3749.471        9.96556566e-07  -22.8968695    
2811.70675      3749.471        1.77215602e-06  -44.3088213    
2811.70675      3749.471        3.15138857e-06  -84.8202717    
2811.70675      3749.471        5.6040494e-06   -160.590057    
2811.70675      3749.471        9.96556566e-06  -300.848177    
2811.70675      3749.471        1.77215602e-05  -558.121591    
2811.70675      3749.471        3.15138857e-05  -1026.39466    
2811.70675      3749.471        5.6040494e-05   -1873.43979    
2811.70675      3749.471        9.96556566e-05  -3398.40905    
3749.471        5000            0               0.000109416245 
3749.471        5000            1.77215602e-10  -0.00258814149 
3749.471        5000            3.15138856e-10  -0.00468855424 
3749.471        5000            5.60404939e-10  -0.00842574412 
3749.471        5000            9.96556565e-10  -0.0150780332  
3749.471        5000            1.77215602e-09  -0.026928162   
3749.471        5000            3.15138856e-09  -0.0480651523  
3749.471        5000            5.60404939e-09  -0.085851772   
3749.471        5000            9.96556565e-09  -0.153656651   
3749.471        5000            1.77215602e-08  -0.276055917   
3749.471        5000            3.15138856e-08  -0.498960625   
3749.471        5000            5.60404939e-08  -0.909545193   
3749.471        5000            9.96556565e-08  -1.67488796    
3749.471        5000            1.77215602e-07  -3.11388665    
3749.471        5000            3.15138856e-07  -5.82559158    
3749.471        5000            5.60404939e-07  -10.9162072    
3749.471        5000            9.96556565e-07  -20.4087273    
3749.471        5000            1.77215602e-06  -37.9907295    
3749.471        5000            3.15138856e-06  -70.3706943    
3749.471        5000            5.60404939e-06  -129.711416    
3749.471        5000            9.96556565e-06  -237.962242    
3749.471        5000            1.77215602e-05  -434.548321    
3749.471        5000            3.15138856e-05  -790.022452    
3749.471        5000            5.60404939e-05  -1430.32665    
3749.471        5000            9.96556565e-05  -2579.93783    
5000            6667.607        0               -0.0127103227  
5000            6667.607        1.77215602e-10  -0.0123403448  
5000            6667.607        3.15138857e-10  -0.0120565262  
5000            6667.607        5.6040494e-10   -0.0115607038  
5000            6667.607        9.96556566e-10  -0.0107069168  
5000            6667.607        1.77215602e-09  -0.00927596503 
5000            6667.607        3.15138857e-09  -0.00700207801 
5000            6667.607        5.6040494e-09   -0.00378570573 
5000            6667.607        9.96556566e-09  -0.00053160578 
5000            6667.607        1.77215602e-08  -0.00180101456 
5000            6667.607        3.15138857e-08  -0.023026182   
5000            6667.607        5.6040494e-08   -0.107417011   
5000            6667.607        9.96556566e-08  -0.359967681   
5000            6667.607        1.77215602e-07  -1.00791797    
5000            6667.607        3.15138857e-07  -2.50321265    
5000            6667.607        5.6040494e-07   -5.69985425    
5000            6667.607        9.96556566e-07  -12.1700141    
5000            6667.607        1.77215602e-06  -24.7716854    
5000            6667.607        3.15138857e-06  -48.664516     
5000            6667.607        5.6040494e-06   -93.1225984    
5000            6667.607        9.96556566e-06  -174.764725    
5000            6667.607        1.77215602e-05  -323.29858     
5000            6667.607        3.15138857e-05  -591.71912     
5000            6667.607        5.6040494e-05   -1074.42281    
5000            6667.607        9.96556566e-05  -1939.43151    
6667.607        8891.397        0               -0.0868720482  
6667.607        8891.397        1.77215602e-10  -0.0857854206  
6667.607        8891.397        3.15138856e-10  -0.0849459445  
6667.607        8891.397        5.6040494e-10   -0.0834664965  
6667.607        8891.397        9.96556565e-10  -0.0808775449  
6667.607        8891.397        1.77215602e-09  -0.0764041573  
6667.607        8891.397        3.15138856e-09  -0.0688506225  
6667.607        8891.397        5.6040494e-09   -0.0566280957  
6667.607        8891.397        9.96556565e-09  -0.0384167282  
6667.607        8891.397        1.77215602e-08  -0.0157482778  
6667.607        8891.397        3.15138856e-08  -0.000112694647
6667.607        8891.397        5.6040494e-08   -0.0283000231  
6667.607        8891.397        9.96556565e-08  -0.189385546   
6667.607        8891.397        1.77215602e-07  -0.66734074    
6667.607        8891.397        3.15138856e-07  -1.81193591    
6667.607        8891.397        5.6040494e-07   -4.26855489    
6667.607        8891.397        9.96556565e-07  -9.21808512    
6667.607        8891.397        1.77215602e-06  -18.8078425    
6667.607        8891.397        3.15138856e-06  -36.9162504    
6667.607        8891.397        5.6040494e-06   -70.5098531    
6667.607        8891.397        9.96556565e-06  -132.055369    
6667.607        8891.397        1.77215602e-05  -243.817436    
6667.607        8891.397        3.15138856e-05  -445.525753    
6667.607        8891.397        5.6040494e-05   -808.035045    
6667.607        8891.397        9.96556565e-05  -1457.62291    
8891.397        11856.869       0               3.26855206e-06 
8891.397        11856.869       1.77215602e-10  -0.00120516103 
8891.397        11856.869       3.15138856e-10  -0.00214572409 
8891.397        11856.869       5.60404939e-10  -0.00381845325 
8891.397        11856.869       9.96556565e-10  -0.00679349219 
8891.397        11856.869       1.77215602e-09  -0.0120853933  
8891.397        11856.869       3.15138856e-09  -0.0215004529  
8891.397        11856.869       5.60404939e-09  -0.0382575083  
8891.397        11856.869       9.96556565e-09  -0.0681017208  
8891.397        11856.869       1.77215602e-08  -0.121315765   
8891.397        11856.869       3.15138856e-08  -0.216390134   
8891.397        11856.869       5.60404939e-08  -0.386831581   
8891.397        11856.869       9.96556565e-08  -0.69408247    
8891.397        11856.869       1.77215602e-07  -1.25268087    
8891.397        11856.869       3.15138856e-07  -2.28023376    
8891.397        11856.869       5.60404939e-07  -4.19653646    
8891.397        11856.869       9.96556565e-07  -7.81390565    
8891.397        11856.869       1.77215602e-06  -14.6834777    
8891.397        11856.869       3.15138856e-06  -27.6976028    
8891.397        11856.869       5.60404939e-06  -52.1267976    
8891.397        11856.869       9.96556565e-06  -97.4313301    
8891.397        11856.869       1.77215602e-05  -180.473518    
8891.397        11856.869       3.15138856e-05  -331.24782     
8891.397        11856.869       5.60404939e-05  -603.10343     
8891.397        11856.869       9.96556565e-05  -1090.95249    
11856.869       15811.388       0               2.71275462e-06 
11856.869       15811.388       1.77215602e-10  -0.000229086974
11856.869       15811.388       3.15138857e-10  -0.000409981336
11856.869       15811.388       5.6040494e-10   -0.000732718967
11856.869       15811.388       9.96556566e-10  -0.00130997282 
11856.869       15811.388       1.77215602e-09  -0.00234700727 
11856.869       15811.388       3.15138857e-09  -0.00422420791 
11856.869       15811.388       5.6040494e-09   -0.00766589495 
11856.869       15811.388       9.96556566e-09  -0.0141076599  
11856.869       15811.388       1.77215602e-08  -0.0265481065  
11856.869       15811.388       3.15138857e-08  -0.051620947   
11856.869       15811.388       5.6040494e-08   -0.104709584   
11856.869       15811.388       9.96556566e-08  -0.222166075   
11856.869       15811.388       1.77215602e-07  -0.488103482   
11856.869       15811.388       3.15138857e-07  -1.08598569    
11856.869       15811.388       5.6040494e-07   -2.38553908    
11856.869       15811.388       9.96556566e-07  -5.08073238    
11856.869       15811.388       1.77215602e-06  -10.4208601    
11856.869       15811.388       3.15138857e-06  -20.6263958    
11856.869       15811.388       5.6040494e-06   -39.6475224    
11856.869       15811.388       9.96556566e-06  -74.5289241    
11856.869       15811.388       1.77215602e-05  -137.84484     
11856.869       15811.388       3.15138857e-05  -252.034657    
11856.869       15811.388       5.6040494e-05   -457.112641    
11856.869       15811.388       9.96556566e-05  -824.365728    
15811.388       21084.826       0               -0.242249721   
15811.388       21084.826       1.77215602e-10  -0.241448113   
15811.388       21084.826       3.15138856e-10  -0.24082553    
15811.388       21084.826       5.60404939e-10  -0.23972119    
15811.388       21084.826       9.96556565e-10  -0.237766155   
15811.388       21084.826       1.77215602e-09  -0.234317205   
15811.388       21084.826       3.15138856e-09  -0.228270625   
15811.388       21084.826       5.60404939e-09  -0.217787551   
15811.388       21084.826       9.96556565e-09  -0.199973445   
15811.388       21084.826       1.77215602e-08  -0.170784117   
15811.388       21084.826       3.15138856e-08  -0.126099806   
15811.388       21084.826       5.60404939e-08  -0.0664267445  
15811.388       21084.826       9.96556565e-08  -0.0100352941  
15811.388       21084.826       1.77215602e-07  -0.0206636686  
15811.388       21084.826       3.15138856e-07  -0.253258148   
15811.388       21084.826       5.60404939e-07  -1.01871884    
15811.388       21084.826       9.96556565e-07  -2.88019474    
15811.388       21084.826       1.77215602e-06  -6.8215334     
15811.388       21084.826       3.15138856e-06  -14.5603453    
15811.388       21084.826       5.60404939e-06  -29.119809     
15811.388       21084.826       9.96556565e-06  -55.853737     
15811.388       21084.826       1.77215602e-05  -104.272898    
15811.388       21084.826       3.15138856e-05  -191.296606    
15811.388       21084.826       5.60404939e-05  -347.041999    
15811.388       21084.826       9.96556565e-05  -625.126099    
21084.826       28117.066       0               1.33240974e-10 
21084.826       28117.066       1.77215602e-10  -0.000820112694
21084.826       28117.066       3.15138857e-10  -0.00145838996 
21084.826       28117.066       5.60404941e-10  -0.00259342599 
21084.826       28117.066       9.96556567e-10  -0.00461183948 
21084.826       28117.066       1.77215602e-09  -0.00820114986 
21084.826       28117.066       3.15138857e-09  -0.0145839694  
21084.826       28117.066       5.60404941e-09  -0.0259344782  
21084.826       28117.066       9.96556567e-09  -0.0461190824  
21084.826       28117.066       1.77215602e-08  -0.0820136691  
21084.826       28117.066       3.15138857e-08  -0.145846549   
21084.826       28117.066       5.60404941e-08  -0.259366423   
21084.826       28117.066       9.96556567e-08  -0.461259064   
21084.826       28117.066       1.77215602e-07  -0.820351415   
21084.826       28117.066       3.15138857e-07  -1.45913859    
21084.826       28117.066       5.60404941e-07  -2.59576039    
21084.826       28117.066       9.96556567e-07  -4.61904597    
21084.826       28117.066       1.77215602e-06  -8.22303031    
21084.826       28117.066       3.15138857e-06  -14.6486976    
21084.826       28117.066       5.60404941e-06  -26.1188663    
21084.826       28117.066       9.96556567e-06  -46.618881     
21084.826       28117.066       1.77215602e-05  -83.2914494    
21084.826       28117.066       3.15138857e-05  -148.917211    
21084.826       28117.066       5.60404941e-05  -266.315334    
21084.826       28117.066       9.96556567e-05  -476.149835    
28117.066       37494.712       0               8.59472493e-11 
28117.066       37494.712       1.77215602e-10  -0.00052915249 
28117.066       37494.712       3.15138856e-10  -0.000940988959
28117.066       37494.712       5.60404939e-10  -0.00167336638 
28117.066       37494.712       9.96556565e-10  -0.00297579216 
28117.066       37494.712       1.77215602e-09  -0.00529204005 
28117.066       37494.712       3.15138856e-09  -0.00941151597 
28117.066       37494.712       5.60404939e-09  -0.0167387997  
28117.066       37494.712       9.96556565e-09  -0.0297741303  
28117.066       37494.712       1.77215602e-08  -0.0529714829  
28117.066       37494.712       3.15138856e-08  -0.0942757357  
28117.066       37494.712       5.60404939e-08  -0.167890479   
28117.066       37494.712       9.96556565e-08  -0.299301348   
28117.066       37494.712       1.77215602e-07  -0.534493615   
28117.066       37494.712       3.15138856e-07  -0.95707382    
28117.066       37494.712       5.60404939e-07  -1.72031322    
28117.066       37494.712       9.96556565e-07  -3.10673058    
28117.066       37494.712       1.77215602e-06  -5.63616417    
28117.066       37494.712       3.15138856e-06  -10.2559556    
28117.066       37494.712       5.60404939e-06  -18.6721845    
28117.066       37494.712       9.96556565e-06  -33.9349905    
28117.066       37494.712       1.77215602e-05  -61.4885785    
28117.066       37494.712       3.15138856e-05  -111.056321    
28117.066       37494.712       5.60404939e-05  -200.002636    
28117.066       37494.712       9.96556565e-05  -359.298653    
37494.712       50000           0               1.9544997e-05  
37494.712       50000           1.77215602e-10  -0.000462200278
37494.712       50000           3.15138857e-10  -0.00083713274 
37494.712       50000           5.60404941e-10  -0.00150386749 
37494.712       50000           9.96556567e-10  -0.00268950839 
37494.712       50000           1.77215602e-09  -0.00479790993 
37494.712       50000           3.15138857e-09  -0.00854723924 
37494.712       50000           5.60404941e-09  -0.0152146016  
37494.712       50000           9.96556567e-09  -0.0270710576  
37494.712       50000           1.77215602e-08  -0.0481552213  
37494.712       50000           3.15138857e-08  -0.0856489837  
37494.712       50000           5.60404941e-08  -0.15232409    
37494.712       50000           9.96556567e-08  -0.270893335   
37494.712       50000           1.77215602e-07  -0.481749759   
37494.712       50000           3.15138857e-07  -0.856733992   
37494.712       50000           5.60404941e-07  -1.5236316     
37494.712       50000           9.96556567e-07  -2.70978276    
37494.712       50000           1.77215602e-06  -4.8197719     
37494.712       50000           3.15138857e-06  -8.57398236    
37494.712       50000           5.60404941e-06  -15.2560572    
37494.712       50000           9.96556567e-06  -27.155483     
37494.712       50000           1.77215602e-05  -48.359419     
37494.712       50000           3.15138857e-05  -86.1667799    
37494.712       50000           5.60404941e-05  -153.60472     
37494.712       50000           9.96556567e-05  -273.896392    
50000           66676.072       0               2.98818121e-05 
50000           66676.072       1.77215602e-10  -0.000322711713
50000           66676.072       3.15138856e-10  -0.000597128089
50000           66676.072       5.60404939e-10  -0.00108511729 
50000           66676.072       9.96556564e-10  -0.00195289909 
50000           66676.072       1.77215602e-09  -0.00349605967 
50000           66676.072       3.15138856e-09  -0.00624023692 
50000           66676.072       5.60404939e-09  -0.0111201715  
50000           66676.072       9.96556564e-09  -0.0197981243  
50000           66676.072       1.77215602e-08  -0.035230156   
50000           66676.072       3.15138856e-08  -0.0626732742  
50000           66676.072       5.60404939e-08  -0.11147687    
50000           66676.072       9.96556564e-08  -0.198269802   
50000           66676.072       1.77215602e-07  -0.35263232    
50000           66676.072       3.15138856e-07  -0.627195901   
50000           66676.072       5.60404939e-07  -1.11564476    
50000           66676.072       9.96556564e-07  -1.98484845    
50000           66676.072       1.77215602e-06  -3.53233783    
50000           66676.072       3.15138856e-06  -6.28935523    
50000           66676.072       5.60404939e-06  -11.2058767    
50000           66676.072       9.96556564e-06  -19.9823026    
50000           66676.072       1.77215602e-05  -35.6609353    
50000           66676.072       3.15138856e-05  -63.6746486    
50000           66676.072       5.60404939e-05  -113.704151    
50000           66676.072       9.96556564e-05  -202.978283    
66676.072       88913.968       0               1.68630925e-06 
66676.072       88913.968       1.77215602e-10  -0.000265506076
66676.072       88913.968       3.15138857e-10  -0.000473456412
66676.072       88913.968       5.6040494e-10   -0.000843250222
66676.072       88913.968       9.96556567e-10  -0.00150084697 
66676.072       88913.968       1.77215602e-09  -0.00267023783 
66676.072       88913.968       3.15138857e-09  -0.00474974182 
66676.072       88913.968       5.6040494e-09   -0.0084476819  
66676.072       88913.968       9.96556567e-09  -0.0150236557  
66676.072       88913.968       1.77215602e-08  -0.026717584   
66676.072       88913.968       3.15138857e-08  -0.0475126864  
66676.072       88913.968       5.6040494e-08   -0.084492285   
66676.072       88913.968       9.96556567e-08  -0.150252647   
66676.072       88913.968       1.77215602e-07  -0.267193905   
66676.072       88913.968       3.15138857e-07  -0.475151162   
66676.072       88913.968       5.6040494e-07   -0.844966798   
66676.072       88913.968       9.96556567e-07  -1.50263223    
66676.072       88913.968       1.77215602e-06  -2.67223846    
66676.072       88913.968       3.15138857e-06  -4.75241341    
66676.072       88913.968       5.6040494e-06   -8.45242092    
66676.072       88913.968       9.96556567e-06  -15.0346483    
66676.072       88913.968       1.77215602e-05  -26.7469401    
66676.072       88913.968       3.15138857e-05  -47.5936109    
66676.072       88913.968       5.6040494e-05   -84.7094486    
66676.072       88913.968       9.96556567e-05  -150.804255    
88913.968       118568.688      0               2.62190269e-11 
88913.968       118568.688      1.77215602e-10  -0.000161443355
88913.968       118568.688      3.15138856e-10  -0.000287092354
88913.968       118568.688      5.60404939e-10  -0.000510533413
88913.968       118568.688      9.96556564e-10  -0.000907880472
88913.968       118568.688      1.77215602e-09  -0.00161449488 
88913.968       118568.688      3.15138856e-09  -0.00287111693 
88913.968       118568.688      5.60404939e-09  -0.00510594495 
88913.968       118568.688      9.96556564e-09  -0.00908073451 
88913.968       118568.688      1.77215602e-08  -0.0161510436  
88913.968       118568.688      3.15138856e-08  -0.028730402   
88913.968       118568.688      5.60404939e-08  -0.0511200427  
88913.968       118568.688      9.96556564e-08  -0.0909977029  
88913.968       118568.688      1.77215602e-07  -0.162105476   
88913.968       118568.688      3.15138856e-07  -0.289148019   
88913.968       118568.688      5.60404939e-07  -0.516831407   
88913.968       118568.688      9.96556564e-07  -0.926760581   
88913.968       118568.688      1.77215602e-06  -1.66921544    
88913.968       118568.688      3.15138856e-06  -3.02222863    
88913.968       118568.688      5.60404939e-06  -5.49803424    
88913.968       118568.688      9.96556564e-06  -10.0284851    
88913.968       118568.688      1.77215602e-05  -18.2850853    
88913.968       118568.688      3.15138856e-05  -33.2405227    
88913.968       118568.688      5.60404939e-05  -60.1690816    
88913.968       118568.688      9.96556564e-05  -108.433594    
118568.688      158113.888      0               2.3376856e-11  
118568.688      158113.888      1.77215602e-10  -0.00014397934 
118568.688      158113.888      3.15138857e-10  -0.000256035514
118568.688      158113.888      5.6040494e-10   -0.000455302702
118568.688      158113.888      9.96556566e-10  -0.000809655438
118568.688      158113.888      1.77215602e-09  -0.00143979361 
118568.688      158113.888      3.15138857e-09  -0.00256035536 
118568.688      158113.888      5.6040494e-09   -0.00455302723 
118568.688      158113.888      9.96556566e-09  -0.00809655461 
118568.688      158113.888      1.77215602e-08  -0.0143979364  
118568.688      158113.888      3.15138857e-08  -0.0256035539  
118568.688      158113.888      5.6040494e-08   -0.0455302731  
118568.688      158113.888      9.96556566e-08  -0.0809655479  
118568.688      158113.888      1.77215602e-07  -0.143979369   
118568.688      158113.888      3.15138857e-07  -0.256035556   
118568.688      158113.888      5.6040494e-07   -0.455302783   
118568.688      158113.888      9.96556566e-07  -0.809655646   
118568.688      158113.888      1.77215602e-06  -1.43979422    
118568.688      158113.888      3.15138857e-06  -2.56035722    
118568.688      158113.888      5.6040494e-06   -4.55303308    
118568.688      158113.888      9.96556566e-06  -8.09657303    
118568.688      158113.888      1.77215602e-05  -14.3979945    
118568.688      158113.888      3.15138857e-05  -25.6037367    
118568.688      158113.888      5.6040494e-05   -45.5308464    
118568.688      158113.888      9.96556566e-05  -80.967336     
158113.888      210848.256      0               -0.00340255317 
158113.888      210848.256      1.77215602e-10  -0.00339353179 
158113.888      210848.256      3.15138857e-10  -0.00338651939 
158113.888      210848.256      5.6040494e-10   -0.00337406831 
158113.888      210848.256      9.96556566e-10  -0.00335198663 
158113.888      210848.256      1.77215602e-09  -0.00331290829 
158113.888      210848.256      3.15138857e-09  -0.0032440133  
158113.888      210848.256      5.6040494e-09   -0.00312338364 
158113.888      210848.256      9.96556566e-09  -0.00291481033 
158113.888      210848.256      1.77215602e-08  -0.00256257773 
158113.888      210848.256      3.15138857e-08  -0.0019946098  
158113.888      210848.256      5.6040494e-08   -0.00116578479 
158113.888      210848.256      9.96556566e-08  -0.000245980158
158113.888      210848.256      1.77215602e-07  -0.000263716232
158113.888      210848.256      3.15138857e-07  -0.00503254223 
158113.888      210848.256      5.6040494e-07   -0.0262399305  
158113.888      210848.256      9.96556566e-07  -0.0950459276  
158113.888      210848.256      1.77215602e-06  -0.284283624   
158113.888      210848.256      3.15138857e-06  -0.744477535   
158113.888      210848.256      5.6040494e-06   -1.75840253    
158113.888      210848.256      9.96556566e-06  -3.83009796    
158113.888      210848.256      1.77215602e-05  -7.84439877    
158113.888      210848.256      3.15138857e-05  -15.3583521    
158113.888      210848.256      5.6040494e-05   -29.1262821    
158113.888      210848.256      9.96556566e-05  -54.0368545    
210848.256      281170.656      0               1.83551919e-06 
210848.256      281170.656      1.77215602e-10  -7.08744898e-05
210848.256      281170.656      3.15138857e-10  -0.000127463194
210848.256      281170.656      5.60404941e-10  -0.000228093726
210848.256      281170.656      9.96556567e-10  -0.00040704294 
210848.256      281170.656      1.77215602e-09  -0.000725264679
210848.256      281170.656      3.15138857e-09  -0.00129115196 
210848.256      281170.656      5.60404941e-09  -0.00229745802 
210848.256      281170.656      9.96556567e-09  -0.00408695251 
210848.256      281170.656      1.77215602e-08  -0.00726917732 
210848.256      281170.656      3.15138857e-08  -0.0129280736  
210848.256      281170.656      5.60404941e-08  -0.0229912084  
210848.256      281170.656      9.96556567e-08  -0.040886388   
210848.256      281170.656      1.77215602e-07  -0.0727093777  
210848.256      281170.656      3.15138857e-07  -0.129300683   
210848.256      281170.656      5.60404941e-07  -0.229939425   
210848.256      281170.656      9.96556567e-07  -0.408914524   
210848.256      281170.656      1.77215602e-06  -0.727217678   
210848.256      281170.656      3.15138857e-06  -1.29335998    
210848.256      281170.656      5.60404941e-06  -2.30045912    
210848.256      281170.656      9.96556567e-06  -4.09238988    
210848.256      281170.656      1.77215602e-05  -7.2819469     
210848.256      281170.656      3.15138857e-05  -12.9622004    
210848.256      281170.656      5.60404941e-05  -23.0845885    
210848.256      281170.656      9.96556567e-05  -41.1337017    
281170.656      374947.104      0               -3.70173181    
281170.656      374947.104      1.77215602e-10  -3.69612202    
281170.656      374947.104      3.15138856e-10  -3.69177811    
281170.656      374947.104      5.60404939e-10  -3.6841006     
281170.656      374947.104      9.96556564e-10  -3.67059447    
281170.656      374947.104      1.77215602e-09  -3.64702669    
281170.656      374947.104      3.15138856e-09  -3.60646672    
281170.656      374947.104      5.60404939e-09  -3.5382438     
281170.656      374947.104      9.96556564e-09  -3.42756332    
281170.656      374947.104      1.77215602e-08  -3.25726874    
281170.656      374947.104      3.15138856e-08  -3.01300498    
281170.656      374947.104      5.60404939e-08  -2.69017105    
281170.656      374947.104      9.96556564e-08  -2.29759225    
281170.656      374947.104      1.77215602e-07  -1.85495341    
281170.656      374947.104      3.15138856e-07  -1.38757913    
281170.656      374947.104      5.60404939e-07  -0.924169241   
281170.656      374947.104      9.96556564e-07  -0.499916438   
281170.656      374947.104      1.77215602e-06  -0.165334097   
281170.656      374947.104      3.15138856e-06  -0.0021916783  
281170.656      374947.104      5.60404939e-06  -0.150918901   
281170.656      374947.104      9.96556564e-06  -0.858333104   
281170.656      374947.104      1.77215602e-05  -2.5618204     
281170.656      374947.104      3.15138856e-05  -6.03877559    
281170.656      374947.104      5.60404939e-05  -12.6726914    
281170.656      374947.104      9.96556564e-05  -24.9276109    
374947.104      500000          0               3.2854242e-08  
374947.104      500000          1.77215602e-10  -3.64013465e-05
374947.104      500000          3.15138857e-10  -6.47573347e-05
374947.104      500000          5.6040494e-10   -0.000115182205
374947.104      500000          9.96556566e-10  -0.000204851713
374947.104      500000          1.77215602e-09  -0.000364309155
374947.104      500000          3.15138857e-09  -0.000647869041
374947.104      500000          5.6040494e-09   -0.00115211775 
374947.104      500000          9.96556566e-09  -0.00204881288 
374947.104      500000          1.77215602e-08  -0.00364338741 
374947.104      500000          3.15138857e-08  -0.00647898666 
374947.104      500000          5.6040494e-08   -0.011521475   
374947.104      500000          9.96556566e-08  -0.0204884301  
374947.104      500000          1.77215602e-07  -0.0364341875  
374947.104      500000          3.15138857e-07  -0.0647902184  
374947.104      500000          5.6040494e-07   -0.115215223   
374947.104      500000          9.96556566e-07  -0.204885157   
374947.104      500000          1.77215602e-06  -0.364343944   
374947.104      500000          3.15138857e-06  -0.647908079   
374947.104      500000          5.6040494e-06   -1.1521702     
374947.104      500000          9.96556566e-06  -2.04890755    
374947.104      500000          1.77215602e-05  -3.6436147     
374947.104      500000          3.15138857e-05  -6.47962828    
374947.104      500000          5.6040494e-05   -11.5233994    
374947.104      500000          9.96556566e-05  -20.4942653    
