### like_coma_berenices.txt
#[0]emin(MeV) [1]emax(MeV) [2]eflux(MeV/cm^2/s) [3]deltaLogLike
500             666.760688      0               -0.00985253683 
500             666.760688      1.77215602e-10  -0.00961160669 
500             666.760688      3.15138857e-10  -0.00942616234 
500             666.760688      5.6040494e-10   -0.00910085692 
500             666.760688      9.96556566e-10  -0.00853648689 
500             666.760688      1.77215602e-09  -0.00757745431 
500             666.760688      3.15138857e-09  -0.00601266514 
500             666.760688      5.6040494e-09   -0.00367298342 
500             666.760688      9.96556566e-09  -0.000903162112
500             666.760688      1.77215602e-08  -0.000320822481
500             666.760688      3.15138857e-08  -0.0127211411  
500             666.760688      5.6040494e-08   -0.0756766115  
500             666.760688      9.96556566e-08  -0.308911863   
500             666.760688      1.77215602e-07  -1.06869096    
500             666.760688      3.15138857e-07  -3.34401452    
500             666.760688      5.6040494e-07   -9.67906574    
500             666.760688      9.96556566e-07  -26.1271376    
500             666.760688      1.77215602e-06  -66.1148493    
500             666.760688      3.15138857e-06  -157.807048    
500             666.760688      5.6040494e-06   -357.835106    
500             666.760688      9.96556566e-06  -776.375505    
500             666.760688      1.77215602e-05  -1622.25642    
500             666.760688      3.15138857e-05  -3283.43295    
500             666.760688      5.6040494e-05   -6470.18394    
500             666.760688      9.96556566e-05  -12470.0435    
666.760688      889.139688      0               8.00805337e-05 
666.760688      889.139688      1.77215602e-10  -0.000463193579
666.760688      889.139688      3.15138856e-10  -0.000888730599
666.760688      889.139688      5.6040494e-10   -0.00165132669 
666.760688      889.139688      9.96556565e-10  -0.00302598418 
666.760688      889.139688      1.77215602e-09  -0.00552904487 
666.760688      889.139688      3.15138856e-09  -0.0101646197  
666.760688      889.139688      5.6040494e-09   -0.018987455   
666.760688      889.139688      9.96556565e-09  -0.036488745   
666.760688      889.139688      1.77215602e-08  -0.0732276612  
666.760688      889.139688      3.15138856e-08  -0.155720298   
666.760688      889.139688      5.6040494e-08   -0.353596199   
666.760688      889.139688      9.96556565e-08  -0.852411251   
666.760688      889.139688      1.77215602e-07  -2.1382582     
666.760688      889.139688      3.15138856e-07  -5.4291814     
666.760688      889.139688      5.6040494e-07   -13.5963738    
666.760688      889.139688      9.96556565e-07  -32.9886182    
666.760688      889.139688      1.77215602e-06  -76.8788178    
666.760688      889.139688      3.15138856e-06  -171.80508     
666.760688      889.139688      5.6040494e-06   -369.054376    
666.760688      889.139688      9.96556565e-06  -765.289344    
666.760688      889.139688      1.77215602e-05  -1539.43963    
666.760688      889.139688      3.15138856e-05  -3018.47285    
666.760688      889.139688      5.6040494e-05   -5794.50162    
666.760688      889.139688      9.96556565e-05  -10933.4304    
889.139688      1185.68688      0               9.40174505e-06 
889.139688      1185.68688      1.77215602e-10  -0.00115149407 
889.139688      1185.68688      3.15138856e-10  -0.00205812357 
889.139688      1185.68688      5.60404939e-10  -0.00367712032 
889.139688      1185.68688      9.96556565e-10  -0.0065774778  
889.139688      1185.68688      1.77215602e-09  -0.01180237    
889.139688      1185.68688      3.15138856e-09  -0.0213052147  
889.139688      1185.68688      5.60404939e-09  -0.0388665981  
889.139688      1185.68688      9.96556565e-09  -0.0721570054  
889.139688      1185.68688      1.77215602e-08  -0.137691284   
889.139688      1185.68688      3.15138856e-08  -0.273302322   
889.139688      1185.68688      5.60404939e-08  -0.570020417   
889.139688      1185.68688      9.96556565e-08  -1.25164093    
889.139688      1185.68688      1.77215602e-07  -2.86174218    
889.139688      1185.68688      3.15138856e-07  -6.66843767    
889.139688      1185.68688      5.60404939e-07  -15.4730297    
889.139688      1185.68688      9.96556565e-07  -35.1410823    
889.139688      1185.68688      1.77215602e-06  -77.4319926    
889.139688      1185.68688      3.15138856e-06  -165.17203     
889.139688      1185.68688      5.60404939e-06  -341.604846    
889.139688      1185.68688      9.96556565e-06  -687.099799    
889.139688      1185.68688      1.77215602e-05  -1348.85034    
889.139688      1185.68688      3.15138856e-05  -2593.66352    
889.139688      1185.68688      5.60404939e-05  -4901.81668    
889.139688      1185.68688      9.96556565e-05  -9133.89766    
1185.68688      1581.13888      0               4.62023309e-10 
1185.68688      1581.13888      1.77215602e-10  -0.00284331834 
1185.68688      1581.13888      3.15138856e-10  -0.00506009417 
1185.68688      1581.13888      5.6040494e-10   -0.00901051306 
1185.68688      1581.13888      9.96556565e-10  -0.0160618619  
1185.68688      1581.13888      1.77215602e-09  -0.0286841994  
1185.68688      1581.13888      3.15138856e-09  -0.0513906184  
1185.68688      1581.13888      5.6040494e-09   -0.0925796385  
1185.68688      1581.13888      9.96556565e-09  -0.168319895   
1185.68688      1581.13888      1.77215602e-08  -0.310533367   
1185.68688      1581.13888      3.15138856e-08  -0.585404472   
1185.68688      1581.13888      5.6040494e-08   -1.13517497    
1185.68688      1581.13888      9.96556565e-08  -2.26996335    
1185.68688      1581.13888      1.77215602e-07  -4.65620626    
1185.68688      1581.13888      3.15138856e-07  -9.6763283     
1185.68688      1581.13888      5.6040494e-07   -20.0892864    
1185.68688      1581.13888      9.96556565e-07  -41.2427213    
1185.68688      1581.13888      1.77215602e-06  -83.3021279    
1185.68688      1581.13888      3.15138856e-06  -165.303856    
1185.68688      1581.13888      5.6040494e-06   -322.429885    
1185.68688      1581.13888      9.96556565e-06  -618.993128    
1185.68688      1581.13888      1.77215602e-05  -1171.58934    
1185.68688      1581.13888      3.15138856e-05  -2190.33288    
1185.68688      1581.13888      5.6040494e-05   -4052.20909    
1185.68688      1581.13888      9.96556565e-05  -7431.48136    
1581.13888      2108.4825       0               -0.292110061   
1581.13888      2108.4825       1.77215602e-10  -0.288941235   
1581.13888      2108.4825       3.15138857e-10  -0.286491214   
1581.13888      2108.4825       5.6040494e-10   -0.282169226   
1581.13888      2108.4825       9.96556566e-10  -0.274592692   
1581.13888      2108.4825       1.77215602e-09  -0.261459278   
1581.13888      2108.4825       3.15138857e-09  -0.239149442   
1581.13888      2108.4825       5.6040494e-09   -0.202626243   
1581.13888      2108.4825       9.96556566e-09  -0.146862001   
1581.13888      2108.4825       1.77215602e-08  -0.073123591   
1581.13888      2108.4825       3.15138857e-08  -0.00732233907 
1581.13888      2108.4825       5.6040494e-08   -0.0427720145  
1581.13888      2108.4825       9.96556566e-08  -0.425589289   
1581.13888      2108.4825       1.77215602e-07  -1.71315387    
1581.13888      2108.4825       3.15138857e-07  -5.06618068    
1581.13888      2108.4825       5.6040494e-07   -12.7889334    
1581.13888      2108.4825       9.96556566e-07  -29.3194318    
1581.13888      2108.4825       1.77215602e-06  -63.0238188    
1581.13888      2108.4825       3.15138857e-06  -129.412597    
1581.13888      2108.4825       5.6040494e-06   -256.86296     
1581.13888      2108.4825       9.96556566e-06  -496.782335    
1581.13888      2108.4825       1.77215602e-05  -941.67201     
1581.13888      2108.4825       3.15138857e-05  -1757.27017    
1581.13888      2108.4825       5.6040494e-05   -3239.81083    
1581.13888      2108.4825       9.96556566e-05  -5917.99311    
2108.4825       2811.70675      0               8.07965735e-05 
2108.4825       2811.70675      1.77215602e-10  -0.00168063085 
2108.4825       2811.70675      3.15138856e-10  -0.00305765598 
2108.4825       2811.70675      5.60404939e-10  -0.0055196186  
2108.4825       2811.70675      9.96556564e-10  -0.00993925476 
2108.4825       2811.70675      1.77215602e-09  -0.0179287037  
2108.4825       2811.70675      3.15138856e-09  -0.0325400107  
2108.4825       2811.70675      5.60404939e-09  -0.0597592417  
2108.4825       2811.70675      9.96556564e-09  -0.11185939    
2108.4825       2811.70675      1.77215602e-08  -0.215146938   
2108.4825       2811.70675      3.15138856e-08  -0.427676703   
2108.4825       2811.70675      5.60404939e-08  -0.87751812    
2108.4825       2811.70675      9.96556564e-08  -1.83812411    
2108.4825       2811.70675      1.77215602e-07  -3.86373563    
2108.4825       2811.70675      3.15138856e-07  -8.02271016    
2108.4825       2811.70675      5.60404939e-07  -16.3093775    
2108.4825       2811.70675      9.96556564e-07  -32.3975235    
2108.4825       2811.70675      1.77215602e-06  -63.019815     
2108.4825       2811.70675      3.15138856e-06  -120.448811    
2108.4825       2811.70675      5.60404939e-06  -226.915509    
2108.4825       2811.70675      9.96556564e-06  -422.470853    
2108.4825       2811.70675      1.77215602e-05  -778.985935    
2108.4825       2811.70675      3.15138856e-05  -1425.09342    
2108.4825       2811.70675      5.60404939e-05  -2590.58541    
2108.4825       2811.70675      9.96556564e-05  -4685.35637    
2811.70675      3749.471        0               6.32553565e-10 
2811.70675      3749.471        1.77215602e-10  -0.00389547421 
2811.70675      3749.471        3.15138857e-10  -0.00692789069 
2811.70675      3749.471        5.6040494e-10   -0.0123217755  
2811.70675      3749.471        9.96556566e-10  -0.0219180333  
2811.70675      3749.471        1.77215602e-09  -0.0389968105  
2811.70675      3749.471        3.15138857e-09  -0.0694115438  
2811.70675      3749.471        5.6040494e-09   -0.123635044   
2811.70675      3749.471        9.96556566e-09  -0.220488098   
2811.70675      3749.471        1.77215602e-08  -0.394039052   
2811.70675      3749.471        3.15138857e-08  -0.706643084   
2811.70675      3749.471        5.6040494e-08   -1.27417595    
2811.70675      3749.471        9.96556566e-08  -2.31571289    
2811.70675      3749.471        1.77215602e-07  -4.25108481    
2811.70675      3749.471        3.15138857e-07  -7.88699543    
2811.70675      3749.471        5.6040494e-07   -14.7570831    
2811.70675      3749.471        9.96556566e-07  -27.7236605    
2811.70675      3749.471        1.77215602e-06  -52.0338944    
2811.70675      3749.471        3.15138857e-06  -97.1846389    
2811.70675      3749.471        5.6040494e-06   -180.239677    
2811.70675      3749.471        9.96556566e-06  -331.753742    
2811.70675      3749.471        1.77215602e-05  -606.351655    
2811.70675      3749.471        3.15138857e-05  -1101.58717    
2811.70675      3749.471        5.6040494e-05   -1991.50809    
2811.70675      3749.471        9.96556566e-05  -3586.34702    
3749.471        5000            0               8.79740196e-05 
3749.471        5000            1.77215602e-10  -0.00156666259 
3749.471        5000            3.15138856e-10  -0.00285557552 
3749.471        5000            5.60404939e-10  -0.00515009095 
3749.471        5000            9.96556565e-10  -0.00923816639 
3749.471        5000            1.77215602e-09  -0.0165324225  
3749.471        5000            3.15138856e-09  -0.0295805862  
3749.471        5000            5.60404939e-09  -0.0530239282  
3749.471        5000            9.96556565e-09  -0.0954542642  
3749.471        5000            1.77215602e-08  -0.173158682   
3749.471        5000            3.15138856e-08  -0.317982475   
3749.471        5000            5.60404939e-08  -0.594259417   
3749.471        5000            9.96556565e-08  -1.13502057    
3749.471        5000            1.77215602e-07  -2.21615128    
3749.471        5000            3.15138856e-07  -4.39889457    
3749.471        5000            5.60404939e-07  -8.78915258    
3749.471        5000            9.96556565e-07  -17.4961905    
3749.471        5000            1.77215602e-06  -34.4370521    
3749.471        5000            3.15138856e-06  -66.7489845    
3749.471        5000            5.60404939e-06  -127.28645     
3749.471        5000            9.96556565e-06  -239.060711    
3749.471        5000            1.77215602e-05  -443.147696    
3749.471        5000            3.15138856e-05  -812.776166    
3749.471        5000            5.60404939e-05  -1478.41672    
3749.471        5000            9.96556565e-05  -2672.42716    
5000            6667.607        0               1.34114362e-05 
5000            6667.607        1.77215602e-10  -0.000772575255
5000            6667.607        3.15138857e-10  -0.00138860776 
5000            6667.607        5.6040494e-10   -0.00249336799 
5000            6667.607        9.96556566e-10  -0.004487072   
5000            6667.607        1.77215602e-09  -0.00812333145 
5000            6667.607        3.15138857e-09  -0.0148703632  
5000            6667.607        5.6040494e-09   -0.0277205033  
5000            6667.607        9.96556566e-09  -0.0530818757  
5000            6667.607        1.77215602e-08  -0.105227762   
5000            6667.607        3.15138857e-08  -0.216314524   
5000            6667.607        5.6040494e-08   -0.456870221   
5000            6667.607        9.96556566e-08  -0.97273498    
5000            6667.607        1.77215602e-07  -2.0456446     
5000            6667.607        3.15138857e-07  -4.19324452    
5000            6667.607        5.6040494e-07   -8.34703978    
5000            6667.607        9.96556566e-07  -16.1805761    
5000            6667.607        1.77215602e-06  -30.7049937    
5000            6667.607        3.15138857e-06  -57.3246913    
5000            6667.607        5.6040494e-06   -105.696446    
5000            6667.607        9.96556566e-06  -193.026929    
5000            6667.607        1.77215602e-05  -349.961749    
5000            6667.607        3.15138857e-05  -631.110967    
5000            6667.607        5.6040494e-05   -1133.81376    
5000            6667.607        9.96556566e-05  -2031.51214    
6667.607        8891.397        0               3.17008332e-05 
6667.607        8891.397        1.77215602e-10  -0.0026729883  
6667.607        8891.397        3.15138856e-10  -0.00477799264 
6667.607        8891.397        5.6040494e-10   -0.00852127957 
6667.607        8891.397        9.96556565e-10  -0.015177893   
6667.607        8891.397        1.77215602e-09  -0.027015222   
6667.607        8891.397        3.15138856e-09  -0.0480653336  
6667.607        8891.397        5.6040494e-09   -0.0854984184  
6667.607        8891.397        9.96556565e-09  -0.152065234   
6667.607        8891.397        1.77215602e-08  -0.270440676   
6667.607        8891.397        3.15138856e-08  -0.480948591   
6667.607        8891.397        5.6040494e-08   -0.85530089    
6667.607        8891.397        9.96556565e-08  -1.5210366     
6667.607        8891.397        1.77215602e-07  -2.70500317    
6667.607        8891.397        3.15138856e-07  -4.81074489    
6667.607        8891.397        5.6040494e-07   -8.55631814    
6667.607        8891.397        9.96556565e-07  -15.2199215    
6667.607        8891.397        1.77215602e-06  -27.0781397    
6667.607        8891.397        3.15138856e-06  -48.1885529    
6667.607        8891.397        5.6040494e-06   -85.7875217    
6667.607        8891.397        9.96556565e-06  -152.784165    
6667.607        8891.397        1.77215602e-05  -272.202861    
6667.607        8891.397        3.15138856e-05  -485.087165    
6667.607        8891.397        5.6040494e-05   -864.556418    
6667.607        8891.397        9.96556565e-05  -1540.80384    
8891.397        11856.869       0               4.84374709e-07 
8891.397        11856.869       1.77215602e-10  -0.000180256658
8891.397        11856.869       3.15138856e-10  -0.000323233589
8891.397        11856.869       5.60404939e-10  -0.000582462018
8891.397        11856.869       9.96556565e-10  -0.00105908856 
8891.397        11856.869       1.77215602e-09  -0.00195565218 
8891.397        11856.869       3.15138856e-09  -0.00370221971 
8891.397        11856.869       5.60404939e-09  -0.00727493467 
8891.397        11856.869       9.96556565e-09  -0.0150278469  
8891.397        11856.869       1.77215602e-08  -0.0328558537  
8891.397        11856.869       3.15138856e-08  -0.0755461951  
8891.397        11856.869       5.60404939e-08  -0.17876629    
8891.397        11856.869       9.96556565e-08  -0.422359196   
8891.397        11856.869       1.77215602e-07  -0.969380295   
8891.397        11856.869       3.15138856e-07  -2.12680785    
8891.397        11856.869       5.60404939e-07  -4.44496283    
8891.397        11856.869       9.96556565e-07  -8.89495821    
8891.397        11856.869       1.77215602e-06  -17.1934328    
8891.397        11856.869       3.15138856e-06  -32.39013      
8891.397        11856.869       5.60404939e-06  -59.9181622    
8891.397        11856.869       9.96556565e-06  -109.460385    
8891.397        11856.869       1.77215602e-05  -198.264836    
8891.397        11856.869       3.15138856e-05  -357.045855    
8891.397        11856.869       5.60404939e-05  -640.494503    
8891.397        11856.869       9.96556565e-05  -1145.98152    
11856.869       15811.388       0               2.3476332e-10  
11856.869       15811.388       1.77215602e-10  -0.00144693849 
11856.869       15811.388       3.15138857e-10  -0.00257306489 
11856.869       15811.388       5.6040494e-10   -0.00457564051 
11856.869       15811.388       9.96556566e-10  -0.00813680542 
11856.869       15811.388       1.77215602e-09  -0.0144696337  
11856.869       15811.388       3.15138857e-09  -0.0257314309  
11856.869       15811.388       5.6040494e-09   -0.0457588716  
11856.869       15811.388       9.96556566e-09  -0.08137584    
11856.869       15811.388       1.77215602e-08  -0.144720899   
11856.869       15811.388       3.15138857e-08  -0.257391673   
11856.869       15811.388       5.6040494e-08   -0.457831668   
11856.869       15811.388       9.96556566e-08  -0.814517376   
11856.869       15811.388       1.77215602e-07  -1.4495586     
11856.869       15811.388       3.15138857e-07  -2.58107994    
11856.869       15811.388       5.6040494e-07   -4.5996154     
11856.869       15811.388       9.96556566e-07  -8.20610088    
11856.869       15811.388       1.77215602e-06  -14.6605036    
11856.869       15811.388       3.15138857e-06  -26.226359     
11856.869       15811.388       5.6040494e-06   -46.9595892    
11856.869       15811.388       9.96556566e-06  -84.1065829    
11856.869       15811.388       1.77215602e-05  -150.590288    
11856.869       15811.388       3.15138857e-05  -269.439734    
11856.869       15811.388       5.6040494e-05   -481.679736    
11856.869       15811.388       9.96556566e-05  -860.368001    
15811.388       21084.826       0               1.88833837e-10 
15811.388       21084.826       1.77215602e-10  -0.00116301067 
15811.388       21084.826       3.15138856e-10  -0.00206815808 
15811.388       21084.826       5.60404939e-10  -0.00367776307 
15811.388       21084.826       9.96556565e-10  -0.00654009051 
15811.388       21084.826       1.77215602e-09  -0.0116301085  
15811.388       21084.826       3.15138856e-09  -0.0206815827  
15811.388       21084.826       5.60404939e-09  -0.0367776333  
15811.388       21084.826       9.96556565e-09  -0.0654009094  
15811.388       21084.826       1.77215602e-08  -0.116301095   
15811.388       21084.826       3.15138856e-08  -0.206815855   
15811.388       21084.826       5.60404939e-08  -0.367776418   
15811.388       21084.826       9.96556565e-08  -0.65400936    
15811.388       21084.826       1.77215602e-07  -1.16301179    
15811.388       21084.826       3.15138856e-07  -2.06816119    
15811.388       21084.826       5.60404939e-07  -3.67777252    
15811.388       21084.826       9.96556565e-07  -6.54011994    
15811.388       21084.826       1.77215602e-06  -11.6302009    
15811.388       21084.826       3.15138856e-06  -20.6818736    
15811.388       21084.826       5.60404939e-06  -36.7785464    
15811.388       21084.826       9.96556565e-06  -65.4037627    
15811.388       21084.826       1.77215602e-05  -116.309934    
15811.388       21084.826       3.15138856e-05  -206.842844    
15811.388       21084.826       5.60404939e-05  -367.856938    
15811.388       21084.826       9.96556565e-05  -654.241402    
21084.826       28117.066       0               1.30171429e-10 
21084.826       28117.066       1.77215602e-10  -0.000801149266
21084.826       28117.066       3.15138857e-10  -0.0014246716  
21084.826       28117.066       5.60404941e-10  -0.00253347773 
21084.826       28117.066       9.96556567e-10  -0.00450527393 
21084.826       28117.066       1.77215602e-09  -0.00801177045 
21084.826       28117.066       3.15138857e-09  -0.0142475915  
21084.826       28117.066       5.60404941e-09  -0.0253375413  
21084.826       28117.066       9.96556567e-09  -0.0450614648  
21084.826       28117.066       1.77215602e-08  -0.0801452254  
21084.826       28117.066       3.15138857e-08  -0.142562556   
21084.826       28117.066       5.60404941e-08  -0.253647254   
21084.826       28117.066       9.96556567e-08  -0.45146252    
21084.826       28117.066       1.77215602e-07  -0.804069828   
21084.826       28117.066       3.15138857e-07  -1.43356836    
21084.826       28117.066       5.60404941e-07  -2.55990787    
21084.826       28117.066       9.96556567e-07  -4.58085624    
21084.826       28117.066       1.77215602e-06  -8.21676485    
21084.826       28117.066       3.15138857e-06  -14.7682126    
21084.826       28117.066       5.60404941e-06  -26.5681998    
21084.826       28117.066       9.96556567e-06  -47.7762952    
21084.826       28117.066       1.77215602e-05  -85.7864131    
21084.826       28117.066       3.15138857e-05  -153.736243    
21084.826       28117.066       5.60404941e-05  -274.981502    
21084.826       28117.066       9.96556567e-05  -491.065382    
28117.066       37494.712       0               8.90511541e-06 
28117.066       37494.712       1.77215602e-10  -0.000649569517
28117.066       37494.712       3.15138856e-10  -0.00116204683 
28117.066       37494.712       5.60404939e-10  -0.00207337482 
28117.066       37494.712       9.96556565e-10  -0.00369397106 
28117.066       37494.712       1.77215602e-09  -0.00657584536 
28117.066       37494.712       3.15138856e-09  -0.0117006275  
28117.066       37494.712       5.60404939e-09  -0.0208139358  
28117.066       37494.712       9.96556565e-09  -0.0370199879  
28117.066       37494.712       1.77215602e-08  -0.0658390147  
28117.066       37494.712       3.15138856e-08  -0.117087733   
28117.066       37494.712       5.60404939e-08  -0.208223649   
28117.066       37494.712       9.96556565e-08  -0.370293112   
28117.066       37494.712       1.77215602e-07  -0.65851156    
28117.066       37494.712       3.15138856e-07  -1.17108731    
28117.066       37494.712       5.60404939e-07  -2.08272358    
28117.066       37494.712       9.96556565e-07  -3.70427824    
28117.066       37494.712       1.77215602e-06  -6.58909522    
28117.066       37494.712       3.15138856e-06  -11.7227277    
28117.066       37494.712       5.60404939e-06  -20.8618009    
28117.066       37494.712       9.96556565e-06  -37.1393603    
28117.066       37494.712       1.77215602e-05  -66.144746     
28117.066       37494.712       3.15138856e-05  -117.845261    
28117.066       37494.712       5.60404939e-05  -210.001125    
28117.066       37494.712       9.96556565e-05  -374.237131    
37494.712       50000           0               8.11724021e-11 
37494.712       50000           1.77215602e-10  -0.000500146235
37494.712       50000           3.15138857e-10  -0.000889399819
37494.712       50000           5.60404941e-10  -0.00158160146 
37494.712       50000           9.96556567e-10  -0.00281252941 
37494.712       50000           1.77215602e-09  -0.0050014633  
37494.712       50000           3.15138857e-09  -0.0088939996  
37494.712       50000           5.60404941e-09  -0.0158160175  
37494.712       50000           9.96556567e-09  -0.0281253016  
37494.712       50000           1.77215602e-08  -0.0500146552  
37494.712       50000           3.15138857e-08  -0.0889400647  
37494.712       50000           5.60404941e-08  -0.15816039    
37494.712       50000           9.96556567e-08  -0.281253696   
37494.712       50000           1.77215602e-07  -0.5001487     
37494.712       50000           3.15138857e-07  -0.889407429   
37494.712       50000           5.60404941e-07  -1.5816253     
37494.712       50000           9.96556567e-07  -2.81260438    
37494.712       50000           1.77215602e-06  -5.00169884    
37494.712       50000           3.15138857e-06  -8.89473663    
37494.712       50000           5.60404941e-06  -15.8183064    
37494.712       50000           9.96556567e-06  -28.1323184    
37494.712       50000           1.77215602e-05  -50.0357146    
37494.712       50000           3.15138857e-05  -89.0012341    
37494.712       50000           5.60404941e-05  -158.329986    
37494.712       50000           9.96556567e-05  -281.69682     
50000           66676.072       0               5.17559329e-11 
50000           66676.072       1.77215602e-10  -0.00031876859 
50000           66676.072       3.15138856e-10  -0.000566861008
50000           66676.072       5.60404939e-10  -0.00100804156 
50000           66676.072       9.96556564e-10  -0.00179259305 
50000           66676.072       1.77215602e-09  -0.00318777391 
50000           66676.072       3.15138856e-09  -0.00566888732 
50000           66676.072       5.60404939e-09  -0.0100812909  
50000           66676.072       9.96556564e-09  -0.0179286954  
50000           66676.072       1.77215602e-08  -0.03188647    
50000           66676.072       3.15138856e-08  -0.0567164158  
50000           66676.072       5.60404939e-08  -0.100899639   
50000           66676.072       9.96556564e-08  -0.179559182   
50000           66676.072       1.77215602e-07  -0.319714353   
50000           66676.072       3.15138856e-07  -0.569790334   
50000           66676.072       5.60404939e-07  -1.01698147    
50000           66676.072       9.96556564e-07  -1.81923233    
50000           66676.072       1.77215602e-06  -3.2643257     
50000           66676.072       3.15138856e-06  -5.87805047    
50000           66676.072       5.60404939e-06  -10.6181197    
50000           66676.072       9.96556564e-06  -19.2154533    
50000           66676.072       1.77215602e-05  -34.7733844    
50000           66676.072       3.15138856e-05  -62.8273778    
50000           66676.072       5.60404939e-05  -113.226965    
50000           66676.072       9.96556564e-05  -203.481488    
66676.072       88913.968       0               1.22982657e-06 
66676.072       88913.968       1.77215602e-10  -0.000271576408
66676.072       88913.968       3.15138857e-10  -0.000483895884
66676.072       88913.968       5.6040494e-10   -0.000861459235
66676.072       88913.968       9.96556567e-10  -0.00153287237 
66676.072       88913.968       1.77215602e-09  -0.00272683252 
66676.072       88913.968       3.15138857e-09  -0.00485002727 
66676.072       88913.968       5.6040494e-09   -0.00862566079 
66676.072       88913.968       9.96556567e-09  -0.0153397921  
66676.072       88913.968       1.77215602e-08  -0.0272793936  
66676.072       88913.968       3.15138857e-08  -0.0485113412  
66676.072       88913.968       5.6040494e-08   -0.0862676763  
66676.072       88913.968       9.96556567e-08  -0.15340899    
66676.072       88913.968       1.77215602e-07  -0.272805005   
66676.072       88913.968       3.15138857e-07  -0.485124481   
66676.072       88913.968       5.6040494e-07   -0.862687833   
66676.072       88913.968       9.96556567e-07  -1.53410097    
66676.072       88913.968       1.77215602e-06  -2.72806113    
66676.072       88913.968       3.15138857e-06  -4.8512559     
66676.072       88913.968       5.6040494e-06   -8.62688949    
66676.072       88913.968       9.96556567e-06  -15.3410211    
66676.072       88913.968       1.77215602e-05  -27.2806233    
66676.072       88913.968       3.15138857e-05  -48.5125731    
66676.072       88913.968       5.6040494e-05   -86.2689155    
66676.072       88913.968       9.96556567e-05  -153.410252    
88913.968       118568.688      0               2.86703994e-11 
88913.968       118568.688      1.77215602e-10  -0.000176528759
88913.968       118568.688      3.15138856e-10  -0.000313917787
88913.968       118568.688      5.60404939e-10  -0.000558234531
88913.968       118568.688      9.96556564e-10  -0.000992700063
88913.968       118568.688      1.77215602e-09  -0.00176530781 
88913.968       118568.688      3.15138856e-09  -0.00313924123 
88913.968       118568.688      5.60404939e-09  -0.00558254505 
88913.968       118568.688      9.96556564e-09  -0.00992763147 
88913.968       118568.688      1.77215602e-08  -0.0176550711  
88913.968       118568.688      3.15138856e-08  -0.0313987067  
88913.968       118568.688      5.60404939e-08  -0.0558453126  
88913.968       118568.688      9.96556564e-08  -0.0993388896  
88913.968       118568.688      1.77215602e-07  -0.176747287   
88913.968       118568.688      3.15138856e-07  -0.314601507   
88913.968       118568.688      5.60404939e-07  -0.560357051   
88913.968       118568.688      9.96556564e-07  -0.999201948   
88913.968       118568.688      1.77215602e-06  -1.7847953     
88913.968       118568.688      3.15138856e-06  -3.19571039    
88913.968       118568.688      5.60404939e-06  -5.7384751     
88913.968       118568.688      9.96556564e-06  -10.3323884    
88913.968       118568.688      1.77215602e-05  -18.634817     
88913.968       118568.688      3.15138856e-05  -33.611384     
88913.968       118568.688      5.60404939e-05  -60.544942     
88913.968       118568.688      9.96556564e-05  -108.833824    
118568.688      158113.888      0               2.33839614e-11 
118568.688      158113.888      1.77215602e-10  -0.000143960252
118568.688      158113.888      3.15138857e-10  -0.00025600157 
118568.688      158113.888      5.6040494e-10   -0.000455242338
118568.688      158113.888      9.96556566e-10  -0.000809548095
118568.688      158113.888      1.77215602e-09  -0.00143960273 
118568.688      158113.888      3.15138857e-09  -0.00256001591 
118568.688      158113.888      5.6040494e-09   -0.0045524236  
118568.688      158113.888      9.96556566e-09  -0.00809548118 
118568.688      158113.888      1.77215602e-08  -0.0143960276  
118568.688      158113.888      3.15138857e-08  -0.0256001595  
118568.688      158113.888      5.6040494e-08   -0.0455242369  
118568.688      158113.888      9.96556566e-08  -0.0809548143  
118568.688      158113.888      1.77215602e-07  -0.143960283   
118568.688      158113.888      3.15138857e-07  -0.256001618   
118568.688      158113.888      5.6040494e-07   -0.455242441   
118568.688      158113.888      9.96556566e-07  -0.80954837    
118568.688      158113.888      1.77215602e-06  -1.43960355    
118568.688      158113.888      3.15138857e-06  -2.56001845    
118568.688      158113.888      5.6040494e-06   -4.55243157    
118568.688      158113.888      9.96556566e-06  -8.0955063     
118568.688      158113.888      1.77215602e-05  -14.3961067    
118568.688      158113.888      3.15138857e-05  -25.6004086    
118568.688      158113.888      5.6040494e-05   -45.5250179    
118568.688      158113.888      9.96556566e-05  -80.9572478    
158113.888      210848.256      0               1.67972303e-11 
158113.888      210848.256      1.77215602e-10  -0.000103419123
158113.888      210848.256      3.15138857e-10  -0.000183908111
158113.888      210848.256      5.6040494e-10   -0.000327040019
158113.888      210848.256      9.96556566e-10  -0.000581568546
158113.888      210848.256      1.77215602e-09  -0.00103419138 
158113.888      210848.256      3.15138857e-09  -0.00183908126 
158113.888      210848.256      5.6040494e-09   -0.00327040034 
158113.888      210848.256      9.96556566e-09  -0.00581568561 
158113.888      210848.256      1.77215602e-08  -0.010341914   
158113.888      210848.256      3.15138857e-08  -0.0183908127  
158113.888      210848.256      5.6040494e-08   -0.0327040036  
158113.888      210848.256      9.96556566e-08  -0.0581568562  
158113.888      210848.256      1.77215602e-07  -0.10341914    
158113.888      210848.256      3.15138857e-07  -0.183908127   
158113.888      210848.256      5.6040494e-07   -0.327040036   
158113.888      210848.256      9.96556566e-07  -0.581568563   
158113.888      210848.256      1.77215602e-06  -1.0341914     
158113.888      210848.256      3.15138857e-06  -1.83908127    
158113.888      210848.256      5.6040494e-06   -3.27040036    
158113.888      210848.256      9.96556566e-06  -5.81568563    
158113.888      210848.256      1.77215602e-05  -10.341914     
158113.888      210848.256      3.15138857e-05  -18.3908127    
158113.888      210848.256      5.6040494e-05   -32.7040036    
158113.888      210848.256      9.96556566e-05  -58.1568564    
210848.256      281170.656      0               1.19833032e-11 
210848.256      281170.656      1.77215602e-10  -7.3781176e-05 
210848.256      281170.656      3.15138857e-10  -0.000131203555
210848.256      281170.656      5.60404941e-10  -0.00023331659 
210848.256      281170.656      9.96556567e-10  -0.000414902098
210848.256      281170.656      1.77215602e-09  -0.000737811867
210848.256      281170.656      3.15138857e-09  -0.00131203566 
210848.256      281170.656      5.60404941e-09  -0.00233316601 
210848.256      281170.656      9.96556567e-09  -0.00414902109 
210848.256      281170.656      1.77215602e-08  -0.00737811878 
210848.256      281170.656      3.15138857e-08  -0.0131203567  
210848.256      281170.656      5.60404941e-08  -0.0233316602  
210848.256      281170.656      9.96556567e-08  -0.041490211   
210848.256      281170.656      1.77215602e-07  -0.0737811879  
210848.256      281170.656      3.15138857e-07  -0.131203567   
210848.256      281170.656      5.60404941e-07  -0.233316602   
210848.256      281170.656      9.96556567e-07  -0.41490211    
210848.256      281170.656      1.77215602e-06  -0.737811879   
210848.256      281170.656      3.15138857e-06  -1.31203567    
210848.256      281170.656      5.60404941e-06  -2.33316602    
210848.256      281170.656      9.96556567e-06  -4.1490211     
210848.256      281170.656      1.77215602e-05  -7.37811881    
210848.256      281170.656      3.15138857e-05  -13.1203568    
210848.256      281170.656      5.60404941e-05  -23.3316604    
210848.256      281170.656      9.96556567e-05  -41.4902114    
281170.656      374947.104      0               8.44835313e-12 
281170.656      374947.104      1.77215602e-10  -5.20207215e-05
281170.656      374947.104      3.15138856e-10  -9.25073844e-05
281170.656      374947.104      5.60404939e-10  -0.000164503984
281170.656      374947.104      9.96556564e-10  -0.000292534053
281170.656      374947.104      1.77215602e-09  -0.000520207291
281170.656      374947.104      3.15138856e-09  -0.00092507392 
281170.656      374947.104      5.60404939e-09  -0.00164503991 
281170.656      374947.104      9.96556564e-09  -0.00292534061 
281170.656      374947.104      1.77215602e-08  -0.00520207298 
281170.656      374947.104      3.15138856e-08  -0.00925073928 
281170.656      374947.104      5.60404939e-08  -0.0164503992  
281170.656      374947.104      9.96556564e-08  -0.0292534062  
281170.656      374947.104      1.77215602e-07  -0.0520207299  
281170.656      374947.104      3.15138856e-07  -0.0925073929  
281170.656      374947.104      5.60404939e-07  -0.164503992   
281170.656      374947.104      9.96556564e-07  -0.292534062   
281170.656      374947.104      1.77215602e-06  -0.520207299   
281170.656      374947.104      3.15138856e-06  -0.925073929   
281170.656      374947.104      5.60404939e-06  -1.64503992    
281170.656      374947.104      9.96556564e-06  -2.92534062    
281170.656      374947.104      1.77215602e-05  -5.20207299    
281170.656      374947.104      3.15138856e-05  -9.25073929    
281170.656      374947.104      5.60404939e-05  -16.4503992    
281170.656      374947.104      9.96556564e-05  -29.2534062    
374947.104      500000          0               9.76574093e-08 
374947.104      500000          1.77215602e-10  -3.60062241e-05
374947.104      500000          3.15138857e-10  -6.41051316e-05
374947.104      500000          5.6040494e-10   -0.00011407284 
374947.104      500000          9.96556566e-10  -0.000202929388
374947.104      500000          1.77215602e-09  -0.000360941157
374947.104      500000          3.15138857e-09  -0.000641930233
374947.104      500000          5.6040494e-09   -0.00114160732 
374947.104      500000          9.96556566e-09  -0.0020301728  
374947.104      500000          1.77215602e-08  -0.00361029049 
374947.104      500000          3.15138857e-08  -0.00642018125 
374947.104      500000          5.6040494e-08   -0.0114169521  
374947.104      500000          9.96556566e-08  -0.0203026069  
374947.104      500000          1.77215602e-07  -0.0361037838  
374947.104      500000          3.15138857e-07  -0.0642026914  
374947.104      500000          5.6040494e-07   -0.1141704     
374947.104      500000          9.96556566e-07  -0.203026948   
374947.104      500000          1.77215602e-06  -0.361038718   
374947.104      500000          3.15138857e-06  -0.642027796   
374947.104      500000          5.6040494e-06   -1.14170489    
374947.104      500000          9.96556566e-06  -2.03027039    
374947.104      500000          1.77215602e-05  -3.61038815    
374947.104      500000          3.15138857e-05  -6.42027913    
374947.104      500000          5.6040494e-05   -11.4170507    
374947.104      500000          9.96556566e-05  -20.3027076    
