### like_leo_V.txt
#[0]emin(MeV) [1]emax(MeV) [2]eflux(MeV/cm^2/s) [3]deltaLogLike
500             666.760688      0               -1.00506476    
500             666.760688      1.77215602e-10  -1.00252518    
500             666.760688      3.15138857e-10  -1.0005512     
500             666.760688      5.6040494e-10   -0.997046377   
500             666.760688      9.96556566e-10  -0.990831045   
500             666.760688      1.77215602e-09  -0.979832858   
500             666.760688      3.15138857e-09  -0.96044663    
500             666.760688      5.6040494e-09   -0.926512777   
500             666.760688      9.96556566e-09  -0.867863843   
500             666.760688      1.77215602e-08  -0.768854862   
500             666.760688      3.15138857e-08  -0.609098266   
500             666.760688      5.6040494e-08   -0.374450139   
500             666.760688      9.96556566e-08  -0.10280739    
500             666.760688      1.77215602e-07  -0.0299097221  
500             666.760688      3.15138857e-07  -0.983938362   
500             666.760688      5.6040494e-07   -5.31706041    
500             666.760688      9.96556566e-07  -18.8608827    
500             666.760688      1.77215602e-06  -54.6980146    
500             666.760688      3.15138857e-06  -140.117512    
500             666.760688      5.6040494e-06   -329.234554    
500             666.760688      9.96556566e-06  -725.744285    
500             666.760688      1.77215602e-05  -1523.69715    
500             666.760688      3.15138857e-05  -3080.15715    
500             666.760688      5.6040494e-05   -6044.35133    
500             666.760688      9.96556566e-05  -11587.2578    
666.760688      889.139688      0               -0.19896984    
666.760688      889.139688      1.77215602e-10  -0.197708733   
666.760688      889.139688      3.15138856e-10  -0.196730258   
666.760688      889.139688      5.6040494e-10   -0.194996774   
666.760688      889.139688      9.96556565e-10  -0.191934743   
666.760688      889.139688      1.77215602e-09  -0.186554552   
666.760688      889.139688      3.15138856e-09  -0.177191625   
666.760688      889.139688      5.6040494e-09   -0.161183879   
666.760688      889.139688      9.96556565e-09  -0.134722351   
666.760688      889.139688      1.77215602e-08  -0.0938648803  
666.760688      889.139688      3.15138856e-08  -0.0400641001  
666.760688      889.139688      5.6040494e-08   -0.000229159687
666.760688      889.139688      9.96556565e-08  -0.0879781006  
666.760688      889.139688      1.77215602e-07  -0.668037855   
666.760688      889.139688      3.15138856e-07  -2.74759947    
666.760688      889.139688      5.6040494e-07   -8.81283834    
666.760688      889.139688      9.96556565e-07  -24.4822949    
666.760688      889.139688      1.77215602e-06  -61.6382797    
666.760688      889.139688      3.15138856e-06  -144.22811     
666.760688      889.139688      5.6040494e-06   -318.82751     
666.760688      889.139688      9.96556565e-06  -673.610388    
666.760688      889.139688      1.77215602e-05  -1372.143      
666.760688      889.139688      3.15138856e-05  -2713.41545    
666.760688      889.139688      5.6040494e-05   -5238.46586    
666.760688      889.139688      9.96556565e-05  -9919.8122     
889.139688      1185.68688      0               -0.32980535    
889.139688      1185.68688      1.77215602e-10  -0.327664325   
889.139688      1185.68688      3.15138856e-10  -0.326003529   
889.139688      1185.68688      5.60404939e-10  -0.323062087   
889.139688      1185.68688      9.96556565e-10  -0.317868985   
889.139688      1185.68688      1.77215602e-09  -0.308752656   
889.139688      1185.68688      3.15138856e-09  -0.292913304   
889.139688      1185.68688      5.60404939e-09  -0.265908809   
889.139688      1185.68688      9.96556565e-09  -0.221485497   
889.139688      1185.68688      1.77215602e-08  -0.153454479   
889.139688      1185.68688      3.15138856e-08  -0.0650324345  
889.139688      1185.68688      5.60404939e-08  -0.000472124619
889.139688      1185.68688      9.96556565e-08  -0.133367941   
889.139688      1185.68688      1.77215602e-07  -0.976860117   
889.139688      1185.68688      3.15138856e-07  -3.81623053    
889.139688      1185.68688      5.60404939e-07  -11.5078611    
889.139688      1185.68688      9.96556565e-07  -29.8952151    
889.139688      1185.68688      1.77215602e-06  -70.3516318    
889.139688      1185.68688      3.15138856e-06  -154.423372    
889.139688      1185.68688      5.60404939e-06  -322.269279    
889.139688      1185.68688      9.96556565e-06  -647.811261    
889.139688      1185.68688      1.77215602e-05  -1265.7458     
889.139688      1185.68688      3.15138856e-05  -2419.62692    
889.139688      1185.68688      5.60404939e-05  -4547.4315     
889.139688      1185.68688      9.96556565e-05  -8433.74546    
1185.68688      1581.13888      0               9.58295459e-07 
1185.68688      1581.13888      1.77215602e-10  -0.00106539544 
1185.68688      1581.13888      3.15138856e-10  -0.00190035124 
1185.68688      1581.13888      5.6040494e-10   -0.00339599069 
1185.68688      1581.13888      9.96556565e-10  -0.00608983662 
1185.68688      1581.13888      1.77215602e-09  -0.0109875331  
1185.68688      1581.13888      3.15138856e-09  -0.0200318413  
1185.68688      1581.13888      5.6040494e-09   -0.0371499433  
1185.68688      1581.13888      9.96556565e-09  -0.0707358923  
1185.68688      1581.13888      1.77215602e-08  -0.139763381   
1185.68688      1581.13888      3.15138856e-08  -0.288885783   
1185.68688      1581.13888      5.6040494e-08   -0.624435433   
1185.68688      1581.13888      9.96556565e-08  -1.39483372    
1185.68688      1581.13888      1.77215602e-07  -3.15745648    
1185.68688      1581.13888      3.15138856e-07  -7.10505886    
1185.68688      1581.13888      5.6040494e-07   -15.6821748    
1185.68688      1581.13888      9.96556565e-07  -33.7268978    
1185.68688      1581.13888      1.77215602e-06  -70.5537466    
1185.68688      1581.13888      3.15138856e-06  -143.700688    
1185.68688      1581.13888      5.6040494e-06   -285.615918    
1185.68688      1581.13888      9.96556565e-06  -555.557266    
1185.68688      1581.13888      1.77215602e-05  -1060.74656    
1185.68688      1581.13888      3.15138856e-05  -1993.99038    
1185.68688      1581.13888      5.6040494e-05   -3700.65234    
1185.68688      1581.13888      9.96556565e-05  -6797.88243    
1581.13888      2108.4825       0               5.53385971e-05 
1581.13888      2108.4825       1.77215602e-10  -0.00355632392 
1581.13888      2108.4825       3.15138857e-10  -0.00636880006 
1581.13888      2108.4825       5.6040494e-10   -0.011373609   
1581.13888      2108.4825       9.96556566e-10  -0.0202844131  
1581.13888      2108.4825       1.77215602e-09  -0.0361645059  
1581.13888      2108.4825       3.15138857e-09  -0.0645111237  
1581.13888      2108.4825       5.6040494e-09   -0.115254731   
1581.13888      2108.4825       9.96556566e-09  -0.206529079   
1581.13888      2108.4825       1.77215602e-08  -0.372002917   
1581.13888      2108.4825       3.15138857e-08  -0.675650129   
1581.13888      2108.4825       5.6040494e-08   -1.24237833    
1581.13888      2108.4825       9.96556566e-08  -2.32205278    
1581.13888      2108.4825       1.77215602e-07  -4.4206229     
1581.13888      2108.4825       3.15138857e-07  -8.55833907    
1581.13888      2108.4825       5.6040494e-07   -16.7597719    
1581.13888      2108.4825       9.96556566e-07  -32.9627336    
1581.13888      2108.4825       1.77215602e-06  -64.6791194    
1581.13888      2108.4825       3.15138857e-06  -125.984125    
1581.13888      2108.4825       5.6040494e-06   -242.826925    
1581.13888      2108.4825       9.96556566e-06  -462.418115    
1581.13888      2108.4825       1.77215602e-05  -869.860112    
1581.13888      2108.4825       3.15138857e-05  -1617.71665    
1581.13888      2108.4825       5.6040494e-05   -2978.66889    
1581.13888      2108.4825       9.96556566e-05  -5439.24667    
2108.4825       2811.70675      0               8.2480914e-05  
2108.4825       2811.70675      1.77215602e-10  -0.00164895591 
2108.4825       2811.70675      3.15138856e-10  -0.00300419225 
2108.4825       2811.70675      5.60404939e-10  -0.00543071414 
2108.4825       2811.70675      9.96556564e-10  -0.00979755037 
2108.4825       2811.70675      1.77215602e-09  -0.0177241781  
2108.4825       2811.70675      3.15138856e-09  -0.0323153017  
2108.4825       2811.70675      5.60404939e-09  -0.0597534416  
2108.4825       2811.70675      9.96556564e-09  -0.112881358   
2108.4825       2811.70675      1.77215602e-08  -0.21929023    
2108.4825       2811.70675      3.15138856e-08  -0.438818383   
2108.4825       2811.70675      5.60404939e-08  -0.898413315   
2108.4825       2811.70675      9.96556564e-08  -1.85589005    
2108.4825       2811.70675      1.77215602e-07  -3.81266573    
2108.4825       2811.70675      3.15138856e-07  -7.71854407    
2108.4825       2811.70675      5.60404939e-07  -15.3540584    
2108.4825       2811.70675      9.96556564e-07  -30.0402641    
2108.4825       2811.70675      1.77215602e-06  -57.9273963    
2108.4825       2811.70675      3.15138856e-06  -110.292679    
2108.4825       2811.70675      5.60404939e-06  -207.616499    
2108.4825       2811.70675      9.96556564e-06  -386.830587    
2108.4825       2811.70675      1.77215602e-05  -714.23164     
2108.4825       2811.70675      3.15138856e-05  -1308.47567    
2108.4825       2811.70675      5.60404939e-05  -2381.4724     
2108.4825       2811.70675      9.96556564e-05  -4311.09359    
2811.70675      3749.471        0               8.20923615e-05 
2811.70675      3749.471        1.77215602e-10  -0.000742751407
2811.70675      3749.471        3.15138857e-10  -0.00139167177 
2811.70675      3749.471        5.6040494e-10   -0.00256060792 
2811.70675      3749.471        9.96556566e-10  -0.00468629884 
2811.70675      3749.471        1.77215602e-09  -0.00861300981 
2811.70675      3749.471        3.15138857e-09  -0.0160487379  
2811.70675      3749.471        5.6040494e-09   -0.0306464244  
2811.70675      3749.471        9.96556566e-09  -0.0606582953  
2811.70675      3749.471        1.77215602e-08  -0.125424644   
2811.70675      3749.471        3.15138857e-08  -0.270420301   
2811.70675      3749.471        5.6040494e-08   -0.598843092   
2811.70675      3749.471        9.96556566e-08  -1.33018685    
2811.70675      3749.471        1.77215602e-07  -2.89870845    
2811.70675      3749.471        3.15138857e-07  -6.11676435    
2811.70675      3749.471        5.6040494e-07   -12.4621537    
2811.70675      3749.471        9.96556566e-07  -24.6057236    
2811.70675      3749.471        1.77215602e-06  -47.3746235    
2811.70675      3749.471        3.15138857e-06  -89.4771823    
2811.70675      3749.471        5.6040494e-06   -166.570813    
2811.70675      3749.471        9.96556566e-06  -306.733584    
2811.70675      3749.471        1.77215602e-05  -560.233448    
2811.70675      3749.471        3.15138857e-05  -1016.93187    
2811.70675      3749.471        5.6040494e-05   -1837.21988    
2811.70675      3749.471        9.96556566e-05  -3306.9741     
3749.471        5000            0               6.06724025e-05 
3749.471        5000            1.77215602e-10  -0.000724629729
3749.471        5000            3.15138856e-10  -0.00133999931 
3749.471        5000            5.60404939e-10  -0.0024433093  
3749.471        5000            9.96556565e-10  -0.00443362197 
3749.471        5000            1.77215602e-09  -0.00806153195 
3749.471        5000            3.15138856e-09  -0.0147877296  
3749.471        5000            5.60404939e-09  -0.0275888753  
3749.471        5000            9.96556565e-09  -0.0528594895  
3749.471        5000            1.77215602e-08  -0.104982962   
3749.471        5000            3.15138856e-08  -0.217024345   
3749.471        5000            5.60404939e-08  -0.463901173   
3749.471        5000            9.96556565e-08  -1.00724501    
3749.471        5000            1.77215602e-07  -2.17323748    
3749.471        5000            3.15138856e-07  -4.5810224     
3749.471        5000            5.60404939e-07  -9.36100356    
3749.471        5000            9.96556565e-07  -18.5468514    
3749.471        5000            1.77215602e-06  -35.7941963    
3749.471        5000            3.15138856e-06  -67.6841578    
3749.471        5000            5.60404939e-06  -126.048938    
3749.471        5000            9.96556565e-06  -232.08479     
3749.471        5000            1.77215602e-05  -423.627885    
3749.471        5000            3.15138856e-05  -768.077076    
3749.471        5000            5.60404939e-05  -1385.40128    
3749.471        5000            9.96556565e-05  -2489.10826    
5000            6667.607        0               4.62478056e-10 
5000            6667.607        1.77215602e-10  -0.00284927233 
5000            6667.607        3.15138857e-10  -0.00506685136 
5000            6667.607        5.6040494e-10   -0.00901043172 
5000            6667.607        9.96556566e-10  -0.016023552   
5000            6667.607        1.77215602e-09  -0.02849589    
5000            6667.607        3.15138857e-09  -0.0506785073  
5000            6667.607        5.6040494e-09   -0.0901358483  
5000            6667.607        9.96556566e-09  -0.160334871   
5000            6667.607        1.77215602e-08  -0.28527112    
5000            6667.607        3.15138857e-08  -0.507761662   
5000            6667.607        5.6040494e-08   -0.904388436   
5000            6667.607        9.96556566e-08  -1.61262145    
5000            6667.607        1.77215602e-07  -2.88046349    
5000            6667.607        3.15138857e-07  -5.15787586    
5000            6667.607        5.6040494e-07   -9.26494083    
5000            6667.607        9.96556566e-07  -16.697891     
5000            6667.607        1.77215602e-06  -30.1781498    
5000            6667.607        3.15138857e-06  -54.6278291    
5000            6667.607        5.6040494e-06   -98.8958898    
5000            6667.607        9.96556566e-06  -178.811104    
5000            6667.607        1.77215602e-05  -322.596403    
5000            6667.607        3.15138857e-05  -580.504032    
5000            6667.607        5.6040494e-05   -1041.98015    
5000            6667.607        9.96556566e-05  -1866.21688    
6667.607        8891.397        0               8.21364438e-06 
6667.607        8891.397        1.77215602e-10  1.70672388e-06 
6667.607        8891.397        3.15138856e-10  -7.4482648e-06 
6667.607        8891.397        5.6040494e-10   -3.25286712e-05
6667.607        8891.397        9.96556565e-10  -0.000104751   
6667.607        8891.397        1.77215602e-09  -0.000319389152
6667.607        8891.397        3.15138856e-09  -0.000967439478
6667.607        8891.397        5.6040494e-09   -0.00292876135 
6667.607        8891.397        9.96556565e-09  -0.00880221025 
6667.607        8891.397        1.77215602e-08  -0.025953893   
6667.607        8891.397        3.15138856e-08  -0.0739621669  
6667.607        8891.397        5.6040494e-08   -0.20042885    
6667.607        8891.397        9.96556565e-08  -0.509439731   
6667.607        8891.397        1.77215602e-07  -1.20640058    
6667.607        8891.397        3.15138856e-07  -2.66774834    
6667.607        8891.397        5.6040494e-07   -5.56007335    
6667.607        8891.397        9.96556565e-07  -11.0573617    
6667.607        8891.397        1.77215602e-06  -21.2381568    
6667.607        8891.397        3.15138856e-06  -39.8028714    
6667.607        8891.397        5.6040494e-06   -73.3595503    
6667.607        8891.397        9.96556565e-06  -133.717122    
6667.607        8891.397        1.77215602e-05  -241.960458    
6667.607        8891.397        3.15138856e-05  -435.682076    
6667.607        8891.397        5.6040494e-05   -781.826026    
6667.607        8891.397        9.96556565e-05  -1399.52931    
8891.397        11856.869       0               2.33626452e-10 
8891.397        11856.869       1.77215602e-10  -0.00143930823 
8891.397        11856.869       3.15138856e-10  -0.00255954934 
8891.397        11856.869       5.60404939e-10  -0.00455177416 
8891.397        11856.869       9.96556565e-10  -0.00809489563 
8891.397        11856.869       1.77215602e-09  -0.0143967846  
8891.397        11856.869       3.15138856e-09  -0.0256071825  
8891.397        11856.869       5.60404939e-09  -0.0455546228  
8891.397        11856.869       9.96556565e-09  -0.0810651415  
8891.397        11856.869       1.77215602e-08  -0.144332812   
8891.397        11856.869       3.15138856e-08  -0.257212489   
8891.397        11856.869       5.60404939e-08  -0.459080207   
8891.397        11856.869       9.96556565e-08  -0.821439267   
8891.397        11856.869       1.77215602e-07  -1.47546969    
8891.397        11856.869       3.15138856e-07  -2.6643418     
8891.397        11856.869       5.60404939e-07  -4.84133732    
8891.397        11856.869       9.96556565e-07  -8.84785611    
8891.397        11856.869       1.77215602e-06  -16.2249579    
8891.397        11856.869       3.15138856e-06  -29.7527316    
8891.397        11856.869       5.60404939e-06  -54.3986879    
8891.397        11856.869       9.96556565e-06  -99.0103072    
8891.397        11856.869       1.77215602e-05  -179.341422    
8891.397        11856.869       3.15138856e-05  -323.447815    
8891.397        11856.869       5.60404939e-05  -581.288088    
8891.397        11856.869       9.96556565e-05  -1041.79649    
11856.869       15811.388       0               6.93562004e-06 
11856.869       15811.388       1.77215602e-10  -0.000634317857
11856.869       15811.388       3.15138857e-10  -0.00113367316 
11856.869       15811.388       5.6040494e-10   -0.00202227304 
11856.869       15811.388       9.96556566e-10  -0.00360436653 
11856.869       15811.388       1.77215602e-09  -0.00642380459 
11856.869       15811.388       3.15138857e-09  -0.0114565179  
11856.869       15811.388       5.6040494e-09   -0.0204654166  
11856.869       15811.388       9.96556566e-09  -0.0366698363  
11856.869       15811.388       1.77215602e-08  -0.0660488813  
11856.869       15811.388       3.15138857e-08  -0.119973867   
11856.869       15811.388       5.6040494e-08   -0.220686892   
11856.869       15811.388       9.96556566e-08  -0.412748802   
11856.869       15811.388       1.77215602e-07  -0.786059135   
11856.869       15811.388       3.15138857e-07  -1.51867874    
11856.869       15811.388       5.6040494e-07   -2.95040604    
11856.869       15811.388       9.96556566e-07  -5.70649611    
11856.869       15811.388       1.77215602e-06  -10.9150578    
11856.869       15811.388       3.15138857e-06  -20.6043617    
11856.869       15811.388       5.6040494e-06   -38.4277431    
11856.869       15811.388       9.96556566e-06  -70.9618467    
11856.869       15811.388       1.77215602e-05  -130.003554    
11856.869       15811.388       3.15138857e-05  -236.626638    
11856.869       15811.388       5.6040494e-05   -428.365267    
11856.869       15811.388       9.96556566e-05  -771.968139    
15811.388       21084.826       0               1.89475537e-06 
15811.388       21084.826       1.77215602e-10  -0.00104880815 
15811.388       21084.826       3.15138856e-10  -0.00186654859 
15811.388       21084.826       5.60404939e-10  -0.0033207196  
15811.388       21084.826       9.96556565e-10  -0.00590664204 
15811.388       21084.826       1.77215602e-09  -0.0105051349  
15811.388       21084.826       3.15138856e-09  -0.0186825406  
15811.388       21084.826       5.60404939e-09  -0.0332242548  
15811.388       21084.826       9.96556565e-09  -0.0590834919  
15811.388       21084.826       1.77215602e-08  -0.105068461   
15811.388       21084.826       3.15138856e-08  -0.186842646   
15811.388       21084.826       5.60404939e-08  -0.332260193   
15811.388       21084.826       9.96556565e-08  -0.590853846   
15811.388       21084.826       1.77215602e-07  -1.05070758    
15811.388       21084.826       3.15138856e-07  -1.86846222    
15811.388       21084.826       5.60404939e-07  -3.32267802    
15811.388       21084.826       9.96556565e-07  -5.90874157    
15811.388       21084.826       1.77215602e-06  -10.5076777    
15811.388       21084.826       3.15138856e-06  -18.686469     
15811.388       21084.826       5.60404939e-06  -33.232477     
15811.388       21084.826       9.96556565e-06  -59.1048279    
15811.388       21084.826       1.77215602e-05  -105.128918    
15811.388       21084.826       3.15138856e-05  -187.015706    
15811.388       21084.826       5.60404939e-05  -332.741499    
15811.388       21084.826       9.96556565e-05  -592.127534    
21084.826       28117.066       0               2.16619337e-05 
21084.826       28117.066       1.77215602e-10  -0.000753387084
21084.826       28117.066       3.15138857e-10  -0.00135659196 
21084.826       28117.066       5.60404941e-10  -0.00242925916 
21084.826       28117.066       9.96556567e-10  -0.00433676242 
21084.826       28117.066       1.77215602e-09  -0.00772884015 
21084.826       28117.066       3.15138857e-09  -0.0137609146  
21084.826       28117.066       5.60404941e-09  -0.0244876681  
21084.826       28117.066       9.96556567e-09  -0.043562958   
21084.826       28117.066       1.77215602e-08  -0.0774845486  
21084.826       28117.066       3.15138857e-08  -0.137807864   
21084.826       28117.066       5.60404941e-08  -0.245083513   
21084.826       28117.066       9.96556567e-08  -0.43586201    
21084.826       28117.066       1.77215602e-07  -0.775158495   
21084.826       28117.066       3.15138857e-07  -1.37864443    
21084.826       28117.066       5.60404941e-07  -2.45218909    
21084.826       28117.066       9.96556567e-07  -4.36240588    
21084.826       28117.066       1.77215602e-06  -7.76274162    
21084.826       28117.066       3.15138857e-06  -13.8193024    
21084.826       28117.066       5.60404941e-06  -24.61583      
21084.826       28117.066       9.96556567e-06  -43.8791503    
21084.826       28117.066       1.77215602e-05  -78.2732899    
21084.826       28117.066       3.15138857e-05  -139.697182    
21084.826       28117.066       5.60404941e-05  -249.35869     
21084.826       28117.066       9.96556567e-05  -445.01166     
28117.066       37494.712       0               2.45847167e-06 
28117.066       37494.712       1.77215602e-10  -0.000224818239
28117.066       37494.712       3.15138856e-10  -0.000401762721
28117.066       37494.712       5.60404939e-10  -0.000716548464
28117.066       37494.712       9.96556565e-10  -0.00127673312 
28117.066       37494.712       1.77215602e-09  -0.00227418525 
28117.066       37494.712       3.15138856e-09  -0.00405199441 
28117.066       37494.712       5.60404939e-09  -0.00722621948 
28117.066       37494.712       9.96556565e-09  -0.0129109866  
28117.066       37494.712       1.77215602e-08  -0.0231451711  
28117.066       37494.712       3.15138856e-08  -0.0417303989  
28117.066       37494.712       5.60404939e-08  -0.0759499077  
28117.066       37494.712       9.96556565e-08  -0.140240994   
28117.066       37494.712       1.77215602e-07  -0.264197933   
28117.066       37494.712       3.15138856e-07  -0.509667171   
28117.066       37494.712       5.60404939e-07  -1.00495221    
28117.066       37494.712       9.96556565e-07  -2.00727981    
28117.066       37494.712       1.77215602e-06  -4.00892855    
28117.066       37494.712       3.15138856e-06  -7.91478759    
28117.066       37494.712       5.60404939e-06  -15.3478934    
28117.066       37494.712       9.96556565e-06  -29.1912989    
28117.066       37494.712       1.77215602e-05  -54.5609572    
28117.066       37494.712       3.15138856e-05  -100.548434    
28117.066       37494.712       5.60404939e-05  -183.325431    
28117.066       37494.712       9.96556565e-05  -331.662415    
37494.712       50000           0               7.40669748e-11 
37494.712       50000           1.77215602e-10  -0.000456058333
37494.712       50000           3.15138857e-10  -0.000810999201
37494.712       50000           5.60404941e-10  -0.00144218324 
37494.712       50000           9.96556567e-10  -0.00256460482 
37494.712       50000           1.77215602e-09  -0.004560584   
37494.712       50000           3.15138857e-09  -0.00810999268 
37494.712       50000           5.60404941e-09  -0.0144218331  
37494.712       50000           9.96556567e-09  -0.0256460489  
37494.712       50000           1.77215602e-08  -0.0456058407  
37494.712       50000           3.15138857e-08  -0.0810999277  
37494.712       50000           5.60404941e-08  -0.144218332   
37494.712       50000           9.96556567e-08  -0.256460492   
37494.712       50000           1.77215602e-07  -0.456058415   
37494.712       50000           3.15138857e-07  -0.8109993     
37494.712       50000           5.60404941e-07  -1.44218339    
37494.712       50000           9.96556567e-07  -2.56460514    
37494.712       50000           1.77215602e-06  -4.56058486    
37494.712       50000           3.15138857e-06  -8.10999526    
37494.712       50000           5.60404941e-06  -14.421841     
37494.712       50000           9.96556567e-06  -25.6460739    
37494.712       50000           1.77215602e-05  -45.6059196    
37494.712       50000           3.15138857e-05  -81.1001761    
37494.712       50000           5.60404941e-05  -144.219112    
37494.712       50000           9.96556567e-05  -256.46293     
50000           66676.072       0               4.51336746e-11 
50000           66676.072       1.77215602e-10  -0.000277973935
50000           66676.072       3.15138856e-10  -0.000494317645
50000           66676.072       5.60404939e-10  -0.00087904215 
50000           66676.072       9.96556564e-10  -0.00156320543 
50000           66676.072       1.77215602e-09  -0.00277988829 
50000           66676.072       3.15138856e-09  -0.00494364641 
50000           66676.072       5.60404939e-09  -0.00879190589 
50000           66676.072       9.96556564e-09  -0.0156367427  
50000           66676.072       1.77215602e-08  -0.0278136805  
50000           66676.072       3.15138856e-08  -0.0494831052  
50000           66676.072       5.60404939e-08  -0.088065702   
50000           66676.072       9.96556564e-08  -0.15682646    
50000           66676.072       1.77215602e-07  -0.279562755   
50000           66676.072       3.15138856e-07  -0.499203145   
50000           66676.072       5.60404939e-07  -0.893774484   
50000           66676.072       9.96556564e-07  -1.60628756    
50000           66676.072       1.77215602e-06  -2.90034105    
50000           66676.072       3.15138856e-06  -5.26099031    
50000           66676.072       5.60404939e-06  -9.57176537    
50000           66676.072       9.96556564e-06  -17.4206864    
50000           66676.072       1.77215602e-05  -31.6355136    
50000           66676.072       3.15138856e-05  -57.2353186    
50000           66676.072       5.60404939e-05  -103.130299    
50000           66676.072       9.96556564e-05  -185.15311     
66676.072       88913.968       0               3.98756583e-11 
66676.072       88913.968       1.77215602e-10  -0.00024550155 
66676.072       88913.968       3.15138857e-10  -0.000436570383
66676.072       88913.968       5.6040494e-10   -0.000776344156
66676.072       88913.968       9.96556567e-10  -0.00138055686 
66676.072       88913.968       1.77215602e-09  -0.00245501588 
66676.072       88913.968       3.15138857e-09  -0.00436570425 
66676.072       88913.968       5.6040494e-09   -0.0077634421  
66676.072       88913.968       9.96556567e-09  -0.0138055695  
66676.072       88913.968       1.77215602e-08  -0.024550161   
66676.072       88913.968       3.15138857e-08  -0.0436570486  
66676.072       88913.968       5.6040494e-08   -0.0776344395  
66676.072       88913.968       9.96556567e-08  -0.138055753   
66676.072       88913.968       1.77215602e-07  -0.245501792   
66676.072       88913.968       3.15138857e-07  -0.436571061   
66676.072       88913.968       5.6040494e-07   -0.776346212   
66676.072       88913.968       9.96556567e-07  -1.38056327    
66676.072       88913.968       1.77215602e-06  -2.45503603    
66676.072       88913.968       3.15138857e-06  -4.3657677     
66676.072       88913.968       5.6040494e-06   -7.76364162    
66676.072       88913.968       9.96556567e-06  -13.8061947    
66676.072       88913.968       1.77215602e-05  -24.5521064    
66676.072       88913.968       3.15138857e-05  -43.6630333    
66676.072       88913.968       5.6040494e-05   -77.6525038    
66676.072       88913.968       9.96556567e-05  -138.108686    
88913.968       118568.688      0               2.91358049e-11 
88913.968       118568.688      1.77215602e-10  -0.000179384151
88913.968       118568.688      3.15138856e-10  -0.000318995165
88913.968       118568.688      5.60404939e-10  -0.000567262556
88913.968       118568.688      9.96556564e-10  -0.00100875135 
88913.968       118568.688      1.77215602e-09  -0.00179384177 
88913.968       118568.688      3.15138856e-09  -0.00318995191 
88913.968       118568.688      5.60404939e-09  -0.00567262583 
88913.968       118568.688      9.96556564e-09  -0.0100875138  
88913.968       118568.688      1.77215602e-08  -0.0179384181  
88913.968       118568.688      3.15138856e-08  -0.0318995196  
88913.968       118568.688      5.60404939e-08  -0.0567262593  
88913.968       118568.688      9.96556564e-08  -0.10087514    
88913.968       118568.688      1.77215602e-07  -0.179384188   
88913.968       118568.688      3.15138856e-07  -0.31899522    
88913.968       118568.688      5.60404939e-07  -0.567262667   
88913.968       118568.688      9.96556564e-07  -1.00875163    
88913.968       118568.688      1.77215602e-06  -1.79384262    
88913.968       118568.688      3.15138856e-06  -3.18995451    
88913.968       118568.688      5.60404939e-06  -5.67263398    
88913.968       118568.688      9.96556564e-06  -10.0875394    
88913.968       118568.688      1.77215602e-05  -17.9384988    
88913.968       118568.688      3.15138856e-05  -31.8997732    
88913.968       118568.688      5.60404939e-05  -56.7270518    
88913.968       118568.688      9.96556564e-05  -100.877596    
118568.688      158113.888      0               2.10160778e-11 
118568.688      158113.888      1.77215602e-10  -0.00012938748 
118568.688      158113.888      3.15138857e-10  -0.000230087107
118568.688      158113.888      5.6040494e-10   -0.000409159182
118568.688      158113.888      9.96556566e-10  -0.000727599365
118568.688      158113.888      1.77215602e-09  -0.00129387499 
118568.688      158113.888      3.15138857e-09  -0.00230087127 
118568.688      158113.888      5.6040494e-09   -0.00409159202 
118568.688      158113.888      9.96556566e-09  -0.00727599388 
118568.688      158113.888      1.77215602e-08  -0.0129387502  
118568.688      158113.888      3.15138857e-08  -0.0230087132  
118568.688      158113.888      5.6040494e-08   -0.0409159216  
118568.688      158113.888      9.96556566e-08  -0.0727599429  
118568.688      158113.888      1.77215602e-07  -0.129387515   
118568.688      158113.888      3.15138857e-07  -0.230087172   
118568.688      158113.888      5.6040494e-07   -0.409159342   
118568.688      158113.888      9.96556566e-07  -0.727599826   
118568.688      158113.888      1.77215602e-06  -1.2938764     
118568.688      158113.888      3.15138857e-06  -2.30087568    
118568.688      158113.888      5.6040494e-06   -4.09160592    
118568.688      158113.888      9.96556566e-06  -7.27603768    
118568.688      158113.888      1.77215602e-05  -12.938888     
118568.688      158113.888      3.15138857e-05  -23.0091453    
118568.688      158113.888      5.6040494e-05   -40.9172677    
118568.688      158113.888      9.96556566e-05  -72.7640908    
158113.888      210848.256      0               1.49924517e-11 
158113.888      210848.256      1.77215602e-10  -9.23336969e-05
158113.888      210848.256      3.15138857e-10  -0.000164195124
158113.888      210848.256      5.6040494e-10   -0.00029198482 
158113.888      210848.256      9.96556566e-10  -0.000519230605
158113.888      210848.256      1.77215602e-09  -0.000923337107
158113.888      210848.256      3.15138857e-09  -0.00164195138 
158113.888      210848.256      5.6040494e-09   -0.00291984836 
158113.888      210848.256      9.96556566e-09  -0.00519230628 
158113.888      210848.256      1.77215602e-08  -0.0092333715  
158113.888      210848.256      3.15138857e-08  -0.0164195149  
158113.888      210848.256      5.6040494e-08   -0.0291984866  
158113.888      210848.256      9.96556566e-08  -0.051923072   
158113.888      210848.256      1.77215602e-07  -0.0923337439  
158113.888      210848.256      3.15138857e-07  -0.16419524    
158113.888      210848.256      5.6040494e-07   -0.291985154   
158113.888      210848.256      9.96556566e-07  -0.51923163    
158113.888      210848.256      1.77215602e-06  -0.923340313   
158113.888      210848.256      3.15138857e-06  -1.64196148    
158113.888      210848.256      5.6040494e-06   -2.91988019    
158113.888      210848.256      9.96556566e-06  -5.1924066     
158113.888      210848.256      1.77215602e-05  -9.23368698    
158113.888      210848.256      3.15138857e-05  -16.4205029    
158113.888      210848.256      5.6040494e-05   -29.2015592    
158113.888      210848.256      9.96556566e-05  -51.9325118    
210848.256      281170.656      0               1.18197814e-07 
210848.256      281170.656      1.77215602e-10  -6.54263268e-05
210848.256      281170.656      3.15138857e-10  -0.000116438281
210848.256      281170.656      5.60404941e-10  -0.000207151788
210848.256      281170.656      9.96556567e-10  -0.000368465751
210848.256      281170.656      1.77215602e-09  -0.000655327052
210848.256      281170.656      3.15138857e-09  -0.0011654466  
210848.256      281170.656      5.60404941e-09  -0.0020725817  
210848.256      281170.656      9.96556567e-09  -0.00368572141 
210848.256      281170.656      1.77215602e-08  -0.00655433468 
210848.256      281170.656      3.15138857e-08  -0.011655531   
210848.256      281170.656      5.60404941e-08  -0.0207268846  
210848.256      281170.656      9.96556567e-08  -0.0368582899  
210848.256      281170.656      1.77215602e-07  -0.0655444484  
210848.256      281170.656      3.15138857e-07  -0.116556493   
210848.256      281170.656      5.60404941e-07  -0.207270288   
210848.256      281170.656      9.96556567e-07  -0.36858516    
210848.256      281170.656      1.77215602e-06  -0.65544933    
210848.256      281170.656      3.15138857e-06  -1.16557794    
210848.256      281170.656      5.60404941e-06  -2.07274163    
210848.256      281170.656      9.96556567e-06  -3.68597135    
210848.256      281170.656      1.77215602e-05  -6.55486701    
210848.256      281170.656      3.15138857e-05  -11.6569441    
210848.256      281170.656      5.60404941e-05  -20.7310168    
210848.256      281170.656      9.96556567e-05  -36.8706737    
281170.656      374947.104      0               6.99692549e-07 
281170.656      374947.104      1.77215602e-10  -4.49512463e-05
281170.656      374947.104      3.15138856e-10  -8.04804324e-05
281170.656      374947.104      5.60404939e-10  -0.000143661253
281170.656      374947.104      9.96556564e-10  -0.000256014408
281170.656      374947.104      1.77215602e-09  -0.000455809717
281170.656      374947.104      3.15138856e-09  -0.000811101624
281170.656      374947.104      5.60404939e-09  -0.00144290998 
281170.656      374947.104      9.96556564e-09  -0.00256644198 
281170.656      374947.104      1.77215602e-08  -0.00456439652 
281170.656      374947.104      3.15138856e-08  -0.00811732015 
281170.656      374947.104      5.60404939e-08  -0.0144354181  
281170.656      374947.104      9.96556564e-08  -0.0256707839  
281170.656      374947.104      1.77215602e-07  -0.0456504736  
281170.656      374947.104      3.15138856e-07  -0.0811801664  
281170.656      374947.104      5.60404939e-07  -0.144362588   
281170.656      374947.104      9.96556564e-07  -0.2567208     
281170.656      374947.104      1.77215602e-06  -0.45653206    
281170.656      374947.104      3.15138856e-06  -0.811874195   
281170.656      374947.104      5.60404939e-06  -1.4438402     
281170.656      374947.104      9.96556564e-06  -2.5678642     
281170.656      374947.104      1.77215602e-05  -4.56733912    
281170.656      374947.104      3.15138856e-05  -8.12488379    
281170.656      374947.104      5.60404939e-05  -14.4566518    
281170.656      374947.104      9.96556564e-05  -25.730808     
374947.104      500000          0               5.20861132e-12 
374947.104      500000          1.77215602e-10  -3.20696055e-05
374947.104      500000          3.15138857e-10  -5.70287231e-05
374947.104      500000          5.6040494e-10   -0.000101413008
374947.104      500000          9.96556566e-10  -0.000180340668
374947.104      500000          1.77215602e-09  -0.000320696101
374947.104      500000          3.15138857e-09  -0.000570287278
374947.104      500000          5.6040494e-09   -0.00101413013 
374947.104      500000          9.96556566e-09  -0.00180340673 
374947.104      500000          1.77215602e-08  -0.00320696106 
374947.104      500000          3.15138857e-08  -0.00570287283 
374947.104      500000          5.6040494e-08   -0.0101413013  
374947.104      500000          9.96556566e-08  -0.0180340674  
374947.104      500000          1.77215602e-07  -0.0320696107  
374947.104      500000          3.15138857e-07  -0.0570287283  
374947.104      500000          5.6040494e-07   -0.101413013   
374947.104      500000          9.96556566e-07  -0.180340674   
374947.104      500000          1.77215602e-06  -0.320696107   
374947.104      500000          3.15138857e-06  -0.570287283   
374947.104      500000          5.6040494e-06   -1.01413013    
374947.104      500000          9.96556566e-06  -1.80340674    
374947.104      500000          1.77215602e-05  -3.20696107    
374947.104      500000          3.15138857e-05  -5.70287283    
374947.104      500000          5.6040494e-05   -10.1413013    
374947.104      500000          9.96556566e-05  -18.0340674    
