### like_segue_1.txt
#[0]emin(MeV) [1]emax(MeV) [2]eflux(MeV/cm^2/s) [3]deltaLogLike
500             666.760688      0               1.73360058e-05 
500             666.760688      1.77215602e-10  -0.000723887386
500             666.760688      3.15138857e-10  -0.00130313393 
500             666.760688      5.6040494e-10   -0.00233831275 
500             666.760688      9.96556566e-10  -0.00419531663 
500             666.760688      1.77215602e-09  -0.00754863676 
500             666.760688      3.15138857e-09  -0.0136727848  
500             666.760688      5.6040494e-09   -0.0250700307  
500             666.760688      9.96556566e-09  -0.0469271009  
500             666.760688      1.77215602e-08  -0.0907499847  
500             666.760688      3.15138857e-08  -0.183959941   
500             666.760688      5.6040494e-08   -0.395995082   
500             666.760688      9.96556566e-08  -0.909176699   
500             666.760688      1.77215602e-07  -2.20446373    
500             666.760688      3.15138857e-07  -5.51714403    
500             666.760688      5.6040494e-07   -13.8611022    
500             666.760688      9.96556566e-07  -34.1348606    
500             666.760688      1.77215602e-06  -81.1635019    
500             666.760688      3.15138857e-06  -185.150772    
500             666.760688      5.6040494e-06   -405.164629    
500             666.760688      9.96556566e-06  -853.368144    
500             666.760688      1.77215602e-05  -1738.4338     
500             666.760688      3.15138857e-05  -3443.07902    
500             666.760688      5.6040494e-05   -6662.10445    
500             666.760688      9.96556566e-05  -12647.8374    
666.760688      889.139688      0               -0.0385873339  
666.760688      889.139688      1.77215602e-10  -0.0379764474  
666.760688      889.139688      3.15138856e-10  -0.0375045053  
666.760688      889.139688      5.6040494e-10   -0.0366728173  
666.760688      889.139688      9.96556565e-10  -0.035217708   
666.760688      889.139688      1.77215602e-09  -0.0327053964  
666.760688      889.139688      3.15138856e-09  -0.0284748194  
666.760688      889.139688      5.6040494e-09   -0.0216954035  
666.760688      889.139688      9.96556565e-09  -0.0119597826  
666.760688      889.139688      1.77215602e-08  -0.00181130217 
666.760688      889.139688      3.15138856e-08  -0.00550806752 
666.760688      889.139688      5.6040494e-08   -0.0762313554  
666.760688      889.139688      9.96556565e-08  -0.383088255   
666.760688      889.139688      1.77215602e-07  -1.40851074    
666.760688      889.139688      3.15138856e-07  -4.4025304     
666.760688      889.139688      5.6040494e-07   -12.3274517    
666.760688      889.139688      9.96556565e-07  -31.6867064    
666.760688      889.139688      1.77215602e-06  -75.9424082    
666.760688      889.139688      3.15138856e-06  -171.79005     
666.760688      889.139688      5.6040494e-06   -370.496088    
666.760688      889.139688      9.96556565e-06  -768.12334     
666.760688      889.139688      1.77215602e-05  -1541.45289    
666.760688      889.139688      3.15138856e-05  -3011.83757    
666.760688      889.139688      5.6040494e-05   -5758.78568    
666.760688      889.139688      9.96556565e-05  -10821.9796    
889.139688      1185.68688      0               -0.1029918     
889.139688      1185.68688      1.77215602e-10  -0.101785385   
889.139688      1185.68688      3.15138856e-10  -0.100851782   
889.139688      1185.68688      5.60404939e-10  -0.0992030702  
889.139688      1185.68688      9.96556565e-10  -0.096307472   
889.139688      1185.68688      1.77215602e-09  -0.0912725266  
889.139688      1185.68688      3.15138856e-09  -0.0826776636  
889.139688      1185.68688      5.60404939e-09  -0.0685136208  
889.139688      1185.68688      9.96556565e-09  -0.0467904389  
889.139688      1185.68688      1.77215602e-08  -0.0187044939  
889.139688      1185.68688      3.15138856e-08  1.49526932e-06 
889.139688      1185.68688      5.60404939e-08  -0.055423164   
889.139688      1185.68688      9.96556565e-08  -0.390414728   
889.139688      1185.68688      1.77215602e-07  -1.56547754    
889.139688      1185.68688      3.15138856e-07  -4.94019718    
889.139688      1185.68688      5.60404939e-07  -13.5149435    
889.139688      1185.68688      9.96556565e-07  -33.4667852    
889.139688      1185.68688      1.77215602e-06  -76.9425423    
889.139688      1185.68688      3.15138856e-06  -167.13574     
889.139688      1185.68688      5.60404939e-06  -347.421938    
889.139688      1185.68688      9.96556565e-06  -697.601211    
889.139688      1185.68688      1.77215602e-05  -1362.65554    
889.139688      1185.68688      3.15138856e-05  -2603.81357    
889.139688      1185.68688      5.60404939e-05  -4889.52418    
889.139688      1185.68688      9.96556565e-05  -9057.57265    
1185.68688      1581.13888      0               -1.11144212    
1185.68688      1581.13888      1.77215602e-10  -1.10661033    
1185.68688      1581.13888      3.15138856e-10  -1.10286009    
1185.68688      1581.13888      5.6040494e-10   -1.09621323    
1185.68688      1581.13888      9.96556565e-10  -1.08446283    
1185.68688      1581.13888      1.77215602e-09  -1.06378574    
1185.68688      1581.13888      3.15138856e-09  -1.0276978     
1185.68688      1581.13888      5.6040494e-09   -0.965630078   
1185.68688      1581.13888      9.96556565e-09  -0.861658675   
1185.68688      1581.13888      1.77215602e-08  -0.695691349   
1185.68688      1581.13888      3.15138856e-08  -0.454080906   
1185.68688      1581.13888      5.6040494e-08   -0.166373363   
1185.68688      1581.13888      9.96556565e-08  -0.000207940002
1185.68688      1581.13888      1.77215602e-07  -0.464898961   
1185.68688      1581.13888      3.15138856e-07  -2.79970025    
1185.68688      1581.13888      5.6040494e-07   -9.67543584    
1185.68688      1581.13888      9.96556565e-07  -26.4425701    
1185.68688      1581.13888      1.77215602e-06  -63.3482319    
1185.68688      1581.13888      3.15138856e-06  -139.495219    
1185.68688      1581.13888      5.6040494e-06   -289.929955    
1185.68688      1581.13888      9.96556565e-06  -578.288303    
1185.68688      1581.13888      1.77215602e-05  -1119.28823    
1185.68688      1581.13888      3.15138856e-05  -2118.74749    
1185.68688      1581.13888      5.6040494e-05   -3944.85244    
1185.68688      1581.13888      9.96556565e-05  -7255.06384    
1581.13888      2108.4825       0               -0.412515576   
1581.13888      2108.4825       1.77215602e-10  -0.408923691   
1581.13888      2108.4825       3.15138857e-10  -0.406143136   
1581.13888      2108.4825       5.6040494e-10   -0.401230652   
1581.13888      2108.4825       9.96556566e-10  -0.392595686   
1581.13888      2108.4825       1.77215602e-09  -0.377554792   
1581.13888      2108.4825       3.15138857e-09  -0.35177913    
1581.13888      2108.4825       5.6040494e-09   -0.308890837   
1581.13888      2108.4825       9.96556566e-09  -0.241318134   
1581.13888      2108.4825       1.77215602e-08  -0.145658042   
1581.13888      2108.4825       3.15138857e-08  -0.0401218031  
1581.13888      2108.4825       5.6040494e-08   -0.0080350784  
1581.13888      2108.4825       9.96556566e-08  -0.288208085   
1581.13888      2108.4825       1.77215602e-07  -1.44210621    
1581.13888      2108.4825       3.15138857e-07  -4.65092844    
1581.13888      2108.4825       5.6040494e-07   -12.2480908    
1581.13888      2108.4825       9.96556566e-07  -28.6857304    
1581.13888      2108.4825       1.77215602e-06  -62.2876699    
1581.13888      2108.4825       3.15138857e-06  -128.394642    
1581.13888      2108.4825       5.6040494e-06   -254.947181    
1581.13888      2108.4825       9.96556566e-06  -492.373965    
1581.13888      2108.4825       1.77215602e-05  -931.173039    
1581.13888      2108.4825       3.15138857e-05  -1733.25364    
1581.13888      2108.4825       5.6040494e-05   -3187.77912    
1581.13888      2108.4825       9.96556566e-05  -5810.51727    
2108.4825       2811.70675      0               -0.283473822   
2108.4825       2811.70675      1.77215602e-10  -0.279947955   
2108.4825       2811.70675      3.15138856e-10  -0.277226866   
2108.4825       2811.70675      5.60404939e-10  -0.272437284   
2108.4825       2811.70675      9.96556564e-10  -0.26407364    
2108.4825       2811.70675      1.77215602e-09  -0.249674119   
2108.4825       2811.70675      3.15138856e-09  -0.225499785   
2108.4825       2811.70675      5.60404939e-09  -0.186710208   
2108.4825       2811.70675      9.96556564e-09  -0.129450721   
2108.4825       2811.70675      1.77215602e-08  -0.0580371421  
2108.4825       2811.70675      3.15138856e-08  -0.00271291421 
2108.4825       2811.70675      5.60404939e-08  -0.0556970288  
2108.4825       2811.70675      9.96556564e-08  -0.438123316   
2108.4825       2811.70675      1.77215602e-07  -1.62479768    
2108.4825       2811.70675      3.15138856e-07  -4.57935451    
2108.4825       2811.70675      5.60404939e-07  -11.1872959    
2108.4825       2811.70675      9.96556564e-07  -25.0310199    
2108.4825       2811.70675      1.77215602e-06  -52.7603262    
2108.4825       2811.70675      3.15138856e-06  -106.516596    
2108.4825       2811.70675      5.60404939e-06  -208.240422    
2108.4825       2811.70675      9.96556564e-06  -397.34775     
2108.4825       2811.70675      1.77215602e-05  -744.388459    
2108.4825       2811.70675      3.15138856e-05  -1375.31041    
2108.4825       2811.70675      5.60404939e-05  -2514.60183    
2108.4825       2811.70675      9.96556564e-05  -4562.09135    
2811.70675      3749.471        0               -0.0219044781  
2811.70675      3749.471        1.77215602e-10  -0.0210181038  
2811.70675      3749.471        3.15138857e-10  -0.0203425799  
2811.70675      3749.471        5.6040494e-10   -0.0191720121  
2811.70675      3749.471        9.96556566e-10  -0.0171862889  
2811.70675      3749.471        1.77215602e-09  -0.013951652   
2811.70675      3749.471        3.15138857e-09  -0.00910174973 
2811.70675      3749.471        5.6040494e-09   -0.00314698313 
2811.70675      3749.471        9.96556566e-09  -0.000110076468
2811.70675      3749.471        1.77215602e-08  -0.0146545744  
2811.70675      3749.471        3.15138857e-08  -0.0883728657  
2811.70675      3749.471        5.6040494e-08   -0.321510256   
2811.70675      3749.471        9.96556566e-08  -0.928526318   
2811.70675      3749.471        1.77215602e-07  -2.33448749    
2811.70675      3749.471        3.15138857e-07  -5.34856554    
2811.70675      3749.471        5.6040494e-07   -11.4790306    
2811.70675      3749.471        9.96556566e-07  -23.5004414    
2811.70675      3749.471        1.77215602e-06  -46.4714702    
2811.70675      3749.471        3.15138857e-06  -89.5584387    
2811.70675      3749.471        5.6040494e-06   -169.297818    
2811.70675      3749.471        9.96556566e-06  -315.423032    
2811.70675      3749.471        1.77215602e-05  -581.238442    
2811.70675      3749.471        3.15138857e-05  -1062.03979    
2811.70675      3749.471        5.6040494e-05   -1927.8004     
2811.70675      3749.471        9.96556566e-05  -3481.2168     
3749.471        5000            0               4.53837856e-10 
3749.471        5000            1.77215602e-10  -0.00279335041 
3749.471        5000            3.15138856e-10  -0.0049691573  
3749.471        5000            5.60404939e-10  -0.00884222776 
3749.471        5000            9.96556565e-10  -0.0157418324  
3749.471        5000            1.77215602e-09  -0.0280495145  
3749.471        5000            3.15138856e-09  -0.0500551591  
3749.471        5000            5.60404939e-09  -0.0895541465  
3749.471        5000            9.96556565e-09  -0.160901408   
3749.471        5000            1.77215602e-08  -0.291008344   
3749.471        5000            3.15138856e-08  -0.531314963   
3749.471        5000            5.60404939e-08  -0.981447438   
3749.471        5000            9.96556565e-08  -1.83386273    
3749.471        5000            1.77215602e-07  -3.45282417    
3749.471        5000            3.15138856e-07  -6.50897808    
3749.471        5000            5.60404939e-07  -12.2130071    
3749.471        5000            9.96556565e-07  -22.7364742    
3749.471        5000            1.77215602e-06  -41.9765223    
3749.471        5000            3.15138856e-06  -76.9277971    
3749.471        5000            5.60404939e-06  -140.117014    
3749.471        5000            9.96556565e-06  -253.921324    
3749.471        5000            1.77215602e-05  -458.257175    
3749.471        5000            3.15138856e-05  -824.287312    
3749.471        5000            5.60404939e-05  -1478.8294     
3749.471        5000            9.96556565e-05  -2647.77051    
5000            6667.607        0               -1.54675531    
5000            6667.607        1.77215602e-10  -1.52955191    
5000            6667.607        3.15138857e-10  -1.51639518    
5000            6667.607        5.6040494e-10   -1.49348251    
5000            6667.607        9.96556566e-10  -1.45418675    
5000            6667.607        1.77215602e-09  -1.38848934    
5000            6667.607        3.15138857e-09  -1.28301711    
5000            6667.607        5.6040494e-09   -1.12364778    
5000            6667.607        9.96556566e-09  -0.902213449   
5000            6667.607        1.77215602e-08  -0.626288545   
5000            6667.607        3.15138857e-08  -0.32887878    
5000            6667.607        5.6040494e-08   -0.0797273973  
5000            6667.607        9.96556566e-08  -0.0104246404  
5000            6667.607        1.77215602e-07  -0.371535779   
5000            6667.607        3.15138857e-07  -1.63999515    
5000            6667.607        5.6040494e-07   -4.70165297    
5000            6667.607        9.96556566e-07  -11.1658447    
5000            6667.607        1.77215602e-06  -23.9306745    
5000            6667.607        3.15138857e-06  -48.2032571    
5000            6667.607        5.6040494e-06   -93.3194557    
5000            6667.607        9.96556566e-06  -175.979317    
5000            6667.607        1.77215602e-05  -326.006465    
5000            6667.607        3.15138857e-05  -596.592715    
5000            6667.607        5.6040494e-05   -1082.50221    
5000            6667.607        9.96556566e-05  -1952.4266     
6667.607        8891.397        0               8.12966384e-05 
6667.607        8891.397        1.77215602e-10  -0.0024950159  
6667.607        8891.397        3.15138856e-10  -0.004500109   
6667.607        8891.397        5.6040494e-10   -0.00806572932 
6667.607        8891.397        9.96556565e-10  -0.0144064129  
6667.607        8891.397        1.77215602e-09  -0.0256819653  
6667.607        8891.397        3.15138856e-09  -0.0457331915  
6667.607        8891.397        5.6040494e-09   -0.0813903277  
6667.607        8891.397        9.96556565e-09  -0.144800111   
6667.607        8891.397        1.77215602e-08  -0.257564945   
6667.607        8891.397        3.15138856e-08  -0.458106576   
6667.607        8891.397        5.6040494e-08   -0.814770406   
6667.607        8891.397        9.96556565e-08  -1.44915842    
6667.607        8891.397        1.77215602e-07  -2.57771206    
6667.607        8891.397        3.15138856e-07  -4.58592445    
6667.607        8891.397        5.6040494e-07   -8.16105258    
6667.607        8891.397        9.96556565e-07  -14.5300014    
6667.607        8891.397        1.77215602e-06  -25.8864267    
6667.607        8891.397        3.15138856e-06  -46.1569327    
6667.607        8891.397        5.6040494e-06   -82.369921     
6667.607        8891.397        9.96556565e-06  -147.088807    
6667.607        8891.397        1.77215602e-05  -262.728044    
6667.607        8891.397        3.15138856e-05  -469.215714    
6667.607        8891.397        5.6040494e-05   -837.613801    
6667.607        8891.397        9.96556565e-05  -1494.34163    
8891.397        11856.869       0               -2.29831225    
8891.397        11856.869       1.77215602e-10  -2.28869846    
8891.397        11856.869       3.15138856e-10  -2.28126761    
8891.397        11856.869       5.60404939e-10  -2.26816271    
8891.397        11856.869       9.96556565e-10  -2.24519595    
8891.397        11856.869       1.77215602e-09  -2.2053787     
8891.397        11856.869       3.15138856e-09  -2.1375906     
8891.397        11856.869       5.60404939e-09  -2.02552666    
8891.397        11856.869       9.96556565e-09  -1.84842374    
8891.397        11856.869       1.77215602e-08  -1.58593626    
8891.397        11856.869       3.15138856e-08  -1.22878234    
8891.397        11856.869       5.60404939e-08  -0.794483066   
8891.397        11856.869       9.96556565e-08  -0.348091509   
8891.397        11856.869       1.77215602e-07  -0.0334738677  
8891.397        11856.869       3.15138856e-07  -0.127647816   
8891.397        11856.869       5.60404939e-07  -1.1388445     
8891.397        11856.869       9.96556565e-07  -3.98273798    
8891.397        11856.869       1.77215602e-06  -10.2979517    
8891.397        11856.869       3.15138856e-06  -23.0133623    
8891.397        11856.869       5.60404939e-06  -47.3690962    
8891.397        11856.869       9.96556565e-06  -92.7400717    
8891.397        11856.869       1.77215602e-05  -175.86807     
8891.397        11856.869       3.15138856e-05  -326.588138    
8891.397        11856.869       5.60404939e-05  -598.005541    
8891.397        11856.869       9.96556565e-05  -1084.6078     
11856.869       15811.388       0               2.31352715e-10 
11856.869       15811.388       1.77215602e-10  -0.00142388682 
11856.869       15811.388       3.15138857e-10  -0.00253207154 
11856.869       15811.388       5.6040494e-10   -0.00450273958 
11856.869       15811.388       9.96556566e-10  -0.00800715681 
11856.869       15811.388       1.77215602e-09  -0.0142390494  
11856.869       15811.388       3.15138857e-09  -0.0253212837  
11856.869       15811.388       5.6040494e-09   -0.0450291874  
11856.869       15811.388       9.96556566e-09  -0.0800772228  
11856.869       15811.388       1.77215602e-08  -0.142408336   
11856.869       15811.388       3.15138857e-08  -0.253269056   
11856.869       15811.388       5.6040494e-08   -0.450468549   
11856.869       15811.388       9.96556566e-08  -0.80132484    
11856.869       15811.388       1.77215602e-07  -1.42579773    
11856.869       15811.388       3.15138857e-07  -2.53793542    
11856.869       15811.388       5.6040494e-07   -4.52036604    
11856.869       15811.388       9.96556566e-07  -8.05846227    
11856.869       15811.388       1.77215602e-06  -14.3816192    
11856.869       15811.388       3.15138857e-06  -25.6943782    
11856.869       15811.388       5.6040494e-06   -45.9409535    
11856.869       15811.388       9.96556566e-06  -82.1583482    
11856.869       15811.388       1.77215602e-05  -146.880651    
11856.869       15811.388       3.15138857e-05  -262.424837    
11856.869       15811.388       5.6040494e-05   -468.526312    
11856.869       15811.388       9.96556566e-05  -835.917498    
15811.388       21084.826       0               1.62515335e-10 
15811.388       21084.826       1.77215602e-10  -0.00100084386 
15811.388       21084.826       3.15138856e-10  -0.00177978599 
15811.388       21084.826       5.60404939e-10  -0.00316497538 
15811.388       21084.826       9.96556565e-10  -0.00562826908 
15811.388       21084.826       1.77215602e-09  -0.0100088198  
15811.388       21084.826       3.15138856e-09  -0.0177990616  
15811.388       21084.826       5.60404939e-09  -0.0316535476  
15811.388       21084.826       9.96556565e-09  -0.056294667   
15811.388       21084.826       1.77215602e-08  -0.100125968   
15811.388       21084.826       3.15138856e-08  -0.178109504   
15811.388       21084.826       5.60404939e-08  -0.31690838    
15811.388       21084.826       9.96556565e-08  -0.56410916    
15811.388       21084.826       1.77215602e-07  -1.00484557    
15811.388       21084.826       3.15138856e-07  -1.79196258    
15811.388       21084.826       5.60404939e-07  -3.20109688    
15811.388       21084.826       9.96556565e-07  -5.73142804    
15811.388       21084.826       1.77215602e-06  -10.2885767    
15811.388       21084.826       3.15138856e-06  -18.5115526    
15811.388       21084.826       5.60404939e-06  -33.3497959    
15811.388       21084.826       9.96556565e-06  -60.079819     
15811.388       21084.826       1.77215602e-05  -108.105769    
15811.388       21084.826       3.15138856e-05  -194.163779    
15811.388       21084.826       5.60404939e-05  -348.034448    
15811.388       21084.826       9.96556565e-05  -622.718696    
21084.826       28117.066       0               1.38243195e-10 
21084.826       28117.066       1.77215602e-10  -0.000851031935
21084.826       28117.066       3.15138857e-10  -0.00151337268 
21084.826       28117.066       5.60404941e-10  -0.00269119958 
21084.826       28117.066       9.96556567e-10  -0.00478570491 
21084.826       28117.066       1.77215602e-09  -0.00851032063 
21084.826       28117.066       3.15138857e-09  -0.0151337281  
21084.826       28117.066       5.60404941e-09  -0.0269119974  
21084.826       28117.066       9.96556567e-09  -0.0478570515  
21084.826       28117.066       1.77215602e-08  -0.0851032113  
21084.826       28117.066       3.15138857e-08  -0.151337294   
21084.826       28117.066       5.60404941e-08  -0.269120013   
21084.826       28117.066       9.96556567e-08  -0.478570637   
21084.826       28117.066       1.77215602e-07  -0.851032495   
21084.826       28117.066       3.15138857e-07  -1.51337415    
21084.826       28117.066       5.60404941e-07  -2.69120394    
21084.826       28117.066       9.96556567e-07  -4.78571838    
21084.826       28117.066       1.77215602e-06  -8.51036286    
21084.826       28117.066       3.15138857e-06  -15.133861     
21084.826       28117.066       5.60404941e-06  -26.912415     
21084.826       28117.066       9.96556567e-06  -47.8583598    
21084.826       28117.066       1.77215602e-05  -85.107282     
21084.826       28117.066       3.15138857e-05  -151.349815    
21084.826       28117.066       5.60404941e-05  -269.157806    
21084.826       28117.066       9.96556567e-05  -478.681437    
28117.066       37494.712       0               9.85380666e-11 
28117.066       37494.712       1.77215602e-10  -0.000607244682
28117.066       37494.712       3.15138856e-10  -0.00107985189 
28117.066       37494.712       5.60404939e-10  -0.00192028191 
28117.066       37494.712       9.96556565e-10  -0.00341480881 
28117.066       37494.712       1.77215602e-09  -0.00607251887 
28117.066       37494.712       3.15138856e-09  -0.0107987448  
28117.066       37494.712       5.60404939e-09  -0.0192035313  
28117.066       37494.712       9.96556565e-09  -0.0341503365  
28117.066       37494.712       1.77215602e-08  -0.0607322879  
28117.066       37494.712       3.15138856e-08  -0.108009844   
28117.066       37494.712       5.60404939e-08  -0.192105853   
28117.066       37494.712       9.96556565e-08  -0.341724862   
28117.066       37494.712       1.77215602e-07  -0.608014655   
28117.066       37494.712       3.15138856e-07  -1.08223902    
28117.066       37494.712       5.60404939e-07  -1.92757887    
28117.066       37494.712       9.96556565e-07  -3.43660516    
28117.066       37494.712       1.77215602e-06  -6.1353554     
28117.066       37494.712       3.15138856e-06  -10.9710254    
28117.066       37494.712       5.60404939e-06  -19.6467467    
28117.066       37494.712       9.96556565e-06  -35.2123305    
28117.066       37494.712       1.77215602e-05  -63.105332     
28117.066       37494.712       3.15138856e-05  -112.997253    
28117.066       37494.712       5.60404939e-05  -202.082875    
28117.066       37494.712       9.96556565e-05  -360.943183    
37494.712       50000           0               7.82165444e-11 
37494.712       50000           1.77215602e-10  -0.000481612953
37494.712       50000           3.15138857e-10  -0.000856442464
37494.712       50000           5.60404941e-10  -0.00152299407 
37494.712       50000           9.96556567e-10  -0.0027083091  
37494.712       50000           1.77215602e-09  -0.0048161305  
37494.712       50000           3.15138857e-09  -0.00856442617 
37494.712       50000           5.60404941e-09  -0.0152299441  
37494.712       50000           9.96556567e-09  -0.0270831     
37494.712       50000           1.77215602e-08  -0.0481613319  
37494.712       50000           3.15138857e-08  -0.0856443453  
37494.712       50000           5.60404941e-08  -0.152299703   
37494.712       50000           9.96556567e-08  -0.270831829   
37494.712       50000           1.77215602e-07  -0.481615938   
37494.712       50000           3.15138857e-07  -0.856451723   
37494.712       50000           5.60404941e-07  -1.52302313    
37494.712       50000           9.96556567e-07  -2.70840055    
37494.712       50000           1.77215602e-06  -4.81641795    
37494.712       50000           3.15138857e-06  -8.56532634    
37494.712       50000           5.60404941e-06  -15.2327433    
37494.712       50000           9.96556567e-06  -27.0917002    
37494.712       50000           1.77215602e-05  -48.1872353    
37494.712       50000           3.15138857e-05  -85.719991     
37494.712       50000           5.60404941e-05  -152.510987    
37494.712       50000           9.96556567e-05  -271.388674    
50000           66676.072       0               5.80229198e-11 
50000           66676.072       1.77215602e-10  -0.000357311635
50000           66676.072       3.15138856e-10  -0.000635399968
50000           66676.072       5.60404939e-10  -0.00112991873 
50000           66676.072       9.96556564e-10  -0.00200931125 
50000           66676.072       1.77215602e-09  -0.00357311687 
50000           66676.072       3.15138856e-09  -0.00635400021 
50000           66676.072       5.60404939e-09  -0.0112991878  
50000           66676.072       9.96556564e-09  -0.0200931131  
50000           66676.072       1.77215602e-08  -0.0357311693  
50000           66676.072       3.15138856e-08  -0.0635400029  
50000           66676.072       5.60404939e-08  -0.112991879   
50000           66676.072       9.96556564e-08  -0.200931134   
50000           66676.072       1.77215602e-07  -0.357311704   
50000           66676.072       3.15138856e-07  -0.635400063   
50000           66676.072       5.60404939e-07  -1.1299189     
50000           66676.072       9.96556564e-07  -2.00931168    
50000           66676.072       1.77215602e-06  -3.5731181     
50000           66676.072       3.15138856e-06  -6.35400398    
50000           66676.072       5.60404939e-06  -11.2991996    
50000           66676.072       9.96556564e-06  -20.0931502    
50000           66676.072       1.77215602e-05  -35.7312862    
50000           66676.072       3.15138856e-05  -63.5403704    
50000           66676.072       5.60404939e-05  -112.99303     
50000           66676.072       9.96556564e-05  -200.934715    
66676.072       88913.968       0               1.42179601e-11 
66676.072       88913.968       1.77215602e-10  -8.753212e-05  
66676.072       88913.968       3.15138857e-10  -0.000155677602
66676.072       88913.968       5.6040494e-10   -0.000276904753
66676.072       88913.968       9.96556567e-10  -0.000492624129
66676.072       88913.968       1.77215602e-09  -0.000876687211
66676.072       88913.968       3.15138857e-09  -0.00156109116 
66676.072       88913.968       5.6040494e-09   -0.00278266889 
66676.072       88913.968       9.96556567e-09  -0.00496918102 
66676.072       88913.968       1.77215602e-08  -0.0089019095  
66676.072       88913.968       3.15138857e-08  -0.0160337871  
66676.072       88913.968       5.6040494e-08   -0.0291412379  
66676.072       88913.968       9.96556567e-08  -0.0537271094  
66676.072       88913.968       1.77215602e-07  -0.101149518   
66676.072       88913.968       3.15138857e-07  -0.195605196   
66676.072       88913.968       5.6040494e-07   -0.388955112   
66676.072       88913.968       9.96556567e-07  -0.789217036   
66676.072       88913.968       1.77215602e-06  -1.60932385    
66676.072       88913.968       3.15138857e-06  -3.2454009     
66676.072       88913.968       5.6040494e-06   -6.4066361     
66676.072       88913.968       9.96556567e-06  -12.3450559    
66676.072       88913.968       1.77215602e-05  -23.2709443    
66676.072       88913.968       3.15138857e-05  -43.0988969    
66676.072       88913.968       5.6040494e-05   -78.7781018    
66676.072       88913.968       9.96556567e-05  -142.658582    
88913.968       118568.688      0               2.2023397e-06  
88913.968       118568.688      1.77215602e-10  -0.000185699438
88913.968       118568.688      3.15138856e-10  -0.000331939526
88913.968       118568.688      5.60404939e-10  -0.000591995273
88913.968       118568.688      9.96556564e-10  -0.00105444708 
88913.968       118568.688      1.77215602e-09  -0.00187681569 
88913.968       118568.688      3.15138856e-09  -0.00333921712 
88913.968       118568.688      5.60404939e-09  -0.00593977633 
88913.968       118568.688      9.96556564e-09  -0.0105642999  
88913.968       118568.688      1.77215602e-08  -0.0187880033  
88913.968       118568.688      3.15138856e-08  -0.0334120726  
88913.968       118568.688      5.60404939e-08  -0.0594178382  
88913.968       118568.688      9.96556564e-08  -0.105663622   
88913.968       118568.688      1.77215602e-07  -0.18790239    
88913.968       118568.688      3.15138856e-07  -0.334148555   
88913.968       118568.688      5.60404939e-07  -0.594223471   
88913.968       118568.688      9.96556564e-07  -1.05673563    
88913.968       118568.688      1.77215602e-06  -1.87929367    
88913.968       118568.688      3.15138856e-06  -3.3422862     
88913.968       118568.688      5.60404939e-06  -5.94467175    
88913.968       118568.688      9.96556564e-06  -10.5747453    
88913.968       118568.688      1.77215602e-05  -18.8148674    
88913.968       118568.688      3.15138856e-05  -33.4855662    
88913.968       118568.688      5.60404939e-05  -59.6164749    
88913.968       118568.688      9.96556564e-05  -106.175579    
118568.688      158113.888      0               2.23971952e-11 
118568.688      158113.888      1.77215602e-10  -0.000137900789
118568.688      158113.888      3.15138857e-10  -0.000245226151
118568.688      158113.888      5.6040494e-10   -0.000436080632
118568.688      158113.888      9.96556566e-10  -0.000775473227
118568.688      158113.888      1.77215602e-09  -0.00137900809 
118568.688      158113.888      3.15138857e-09  -0.00245226171 
118568.688      158113.888      5.6040494e-09   -0.00436080653 
118568.688      158113.888      9.96556566e-09  -0.00775473247 
118568.688      158113.888      1.77215602e-08  -0.0137900811  
118568.688      158113.888      3.15138857e-08  -0.0245226173  
118568.688      158113.888      5.6040494e-08   -0.0436080655  
118568.688      158113.888      9.96556566e-08  -0.0775473249  
118568.688      158113.888      1.77215602e-07  -0.137900811   
118568.688      158113.888      3.15138857e-07  -0.245226173   
118568.688      158113.888      5.6040494e-07   -0.436080655   
118568.688      158113.888      9.96556566e-07  -0.775473249   
118568.688      158113.888      1.77215602e-06  -1.37900811    
118568.688      158113.888      3.15138857e-06  -2.45226173    
118568.688      158113.888      5.6040494e-06   -4.36080655    
118568.688      158113.888      9.96556566e-06  -7.75473249    
118568.688      158113.888      1.77215602e-05  -13.7900811    
118568.688      158113.888      3.15138857e-05  -24.5226173    
118568.688      158113.888      5.6040494e-05   -43.6080655    
118568.688      158113.888      9.96556566e-05  -77.5473249    
158113.888      210848.256      0               8.85255815e-08 
158113.888      210848.256      1.77215602e-10  -9.80832373e-05
158113.888      210848.256      3.15138857e-10  -0.000174488299
158113.888      210848.256      5.6040494e-10   -0.000310357848
158113.888      210848.256      9.96556566e-10  -0.000551971869
158113.888      210848.256      1.77215602e-09  -0.000981629112
158113.888      210848.256      3.15138857e-09  -0.00174567975 
158113.888      210848.256      5.6040494e-09   -0.00310437529 
158113.888      210848.256      9.96556566e-09  -0.00552051569 
158113.888      210848.256      1.77215602e-08  -0.00981708869 
158113.888      210848.256      3.15138857e-08  -0.0174575969  
158113.888      210848.256      5.6040494e-08   -0.031044558   
158113.888      210848.256      9.96556566e-08  -0.0552059801  
158113.888      210848.256      1.77215602e-07  -0.0981717672  
158113.888      210848.256      3.15138857e-07  -0.17457703    
158113.888      210848.256      5.6040494e-07   -0.310447213   
158113.888      210848.256      9.96556566e-07  -0.552063239   
158113.888      210848.256      1.77215602e-06  -0.981726813   
158113.888      210848.256      3.15138857e-06  -1.74579742    
158113.888      210848.256      5.6040494e-06   -3.10455584    
158113.888      210848.256      9.96556566e-06  -5.52089353    
158113.888      210848.256      1.77215602e-05  -9.81808197    
158113.888      210848.256      3.15138857e-05  -17.4604906    
158113.888      210848.256      5.6040494e-05   -31.0532215    
158113.888      210848.256      9.96556566e-05  -55.2316861    
210848.256      281170.656      0               1.14172005e-11 
210848.256      281170.656      1.77215602e-10  -7.02967961e-05
210848.256      281170.656      3.15138857e-10  -0.000125007354
210848.256      281170.656      5.60404941e-10  -0.000222298013
210848.256      281170.656      9.96556567e-10  -0.000395307988
210848.256      281170.656      1.77215602e-09  -0.000702968064
210848.256      281170.656      3.15138857e-09  -0.00125007364 
210848.256      281170.656      5.60404941e-09  -0.00222298023 
210848.256      281170.656      9.96556567e-09  -0.00395307998 
210848.256      281170.656      1.77215602e-08  -0.00702968074 
210848.256      281170.656      3.15138857e-08  -0.0125007365  
210848.256      281170.656      5.60404941e-08  -0.0222298024  
210848.256      281170.656      9.96556567e-08  -0.0395307999  
210848.256      281170.656      1.77215602e-07  -0.0702968075  
210848.256      281170.656      3.15138857e-07  -0.125007365   
210848.256      281170.656      5.60404941e-07  -0.222298024   
210848.256      281170.656      9.96556567e-07  -0.395307999   
210848.256      281170.656      1.77215602e-06  -0.702968076   
210848.256      281170.656      3.15138857e-06  -1.25007365    
210848.256      281170.656      5.60404941e-06  -2.22298024    
210848.256      281170.656      9.96556567e-06  -3.95307999    
210848.256      281170.656      1.77215602e-05  -7.02968076    
210848.256      281170.656      3.15138857e-05  -12.5007365    
210848.256      281170.656      5.60404941e-05  -22.2298024    
210848.256      281170.656      9.96556567e-05  -39.5307999    
281170.656      374947.104      0               8.03335176e-12 
281170.656      374947.104      1.77215602e-10  -4.94621366e-05
281170.656      374947.104      3.15138856e-10  -8.79575053e-05
281170.656      374947.104      5.60404939e-10  -0.000156413027
281170.656      374947.104      9.96556564e-10  -0.000278146071
281170.656      374947.104      1.77215602e-09  -0.000494621438
281170.656      374947.104      3.15138856e-09  -0.000879575125
281170.656      374947.104      5.60404939e-09  -0.00156413034 
281170.656      374947.104      9.96556564e-09  -0.00278146079 
281170.656      374947.104      1.77215602e-08  -0.00494621445 
281170.656      374947.104      3.15138856e-08  -0.00879575132 
281170.656      374947.104      5.60404939e-08  -0.0156413035  
281170.656      374947.104      9.96556564e-08  -0.0278146079  
281170.656      374947.104      1.77215602e-07  -0.0494621446  
281170.656      374947.104      3.15138856e-07  -0.0879575133  
281170.656      374947.104      5.60404939e-07  -0.156413035   
281170.656      374947.104      9.96556564e-07  -0.278146079   
281170.656      374947.104      1.77215602e-06  -0.494621446   
281170.656      374947.104      3.15138856e-06  -0.879575133   
281170.656      374947.104      5.60404939e-06  -1.56413035    
281170.656      374947.104      9.96556564e-06  -2.78146079    
281170.656      374947.104      1.77215602e-05  -4.94621446    
281170.656      374947.104      3.15138856e-05  -8.79575133    
281170.656      374947.104      5.60404939e-05  -15.6413035    
281170.656      374947.104      9.96556564e-05  -27.8146079    
374947.104      500000          0               5.5440097e-12  
374947.104      500000          1.77215602e-10  -3.41330571e-05
374947.104      500000          3.15138857e-10  -6.06981169e-05
374947.104      500000          5.6040494e-10   -0.000107938216
374947.104      500000          9.96556566e-10  -0.000191944311
374947.104      500000          1.77215602e-09  -0.000341330621
374947.104      500000          3.15138857e-09  -0.000606981221
374947.104      500000          5.6040494e-09   -0.00107938222 
374947.104      500000          9.96556566e-09  -0.00191944319 
374947.104      500000          1.77215602e-08  -0.00341330635 
374947.104      500000          3.15138857e-08  -0.00606981253 
374947.104      500000          5.6040494e-08   -0.010793823   
374947.104      500000          9.96556566e-08  -0.0191944346  
374947.104      500000          1.77215602e-07  -0.0341330718  
374947.104      500000          3.15138857e-07  -0.0606981516  
374947.104      500000          5.6040494e-07   -0.107938314   
374947.104      500000          9.96556566e-07  -0.191944608   
374947.104      500000          1.77215602e-06  -0.341331549   
374947.104      500000          3.15138857e-06  -0.60698414    
374947.104      500000          5.6040494e-06   -1.07939142    
374947.104      500000          9.96556566e-06  -1.91947222    
374947.104      500000          1.77215602e-05  -3.41339778    
374947.104      500000          3.15138857e-05  -6.07009966    
374947.104      500000          5.6040494e-05   -10.79472      
374947.104      500000          9.96556566e-05  -19.1972113    
