# su num          ds-4.00-pre3                                      
 0.91202341E+26 0.11892604E+26
 0.91079651E+26 0.11837836E+26
 0.90958144E+26 0.11783311E+26
 0.90836927E+26 0.11729038E+26
 0.90716031E+26 0.11675004E+26
 0.90596291E+26 0.11621228E+26
 0.90476573E+26 0.11567683E+26
 0.90357966E+26 0.11514347E+26
 0.90239641E+26 0.11461267E+26
 0.90121688E+26 0.11408417E+26
 0.90004821E+26 0.11355810E+26
 0.89888208E+26 0.11303434E+26
 0.89772234E+26 0.11251281E+26
 0.89656804E+26 0.11199390E+26
 0.89541682E+26 0.11147712E+26
 0.89427504E+26 0.11096285E+26
 0.89313830E+26 0.11045024E+26
 0.89200703E+26 0.10994052E+26
 0.89088072E+26 0.10943297E+26
 0.88975960E+26 0.10892761E+26
 0.88864427E+26 0.10842453E+26
 0.88753504E+26 0.10792380E+26
 0.88643055E+26 0.10742504E+26
 0.88532910E+26 0.10692867E+26
 0.88423774E+26 0.10643431E+26
 0.88315002E+26 0.10594252E+26
 0.88206709E+26 0.10545258E+26
 0.88098924E+26 0.10496498E+26
 0.87991789E+26 0.10447972E+26
 0.87885100E+26 0.10399646E+26
 0.87778918E+26 0.10351523E+26
 0.87673301E+26 0.10303630E+26
 0.87567940E+26 0.10255961E+26
 0.87463610E+26 0.10208482E+26
 0.87359560E+26 0.10161240E+26
 0.87255993E+26 0.10114181E+26
 0.87152955E+26 0.10067352E+26
 0.87050457E+26 0.10020756E+26
 0.86948428E+26 0.99743222E+25
 0.86846908E+26 0.99281139E+25
 0.86745907E+26 0.98821131E+25
 0.86645398E+26 0.98363146E+25
 0.86545376E+26 0.97907066E+25
 0.86445643E+26 0.97453410E+25
 0.86346861E+26 0.97001471E+25
 0.86248334E+26 0.96551474E+25
 0.86150283E+26 0.96103508E+25
 0.86052526E+26 0.95657855E+25
 0.85955733E+26 0.95214289E+25
 0.85859144E+26 0.94772386E+25
 0.85763043E+26 0.94332390E+25
 0.85667463E+26 0.93894768E+25
 0.85572307E+26 0.93458816E+25
 0.85477665E+26 0.93024827E+25
 0.85383253E+26 0.92592949E+25
 0.85289483E+26 0.92162717E+25
 0.85196465E+26 0.91734555E+25
 0.85103714E+26 0.91308329E+25
 0.85011386E+26 0.90884022E+25
 0.84919508E+26 0.90461588E+25
 0.84828127E+26 0.90041062E+25
 0.84736949E+26 0.89622405E+25
 0.84646465E+26 0.89205638E+25
 0.84556409E+26 0.88790606E+25
 0.84466826E+26 0.88377551E+25
 0.84377695E+26 0.87966505E+25
 0.84289235E+26 0.87557035E+25
 0.84200994E+26 0.87149651E+25
 0.84113162E+26 0.86743913E+25
 0.84025547E+26 0.86339999E+25
 0.83938664E+26 0.85937980E+25
 0.83852371E+26 0.85537859E+25
 0.83766356E+26 0.85139849E+25
 0.83680413E+26 0.84742856E+25
 0.83595459E+26 0.84347851E+25
 0.83510671E+26 0.83954675E+25
 0.83426098E+26 0.83563401E+25
 0.83342353E+26 0.83173700E+25
 0.83258826E+26 0.82785879E+25
 0.83175785E+26 0.82399911E+25
 0.83093105E+26 0.82015756E+25
 0.83010833E+26 0.81633059E+25
 0.82928935E+26 0.81251881E+25
 0.82847490E+26 0.80872687E+25
 0.82766432E+26 0.80495199E+25
 0.82685812E+26 0.80119723E+25
 0.82605561E+26 0.79745458E+25
 0.82525685E+26 0.79372899E+25
 0.82445951E+26 0.79002143E+25
 0.82367223E+26 0.78633185E+25
 0.82288365E+26 0.78265783E+25
 0.82210292E+26 0.77899878E+25
 0.82132204E+26 0.77535872E+25
 0.82054942E+26 0.77173385E+25
 0.81977843E+26 0.76812533E+25
 0.81900907E+26 0.76453313E+25
 0.81824743E+26 0.76095555E+25
 0.81748604E+26 0.75739801E+25
 0.81673214E+26 0.75385248E+25
 0.81598019E+26 0.75032576E+25
 0.81523183E+26 0.74681215E+25
 0.81448404E+26 0.74331469E+25
 0.81374608E+26 0.73983500E+25
 0.81300834E+26 0.73636989E+25
 0.81227492E+26 0.73292047E+25
 0.81154258E+26 0.72948556E+25
 0.81081813E+26 0.72606720E+25
 0.81009272E+26 0.72266409E+25
 0.80937596E+26 0.71927767E+25
 0.80865775E+26 0.71590541E+25
 0.80794790E+26 0.71254830E+25
 0.80723918E+26 0.70920639E+25
 0.80653365E+26 0.70588002E+25
 0.80583181E+26 0.70256732E+25
 0.80513235E+26 0.69927020E+25
 0.80443580E+26 0.69598812E+25
 0.80374614E+26 0.69272081E+25
 0.80305812E+26 0.68946818E+25
 0.80237328E+26 0.68623027E+25
 0.80169146E+26 0.68300580E+25
 0.80101310E+26 0.67979704E+25
 0.80033803E+26 0.67660375E+25
 0.79966628E+26 0.67342395E+25
 0.79899760E+26 0.67025837E+25
 0.79833255E+26 0.66710740E+25
 0.79767011E+26 0.66396995E+25
 0.79701126E+26 0.66084711E+25
 0.79635503E+26 0.65773811E+25
 0.79570283E+26 0.65464332E+25
 0.79505324E+26 0.65156259E+25
 0.79440486E+26 0.64849548E+25
 0.79376370E+26 0.64544380E+25
 0.79312162E+26 0.64240448E+25
 0.79248379E+26 0.63937757E+25
 0.79185201E+26 0.63636451E+25
 0.79122013E+26 0.63336719E+25
 0.79059246E+26 0.63038139E+25
 0.78996733E+26 0.62740998E+25
 0.78934469E+26 0.62445207E+25
 0.78872570E+26 0.62150872E+25
 0.78810656E+26 0.61857749E+25
 0.78749573E+26 0.61565927E+25
 0.78688274E+26 0.61275362E+25
 0.78627675E+26 0.60986201E+25
 0.78566979E+26 0.60698333E+25
 0.78506950E+26 0.60411764E+25
 0.78446793E+26 0.60126507E+25
 0.78387335E+26 0.59842537E+25
 0.78327946E+26 0.59559859E+25
 0.78268588E+26 0.59278541E+25
 0.78209975E+26 0.58998368E+25
 0.78151373E+26 0.58719494E+25
 0.78093102E+26 0.58441914E+25
 0.78035026E+26 0.58165448E+25
 0.77977223E+26 0.57890497E+25
 0.77919713E+26 0.57616619E+25
 0.77862440E+26 0.57343944E+25
 0.77805197E+26 0.57072509E+25
 0.77748684E+26 0.56802367E+25
 0.77692174E+26 0.56533333E+25
 0.77635722E+26 0.56265773E+25
 0.77579937E+26 0.55999179E+25
 0.77523968E+26 0.55733903E+25
 0.77468661E+26 0.55469756E+25
 0.77413380E+26 0.55206838E+25
 0.77358199E+26 0.54945129E+25
 0.77303375E+26 0.54684623E+25
 0.77249020E+26 0.54425146E+25
 0.77194716E+26 0.54167026E+25
 0.77140657E+26 0.53910016E+25
 0.77086619E+26 0.53654105E+25
 0.77033235E+26 0.53399404E+25
 0.76979832E+26 0.53145939E+25
 0.76926479E+26 0.52893544E+25
 0.76873534E+26 0.52642214E+25
 0.76820832E+26 0.52392104E+25
 0.76768598E+26 0.52143117E+25
 0.76716319E+26 0.51895276E+25
 0.76664271E+26 0.51648556E+25
 0.76612445E+26 0.51402934E+25
 0.76560651E+26 0.51158537E+25
 0.76509424E+26 0.50915049E+25
 0.76458256E+26 0.50672789E+25
 0.76407222E+26 0.50431573E+25
 0.76356520E+26 0.50191498E+25
 0.76305926E+26 0.49952548E+25
 0.76255388E+26 0.49714637E+25
 0.76205177E+26 0.49477701E+25
 0.76155423E+26 0.49241926E+25
 0.76105639E+26 0.49007229E+25
 0.76055896E+26 0.48773660E+25
 0.76006509E+26 0.48541028E+25
 0.75957516E+26 0.48309610E+25
 0.75908399E+26 0.48079094E+25
 0.75859733E+26 0.47849642E+25
 0.75811135E+26 0.47621286E+25
 0.75762674E+26 0.47393921E+25
 0.75714408E+26 0.47167607E+25
 0.75666376E+26 0.46942224E+25
 0.75618473E+26 0.46717965E+25
 0.75570779E+26 0.46494702E+25
 0.75523250E+26 0.46272526E+25
 0.75475911E+26 0.46051394E+25
 0.75428605E+26 0.45830978E+25
 0.75381709E+26 0.45611833E+25
 0.75334832E+26 0.45393524E+25
 0.75288188E+26 0.45176324E+25
 0.75241656E+26 0.44960023E+25
 0.75195111E+26 0.44744871E+25
 0.75149193E+26 0.44530509E+25
 0.75103091E+26 0.44317174E+25
 0.75057030E+26 0.44104740E+25
 0.75011564E+26 0.43893406E+25
 0.74965966E+26 0.43682954E+25
 0.74920392E+26 0.43473420E+25
 0.74875306E+26 0.43264879E+25
 0.74830059E+26 0.43057297E+25
 0.74785095E+26 0.42850659E+25
 0.74740350E+26 0.42645027E+25
 0.74695875E+26 0.42440192E+25
 0.74651375E+26 0.42236352E+25
 0.74606922E+26 0.42033503E+25
 0.74562741E+26 0.41831590E+25
 0.74518526E+26 0.41630433E+25
 0.74416277E+26 0.41430268E+25
 0.74371969E+26 0.41231020E+25
 0.74328554E+26 0.41032680E+25
 0.74343482E+26 0.40835224E+25
 0.74300148E+26 0.40638682E+25
 0.74256915E+26 0.40443111E+25
 0.74213592E+26 0.40248249E+25
 0.74170779E+26 0.40054378E+25
 0.74127846E+26 0.39861313E+25
 0.74084890E+26 0.39669190E+25
 0.74042333E+26 0.39478072E+25
 0.73999845E+26 0.39287668E+25
 0.73957416E+26 0.39098049E+25
 0.73914878E+26 0.38909400E+25
 0.73872742E+26 0.38721662E+25
 0.73830799E+26 0.38534662E+25
 0.73788607E+26 0.38348671E+25
 0.73746906E+26 0.38163329E+25
 0.73705165E+26 0.37978973E+25
 0.73663348E+26 0.37795582E+25
 0.73621680E+26 0.37612624E+25
 0.73580508E+26 0.37430728E+25
 0.73538964E+26 0.37249655E+25
 0.73497735E+26 0.37069462E+25
 0.73456664E+26 0.36890036E+25
 0.73415686E+26 0.36711426E+25
 0.73374464E+26 0.36533567E+25
 0.73333847E+26 0.36356632E+25
 0.73293052E+26 0.36180500E+25
 0.73252201E+26 0.36005055E+25
 0.73211732E+26 0.35830422E+25
 0.73171158E+26 0.35656683E+25
 0.73130688E+26 0.35483631E+25
 0.73090365E+26 0.35311468E+25
 0.73049887E+26 0.35140105E+25
 0.73009900E+26 0.34969395E+25
 0.72969804E+26 0.34799516E+25
 0.72929760E+26 0.34630477E+25
 0.72889295E+26 0.34462150E+25
 0.72849715E+26 0.34294474E+25
 0.72810016E+26 0.34127739E+25
 0.72770093E+26 0.33961669E+25
 0.72730663E+26 0.33796387E+25
 0.72691057E+26 0.33631843E+25
 0.72651496E+26 0.33468010E+25
 0.72611815E+26 0.33304964E+25
 0.72572565E+26 0.33142671E+25
 0.72533018E+26 0.32981111E+25
 0.72493721E+26 0.32820394E+25
 0.72454470E+26 0.32660194E+25
 0.72415481E+26 0.32500913E+25
 0.72376193E+26 0.32342242E+25
 0.72337248E+26 0.32184276E+25
 0.72298043E+26 0.32027130E+25
 0.72259233E+26 0.31870649E+25
 0.72220314E+26 0.31714836E+25
 0.72181427E+26 0.31559827E+25
 0.72142594E+26 0.31405431E+25
 0.72103803E+26 0.31251777E+25
 0.72065027E+26 0.31098830E+25
 0.72026279E+26 0.30946713E+25
 0.71987662E+26 0.30795068E+25
 0.60363395E+26 0.30644156E+25
 0.32447334E+26 0.30494057E+25
 0.32481886E+26 0.30344478E+25
 0.45790487E+26 0.30195664E+25
 0.71794791E+26 0.30047521E+25
 0.71756341E+26 0.29900061E+25
 0.71717760E+26 0.29753355E+25
 0.71679263E+26 0.29607151E+25
 0.71641047E+26 0.29461697E+25
 0.71602603E+26 0.29316950E+25
 0.71564386E+26 0.29172771E+25
 0.71526079E+26 0.29029373E+25
 0.71487722E+26 0.28886519E+25
 0.71449298E+26 0.28744308E+25
 0.71411025E+26 0.28602783E+25
 0.71372984E+26 0.28461907E+25
 0.71334733E+26 0.28321710E+25
 0.71296526E+26 0.28182110E+25
 0.71258201E+26 0.28043152E+25
 0.71219967E+26 0.27904783E+25
 0.71181779E+26 0.27767128E+25
 0.71143483E+26 0.27630063E+25
 0.71105386E+26 0.27493618E+25
 0.71067159E+26 0.27357800E+25
 0.71028828E+26 0.27222598E+25
 0.70990816E+26 0.27088013E+25
 0.70952407E+26 0.26954075E+25
 0.70914086E+26 0.26820642E+25
 0.70876132E+26 0.26687927E+25
 0.70837707E+26 0.26555775E+25
 0.70799514E+26 0.26424233E+25
 0.70761001E+26 0.26293287E+25
 0.70723195E+26 0.26162944E+25
 0.70684930E+26 0.26033258E+25
 0.70646464E+26 0.25904053E+25
 0.70608304E+26 0.25775457E+25
 0.70569837E+26 0.25647434E+25
 0.70531627E+26 0.25520118E+25
 0.70493074E+26 0.25393217E+25
 0.70454712E+26 0.25266970E+25
 0.70416519E+26 0.25141304E+25
 0.70378087E+26 0.25016211E+25
 0.70339617E+26 0.24891735E+25
 0.70301097E+26 0.24767779E+25
 0.70262467E+26 0.24644353E+25
 0.70224033E+26 0.24521591E+25
 0.70185402E+26 0.24399301E+25
 0.70146624E+26 0.24277555E+25
 0.70108146E+26 0.24156406E+25
 0.70069422E+26 0.24035808E+25
 0.70030517E+26 0.23915761E+25
 0.69991673E+26 0.23796262E+25
 0.69953026E+26 0.23677378E+25
 0.69914075E+26 0.23558898E+25
 0.69875126E+26 0.23441025E+25
 0.69836326E+26 0.23323774E+25
 0.69797137E+26 0.23207003E+25
 0.69758194E+26 0.23090636E+25
 0.69718926E+26 0.22974902E+25
 0.69679897E+26 0.22859790E+25
 0.69640608E+26 0.22745116E+25
 0.69601353E+26 0.22630862E+25
 0.69562000E+26 0.22517306E+25
 0.69522625E+26 0.22404110E+25
 0.69483093E+26 0.22291603E+25
 0.69443478E+26 0.22179461E+25
 0.69403934E+26 0.22067853E+25
 0.69364156E+26 0.21956789E+25
 0.69324389E+26 0.21846234E+25
 0.69284722E+26 0.21736182E+25
 0.69244663E+26 0.21626636E+25
 0.69204623E+26 0.21517587E+25
 0.69164786E+26 0.21409131E+25
 0.69124536E+26 0.21300977E+25
 0.69084215E+26 0.21193416E+25
 0.69044214E+26 0.21086379E+25
 0.69003731E+26 0.20979764E+25
 0.68963375E+26 0.20873670E+25
 0.68922707E+26 0.20768089E+25
 0.68882271E+26 0.20662932E+25
 0.68841410E+26 0.20558316E+25
 0.68800762E+26 0.20454149E+25
 0.68759729E+26 0.20350422E+25
 0.68718739E+26 0.20247235E+25
 0.68677771E+26 0.20144455E+25
 0.68636544E+26 0.20042207E+25
 0.68595346E+26 0.19940397E+25
 0.68553988E+26 0.19839046E+25
 0.68512465E+26 0.19738166E+25
 0.68470846E+26 0.19637744E+25
 0.68429110E+26 0.19537842E+25
 0.68387371E+26 0.19438272E+25
 0.68345504E+26 0.19339194E+25
 0.68303261E+26 0.19240590E+25
 0.68261314E+26 0.19142446E+25
 0.68219118E+26 0.19044742E+25
 0.68176776E+26 0.18947517E+25
 0.68134111E+26 0.18850680E+25
 0.68091605E+26 0.18754313E+25
 0.68048821E+26 0.18658393E+25
 0.68005941E+26 0.18562901E+25
 0.67962920E+26 0.18467949E+25
 0.67919925E+26 0.18373237E+25
 0.67876778E+26 0.18279081E+25
 0.67833184E+26 0.18185397E+25
 0.67789910E+26 0.18092022E+25
 0.67746236E+26 0.17999081E+25
 0.67702250E+26 0.17906716E+25
 0.67658550E+26 0.17814589E+25
 0.67614540E+26 0.17722927E+25
 0.67570387E+26 0.17631719E+25
 0.67526044E+26 0.17540951E+25
 0.67481574E+26 0.17450580E+25
 0.67436976E+26 0.17360588E+25
 0.67392276E+26 0.17271062E+25
 0.67347318E+26 0.17181893E+25
 0.67302438E+26 0.17093158E+25
 0.67257093E+26 0.17004889E+25
 0.67211753E+26 0.16916908E+25
 0.67166240E+26 0.16829384E+25
 0.67120505E+26 0.16742282E+25
 0.67074806E+26 0.16655540E+25
 0.67028578E+26 0.16569218E+25
 0.66982651E+26 0.16483281E+25
 0.66936174E+26 0.16397743E+25
 0.66889577E+26 0.16312597E+25
 0.66843041E+26 0.16227893E+25
 0.66796160E+26 0.16143473E+25
 0.66749225E+26 0.16059491E+25
 0.66701966E+26 0.15975896E+25
 0.66654584E+26 0.15892697E+25
 0.66606790E+26 0.15809842E+25
 0.66559483E+26 0.15727388E+25
 0.66511584E+26 0.15645312E+25
 0.66463387E+26 0.15563612E+25
 0.66415183E+26 0.15482309E+25
 0.66366708E+26 0.15401393E+25
 0.66318076E+26 0.15320771E+25
 0.66269293E+26 0.15240532E+25
 0.66220367E+26 0.15160686E+25
 0.66170987E+26 0.15081203E+25
 0.66121636E+26 0.15002088E+25
 0.66072225E+26 0.14923334E+25
 0.66022478E+26 0.14844941E+25
 0.65972355E+26 0.14766907E+25
 0.65921950E+26 0.14689230E+25
 0.65871283E+26 0.14611994E+25
 0.65820950E+26 0.14534944E+25
 0.65769932E+26 0.14458355E+25
 0.65719230E+26 0.14382093E+25
 0.65668108E+26 0.14306182E+25
 0.65616588E+26 0.14230640E+25
 0.65564816E+26 0.14155408E+25
 0.65512906E+26 0.14080572E+25
 0.65460833E+26 0.14005980E+25
 0.65408564E+26 0.13931872E+25
 0.65355994E+26 0.13857947E+25
 0.65303261E+26 0.13784439E+25
 0.65249893E+26 0.13711271E+25
 0.65197078E+26 0.13638438E+25
 0.65143657E+26 0.13565939E+25
 0.65089957E+26 0.13493771E+25
 0.65036060E+26 0.13421937E+25
 0.64982114E+26 0.13350453E+25
 0.64927469E+26 0.13279279E+25
 0.64872711E+26 0.13208407E+25
 0.64818196E+26 0.13137883E+25
 0.64762961E+26 0.13067684E+25
 0.64707695E+26 0.12997806E+25
 0.64652102E+26 0.12928250E+25
 0.64596217E+26 0.12859014E+25
 0.64540112E+26 0.12790096E+25
 0.64483790E+26 0.12721496E+25
 0.64426875E+26 0.12653210E+25
 0.64370032E+26 0.12585239E+25
 0.64312943E+26 0.12517600E+25
 0.64256021E+26 0.12450233E+25
 0.64198165E+26 0.12383197E+25
 0.64140196E+26 0.12316468E+25
 0.64081933E+26 0.12250048E+25
 0.64023582E+26 0.12183976E+25
 0.63964831E+26 0.12118141E+25
 0.63906154E+26 0.12052656E+25
 0.63846781E+26 0.11987451E+25
 0.63787337E+26 0.11922546E+25
 0.63728015E+26 0.11857935E+25
 0.63667942E+26 0.11793591E+25
 0.63607606E+26 0.11729632E+25
 0.63547082E+26 0.11665880E+25
 0.63486093E+26 0.11602436E+25
 0.63425024E+26 0.11539305E+25
 0.63363462E+26 0.11476482E+25
 0.63301808E+26 0.11413917E+25
 0.63240027E+26 0.11351675E+25
 0.63177662E+26 0.11289685E+25
 0.63115225E+26 0.11227998E+25
 0.63052382E+26 0.11166597E+25
 0.62989455E+26 0.11105479E+25
 0.62925795E+26 0.11044644E+25
 0.62862201E+26 0.10984107E+25
 0.62798132E+26 0.10923834E+25
 0.62733746E+26 0.10863839E+25
 0.62669221E+26 0.10804104E+25
 0.62604401E+26 0.10744663E+25
 0.62539271E+26 0.10685497E+25
 0.62473617E+26 0.10626621E+25
 0.62407911E+26 0.10567986E+25
 0.62341758E+26 0.10509654E+25
 0.62275474E+26 0.10451560E+25
 0.62208881E+26 0.10393802E+25
 0.62141691E+26 0.10336211E+25
 0.62074311E+26 0.10278938E+25
 0.62006688E+26 0.10221931E+25
 0.61938748E+26 0.10165190E+25
 0.61870501E+26 0.10108709E+25
 0.61801914E+26 0.10052493E+25
 0.61732979E+26 0.99965380E+24
 0.61663761E+26 0.99408434E+24
 0.61594194E+26 0.98854214E+24
 0.61524407E+26 0.98302278E+24
 0.61454217E+26 0.97753053E+24
 0.61383650E+26 0.97206550E+24
 0.61312571E+26 0.96662271E+24
 0.61241632E+26 0.96120685E+24
 0.61170178E+26 0.95581628E+24
 0.61098503E+26 0.95045079E+24
 0.61026084E+26 0.94511401E+24
 0.60953742E+26 0.93979479E+24
 0.60880799E+26 0.93450407E+24
 0.60807783E+26 0.92923802E+24
 0.60734240E+26 0.92399663E+24
 0.60660750E+26 0.91877969E+24
 0.60586594E+26 0.91358711E+24
 0.60511724E+26 0.90841887E+24
 0.60437272E+26 0.90327949E+24
 0.60362033E+26 0.89815638E+24
 0.60286575E+26 0.89305878E+24
 0.60210788E+26 0.88798807E+24
 0.60134609E+26 0.88293869E+24
 0.58670598E+26 0.87791374E+24
 0.58346753E+26 0.87291397E+24
 0.58277301E+26 0.86793498E+24
 0.59826479E+26 0.86298083E+24
 0.59748688E+26 0.85805136E+24
 0.59670396E+26 0.85314214E+24
 0.59591917E+26 0.84825748E+24
 0.59512919E+26 0.84339991E+24
 0.59433675E+26 0.83855984E+24
 0.59354120E+26 0.83374242E+24
 0.59273987E+26 0.82895076E+24
 0.59193805E+26 0.82417716E+24
 0.59113320E+26 0.81943040E+24
 0.59032310E+26 0.81470458E+24
 0.58951058E+26 0.81000130E+24
 0.58869166E+26 0.80531886E+24
 0.58787150E+26 0.80065988E+24
 0.58704622E+26 0.79602299E+24
 0.58621989E+26 0.79140800E+24
 0.58538847E+26 0.78681498E+24
 0.58455477E+26 0.78224364E+24
 0.58371482E+26 0.77769413E+24
 0.58287361E+26 0.77316619E+24
 0.58202587E+26 0.76865975E+24
 0.58118096E+26 0.76417466E+24
 0.58032559E+26 0.75971227E+24
 0.57947327E+26 0.75526992E+24
 0.57861291E+26 0.75084758E+24
 0.57775004E+26 0.74644751E+24
 0.57688371E+26 0.74206967E+24
 0.57601398E+26 0.73771027E+24
 0.57513934E+26 0.73337419E+24
 0.57425904E+26 0.72905636E+24
 0.56668078E+26 0.72476046E+24
 0.55010697E+26 0.72048512E+24
 0.54924368E+26 0.71623033E+24
 0.55176081E+26 0.71199593E+24
 0.56982347E+26 0.70778189E+24
 0.56892472E+26 0.70358810E+24
 0.56802279E+26 0.69941451E+24
 0.56711782E+26 0.69526101E+24
 0.56621019E+26 0.69112752E+24
 0.56529525E+26 0.68701400E+24
 0.56438049E+26 0.68292033E+24
 0.56345796E+26 0.67884645E+24
 0.56253832E+26 0.67479228E+24
 0.56160972E+26 0.67075773E+24
 0.56067966E+26 0.66674276E+24
 0.55974636E+26 0.66274723E+24
 0.55880855E+26 0.65877112E+24
 0.55786768E+26 0.65481651E+24
 0.55692537E+26 0.65087681E+24
 0.55597675E+26 0.64696100E+24
 0.55502604E+26 0.64306135E+24
 0.55406836E+26 0.63917897E+24
 0.55311248E+26 0.63532020E+24
 0.55214727E+26 0.63147528E+24
 0.55118364E+26 0.62765169E+24
 0.55021538E+26 0.62384892E+24
 0.54924639E+26 0.62006061E+24
 0.54828663E+26 0.61629510E+24
 0.54729224E+26 0.61254393E+24
 0.53030418E+26 0.60881329E+24
 0.43382183E+26 0.60510101E+24
 0.43294549E+26 0.60140700E+24
 0.47225375E+26 0.59773127E+24
 0.54234276E+26 0.59407371E+24
 0.54134732E+26 0.59043430E+24
 0.54034181E+26 0.58681285E+24
 0.53933863E+26 0.58320937E+24
 0.53832999E+26 0.57962378E+24
 0.53731502E+26 0.57605602E+24
 0.53630052E+26 0.57250600E+24
 0.53528247E+26 0.56897366E+24
 0.53425953E+26 0.56545894E+24
 0.53323408E+26 0.56196178E+24
 0.53220561E+26 0.55848210E+24
 0.53117353E+26 0.55501985E+24
 0.53013713E+26 0.55157494E+24
 0.52909646E+26 0.54814734E+24
 0.52805619E+26 0.54473695E+24
 0.52700982E+26 0.54134372E+24
 0.52596416E+26 0.53796850E+24
 0.52491371E+26 0.53460849E+24
 0.52386006E+26 0.53126725E+24
 0.52280151E+26 0.52794112E+24
 0.52173933E+26 0.52463273E+24
 0.52067419E+26 0.52134113E+24
 0.51960905E+26 0.51806622E+24
 0.51854155E+26 0.51480798E+24
 0.51746768E+26 0.51156632E+24
 0.51639241E+26 0.50834118E+24
 0.51531090E+26 0.50513251E+24
 0.51423137E+26 0.50194023E+24
 0.51314597E+26 0.49876430E+24
 0.51205893E+26 0.49560633E+24
 0.51096834E+26 0.49246289E+24
 0.50987412E+26 0.48933472E+24
 0.50877852E+26 0.48622443E+24
 0.50767967E+26 0.48312764E+24
 0.50657744E+26 0.48004848E+24
 0.50547318E+26 0.47698524E+24
 0.50436203E+26 0.47393787E+24
 0.50325450E+26 0.47090629E+24
 0.50213201E+26 0.46789046E+24
 0.50102364E+26 0.46489030E+24
 0.49990624E+26 0.46190577E+24
 0.49878459E+26 0.45893682E+24
 0.49766293E+26 0.45598336E+24
 0.49653390E+26 0.45304537E+24
 0.49540506E+26 0.45012276E+24
 0.46190991E+26 0.44721547E+24
 0.45872816E+26 0.44432348E+24
 0.45803861E+26 0.44144670E+24
 0.49086063E+26 0.43858507E+24
 0.48972263E+26 0.43573856E+24
 0.48857085E+26 0.43290710E+24
 0.48743039E+26 0.43009063E+24
 0.48628145E+26 0.42728910E+24
 0.48513046E+26 0.42450245E+24
 0.48397372E+26 0.42173062E+24
 0.48282120E+26 0.41897356E+24
 0.48166150E+26 0.41623122E+24
 0.48049852E+26 0.41350354E+24
 0.47933818E+26 0.41079046E+24
 0.47817359E+26 0.40809192E+24
 0.47700347E+26 0.40540787E+24
 0.47583675E+26 0.40273828E+24
 0.47466492E+26 0.40008307E+24
 0.47349024E+26 0.39744218E+24
 0.47231403E+26 0.39481557E+24
 0.47113684E+26 0.39220318E+24
 0.46995593E+26 0.38960631E+24
 0.46877446E+26 0.38702222E+24
 0.46759083E+26 0.38445216E+24
 0.46640545E+26 0.38189611E+24
 0.46521632E+26 0.37935402E+24
 0.46402766E+26 0.37682443E+24
 0.46283721E+26 0.37431016E+24
 0.46164181E+26 0.37180961E+24
 0.46044741E+26 0.36932281E+24
 0.45879863E+26 0.36684968E+24
 0.45719702E+26 0.36439019E+24
 0.45599804E+26 0.36194428E+24
 0.45545588E+26 0.35951191E+24
 0.45444419E+26 0.35709301E+24
 0.45324025E+26 0.35468755E+24
 0.45203458E+26 0.35229546E+24
 0.45082610E+26 0.34991669E+24
 0.44961791E+26 0.34755120E+24
 0.44752605E+26 0.34519893E+24
 0.43049589E+26 0.34285982E+24
 0.42930848E+26 0.34053383E+24
 0.43324306E+26 0.33822092E+24
 0.44354522E+26 0.33592101E+24
 0.44232861E+26 0.33363406E+24
 0.44110926E+26 0.33136003E+24
 0.43988835E+26 0.32909887E+24
 0.43866619E+26 0.32685050E+24
 0.43744166E+26 0.32461490E+24
 0.43621877E+26 0.32239202E+24
 0.43499356E+26 0.32018178E+24
 0.43376656E+26 0.31798415E+24
 0.43253903E+26 0.31579908E+24
 0.43131147E+26 0.31362651E+24
 0.43008198E+26 0.31146642E+24
 0.42885149E+26 0.30931872E+24
 0.42761934E+26 0.30718338E+24
 0.42638660E+26 0.30506034E+24
 0.42515357E+26 0.30294956E+24
 0.42391890E+26 0.30085099E+24
 0.42268523E+26 0.29876458E+24
 0.42144950E+26 0.29669027E+24
 0.42021319E+26 0.29462801E+24
 0.41897476E+26 0.29257779E+24
 0.41773759E+26 0.29053951E+24
 0.41517061E+26 0.28851314E+24
 0.41359881E+26 0.28649864E+24
 0.41236251E+26 0.28449594E+24
 0.41278161E+26 0.28250501E+24
 0.41154069E+26 0.28052580E+24
 0.41029922E+26 0.27855824E+24
 0.40905740E+26 0.27660231E+24
 0.40781601E+26 0.27465794E+24
 0.38737212E+26 0.27272510E+24
 0.38386150E+26 0.27080372E+24
 0.38275275E+26 0.26889376E+24
 0.40284492E+26 0.26699518E+24
 0.40160218E+26 0.26510793E+24
 0.40035781E+26 0.26323195E+24
 0.39911555E+26 0.26136720E+24
 0.39786834E+26 0.25951364E+24
 0.39662524E+26 0.25767121E+24
 0.39538292E+26 0.25583986E+24
 0.39413619E+26 0.25401955E+24
 0.39289384E+26 0.25221024E+24
 0.39165052E+26 0.25041186E+24
 0.39040666E+26 0.24862438E+24
 0.38916273E+26 0.24684774E+24
 0.38791805E+26 0.24508190E+24
 0.38667465E+26 0.24332681E+24
 0.38543165E+26 0.24158243E+24
 0.38418749E+26 0.23984871E+24
 0.38294426E+26 0.23812559E+24
 0.38170138E+26 0.23641304E+24
 0.38045868E+26 0.23471100E+24
 0.37921601E+26 0.23301943E+24
 0.37797387E+26 0.23133829E+24
 0.37673261E+26 0.22966751E+24
 0.37549150E+26 0.22800707E+24
 0.37424918E+26 0.22635690E+24
 0.37301052E+26 0.22471698E+24
 0.37176955E+26 0.22308724E+24
 0.35589776E+26 0.22146764E+24
 0.35287894E+26 0.21985813E+24
 0.35176853E+26 0.21825868E+24
 0.36681611E+26 0.21666923E+24
 0.36558042E+26 0.21508973E+24
 0.36434352E+26 0.21352013E+24
 0.36310983E+26 0.21196042E+24
 0.36187512E+26 0.21041051E+24
 0.36063943E+26 0.20887039E+24
 0.35940774E+26 0.20733999E+24
 0.35817717E+26 0.20581927E+24
 0.35694480E+26 0.20430818E+24
 0.35571422E+26 0.20280669E+24
 0.35448546E+26 0.20131474E+24
 0.35325629E+26 0.19983229E+24
 0.35202975E+26 0.19835930E+24
 0.35080152E+26 0.19689571E+24
 0.34957651E+26 0.19544149E+24
 0.34835189E+26 0.19399659E+24
 0.34712830E+26 0.19256096E+24
 0.34590580E+26 0.19113456E+24
 0.34468503E+26 0.18971735E+24
 0.34346452E+26 0.18830927E+24
 0.34224579E+26 0.18691029E+24
 0.34102834E+26 0.18552036E+24
 0.33981145E+26 0.18413944E+24
 0.33859710E+26 0.18276748E+24
 0.33738215E+26 0.18140444E+24
 0.33617033E+26 0.18005027E+24
 0.33495715E+26 0.17870493E+24
 0.33374857E+26 0.17736837E+24
 0.33254036E+26 0.17604056E+24
 0.33133310E+26 0.17472145E+24
 0.33012746E+26 0.17341099E+24
 0.32892299E+26 0.17210914E+24
 0.32772004E+26 0.17081586E+24
 0.32651881E+26 0.16953110E+24
 0.32531950E+26 0.16825482E+24
 0.32412122E+26 0.16698699E+24
 0.32292356E+26 0.16572754E+24
 0.32172929E+26 0.16447645E+24
 0.32053596E+26 0.16323366E+24
 0.31934409E+26 0.16199915E+24
 0.31815386E+26 0.16077285E+24
 0.31696559E+26 0.15955474E+24
 0.31577854E+26 0.15834476E+24
 0.31459332E+26 0.15714288E+24
 0.31340932E+26 0.15594905E+24
 0.31145577E+26 0.15476323E+24
 0.30611932E+26 0.15358539E+24
 0.30496004E+26 0.15241547E+24
 0.30616630E+26 0.15125343E+24
 0.30752010E+26 0.15009924E+24
 0.30634707E+26 0.14895286E+24
 0.30517735E+26 0.14781423E+24
 0.30400902E+26 0.14668332E+24
 0.30284220E+26 0.14556009E+24
 0.30167750E+26 0.14444450E+24
 0.30051462E+26 0.14333650E+24
 0.29935336E+26 0.14223606E+24
 0.29819471E+26 0.14114313E+24
 0.29703780E+26 0.14005767E+24
 0.29588310E+26 0.13897965E+24
 0.29473069E+26 0.13790902E+24
 0.29357915E+26 0.13684574E+24
 0.29243114E+26 0.13578977E+24
 0.29128396E+26 0.13474107E+24
 0.29013953E+26 0.13369961E+24
 0.28899772E+26 0.13266534E+24
 0.28785755E+26 0.13163822E+24
 0.28671936E+26 0.13061821E+24
 0.28558355E+26 0.12960527E+24
 0.28445047E+26 0.12859937E+24
 0.28331883E+26 0.12760046E+24
 0.28218939E+26 0.12660850E+24
 0.28106227E+26 0.12562346E+24
 0.27993747E+26 0.12464530E+24
 0.27881488E+26 0.12367397E+24
 0.27769488E+26 0.12270944E+24
 0.27657704E+26 0.12175167E+24
 0.27546164E+26 0.12080063E+24
 0.27434812E+26 0.11985627E+24
 0.27323719E+26 0.11891855E+24
 0.27212913E+26 0.11798744E+24
 0.27102126E+26 0.11706290E+24
 0.26991843E+26 0.11614489E+24
 0.26881732E+26 0.11523337E+24
 0.26771812E+26 0.11432831E+24
 0.26662157E+26 0.11342967E+24
 0.26552701E+26 0.11253741E+24
 0.26443563E+26 0.11165149E+24
 0.26334666E+26 0.11077188E+24
 0.26225947E+26 0.10989854E+24
 0.26117523E+26 0.10903143E+24
 0.26009305E+26 0.10817052E+24
 0.25901322E+26 0.10731577E+24
 0.25793674E+26 0.10646715E+24
 0.25686237E+26 0.10562461E+24
 0.25579005E+26 0.10478812E+24
 0.25472081E+26 0.10395765E+24
 0.25365441E+26 0.10313315E+24
 0.25258998E+26 0.10231460E+24
 0.25152672E+26 0.10150196E+24
 0.25046981E+26 0.10069519E+24
 0.24941261E+26 0.99894256E+23
 0.24835846E+26 0.99099125E+23
 0.24730739E+26 0.98309760E+23
 0.24625891E+26 0.97526127E+23
 0.24521247E+26 0.96748191E+23
 0.24416917E+26 0.95975918E+23
 0.24312777E+26 0.95209271E+23
 0.24208955E+26 0.94448217E+23
 0.24105364E+26 0.93692723E+23
 0.24002080E+26 0.92942753E+23
 0.23899083E+26 0.92198273E+23
 0.23796300E+26 0.91459251E+23
 0.23693808E+26 0.90725651E+23
 0.23591453E+26 0.89997441E+23
 0.23489619E+26 0.89274586E+23
 0.23387889E+26 0.88557055E+23
 0.23286478E+26 0.87844812E+23
 0.22988025E+26 0.87137827E+23
 0.19343377E+26 0.86436064E+23
 0.19263234E+26 0.85739492E+23
 0.20699436E+26 0.85048079E+23
 0.22783314E+26 0.84361790E+23
 0.22683603E+26 0.83680595E+23
 0.22584194E+26 0.83004461E+23
 0.22484956E+26 0.82333356E+23
 0.22385981E+26 0.81667248E+23
 0.22287336E+26 0.81006104E+23
 0.22189174E+26 0.80349894E+23
 0.22090804E+26 0.79698586E+23
 0.21794210E+26 0.79052149E+23
 0.21687241E+26 0.78410550E+23
 0.21603716E+26 0.77773760E+23
 0.21700982E+26 0.77141747E+23
 0.21604208E+26 0.76514479E+23
 0.21507732E+26 0.75891928E+23
 0.21411576E+26 0.75274061E+23
 0.21315705E+26 0.74660849E+23
 0.21220086E+26 0.74052262E+23
 0.21124601E+26 0.73448268E+23
 0.21029667E+26 0.72848838E+23
 0.20934887E+26 0.72253943E+23
 0.20840393E+26 0.71663552E+23
 0.20746165E+26 0.71077637E+23
 0.20652246E+26 0.70496166E+23
 0.20558584E+26 0.69919112E+23
 0.20465190E+26 0.69346445E+23
 0.20372113E+26 0.68778136E+23
 0.20279300E+26 0.68214156E+23
 0.20186786E+26 0.67654476E+23
 0.20094528E+26 0.67099069E+23
 0.20002581E+26 0.66547904E+23
 0.19910897E+26 0.66000954E+23
 0.19819514E+26 0.65458191E+23
 0.19728407E+26 0.64919587E+23
 0.19637566E+26 0.64385114E+23
 0.19547050E+26 0.63854743E+23
 0.19456784E+26 0.63328448E+23
 0.19366814E+26 0.62806201E+23
 0.19277139E+26 0.62287974E+23
 0.19187737E+26 0.61773741E+23
 0.19098607E+26 0.61263473E+23
 0.19009787E+26 0.60757145E+23
 0.18921255E+26 0.60254729E+23
 0.18832985E+26 0.59756199E+23
 0.18745002E+26 0.59261529E+23
 0.18657303E+26 0.58770691E+23
 0.18569906E+26 0.58283659E+23
 0.18482787E+26 0.57800408E+23
 0.18395941E+26 0.57320912E+23
 0.18309387E+26 0.56845144E+23
 0.18223120E+26 0.56373078E+23
 0.18137133E+26 0.55904690E+23
 0.18051443E+26 0.55439954E+23
 0.17966034E+26 0.54978845E+23
 0.17880899E+26 0.54521336E+23
 0.17796054E+26 0.54067404E+23
 0.17711495E+26 0.53617024E+23
 0.17627224E+26 0.53170170E+23
 0.17543231E+26 0.52726818E+23
 0.17459535E+26 0.52286943E+23
 0.17376103E+26 0.51850522E+23
 0.17292960E+26 0.51417529E+23
 0.17210108E+26 0.50987942E+23
 0.17127541E+26 0.50561735E+23
 0.17045242E+26 0.50138885E+23
 0.16963231E+26 0.49719368E+23
 0.16881519E+26 0.49303161E+23
 0.16800084E+26 0.48890240E+23
 0.16718929E+26 0.48480582E+23
 0.16638057E+26 0.48074164E+23
 0.16557471E+26 0.47670963E+23
 0.16477166E+26 0.47270955E+23
 0.16397131E+26 0.46874118E+23
 0.16317401E+26 0.46480430E+23
 0.16237930E+26 0.46089868E+23
 0.16158742E+26 0.45702409E+23
 0.16079856E+26 0.45318031E+23
 0.16001231E+26 0.44936712E+23
 0.15922887E+26 0.44558430E+23
 0.15844830E+26 0.44183163E+23
 0.15767055E+26 0.43810890E+23
 0.15689564E+26 0.43441588E+23
 0.15612339E+26 0.43075237E+23
 0.15535399E+26 0.42711814E+23
 0.15458748E+26 0.42351300E+23
 0.15382366E+26 0.41993671E+23
 0.15306245E+26 0.41638908E+23
 0.15230435E+26 0.41286990E+23
 0.15154888E+26 0.40937895E+23
 0.15079620E+26 0.40591604E+23
 0.15004631E+26 0.40248095E+23
 0.14929915E+26 0.39907349E+23
 0.14855483E+26 0.39569345E+23
 0.14781320E+26 0.39234063E+23
 0.14707436E+26 0.38901483E+23
 0.14633827E+26 0.38571585E+23
 0.14560480E+26 0.38244349E+23
 0.14487421E+26 0.37919756E+23
 0.14414646E+26 0.37597788E+23
 0.14342129E+26 0.37278422E+23
 0.14269884E+26 0.36961640E+23
 0.14197921E+26 0.36647423E+23
 0.14126229E+26 0.36335753E+23
 0.14054810E+26 0.36026610E+23
 0.13983660E+26 0.35719975E+23
 0.13912787E+26 0.35415830E+23
 0.13842177E+26 0.35114157E+23
 0.13771845E+26 0.34814936E+23
 0.13701789E+26 0.34518149E+23
 0.13631993E+26 0.34223779E+23
 0.13562473E+26 0.33931807E+23
 0.13493215E+26 0.33642405E+23
 0.13424232E+26 0.33355174E+23
 0.13355509E+26 0.33070286E+23
 0.13287057E+26 0.32787726E+23
 0.13218878E+26 0.32507475E+23
 0.13150966E+26 0.32229516E+23
 0.13083314E+26 0.31953831E+23
 0.13015927E+26 0.31680403E+23
 0.12948811E+26 0.31409216E+23
 0.12881951E+26 0.31140252E+23
 0.12815371E+26 0.30873494E+23
 0.12749049E+26 0.30608925E+23
 0.12682994E+26 0.30346530E+23
 0.12617189E+26 0.30086291E+23
 0.12551656E+26 0.29828192E+23
 0.12486384E+26 0.29572216E+23
 0.12421376E+26 0.29318348E+23
 0.12356625E+26 0.29066571E+23
 0.12292135E+26 0.28816869E+23
 0.12227904E+26 0.28569226E+23
 0.12163938E+26 0.28323627E+23
 0.12100228E+26 0.28080056E+23
 0.12036772E+26 0.27838497E+23
 0.11973579E+26 0.27598935E+23
 0.11910648E+26 0.27361354E+23
 0.11847966E+26 0.27125739E+23
 0.11785538E+26 0.26892076E+23
 0.11723373E+26 0.26660348E+23
 0.11661464E+26 0.26430541E+23
 0.11599801E+26 0.26202640E+23
 0.11538404E+26 0.25976630E+23
 0.11477256E+26 0.25752497E+23
 0.11416363E+26 0.25530225E+23
 0.11355714E+26 0.25309802E+23
 0.11295328E+26 0.25091211E+23
 0.11235188E+26 0.24874439E+23
 0.11175227E+26 0.24659473E+23
 0.11115662E+26 0.24446296E+23
 0.11056268E+26 0.24234897E+23
 0.10997128E+26 0.24025260E+23
 0.10938241E+26 0.23817372E+23
 0.10879589E+26 0.23611219E+23
 0.10821131E+26 0.23406788E+23
 0.10763058E+26 0.23204065E+23
 0.10705151E+26 0.23003037E+23
 0.10647493E+26 0.22803690E+23
 0.10590084E+26 0.22606012E+23
 0.10532921E+26 0.22409989E+23
 0.10475989E+26 0.22215607E+23
 0.10419315E+26 0.22022855E+23
 0.10362874E+26 0.21831719E+23
 0.10306677E+26 0.21642187E+23
 0.10250728E+26 0.21454245E+23
 0.10195013E+26 0.21267882E+23
 0.10139548E+26 0.21083084E+23
 0.10084309E+26 0.20899839E+23
 0.10029316E+26 0.20718136E+23
 0.99745605E+25 0.20537961E+23
 0.99200504E+25 0.20359303E+23
 0.98657679E+25 0.20182149E+23
 0.98117203E+25 0.20006488E+23
 0.97579136E+25 0.19832308E+23
 0.97043428E+25 0.19659596E+23
 0.96510046E+25 0.19488342E+23
 0.95979041E+25 0.19318533E+23
 0.95450322E+25 0.19150158E+23
 0.94923994E+25 0.18983205E+23
 0.94399871E+25 0.18817664E+23
 0.93878203E+25 0.18653416E+23
 0.93358784E+25 0.18490664E+23
 0.92841611E+25 0.18329289E+23
 0.92326856E+25 0.18169281E+23
 0.91814302E+25 0.18010628E+23
 0.91304071E+25 0.17853320E+23
 0.90796106E+25 0.17697345E+23
 0.90290398E+25 0.17542693E+23
 0.89786931E+25 0.17389353E+23
 0.89285775E+25 0.17237315E+23
 0.88786845E+25 0.17086568E+23
 0.88290141E+25 0.16937102E+23
 0.87795753E+25 0.16788907E+23
 0.87303526E+25 0.16641971E+23
 0.86813548E+25 0.16496285E+23
 0.86325780E+25 0.16351840E+23
 0.85840236E+25 0.16208624E+23
 0.85356900E+25 0.16066627E+23
 0.84875733E+25 0.15925841E+23
 0.84396807E+25 0.15786254E+23
 0.83920051E+25 0.15647858E+23
 0.83445431E+25 0.15510643E+23
 0.82973066E+25 0.15374598E+23
 0.82502815E+25 0.15239715E+23
 0.82034730E+25 0.15105984E+23
 0.81568792E+25 0.14973395E+23
 0.81105022E+25 0.14841940E+23
 0.80643398E+25 0.14711609E+23
 0.80183879E+25 0.14582392E+23
 0.79726446E+25 0.14454281E+23
 0.79271214E+25 0.14327267E+23
 0.78818063E+25 0.14201341E+23
 0.78367060E+25 0.14076493E+23
 0.77918104E+25 0.13952715E+23
 0.77471258E+25 0.13829999E+23
 0.77025965E+25 0.13708334E+23
 0.76583831E+25 0.13587714E+23
 0.76143213E+25 0.13468129E+23
 0.75704686E+25 0.13349570E+23
 0.75267706E+25 0.13232030E+23
 0.74833764E+25 0.13115499E+23
 0.74401413E+25 0.12999970E+23
 0.73971089E+25 0.12885435E+23
 0.73542778E+25 0.12771884E+23
 0.73116525E+25 0.12659310E+23
 0.72692253E+25 0.12547705E+23
 0.72270012E+25 0.12437061E+23
 0.71849783E+25 0.12327370E+23
 0.71431554E+25 0.12218624E+23
 0.71015324E+25 0.12110815E+23
 0.70601078E+25 0.12003936E+23
 0.70188851E+25 0.11897978E+23
 0.69778522E+25 0.11792935E+23
 0.69370211E+25 0.11688798E+23
 0.68963836E+25 0.11585560E+23
 0.68559417E+25 0.11483213E+23
 0.68156981E+25 0.11381751E+23
 0.67756450E+25 0.11281165E+23
 0.67357869E+25 0.11181449E+23
 0.66961216E+25 0.11082595E+23
 0.66566487E+25 0.10984596E+23
 0.66173650E+25 0.10887445E+23
 0.65782749E+25 0.10791134E+23
 0.65393691E+25 0.10695658E+23
 0.65006619E+25 0.10601008E+23
 0.64621376E+25 0.10507179E+23
 0.64238034E+25 0.10414162E+23
 0.63856571E+25 0.10321952E+23
 0.63476941E+25 0.10230541E+23
 0.63099216E+25 0.10139923E+23
 0.62723308E+25 0.10050091E+23
 0.62349265E+25 0.99610393E+22
 0.61977077E+25 0.98727604E+22
 0.61606706E+25 0.97852480E+22
 0.61238157E+25 0.96984959E+22
 0.60871461E+25 0.96124975E+22
 0.60506546E+25 0.95272466E+22
 0.60143455E+25 0.94427368E+22
 0.59782178E+25 0.93589620E+22
 0.59422686E+25 0.92759160E+22
 0.59064985E+25 0.91935926E+22
 0.58709053E+25 0.91119857E+22
 0.58354924E+25 0.90310894E+22
 0.58002539E+25 0.89508976E+22
 0.57651939E+25 0.88714043E+22
 0.57303066E+25 0.87926038E+22
 0.56955955E+25 0.87144900E+22
 0.56610613E+25 0.86370573E+22
 0.56266978E+25 0.85602999E+22
 0.55925103E+25 0.84842121E+22
 0.55584918E+25 0.84087882E+22
 0.55246487E+25 0.83340226E+22
 0.54909747E+25 0.82599097E+22
 0.54574712E+25 0.81864440E+22
 0.54241379E+25 0.81136200E+22
 0.53909735E+25 0.80414323E+22
 0.53579789E+25 0.79698755E+22
 0.53251506E+25 0.78989442E+22
 0.52924891E+25 0.78286332E+22
 0.52599967E+25 0.77589371E+22
 0.52276693E+25 0.76898507E+22
 0.51955076E+25 0.76213689E+22
 0.51635104E+25 0.75534865E+22
 0.51316775E+25 0.74861984E+22
 0.51000075E+25 0.74194996E+22
 0.50685020E+25 0.73533850E+22
 0.50371567E+25 0.72878497E+22
 0.50059737E+25 0.72228887E+22
 0.49749522E+25 0.71584972E+22
 0.49440923E+25 0.70946702E+22
 0.49133899E+25 0.70314031E+22
 0.48828477E+25 0.69686909E+22
 0.48524635E+25 0.69065289E+22
 0.48222386E+25 0.68449126E+22
 0.47921689E+25 0.67838371E+22
 0.47622569E+25 0.67232979E+22
 0.47325023E+25 0.66632904E+22
 0.47029016E+25 0.66038100E+22
 0.46734560E+25 0.65448523E+22
 0.46441639E+25 0.64864127E+22
 0.46150278E+25 0.64284869E+22
 0.45860416E+25 0.63710704E+22
 0.45572096E+25 0.63141588E+22
 0.45285295E+25 0.62577479E+22
 0.45000006E+25 0.62018332E+22
 0.44716214E+25 0.61464107E+22
 0.44433933E+25 0.60914760E+22
 0.44153138E+25 0.60370250E+22
 0.43873832E+25 0.59830535E+22
 0.43596012E+25 0.59295574E+22
 0.43319661E+25 0.58765326E+22
 0.43044786E+25 0.58239751E+22
 0.42771369E+25 0.57718808E+22
 0.42499413E+25 0.57202457E+22
 0.42228914E+25 0.56690659E+22
 0.41959858E+25 0.56183376E+22
 0.41692247E+25 0.55680567E+22
 0.41426058E+25 0.55182194E+22
 0.41161305E+25 0.54688220E+22
 0.40897980E+25 0.54198605E+22
 0.40636069E+25 0.53713313E+22
 0.40375559E+25 0.53232307E+22
 0.40116465E+25 0.52755549E+22
 0.39858775E+25 0.52283002E+22
 0.39602466E+25 0.51814631E+22
 0.39347555E+25 0.51350399E+22
 0.39094019E+25 0.50890270E+22
 0.38841861E+25 0.50434210E+22
 0.38591083E+25 0.49982182E+22
 0.38341660E+25 0.49534152E+22
 0.38093603E+25 0.49090085E+22
 0.37846889E+25 0.48649947E+22
 0.37601539E+25 0.48213704E+22
 0.37357518E+25 0.47781322E+22
 0.37114844E+25 0.47352768E+22
 0.36873489E+25 0.46928009E+22
 0.36633468E+25 0.46507012E+22
 0.36394763E+25 0.46089743E+22
 0.36157381E+25 0.45676171E+22
 0.35921304E+25 0.45266264E+22
 0.35686528E+25 0.44859990E+22
 0.35453050E+25 0.44457317E+22
 0.35220864E+25 0.44058214E+22
 0.34989967E+25 0.43662650E+22
 0.34760349E+25 0.43270594E+22
 0.34532005E+25 0.42882016E+22
 0.34304937E+25 0.42496885E+22
 0.34079131E+25 0.42115172E+22
 0.33854586E+25 0.41736847E+22
 0.33631295E+25 0.41361880E+22
 0.33409253E+25 0.40990242E+22
 0.33188456E+25 0.40621904E+22
 0.32968893E+25 0.40256838E+22
 0.32750567E+25 0.39895014E+22
 0.32533464E+25 0.39536405E+22
 0.32317591E+25 0.39180982E+22
 0.32102925E+25 0.38828719E+22
 0.31889475E+25 0.38479586E+22
 0.31677233E+25 0.38133557E+22
 0.31466189E+25 0.37790605E+22
 0.31256343E+25 0.37450703E+22
 0.31047685E+25 0.37113824E+22
 0.30840216E+25 0.36779942E+22
 0.30633924E+25 0.36449031E+22
 0.30428807E+25 0.36121064E+22
 0.30224862E+25 0.35796017E+22
 0.30022079E+25 0.35473863E+22
 0.29820457E+25 0.35154577E+22
 0.29619993E+25 0.34838134E+22
 0.29420671E+25 0.34524509E+22
 0.29222495E+25 0.34213678E+22
 0.29025461E+25 0.33905616E+22
 0.28829559E+25 0.33600299E+22
 0.28634785E+25 0.33297702E+22
 0.28441138E+25 0.32997803E+22
 0.28248608E+25 0.32700577E+22
 0.28057190E+25 0.32406000E+22
 0.27866886E+25 0.32114050E+22
 0.27677681E+25 0.31824704E+22
 0.27489575E+25 0.31537939E+22
 0.27302566E+25 0.31253731E+22
 0.27116643E+25 0.30972060E+22
 0.26931805E+25 0.30692902E+22
 0.26748047E+25 0.30416235E+22
 0.26565363E+25 0.30142037E+22
 0.26383748E+25 0.29870287E+22
 0.26203198E+25 0.29600964E+22
 0.26023708E+25 0.29334045E+22
 0.25845272E+25 0.29069510E+22
 0.25667884E+25 0.28807338E+22
 0.25491545E+25 0.28547508E+22
 0.25316246E+25 0.28290000E+22
 0.25141981E+25 0.28034792E+22
 0.24968745E+25 0.27781866E+22
 0.24796540E+25 0.27531200E+22
 0.24625355E+25 0.27282774E+22
 0.24455183E+25 0.27036570E+22
 0.24286027E+25 0.26792567E+22
 0.24117875E+25 0.26550747E+22
 0.23950728E+25 0.26311089E+22
 0.23784580E+25 0.26073575E+22
 0.23619423E+25 0.25838186E+22
 0.23455254E+25 0.25604903E+22
 0.23292071E+25 0.25373708E+22
 0.23129866E+25 0.25144581E+22
 0.22968637E+25 0.24917506E+22
 0.22808378E+25 0.24692464E+22
 0.22649086E+25 0.24469436E+22
 0.22490752E+25 0.24248406E+22
 0.22333377E+25 0.24029355E+22
 0.22176951E+25 0.23812266E+22
 0.22021477E+25 0.23597121E+22
 0.21866942E+25 0.23383904E+22
 0.21713348E+25 0.23172597E+22
 0.21560686E+25 0.22963184E+22
 0.21408954E+25 0.22755648E+22
 0.21258148E+25 0.22549972E+22
 0.21108263E+25 0.22346140E+22
 0.20959294E+25 0.22144135E+22
 0.20811236E+25 0.21943941E+22
 0.20664086E+25 0.21745543E+22
 0.20517840E+25 0.21548924E+22
 0.20372491E+25 0.21354068E+22
 0.20228038E+25 0.21160961E+22
 0.20084474E+25 0.20969586E+22
 0.19941796E+25 0.20779928E+22
 0.19799999E+25 0.20591972E+22
 0.19659080E+25 0.20405703E+22
 0.19519034E+25 0.20221106E+22
 0.19379857E+25 0.20038166E+22
 0.19241542E+25 0.19856868E+22
 0.19104090E+25 0.19677199E+22
 0.18967491E+25 0.19499142E+22
 0.18831746E+25 0.19322685E+22
 0.18696846E+25 0.19147813E+22
 0.18562791E+25 0.18974511E+22
 0.18429576E+25 0.18802766E+22
 0.18297194E+25 0.18632565E+22
 0.18165645E+25 0.18463892E+22
 0.18034919E+25 0.18296736E+22
 0.17905017E+25 0.18131082E+22
 0.17775935E+25 0.17966917E+22
 0.17647666E+25 0.17804227E+22
 0.17520207E+25 0.17643001E+22
 0.17393554E+25 0.17483223E+22
 0.17267703E+25 0.17324883E+22
 0.17142651E+25 0.17167967E+22
 0.17018393E+25 0.17012462E+22
 0.16894923E+25 0.16858355E+22
 0.16772240E+25 0.16705636E+22
 0.16650340E+25 0.16554290E+22
 0.16529216E+25 0.16404305E+22
 0.16408868E+25 0.16255671E+22
 0.16289289E+25 0.16108374E+22
 0.16170477E+25 0.15962403E+22
 0.16052426E+25 0.15817746E+22
 0.15935134E+25 0.15674391E+22
 0.15818596E+25 0.15532326E+22
 0.15702808E+25 0.15391541E+22
 0.15587767E+25 0.15252023E+22
 0.15473470E+25 0.15113762E+22
 0.15359910E+25 0.14976747E+22
 0.15247086E+25 0.14840965E+22
 0.15134993E+25 0.14706406E+22
 0.15023627E+25 0.14573060E+22
 0.14912985E+25 0.14440915E+22
 0.14803062E+25 0.14309961E+22
 0.14693856E+25 0.14180187E+22
 0.14585362E+25 0.14051583E+22
 0.14477576E+25 0.13924137E+22
 0.14370496E+25 0.13797841E+22
 0.14264116E+25 0.13672683E+22
 0.14158433E+25 0.13548653E+22
 0.14053444E+25 0.13425742E+22
 0.13949146E+25 0.13303939E+22
 0.13845533E+25 0.13183234E+22
 0.13742603E+25 0.13063618E+22
 0.13640352E+25 0.12945081E+22
 0.13538776E+25 0.12827613E+22
 0.13437873E+25 0.12711205E+22
 0.13337637E+25 0.12595847E+22
 0.13238065E+25 0.12481529E+22
 0.13139155E+25 0.12368244E+22
 0.13040901E+25 0.12255980E+22
 0.12943302E+25 0.12144730E+22
 0.12846353E+25 0.12034484E+22
 0.12750050E+25 0.11925233E+22
 0.12654390E+25 0.11816968E+22
 0.12559371E+25 0.11709681E+22
 0.12464987E+25 0.11603362E+22
 0.12371236E+25 0.11498004E+22
 0.12278115E+25 0.11393596E+22
 0.12185619E+25 0.11290132E+22
 0.12093745E+25 0.11187602E+22
 0.12002490E+25 0.11085998E+22
 0.11911851E+25 0.10985312E+22
 0.11821823E+25 0.10885535E+22
 0.11732404E+25 0.10786660E+22
 0.11643591E+25 0.10688678E+22
 0.11555379E+25 0.10591582E+22
 0.11467766E+25 0.10495363E+22
 0.11380748E+25 0.10400013E+22
 0.11294321E+25 0.10305525E+22
 0.11208484E+25 0.10211891E+22
 0.11123231E+25 0.10119104E+22
 0.11038560E+25 0.10027155E+22
 0.10954468E+25 0.99360379E+21
 0.10870952E+25 0.98457442E+21
 0.10788007E+25 0.97562670E+21
 0.10705631E+25 0.96675989E+21
 0.10623820E+25 0.95797326E+21
 0.10542573E+25 0.94926610E+21
 0.10461884E+25 0.94063769E+21
 0.10381751E+25 0.93208732E+21
 0.10302171E+25 0.92361429E+21
 0.10223140E+25 0.91521791E+21
 0.10144656E+25 0.90689750E+21
 0.10066716E+25 0.89865236E+21
 0.99893151E+24 0.89048183E+21
 0.99124514E+24 0.88238523E+21
 0.98361217E+24 0.87436190E+21
 0.97603231E+24 0.86641118E+21
 0.96850518E+24 0.85853242E+21
 0.96103053E+24 0.85072498E+21
 0.95360804E+24 0.84298820E+21
 0.94623742E+24 0.83532147E+21
 0.93891833E+24 0.82772414E+21
 0.93165050E+24 0.82019559E+21
 0.92443361E+24 0.81273521E+21
 0.91726738E+24 0.80534238E+21
 0.91015149E+24 0.79801650E+21
 0.90308564E+24 0.79075696E+21
 0.89606956E+24 0.78356317E+21
 0.88910293E+24 0.77643454E+21
 0.88218547E+24 0.76937047E+21
 0.87531688E+24 0.76237040E+21
 0.86849687E+24 0.75543373E+21
 0.86172515E+24 0.74855991E+21
 0.85500143E+24 0.74174837E+21
 0.84832541E+24 0.73499854E+21
 0.84169683E+24 0.72830988E+21
 0.83511540E+24 0.72168183E+21
 0.82858081E+24 0.71511384E+21
 0.82209281E+24 0.70860538E+21
 0.81565110E+24 0.70215591E+21
 0.80925540E+24 0.69576489E+21
 0.80290542E+24 0.68943181E+21
 0.79660091E+24 0.68315614E+21
 0.79034158E+24 0.67693736E+21
 0.78412714E+24 0.67077496E+21
 0.77795733E+24 0.66466843E+21
 0.77183186E+24 0.65861728E+21
 0.76575049E+24 0.65262099E+21
 0.75971292E+24 0.64667908E+21
 0.75371890E+24 0.64079106E+21
 0.74776814E+24 0.63495643E+21
 0.74186039E+24 0.62917473E+21
 0.73599539E+24 0.62344547E+21
 0.73017285E+24 0.61776818E+21
 0.72439253E+24 0.61214239E+21
 0.71865415E+24 0.60656763E+21
 0.71295747E+24 0.60104346E+21
 0.70730220E+24 0.59556940E+21
 0.70168811E+24 0.59014501E+21
 0.69611493E+24 0.58476984E+21
 0.69058240E+24 0.57944345E+21
 0.68509027E+24 0.57416540E+21
 0.67963828E+24 0.56893525E+21
 0.67422618E+24 0.56375256E+21
 0.66885372E+24 0.55861692E+21
 0.66352066E+24 0.55352789E+21
 0.65822672E+24 0.54848505E+21
 0.65297168E+24 0.54348800E+21
 0.64775529E+24 0.53853631E+21
 0.64257728E+24 0.53362957E+21
 0.63743744E+24 0.52876739E+21
 0.63233550E+24 0.52394935E+21
 0.62727124E+24 0.51917506E+21
 0.62224438E+24 0.51444412E+21
 0.61725472E+24 0.50975615E+21
 0.61230201E+24 0.50511075E+21
 0.60738599E+24 0.50050754E+21
 0.60250646E+24 0.49594614E+21
 0.59766316E+24 0.49142618E+21
 0.59285586E+24 0.48694726E+21
 0.58808432E+24 0.48250904E+21
 0.58334833E+24 0.47811113E+21
 0.57864764E+24 0.47375318E+21
 0.57398202E+24 0.46943481E+21
 0.56935125E+24 0.46515569E+21
 0.56475510E+24 0.46091544E+21
 0.56019334E+24 0.45671373E+21
 0.55566574E+24 0.45255019E+21
 0.55117209E+24 0.44842449E+21
 0.54671216E+24 0.44433628E+21
 0.54228573E+24 0.44028523E+21
 0.53789257E+24 0.43627100E+21
 0.53353247E+24 0.43229325E+21
 0.52920520E+24 0.42835166E+21
 0.52491056E+24 0.42444590E+21
 0.52064833E+24 0.42057564E+21
 0.51641828E+24 0.41674056E+21
 0.51222021E+24 0.41294035E+21
 0.50805390E+24 0.40917469E+21
 0.50391914E+24 0.40544327E+21
 0.49981572E+24 0.40174577E+21
 0.49574343E+24 0.39808189E+21
 0.49170205E+24 0.39445133E+21
 0.48769140E+24 0.39085378E+21
 0.48371125E+24 0.38728895E+21
 0.47976140E+24 0.38375654E+21
 0.47584164E+24 0.38025626E+21
 0.47195179E+24 0.37678781E+21
 0.46809162E+24 0.37335090E+21
 0.46426094E+24 0.36994526E+21
 0.46045955E+24 0.36657060E+21
 0.45668726E+24 0.36322663E+21
 0.45294386E+24 0.35991309E+21
 0.44922915E+24 0.35662968E+21
 0.44554295E+24 0.35337615E+21
 0.44188505E+24 0.35015222E+21
 0.43825527E+24 0.34695762E+21
 0.43465340E+24 0.34379209E+21
 0.43107927E+24 0.34065536E+21
 0.42753267E+24 0.33754718E+21
 0.42401342E+24 0.33446728E+21
 0.42052133E+24 0.33141540E+21
 0.41705621E+24 0.32839130E+21
 0.41361788E+24 0.32539472E+21
 0.41020616E+24 0.32242542E+21
 0.40682085E+24 0.31948313E+21
 0.40346177E+24 0.31656763E+21
 0.40012874E+24 0.31367867E+21
 0.39682159E+24 0.31081600E+21
 0.39354013E+24 0.30797939E+21
 0.39028417E+24 0.30516861E+21
 0.38705355E+24 0.30238341E+21
 0.38384809E+24 0.29962357E+21
 0.38066760E+24 0.29688885E+21
 0.37751192E+24 0.29417904E+21
 0.37438087E+24 0.29149389E+21
 0.37127428E+24 0.28883319E+21
 0.36819197E+24 0.28619673E+21
 0.36513378E+24 0.28358427E+21
 0.36209953E+24 0.28099559E+21
 0.35908906E+24 0.27843050E+21
 0.35610219E+24 0.27588876E+21
 0.35313876E+24 0.27337017E+21
 0.35019860E+24 0.27087452E+21
 0.34728155E+24 0.26840159E+21
 0.34438745E+24 0.26595120E+21
 0.34151612E+24 0.26352312E+21
 0.33866741E+24 0.26111715E+21
 0.33584116E+24 0.25873311E+21
 0.33303720E+24 0.25637078E+21
 0.33025538E+24 0.25402997E+21
 0.32749554E+24 0.25171049E+21
 0.32475752E+24 0.24941213E+21
 0.32204115E+24 0.24713472E+21
 0.31934630E+24 0.24487806E+21
 0.31667280E+24 0.24264195E+21
 0.31402050E+24 0.24042622E+21
 0.31138924E+24 0.23823068E+21
 0.30877887E+24 0.23605515E+21
 0.30618925E+24 0.23389944E+21
 0.30362022E+24 0.23176337E+21
 0.30107163E+24 0.22964678E+21
 0.29854334E+24 0.22754946E+21
 0.29603519E+24 0.22547127E+21
 0.29354704E+24 0.22341201E+21
 0.29107874E+24 0.22137153E+21
 0.28863016E+24 0.21934964E+21
 0.28620114E+24 0.21734618E+21
 0.28379154E+24 0.21536098E+21
 0.28140123E+24 0.21339387E+21
 0.27903005E+24 0.21144470E+21
 0.27667787E+24 0.20951330E+21
 0.27434454E+24 0.20759950E+21
 0.27202994E+24 0.20570315E+21
 0.26973392E+24 0.20382409E+21
 0.26745635E+24 0.20196216E+21
 0.26519708E+24 0.20011720E+21
 0.26295599E+24 0.19828907E+21
 0.26073294E+24 0.19647760E+21
 0.25852779E+24 0.19468266E+21
 0.25634042E+24 0.19290408E+21
 0.25417069E+24 0.19114171E+21
 0.25201847E+24 0.18939542E+21
 0.24988363E+24 0.18766505E+21
 0.24776604E+24 0.18595046E+21
 0.24566557E+24 0.18425151E+21
 0.24358210E+24 0.18256806E+21
 0.24151549E+24 0.18089995E+21
 0.23946563E+24 0.17924706E+21
 0.23743238E+24 0.17760925E+21
 0.23541562E+24 0.17598637E+21
 0.23341523E+24 0.17437829E+21
 0.23143109E+24 0.17278489E+21
 0.22946307E+24 0.17120601E+21
 0.22751105E+24 0.16964154E+21
 0.22557491E+24 0.16809135E+21
 0.22365454E+24 0.16655529E+21
 0.22174980E+24 0.16503324E+21
 0.21986059E+24 0.16352508E+21
 0.21798679E+24 0.16203068E+21
 0.21612828E+24 0.16054992E+21
 0.21428494E+24 0.15908266E+21
 0.21245667E+24 0.15762879E+21
 0.21064334E+24 0.15618818E+21
 0.20884484E+24 0.15476072E+21
 0.20706106E+24 0.15334629E+21
 0.20529188E+24 0.15194476E+21
 0.20353720E+24 0.15055601E+21
 0.20179691E+24 0.14917994E+21
 0.20007089E+24 0.14781643E+21
 0.19835904E+24 0.14646536E+21
 0.19666125E+24 0.14512662E+21
 0.19497740E+24 0.14380010E+21
 0.19330740E+24 0.14248568E+21
 0.19165114E+24 0.14118326E+21
 0.19000850E+24 0.13989273E+21
 0.18837940E+24 0.13861397E+21
 0.18676372E+24 0.13734688E+21
 0.18516135E+24 0.13609136E+21
 0.18357221E+24 0.13484730E+21
 0.18199617E+24 0.13361460E+21
 0.18043316E+24 0.13239314E+21
 0.17888305E+24 0.13118284E+21
 0.17734576E+24 0.12998358E+21
 0.17582118E+24 0.12879527E+21
 0.17430922E+24 0.12761781E+21
 0.17280977E+24 0.12645110E+21
 0.17132274E+24 0.12529504E+21
 0.16984804E+24 0.12414953E+21
 0.16838557E+24 0.12301448E+21
 0.16693523E+24 0.12188979E+21
 0.16549693E+24 0.12077537E+21
 0.16407057E+24 0.11967113E+21
 0.16265606E+24 0.11857696E+21
 0.16125332E+24 0.11749279E+21
 0.15986224E+24 0.11641852E+21
 0.15848273E+24 0.11535405E+21
 0.15711471E+24 0.11429931E+21
 0.15575809E+24 0.11325419E+21
 0.15441277E+24 0.11221862E+21
 0.15307867E+24 0.11119250E+21
 0.15175569E+24 0.11017576E+21
 0.15044376E+24 0.10916830E+21
 0.14914278E+24 0.10817004E+21
 0.14785267E+24 0.10718090E+21
 0.14657335E+24 0.10620079E+21
 0.14530472E+24 0.10522963E+21
 0.14404670E+24 0.10426734E+21
 0.14279922E+24 0.10331384E+21
 0.14156218E+24 0.10236904E+21
 0.14033550E+24 0.10143288E+21
 0.13911911E+24 0.10050527E+21
 0.13791291E+24 0.99586125E+20
 0.13671683E+24 0.98675379E+20
 0.13553080E+24 0.97772953E+20
 0.13435472E+24 0.96878769E+20
 0.13318852E+24 0.95992753E+20
 0.13203212E+24 0.95114830E+20
 0.13088545E+24 0.94244927E+20
 0.12974842E+24 0.93382971E+20
 0.12862096E+24 0.92528889E+20
 0.12750299E+24 0.91682608E+20
 0.12639444E+24 0.90844059E+20
 0.12529523E+24 0.90013171E+20
 0.12420529E+24 0.89189874E+20
 0.12312454E+24 0.88374098E+20
 0.12205291E+24 0.87565775E+20
 0.12099033E+24 0.86764837E+20
 0.11993672E+24 0.85971216E+20
 0.11889201E+24 0.85184847E+20
 0.11785613E+24 0.84405663E+20
 0.11682901E+24 0.83633598E+20
 0.11581058E+24 0.82868587E+20
 0.11480077E+24 0.82110566E+20
 0.11379951E+24 0.81359472E+20
 0.11280672E+24 0.80615241E+20
 0.11182235E+24 0.79877810E+20
 0.11084633E+24 0.79147118E+20
 0.10987858E+24 0.78423103E+20
 0.10891904E+24 0.77705704E+20
 0.10796764E+24 0.76994861E+20
 0.10702432E+24 0.76290514E+20
 0.10608901E+24 0.75592604E+20
 0.10516166E+24 0.74901071E+20
 0.10424218E+24 0.74215859E+20
 0.10333052E+24 0.73536908E+20
 0.10242662E+24 0.72864163E+20
 0.10153041E+24 0.72197566E+20
 0.10064183E+24 0.71537061E+20
 0.99760821E+23 0.70882593E+20
 0.98887316E+23 0.70234107E+20
 0.98021257E+23 0.69591547E+20
 0.97162581E+23 0.68954861E+20
 0.96311231E+23 0.68323994E+20
 0.95467144E+23 0.67698893E+20
 0.94630263E+23 0.67079506E+20
 0.93800528E+23 0.66465781E+20
 0.92977882E+23 0.65857665E+20
 0.92162265E+23 0.65255108E+20
 0.91353620E+23 0.64658059E+20
 0.90551891E+23 0.64066467E+20
 0.89757021E+23 0.63480283E+20
 0.88968953E+23 0.62899458E+20
 0.88187632E+23 0.62323942E+20
 0.87413002E+23 0.61753688E+20
 0.86645008E+23 0.61188646E+20
 0.85883596E+23 0.60628770E+20
 0.85128712E+23 0.60074012E+20
 0.84380302E+23 0.59524326E+20
 0.83638312E+23 0.58979665E+20
 0.82902690E+23 0.58439984E+20
 0.82173383E+23 0.57905237E+20
 0.81450340E+23 0.57375378E+20
 0.80733507E+23 0.56850364E+20
 0.80022836E+23 0.56330150E+20
 0.79318273E+23 0.55814692E+20
 0.78619769E+23 0.55303947E+20
 0.77927274E+23 0.54797872E+20
 0.77240738E+23 0.54296424E+20
 0.76560112E+23 0.53799561E+20
 0.75885346E+23 0.53307241E+20
 0.75216393E+23 0.52819422E+20
 0.74553203E+23 0.52336064E+20
 0.73895729E+23 0.51857126E+20
 0.73243925E+23 0.51382567E+20
 0.72597741E+23 0.50912347E+20
 0.71957133E+23 0.50446428E+20
 0.71322053E+23 0.49984768E+20
 0.70692456E+23 0.49527331E+20
 0.70068295E+23 0.49074076E+20
 0.69449526E+23 0.48624967E+20
 0.68836104E+23 0.48179964E+20
 0.68227984E+23 0.47739031E+20
 0.67625122E+23 0.47302130E+20
 0.67027474E+23 0.46869224E+20
 0.66434996E+23 0.46440278E+20
 0.65847646E+23 0.46015254E+20
 0.65265380E+23 0.45594118E+20
 0.64688156E+23 0.45176832E+20
 0.64115932E+23 0.44763364E+20
 0.63548666E+23 0.44353676E+20
 0.62986316E+23 0.43947736E+20
 0.62428842E+23 0.43545508E+20
 0.61876202E+23 0.43146959E+20
 0.61328355E+23 0.42752056E+20
 0.60785263E+23 0.42360764E+20
 0.60246884E+23 0.41973051E+20
 0.59713179E+23 0.41588884E+20
 0.59184109E+23 0.41208231E+20
 0.58659635E+23 0.40831060E+20
 0.58139718E+23 0.40457338E+20
 0.57624320E+23 0.40087035E+20
 0.57113403E+23 0.39720119E+20
 0.56606929E+23 0.39356559E+20
 0.56104861E+23 0.38996325E+20
 0.55607161E+23 0.38639386E+20
 0.55113794E+23 0.38285712E+20
 0.54624721E+23 0.37935273E+20
 0.54139908E+23 0.37588039E+20
 0.53659317E+23 0.37243982E+20
 0.53182914E+23 0.36903072E+20
 0.52710662E+23 0.36565281E+20
 0.52242528E+23 0.36230580E+20
 0.51778476E+23 0.35898941E+20
 0.51318471E+23 0.35570335E+20
 0.50862479E+23 0.35244736E+20
 0.50410467E+23 0.34922115E+20
 0.49962400E+23 0.34602446E+20
 0.49518245E+23 0.34285701E+20
 0.49077969E+23 0.33971853E+20
 0.48641539E+23 0.33660877E+20
 0.48208922E+23 0.33352746E+20
 0.47780087E+23 0.33047434E+20
 0.47355000E+23 0.32744915E+20
 0.46933630E+23 0.32445164E+20
 0.46515946E+23 0.32148155E+20
 0.46101916E+23 0.31853864E+20
 0.45691509E+23 0.31562265E+20
 0.45284694E+23 0.31273334E+20
 0.44881440E+23 0.30987046E+20
 0.44481718E+23 0.30703378E+20
 0.44085497E+23 0.30422305E+20
 0.43692748E+23 0.30143804E+20
 0.43303440E+23 0.29867851E+20
 0.42917544E+23 0.29594422E+20
 0.42535032E+23 0.29323496E+20
 0.42155874E+23 0.29055049E+20
 0.41780042E+23 0.28789057E+20
 0.41407507E+23 0.28525500E+20
 0.41038241E+23 0.28264354E+20
 0.40672216E+23 0.28005597E+20
 0.40309405E+23 0.27749209E+20
 0.39949779E+23 0.27495166E+20
 0.39593313E+23 0.27243448E+20
 0.39239978E+23 0.26994033E+20
 0.38889748E+23 0.26746900E+20
 0.38542596E+23 0.26502029E+20
 0.38198496E+23 0.26259399E+20
 0.37857421E+23 0.26018988E+20
 0.37519346E+23 0.25780778E+20
 0.37184246E+23 0.25544747E+20
 0.36852093E+23 0.25310877E+20
 0.36522864E+23 0.25079146E+20
 0.36196533E+23 0.24849536E+20
 0.35873074E+23 0.24622027E+20
 0.35552465E+23 0.24396601E+20
 0.35234679E+23 0.24173237E+20
 0.34919692E+23 0.23951917E+20
 0.34607482E+23 0.23732622E+20
 0.34298023E+23 0.23515335E+20
 0.33991291E+23 0.23300036E+20
 0.33687265E+23 0.23086707E+20
 0.33385919E+23 0.22875330E+20
 0.33087232E+23 0.22665888E+20
 0.32791179E+23 0.22458363E+20
 0.32497739E+23 0.22252737E+20
 0.32206889E+23 0.22048992E+20
 0.31918607E+23 0.21847113E+20
 0.31632869E+23 0.21647081E+20
 0.31349655E+23 0.21448879E+20
 0.31068943E+23 0.21252492E+20
 0.30790711E+23 0.21057902E+20
 0.30514937E+23 0.20865093E+20
 0.30241600E+23 0.20674048E+20
 0.29970680E+23 0.20484752E+20
 0.29702154E+23 0.20297188E+20
 0.29436004E+23 0.20111342E+20
 0.29172207E+23 0.19927196E+20
 0.28910744E+23 0.19744735E+20
 0.28651594E+23 0.19563944E+20
 0.28394738E+23 0.19384809E+20
 0.28140155E+23 0.19207312E+20
 0.27887825E+23 0.19031440E+20
 0.27637730E+23 0.18857178E+20
 0.27389850E+23 0.18684511E+20
 0.27144166E+23 0.18513425E+20
 0.26900657E+23 0.18343904E+20
 0.26659307E+23 0.18175935E+20
 0.26420095E+23 0.18009503E+20
 0.26183004E+23 0.17844595E+20
 0.25948015E+23 0.17681196E+20
 0.25715109E+23 0.17519293E+20
 0.25484269E+23 0.17358871E+20
 0.25255476E+23 0.17199919E+20
 0.25028713E+23 0.17042421E+20
 0.24803962E+23 0.16886364E+20
 0.24581206E+23 0.16731736E+20
 0.24360426E+23 0.16578524E+20
 0.24141607E+23 0.16426714E+20
 0.23924731E+23 0.16276293E+20
 0.23709780E+23 0.16127250E+20
 0.23496739E+23 0.15979571E+20
 0.23285590E+23 0.15833243E+20
 0.23076317E+23 0.15688255E+20
 0.22868904E+23 0.15544594E+20
 0.22663334E+23 0.15402249E+20
 0.22459592E+23 0.15261206E+20
 0.22257661E+23 0.15121454E+20
 0.22057525E+23 0.14982982E+20
 0.21859170E+23 0.14845777E+20
 0.21662578E+23 0.14709828E+20
 0.21467736E+23 0.14575124E+20
 0.21274627E+23 0.14441653E+20
 0.21083237E+23 0.14309404E+20
 0.20893550E+23 0.14178365E+20
 0.20705551E+23 0.14048526E+20
 0.20519226E+23 0.13919875E+20
 0.20334561E+23 0.13792403E+20
 0.20151540E+23 0.13666097E+20
 0.19970149E+23 0.13540947E+20
 0.19790374E+23 0.13416943E+20
 0.19612200E+23 0.13294075E+20
 0.19435615E+23 0.13172331E+20
 0.19260603E+23 0.13051701E+20
 0.19087151E+23 0.12932176E+20
 0.18915246E+23 0.12813745E+20
 0.18744873E+23 0.12696399E+20
 0.18576019E+23 0.12580126E+20
 0.18408672E+23 0.12464919E+20
 0.18242817E+23 0.12350765E+20
 0.18078442E+23 0.12237657E+20
 0.17915533E+23 0.12125585E+20
 0.17754078E+23 0.12014538E+20
 0.17594064E+23 0.11904508E+20
 0.17435479E+23 0.11795485E+20
 0.17278309E+23 0.11687461E+20
 0.17122543E+23 0.11580425E+20
 0.16968167E+23 0.11474370E+20
 0.16815171E+23 0.11369285E+20
 0.16663540E+23 0.11265162E+20
 0.16513265E+23 0.11161993E+20
 0.16364332E+23 0.11059768E+20
 0.16216730E+23 0.10958479E+20
 0.16070447E+23 0.10858118E+20
 0.15925472E+23 0.10758675E+20
 0.15781793E+23 0.10660143E+20
 0.15639398E+23 0.10562513E+20
 0.15498277E+23 0.10465776E+20
 0.15358417E+23 0.10369926E+20
 0.15219809E+23 0.10274953E+20
 0.15082440E+23 0.10180849E+20
 0.14946300E+23 0.10087607E+20
 0.14811379E+23 0.99952188E+19
 0.14677665E+23 0.99036764E+19
 0.14545147E+23 0.98129722E+19
 0.14413816E+23 0.97230984E+19
 0.14283660E+23 0.96340475E+19
 0.14154670E+23 0.95458119E+19
 0.14026834E+23 0.94583842E+19
 0.13900144E+23 0.93717570E+19
 0.13774588E+23 0.92859229E+19
 0.13650156E+23 0.92008747E+19
 0.13526840E+23 0.91166053E+19
 0.13404628E+23 0.90331074E+19
 0.13283512E+23 0.89503740E+19
 0.13163481E+23 0.88683981E+19
 0.13044525E+23 0.87871728E+19
 0.12926636E+23 0.87066912E+19
 0.12809804E+23 0.86269465E+19
 0.12694019E+23 0.85479320E+19
 0.12579273E+23 0.84696409E+19
 0.12465555E+23 0.83920667E+19
 0.12352858E+23 0.83152028E+19
 0.12241171E+23 0.82390427E+19
 0.12130486E+23 0.81635799E+19
 0.12020795E+23 0.80888081E+19
 0.11912087E+23 0.80147209E+19
 0.11804355E+23 0.79413121E+19
 0.11697591E+23 0.78685755E+19
 0.11591784E+23 0.77965049E+19
 0.11486927E+23 0.77250942E+19
 0.11383012E+23 0.76543373E+19
 0.11280029E+23 0.75842284E+19
 0.11177972E+23 0.75147614E+19
 0.11076831E+23 0.74459305E+19
 0.10976598E+23 0.73777298E+19
 0.10877266E+23 0.73101537E+19
 0.10778826E+23 0.72431963E+19
 0.10681270E+23 0.71768520E+19
 0.10584591E+23 0.71111152E+19
 0.10488781E+23 0.70459804E+19
 0.10393832E+23 0.69814419E+19
 0.10299737E+23 0.69174945E+19
 0.10206487E+23 0.68541326E+19
 0.10114076E+23 0.67913509E+19
 0.10022495E+23 0.67291441E+19
 0.99317380E+22 0.66675069E+19
 0.98417971E+22 0.66064341E+19
 0.97526652E+22 0.65459205E+19
 0.96643349E+22 0.64859611E+19
 0.95767992E+22 0.64265507E+19
 0.94900511E+22 0.63676844E+19
 0.94040834E+22 0.63093571E+19
 0.93188893E+22 0.62515639E+19
 0.92344618E+22 0.61942999E+19
 0.91507942E+22 0.61375603E+19
 0.90678797E+22 0.60813403E+19
 0.89857115E+22 0.60256351E+19
 0.89042830E+22 0.59704400E+19
 0.88235877E+22 0.59157503E+19
 0.87436189E+22 0.58615615E+19
 0.86643703E+22 0.58078688E+19
 0.85858354E+22 0.57546679E+19
 0.85080078E+22 0.57019541E+19
 0.84308812E+22 0.56497230E+19
 0.83544494E+22 0.55979703E+19
 0.82787062E+22 0.55466914E+19
 0.82036455E+22 0.54958822E+19
 0.81292610E+22 0.54455382E+19
 0.80555469E+22 0.53956553E+19
 0.79824972E+22 0.53462291E+19
 0.79101058E+22 0.52972556E+19
 0.78383670E+22 0.52487306E+19
 0.77672749E+22 0.52006499E+19
 0.76968237E+22 0.51530096E+19
 0.76270077E+22 0.51058055E+19
 0.75578212E+22 0.50590337E+19
 0.74892587E+22 0.50126902E+19
 0.74213145E+22 0.49667711E+19
 0.73539831E+22 0.49212725E+19
 0.72872590E+22 0.48761906E+19
 0.72211368E+22 0.48315215E+19
 0.71556112E+22 0.47872616E+19
 0.70906768E+22 0.47434069E+19
 0.70263282E+22 0.46999538E+19
 0.69625604E+22 0.46568987E+19
 0.68993680E+22 0.46142379E+19
 0.68367459E+22 0.45719678E+19
 0.67746891E+22 0.45300848E+19
 0.67131924E+22 0.44885853E+19
 0.66522509E+22 0.44474659E+19
 0.65918596E+22 0.44067231E+19
 0.65320135E+22 0.43663534E+19
 0.64727079E+22 0.43263534E+19
 0.64139377E+22 0.42867197E+19
 0.63556984E+22 0.42474490E+19
 0.62979850E+22 0.42085380E+19
 0.62407929E+22 0.41699833E+19
 0.61841174E+22 0.41317817E+19
 0.61279540E+22 0.40939299E+19
 0.60722979E+22 0.40564248E+19
 0.60171447E+22 0.40192632E+19
 0.59624898E+22 0.39824420E+19
 0.59083288E+22 0.39459579E+19
 0.58546573E+22 0.39098080E+19
 0.58014708E+22 0.38739892E+19
 0.57487651E+22 0.38384984E+19
 0.56965358E+22 0.38033326E+19
 0.56447786E+22 0.37684889E+19
 0.55934893E+22 0.37339644E+19
 0.55426638E+22 0.36997560E+19
 0.54922978E+22 0.36658609E+19
 0.54423872E+22 0.36322763E+19
 0.53929279E+22 0.35989992E+19
 0.53439159E+22 0.35660269E+19
 0.52953473E+22 0.35333566E+19
 0.52472179E+22 0.35009856E+19
 0.51995238E+22 0.34689110E+19
 0.51522612E+22 0.34371301E+19
 0.51054262E+22 0.34056403E+19
 0.50590149E+22 0.33744390E+19
 0.50130236E+22 0.33435234E+19
 0.49674483E+22 0.33128910E+19
 0.49222856E+22 0.32825391E+19
 0.48775315E+22 0.32524652E+19
 0.48331824E+22 0.32226667E+19
 0.47892348E+22 0.31931412E+19
 0.47456850E+22 0.31638861E+19
 0.47025294E+22 0.31348990E+19
 0.46597644E+22 0.31061773E+19
 0.46173867E+22 0.30777187E+19
 0.45753926E+22 0.30495208E+19
 0.45337787E+22 0.30215811E+19
 0.44925417E+22 0.29938974E+19
 0.44516781E+22 0.29664672E+19
 0.44111845E+22 0.29392882E+19
 0.43710578E+22 0.29123582E+19
 0.43312944E+22 0.28856748E+19
 0.42918912E+22 0.28592359E+19
 0.42528450E+22 0.28330391E+19
 0.42141525E+22 0.28070822E+19
 0.41758105E+22 0.27813632E+19
 0.41378159E+22 0.27558796E+19
 0.41001656E+22 0.27306295E+19
 0.40628564E+22 0.27056107E+19
 0.40258854E+22 0.26808210E+19
 0.39892493E+22 0.26562584E+19
 0.39529453E+22 0.26319208E+19
 0.39169704E+22 0.26078061E+19
 0.38813215E+22 0.25839123E+19
 0.38459957E+22 0.25602373E+19
 0.38109902E+22 0.25367792E+19
 0.37763020E+22 0.25135360E+19
 0.37419284E+22 0.24905057E+19
 0.37078663E+22 0.24676863E+19
 0.36741132E+22 0.24450760E+19
 0.36406660E+22 0.24226728E+19
 0.36075222E+22 0.24004747E+19
 0.35746790E+22 0.23784800E+19
 0.35421336E+22 0.23566868E+19
 0.35098834E+22 0.23350932E+19
 0.34779257E+22 0.23136974E+19
 0.34462579E+22 0.22924976E+19
 0.34148774E+22 0.22714920E+19
 0.33837815E+22 0.22506788E+19
 0.33529677E+22 0.22300563E+19
 0.33224335E+22 0.22096226E+19
 0.32921764E+22 0.21893762E+19
 0.32621938E+22 0.21693152E+19
 0.32324832E+22 0.21494379E+19
 0.32030423E+22 0.21297428E+19
 0.31738686E+22 0.21102281E+19
 0.31449596E+22 0.20908921E+19
 0.31163130E+22 0.20717333E+19
 0.30879264E+22 0.20527499E+19
 0.30597975E+22 0.20339405E+19
 0.30319239E+22 0.20153033E+19
 0.30043033E+22 0.19968369E+19
 0.29769335E+22 0.19785397E+19
 0.29498122E+22 0.19604101E+19
 0.29229372E+22 0.19424465E+19
 0.28963061E+22 0.19246475E+19
 0.28699169E+22 0.19070116E+19
 0.28437673E+22 0.18895372E+19
 0.28178551E+22 0.18722229E+19
 0.27921783E+22 0.18550672E+19
 0.27667347E+22 0.18380687E+19
 0.27415222E+22 0.18212259E+19
 0.27165387E+22 0.18045374E+19
 0.26917821E+22 0.17880018E+19
 0.26672504E+22 0.17716176E+19
 0.26429415E+22 0.17553836E+19
 0.26188535E+22 0.17392983E+19
 0.25949843E+22 0.17233603E+19
 0.25713320E+22 0.17075683E+19
 0.25478946E+22 0.16919211E+19
 0.25246701E+22 0.16764171E+19
 0.25016567E+22 0.16610552E+19
 0.24788524E+22 0.16458341E+19
 0.24562553E+22 0.16307524E+19
 0.24338636E+22 0.16158088E+19
 0.24116754E+22 0.16010022E+19
 0.23896889E+22 0.15863312E+19
 0.23679022E+22 0.15717946E+19
 0.23463135E+22 0.15573912E+19
 0.23249211E+22 0.15431197E+19
 0.23037231E+22 0.15289790E+19
 0.22827179E+22 0.15149679E+19
 0.22619036E+22 0.15010851E+19
 0.22412785E+22 0.14873295E+19
 0.22208410E+22 0.14736999E+19
 0.22005892E+22 0.14601952E+19
 0.21805217E+22 0.14468142E+19
 0.21606366E+22 0.14335558E+19
 0.21409323E+22 0.14204189E+19
 0.21214072E+22 0.14074024E+19
 0.21020597E+22 0.13945050E+19
 0.20828881E+22 0.13817259E+19
 0.20638909E+22 0.13690638E+19
 0.20450664E+22 0.13565178E+19
 0.20264132E+22 0.13440867E+19
 0.20079297E+22 0.13317695E+19
 0.19896143E+22 0.13195651E+19
 0.19714655E+22 0.13074726E+19
 0.19534818E+22 0.12954908E+19
 0.19356617E+22 0.12836188E+19
 0.19180038E+22 0.12718556E+19
 0.19005065E+22 0.12602002E+19
 0.18831683E+22 0.12486516E+19
 0.18659880E+22 0.12372087E+19
 0.18489640E+22 0.12258707E+19
 0.18320949E+22 0.12146366E+19
 0.18153792E+22 0.12035055E+19
 0.17988158E+22 0.11924763E+19
 0.17824030E+22 0.11815481E+19
 0.17661396E+22 0.11707201E+19
 0.17500242E+22 0.11599913E+19
 0.17340555E+22 0.11493608E+19
 0.17182322E+22 0.11388277E+19
 0.17025529E+22 0.11283912E+19
 0.16870163E+22 0.11180502E+19
 0.16716211E+22 0.11078040E+19
 0.16563661E+22 0.10976517E+19
 0.16412499E+22 0.10875923E+19
 0.16262714E+22 0.10776252E+19
 0.16114292E+22 0.10677494E+19
 0.15967222E+22 0.10579641E+19
 0.15821491E+22 0.10482684E+19
 0.15677086E+22 0.10386616E+19
 0.15533997E+22 0.10291428E+19
 0.15392210E+22 0.10197112E+19
 0.15251715E+22 0.10103660E+19
 0.15112499E+22 0.10011065E+19
 0.14974550E+22 0.99193176E+18
 0.14837858E+22 0.98284113E+18
 0.14702411E+22 0.97383380E+18
 0.14568198E+22 0.96490899E+18
 0.14435207E+22 0.95606597E+18
 0.14303427E+22 0.94730397E+18
 0.14172848E+22 0.93862226E+18
 0.14043458E+22 0.93002010E+18
 0.13915247E+22 0.92149676E+18
 0.13788203E+22 0.91305152E+18
 0.13662317E+22 0.90468366E+18
 0.13537578E+22 0.89639248E+18
 0.13413975E+22 0.88817727E+18
 0.13291498E+22 0.88003734E+18
 0.13170138E+22 0.87197200E+18
 0.13049883E+22 0.86398056E+18
 0.12930723E+22 0.85606234E+18
 0.12812650E+22 0.84821669E+18
 0.12695652E+22 0.84044292E+18
 0.12579720E+22 0.83274039E+18
 0.12464845E+22 0.82510843E+18
 0.12351017E+22 0.81754641E+18
 0.12238226E+22 0.81005369E+18
 0.12126463E+22 0.80262962E+18
 0.12015718E+22 0.79527358E+18
 0.11905983E+22 0.78798495E+18
 0.11797248E+22 0.78076311E+18
 0.11689504E+22 0.77360744E+18
 0.11582742E+22 0.76651734E+18
 0.11476954E+22 0.75949221E+18
 0.11372129E+22 0.75253146E+18
 0.11268260E+22 0.74563449E+18
 0.11165338E+22 0.73880073E+18
 0.11063355E+22 0.73202958E+18
 0.10962301E+22 0.72532048E+18
 0.10862168E+22 0.71867287E+18
 0.10762948E+22 0.71208616E+18
 0.10664633E+22 0.70555982E+18
 0.10567214E+22 0.69909328E+18
 0.10470683E+22 0.69268600E+18
 0.10375033E+22 0.68633743E+18
 0.10280255E+22 0.68004704E+18
 0.10186341E+22 0.67381429E+18
 0.10093283E+22 0.66763866E+18
 0.10001074E+22 0.66151962E+18
 0.99097055E+21 0.65545665E+18
 0.98191704E+21 0.64944924E+18
 0.97294611E+21 0.64349688E+18
 0.96405698E+21 0.63759907E+18
 0.95524893E+21 0.63175531E+18
 0.94652121E+21 0.62596510E+18
 0.93787309E+21 0.62022795E+18
 0.92930385E+21 0.61454337E+18
 0.92081277E+21 0.60891089E+18
 0.91239914E+21 0.60333002E+18
 0.90406226E+21 0.59780030E+18
 0.89580142E+21 0.59232125E+18
 0.88761594E+21 0.58689241E+18
 0.87950513E+21 0.58151332E+18
 0.87146831E+21 0.57618352E+18
 0.86350481E+21 0.57090257E+18
 0.85561395E+21 0.56567001E+18
 0.84779509E+21 0.56048540E+18
 0.84004756E+21 0.55534831E+18
 0.83237071E+21 0.55025829E+18
 0.82476391E+21 0.54521492E+18
 0.81722651E+21 0.54021777E+18
 0.80975789E+21 0.53526641E+18
 0.80235741E+21 0.53036043E+18
 0.79502446E+21 0.52549940E+18
 0.78775842E+21 0.52068293E+18
 0.78055868E+21 0.51591059E+18
 0.77342464E+21 0.51118199E+18
 0.76635571E+21 0.50649672E+18
 0.75935128E+21 0.50185439E+18
 0.75241078E+21 0.49725461E+18
 0.74553361E+21 0.49269697E+18
 0.73871921E+21 0.48818111E+18
 0.73196700E+21 0.48370663E+18
 0.72527642E+21 0.47927316E+18
 0.71864690E+21 0.47488032E+18
 0.71207789E+21 0.47052773E+18
 0.70556883E+21 0.46621504E+18
 0.69911919E+21 0.46194186E+18
 0.69272842E+21 0.45770785E+18
 0.68639599E+21 0.45351264E+18
 0.68012135E+21 0.44935588E+18
 0.67390400E+21 0.44523722E+18
 0.66774340E+21 0.44115630E+18
 0.66163903E+21 0.43711277E+18
 0.65559040E+21 0.43310631E+18
 0.64959698E+21 0.42913657E+18
 0.64365828E+21 0.42520320E+18
 0.63777379E+21 0.42130588E+18
 0.63194303E+21 0.41744428E+18
 0.62616550E+21 0.41361807E+18
 0.62044073E+21 0.40982693E+18
 0.61476822E+21 0.40607053E+18
 0.60914750E+21 0.40234856E+18
 0.60357810E+21 0.39866070E+18
 0.59805956E+21 0.39500664E+18
 0.59259140E+21 0.39138606E+18
 0.58717318E+21 0.38779867E+18
 0.58180443E+21 0.38424415E+18
 0.57648471E+21 0.38072221E+18
 0.57121356E+21 0.37723255E+18
 0.56599055E+21 0.37377487E+18
 0.56081524E+21 0.37034888E+18
 0.55568718E+21 0.36695429E+18
 0.55060596E+21 0.36359081E+18
 0.54557115E+21 0.36025816E+18
 0.54058231E+21 0.35695605E+18
 0.53563904E+21 0.35368420E+18
 0.53074091E+21 0.35044234E+18
 0.52588752E+21 0.34723019E+18
 0.52107846E+21 0.34404748E+18
 0.51631332E+21 0.34089394E+18
 0.51159171E+21 0.33776930E+18
 0.50691322E+21 0.33467330E+18
 0.50227746E+21 0.33160567E+18
 0.49768405E+21 0.32856616E+18
 0.49313260E+21 0.32555451E+18
 0.48862272E+21 0.32257045E+18
 0.48415404E+21 0.31961375E+18
 0.47972618E+21 0.31668415E+18
 0.47533876E+21 0.31378139E+18
 0.47099143E+21 0.31090524E+18
 0.46668381E+21 0.30805545E+18
 0.46241554E+21 0.30523178E+18
 0.45818627E+21 0.30243399E+18
 0.45399563E+21 0.29966184E+18
 0.44984328E+21 0.29691509E+18
 0.44572887E+21 0.29419353E+18
 0.44165204E+21 0.29149690E+18
 0.43761246E+21 0.28882499E+18
 0.43360979E+21 0.28617757E+18
 0.42964370E+21 0.28355441E+18
 0.42571383E+21 0.28095530E+18
 0.42181988E+21 0.27838001E+18
 0.41796150E+21 0.27582832E+18
 0.41413838E+21 0.27330001E+18
 0.41035020E+21 0.27079488E+18
 0.40659662E+21 0.26831271E+18
 0.40287735E+21 0.26585329E+18
 0.39919206E+21 0.26341642E+18
 0.39554045E+21 0.26100187E+18
 0.39192221E+21 0.25860946E+18
 0.38833703E+21 0.25623897E+18
 0.38478461E+21 0.25389021E+18
 0.38126466E+21 0.25156298E+18
 0.37777688E+21 0.24925708E+18
 0.37432097E+21 0.24697231E+18
 0.37089664E+21 0.24470849E+18
 0.36750361E+21 0.24246541E+18
 0.36414158E+21 0.24024289E+18
 0.36081029E+21 0.23804074E+18
 0.35750944E+21 0.23585878E+18
 0.35423875E+21 0.23369681E+18
 0.35099796E+21 0.23155466E+18
 0.34778680E+21 0.22943214E+18
 0.34460498E+21 0.22732908E+18
 0.34145224E+21 0.22524529E+18
 0.33832832E+21 0.22318061E+18
 0.33523295E+21 0.22113484E+18
 0.33216588E+21 0.21910783E+18
 0.32912684E+21 0.21709940E+18
 0.32611558E+21 0.21510937E+18
 0.32313185E+21 0.21313759E+18
 0.32017539E+21 0.21118387E+18
 0.31724596E+21 0.20924807E+18
 0.31434330E+21 0.20733000E+18
 0.31146718E+21 0.20542952E+18
 0.30861735E+21 0.20354646E+18
 0.30579357E+21 0.20168065E+18
 0.30299561E+21 0.19983195E+18
 0.30022322E+21 0.19800019E+18
 0.29747618E+21 0.19618522E+18
 0.29475426E+21 0.19438689E+18
 0.29205721E+21 0.19260504E+18
 0.28938483E+21 0.19083952E+18
 0.28673688E+21 0.18909019E+18
 0.28411313E+21 0.18735688E+18
 0.28151338E+21 0.18563947E+18
 0.27893739E+21 0.18393780E+18
 0.27638495E+21 0.18225172E+18
 0.27385586E+21 0.18058110E+18
 0.27134988E+21 0.17892579E+18
 0.26886682E+21 0.17728565E+18
 0.26640646E+21 0.17566055E+18
 0.26396860E+21 0.17405034E+18
 0.26155303E+21 0.17245489E+18
 0.25915955E+21 0.17087407E+18
 0.25678795E+21 0.16930773E+18
 0.25443803E+21 0.16775575E+18
 0.25210961E+21 0.16621800E+18
 0.24980247E+21 0.16469434E+18
 0.24751644E+21 0.16318464E+18
 0.24525130E+21 0.16168879E+18
 0.24300688E+21 0.16020664E+18
 0.24078299E+21 0.15873809E+18
 0.23857943E+21 0.15728299E+18
 0.23639602E+21 0.15584123E+18
 0.23423258E+21 0.15441268E+18
 0.23208892E+21 0.15299723E+18
 0.22996487E+21 0.15159475E+18
 0.22786024E+21 0.15020513E+18
 0.22577486E+21 0.14882824E+18
 0.22370855E+21 0.14746398E+18
 0.22166114E+21 0.14611222E+18
 0.21963245E+21 0.14477285E+18
 0.21762232E+21 0.14344576E+18
 0.21563057E+21 0.14213083E+18
 0.21365704E+21 0.14082795E+18
 0.21170155E+21 0.13953702E+18
 0.20976395E+21 0.13825792E+18
 0.20784408E+21 0.13699054E+18
 0.20594176E+21 0.13573478E+18
 0.20405684E+21 0.13449053E+18
 0.20218916E+21 0.13325769E+18
 0.20033857E+21 0.13203614E+18
 0.19850490E+21 0.13082580E+18
 0.19668800E+21 0.12962654E+18
 0.19488772E+21 0.12843828E+18
 0.19310391E+21 0.12726092E+18
 0.19133641E+21 0.12609434E+18
 0.18958508E+21 0.12493846E+18
 0.18784978E+21 0.12379317E+18
 0.18613034E+21 0.12265838E+18
 0.18442663E+21 0.12153399E+18
 0.18273851E+21 0.12041991E+18
 0.18106583E+21 0.11931604E+18
 0.17940845E+21 0.11822228E+18
 0.17776623E+21 0.11713856E+18
 0.17613903E+21 0.11606477E+18
 0.17452672E+21 0.11500082E+18
 0.17292916E+21 0.11394662E+18
 0.17134621E+21 0.11290208E+18
 0.16977775E+21 0.11186712E+18
 0.16822363E+21 0.11084165E+18
 0.16668373E+21 0.10982558E+18
 0.16515792E+21 0.10881882E+18
 0.16364606E+21 0.10782129E+18
 0.16214804E+21 0.10683290E+18
 0.16066372E+21 0.10585357E+18
 0.15919298E+21 0.10488322E+18
 0.15773570E+21 0.10392176E+18
 0.15629174E+21 0.10296912E+18
 0.15486100E+21 0.10202521E+18
 0.15344335E+21 0.10108995E+18
 0.15203867E+21 0.10016326E+18
 0.15064684E+21 0.99245073E+17
 0.14926775E+21 0.98335298E+17
 0.14790127E+21 0.97433862E+17
 0.14654729E+21 0.96540689E+17
 0.14520570E+21 0.95655704E+17
 0.14387639E+21 0.94778830E+17
 0.14255924E+21 0.93909995E+17
 0.14125414E+21 0.93049123E+17
 0.13996099E+21 0.92196143E+17
 0.13867966E+21 0.91350982E+17
 0.13741006E+21 0.90513567E+17
 0.13615207E+21 0.89683829E+17
 0.13490560E+21 0.88861697E+17
 0.13367053E+21 0.88047101E+17
 0.13244676E+21 0.87239971E+17
 0.13123419E+21 0.86440240E+17
 0.13003272E+21 0.85647840E+17
 0.12884224E+21 0.84862704E+17
 0.12766265E+21 0.84084764E+17
 0.12649386E+21 0.83313956E+17
 0.12533576E+21 0.82550213E+17
 0.12418826E+21 0.81793471E+17
 0.12305126E+21 0.81043666E+17
 0.12192466E+21 0.80300734E+17
 0.12080837E+21 0.79564612E+17
 0.11970230E+21 0.78835237E+17
 0.11860635E+21 0.78112549E+17
 0.11752043E+21 0.77396485E+17
 0.11644444E+21 0.76686985E+17
 0.11537830E+21 0.75983989E+17
 0.11432192E+21 0.75287437E+17
 0.11327521E+21 0.74597270E+17
 0.11223807E+21 0.73913429E+17
 0.11121043E+21 0.73235857E+17
 0.11019219E+21 0.72564496E+17
 0.10918327E+21 0.71899289E+17
 0.10818358E+21 0.71240180E+17
 0.10719304E+21 0.70587112E+17
 0.10621156E+21 0.69940031E+17
 0.10523907E+21 0.69298882E+17
 0.10427548E+21 0.68663610E+17
 0.10332071E+21 0.68034161E+17
 0.10237467E+21 0.67410482E+17
 0.10143729E+21 0.66792520E+17
 0.10050849E+21 0.66180223E+17
 0.99588196E+20 0.65573539E+17
 0.98676321E+20 0.64972415E+17
 0.97772791E+20 0.64376803E+17
 0.96877531E+20 0.63786650E+17
 0.95990464E+20 0.63201906E+17
 0.95111516E+20 0.62622523E+17
 0.94240613E+20 0.62048452E+17
 0.93377681E+20 0.61479642E+17
 0.92522647E+20 0.60916046E+17
 0.91675438E+20 0.60357617E+17
 0.90835984E+20 0.59804307E+17
 0.90004213E+20 0.59256069E+17
 0.89180056E+20 0.58712857E+17
 0.88363441E+20 0.58174624E+17
 0.87554301E+20 0.57641325E+17
 0.86752567E+20 0.57112914E+17
 0.85958171E+20 0.56589348E+17
 0.85171047E+20 0.56070580E+17
 0.84391127E+20 0.55556569E+17
 0.83618345E+20 0.55047269E+17
 0.82852638E+20 0.54542638E+17
 0.82093939E+20 0.54042632E+17
 0.81342184E+20 0.53547210E+17
 0.80597311E+20 0.53056330E+17
 0.79859256E+20 0.52569949E+17
 0.79127956E+20 0.52088027E+17
 0.78403351E+20 0.51610523E+17
 0.77685378E+20 0.51137396E+17
 0.76973977E+20 0.50668606E+17
 0.76269088E+20 0.50204113E+17
 0.75570652E+20 0.49743878E+17
 0.74878609E+20 0.49287862E+17
 0.74192900E+20 0.48836027E+17
 0.73513469E+20 0.48388333E+17
 0.72840257E+20 0.47944743E+17
 0.72173207E+20 0.47505220E+17
 0.71512264E+20 0.47069726E+17
 0.70857371E+20 0.46638224E+17
 0.70208473E+20 0.46210677E+17
 0.69565515E+20 0.45787050E+17
 0.68928443E+20 0.45367306E+17
 0.68297202E+20 0.44951410E+17
 0.67671741E+20 0.44539326E+17
 0.67052005E+20 0.44131020E+17
 0.66437942E+20 0.43726457E+17
 0.65829500E+20 0.43325602E+17
 0.65226629E+20 0.42928422E+17
 0.64629276E+20 0.42534883E+17
 0.64037392E+20 0.42144952E+17
 0.63450927E+20 0.41758595E+17
 0.62869830E+20 0.41375779E+17
 0.62294053E+20 0.40996473E+17
 0.61723548E+20 0.40620644E+17
 0.61158265E+20 0.40248261E+17
 0.60598157E+20 0.39879291E+17
 0.60043176E+20 0.39513703E+17
 0.59493277E+20 0.39151467E+17
 0.58948412E+20 0.38792551E+17
 0.58408535E+20 0.38436925E+17
 0.57873601E+20 0.38084560E+17
 0.57343564E+20 0.37735425E+17
 0.56818379E+20 0.37389490E+17
 0.56298003E+20 0.37046726E+17
 0.55782391E+20 0.36707105E+17
 0.55271499E+20 0.36370597E+17
 0.54765285E+20 0.36037173E+17
 0.54263706E+20 0.35706806E+17
 0.53766718E+20 0.35379468E+17
 0.53274281E+20 0.35055130E+17
 0.52786352E+20 0.34733766E+17
 0.52302890E+20 0.34415347E+17
 0.51823855E+20 0.34099848E+17
 0.51349205E+20 0.33787241E+17
 0.50878901E+20 0.33477499E+17
 0.50412903E+20 0.33170597E+17
 0.49951172E+20 0.32866508E+17
 0.49493668E+20 0.32565207E+17
 0.49040353E+20 0.32266668E+17
 0.48591188E+20 0.31970866E+17
 0.48146136E+20 0.31677775E+17
 0.47705158E+20 0.31387371E+17
 0.47268218E+20 0.31099629E+17
 0.46835279E+20 0.30814526E+17
 0.46406304E+20 0.30532035E+17
 0.45981256E+20 0.30252134E+17
 0.45560100E+20 0.29974800E+17
 0.45142801E+20 0.29700007E+17
