# ea sducons      ds-3.14.05-beta22                                 
 0.00000000E+00
 0.00000000E+00
 0.00000000E+00
 0.00000000E+00
 0.00000000E+00
 0.00000000E+00
 0.00000000E+00
 0.00000000E+00
 0.00000000E+00
 0.00000000E+00
 0.00000000E+00
 0.00000000E+00
 0.00000000E+00
 0.00000000E+00
 0.00000000E+00
 0.00000000E+00
 0.00000000E+00
 0.00000000E+00
 0.00000000E+00
 0.00000000E+00
 0.00000000E+00
 0.00000000E+00
 0.00000000E+00
 0.00000000E+00
 0.00000000E+00
 0.00000000E+00
 0.00000000E+00
 0.00000000E+00
 0.00000000E+00
 0.00000000E+00
 0.00000000E+00
 0.00000000E+00
 0.00000000E+00
 0.00000000E+00
 0.00000000E+00
 0.00000000E+00
 0.00000000E+00
 0.00000000E+00
 0.00000000E+00
 0.00000000E+00
 0.00000000E+00
 0.00000000E+00
 0.00000000E+00
 0.00000000E+00
 0.00000000E+00
 0.00000000E+00
 0.00000000E+00
 0.00000000E+00
 0.00000000E+00
 0.00000000E+00
 0.00000000E+00
 0.00000000E+00
 0.00000000E+00
 0.00000000E+00
 0.00000000E+00
 0.00000000E+00
 0.00000000E+00
 0.00000000E+00
 0.00000000E+00
 0.00000000E+00
 0.00000000E+00
 0.00000000E+00
 0.00000000E+00
 0.00000000E+00
 0.00000000E+00
 0.00000000E+00
 0.00000000E+00
 0.00000000E+00
 0.00000000E+00
 0.00000000E+00
 0.00000000E+00
 0.00000000E+00
 0.00000000E+00
 0.00000000E+00
 0.00000000E+00
 0.00000000E+00
 0.00000000E+00
 0.00000000E+00
 0.00000000E+00
 0.00000000E+00
 0.00000000E+00
 0.00000000E+00
 0.00000000E+00
 0.00000000E+00
 0.00000000E+00
 0.00000000E+00
 0.00000000E+00
 0.00000000E+00
 0.00000000E+00
 0.00000000E+00
 0.00000000E+00
 0.00000000E+00
 0.00000000E+00
 0.00000000E+00
 0.00000000E+00
 0.00000000E+00
 0.00000000E+00
 0.00000000E+00
 0.00000000E+00
 0.00000000E+00
 0.00000000E+00
 0.00000000E+00
 0.00000000E+00
 0.00000000E+00
 0.00000000E+00
 0.00000000E+00
 0.00000000E+00
 0.00000000E+00
 0.00000000E+00
 0.00000000E+00
 0.00000000E+00
 0.00000000E+00
 0.00000000E+00
 0.00000000E+00
 0.00000000E+00
 0.00000000E+00
 0.00000000E+00
 0.00000000E+00
 0.00000000E+00
 0.00000000E+00
 0.00000000E+00
 0.00000000E+00
 0.00000000E+00
 0.00000000E+00
 0.00000000E+00
 0.00000000E+00
 0.00000000E+00
 0.00000000E+00
 0.00000000E+00
 0.00000000E+00
 0.00000000E+00
 0.00000000E+00
 0.00000000E+00
 0.00000000E+00
 0.00000000E+00
 0.00000000E+00
 0.00000000E+00
 0.00000000E+00
 0.00000000E+00
 0.00000000E+00
 0.00000000E+00
 0.00000000E+00
 0.00000000E+00
 0.00000000E+00
 0.00000000E+00
 0.00000000E+00
 0.00000000E+00
 0.00000000E+00
 0.00000000E+00
 0.00000000E+00
 0.00000000E+00
 0.00000000E+00
 0.00000000E+00
 0.00000000E+00
 0.00000000E+00
 0.00000000E+00
 0.00000000E+00
 0.00000000E+00
 0.00000000E+00
 0.00000000E+00
 0.00000000E+00
 0.00000000E+00
 0.00000000E+00
 0.00000000E+00
 0.00000000E+00
 0.00000000E+00
 0.00000000E+00
 0.00000000E+00
 0.00000000E+00
 0.00000000E+00
 0.00000000E+00
 0.00000000E+00
 0.00000000E+00
 0.00000000E+00
 0.00000000E+00
 0.00000000E+00
 0.00000000E+00
 0.00000000E+00
 0.00000000E+00
 0.00000000E+00
 0.15603939E+06
 0.32750729E+06
 0.60627412E+06
 0.11947605E+07
 0.21299195E+07
 0.34199893E+07
 0.50743079E+07
 0.71828187E+07
 0.10274958E+08
 0.14585252E+08
 0.20368388E+08
 0.27681933E+08
 0.36661031E+08
 0.47338220E+08
 0.59836752E+08
 0.75548970E+08
 0.95677712E+08
 0.12042428E+09
 0.14985080E+09
 0.18403803E+09
 0.22330813E+09
 0.26806865E+09
 0.31914531E+09
 0.37914117E+09
 0.44996693E+09
 0.53214244E+09
 0.62504493E+09
 0.73148542E+09
 0.85112585E+09
 0.98450165E+09
 0.11323982E+10
 0.12978165E+10
 0.14824593E+10
 0.16894072E+10
 0.19216362E+10
 0.21808542E+10
 0.24683578E+10
 0.27849074E+10
 0.31310514E+10
 0.35076034E+10
 0.39175752E+10
 0.43678452E+10
 0.48627216E+10
 0.54036939E+10
 0.59882500E+10
 0.66269574E+10
 0.73222590E+10
 0.80748811E+10
 0.88858016E+10
 0.97572219E+10
 0.10695499E+11
 0.11705327E+11
 0.12796219E+11
 0.13972205E+11
 0.15235912E+11
 0.16588322E+11
 0.18032575E+11
 0.19579303E+11
 0.21232616E+11
 0.23000811E+11
 0.24886218E+11
 0.26896054E+11
 0.29036148E+11
 0.31333650E+11
 0.33775699E+11
 0.36356494E+11
 0.39091098E+11
 0.41986937E+11
 0.45050646E+11
 0.48291601E+11
 0.51727680E+11
 0.55364359E+11
 0.59206399E+11
 0.63264995E+11
 0.67549403E+11
 0.72066216E+11
 0.76823611E+11
 0.81839957E+11
 0.87121652E+11
 0.92676010E+11
 0.98508969E+11
 0.10463369E+12
 0.11106108E+12
 0.11780519E+12
 0.12488570E+12
 0.13232351E+12
 0.14014144E+12
 0.14832844E+12
 0.15690199E+12
 0.16584719E+12
 0.17520602E+12
 0.18499760E+12
 0.19523383E+12
 0.20593025E+12
 0.21710610E+12
 0.22876626E+12
 0.24092417E+12
 0.25360919E+12
 0.26685124E+12
 0.28066336E+12
 0.29504903E+12
 0.31005070E+12
 0.32567927E+12
 0.34195746E+12
 0.35891484E+12
 0.37655428E+12
 0.39489349E+12
 0.41396105E+12
 0.43378451E+12
 0.45439693E+12
 0.47581636E+12
 0.49813242E+12
 0.52135192E+12
 0.54546779E+12
 0.57050177E+12
 0.59646233E+12
 0.62339898E+12
 0.65131799E+12
 0.68028179E+12
 0.71032875E+12
 0.74149905E+12
 0.77383188E+12
 0.80737238E+12
 0.84213684E+12
 0.87815607E+12
 0.91548230E+12
 0.95416976E+12
 0.99422864E+12
 0.10357055E+13
 0.10786422E+13
 0.11231090E+13
 0.11691628E+13
 0.12168426E+13
 0.12661973E+13
 0.13172800E+13
 0.13701175E+13
 0.14247704E+13
 0.14813000E+13
 0.15398192E+13
 0.16005136E+13
 0.16632786E+13
 0.17281794E+13
 0.17952582E+13
 0.18645910E+13
 0.19362560E+13
 0.20103235E+13
 0.20867437E+13
 0.21657239E+13
 0.22473631E+13
 0.23317514E+13
 0.24189503E+13
 0.25090302E+13
 0.26020476E+13
 0.26980967E+13
 0.27972744E+13
 0.28996895E+13
 0.30054450E+13
 0.31146243E+13
 0.32272866E+13
 0.33436375E+13
 0.34637928E+13
 0.35878340E+13
 0.37158944E+13
 0.38480840E+13
 0.39845095E+13
 0.41253044E+13
 0.42706919E+13
 0.44208168E+13
 0.45757727E+13
 0.47357006E+13
 0.49007439E+13
 0.50710195E+13
 0.52466328E+13
 0.54277560E+13
 0.56145638E+13
 0.58072268E+13
 0.60059226E+13
 0.62108086E+13
 0.64220081E+13
 0.66397669E+13
 0.68643882E+13
 0.70960059E+13
 0.73346359E+13
 0.75806456E+13
 0.78342882E+13
 0.80958222E+13
 0.83654395E+13
 0.86433792E+13
 0.89300378E+13
 0.92256198E+13
 0.95303967E+13
 0.98446025E+13
 0.10168501E+14
 0.10502357E+14
 0.10846464E+14
 0.11201323E+14
 0.11567230E+14
 0.11944450E+14
 0.12333256E+14
 0.12734024E+14
 0.13147149E+14
 0.13573011E+14
 0.14011856E+14
 0.14464077E+14
 0.14929986E+14
 0.15409831E+14
 0.15903984E+14
 0.16413288E+14
 0.16938160E+14
 0.17478996E+14
 0.18036265E+14
 0.18610433E+14
 0.19202058E+14
 0.19811749E+14
 0.20440129E+14
 0.21087977E+14
 0.21755818E+14
 0.22444102E+14
 0.23153583E+14
 0.23884791E+14
 0.24638440E+14
 0.25415300E+14
 0.26216086E+14
 0.27041534E+14
 0.27891746E+14
 0.28767626E+14
 0.29671028E+14
 0.30602693E+14
 0.31563500E+14
 0.32554493E+14
 0.33576286E+14
 0.34629402E+14
 0.35715002E+14
 0.36834495E+14
 0.37988635E+14
 0.39178046E+14
 0.40403857E+14
 0.41667467E+14
 0.42970637E+14
 0.44314995E+14
 0.45701301E+14
 0.47131014E+14
 0.48605356E+14
 0.50125630E+14
 0.51693126E+14
 0.53309825E+14
 0.54977367E+14
 0.56696950E+14
 0.58470688E+14
 0.60300254E+14
 0.62187901E+14
 0.64136052E+14
 0.66147283E+14
 0.68223639E+14
 0.70367116E+14
 0.72581378E+14
 0.74867578E+14
 0.77227279E+14
 0.79663166E+14
 0.82178632E+14
 0.84777070E+14
 0.87461182E+14
 0.90234018E+14
 0.93098820E+14
 0.96058705E+14
 0.99117368E+14
 0.10227911E+15
 0.10554679E+15
 0.10892366E+15
 0.11241453E+15
 0.11602274E+15
 0.11975301E+15
 0.12361179E+15
 0.12760273E+15
 0.13173090E+15
 0.13600136E+15
 0.14041878E+15
 0.14498823E+15
 0.14971531E+15
 0.15460550E+15
 0.15966683E+15
 0.16490699E+15
 0.17033523E+15
 0.17595964E+15
 0.18178801E+15
 0.18782720E+15
 0.19408620E+15
 0.20057444E+15
 0.20730034E+15
 0.21427457E+15
 0.22150620E+15
 0.22900803E+15
 0.23679333E+15
 0.24487501E+15
 0.25326528E+15
 0.26197614E+15
 0.27102126E+15
 0.28041414E+15
 0.29017302E+15
 0.30031635E+15
 0.31086336E+15
 0.32183049E+15
 0.33323461E+15
 0.34509328E+15
 0.35742338E+15
 0.37024672E+15
 0.38359467E+15
 0.39749922E+15
 0.41198701E+15
 0.42708692E+15
 0.44283002E+15
 0.45924578E+15
 0.47636463E+15
 0.49422161E+15
 0.51285838E+15
 0.53232347E+15
 0.55265908E+15
 0.57390798E+15
 0.59612382E+15
 0.61936521E+15
 0.64368333E+15
 0.66914247E+15
 0.69581741E+15
 0.72377106E+15
 0.75306898E+15
 0.78378149E+15
 0.81598738E+15
 0.84978682E+15
 0.88527935E+15
 0.92256040E+15
 0.96174241E+15
 0.10029410E+16
 0.10462859E+16
 0.10919237E+16
 0.11399979E+16
 0.11906662E+16
 0.12440931E+16
 0.13004292E+16
 0.13598772E+16
 0.14226840E+16
 0.14890655E+16
 0.15592234E+16
 0.16334128E+16
 0.17119177E+16
 0.17950007E+16
 0.18829667E+16
 0.19761578E+16
 0.20749388E+16
 0.21796844E+16
 0.22908733E+16
 0.24089893E+16
 0.25344057E+16
 0.26676069E+16
 0.28092368E+16
 0.29599288E+16
 0.31204396E+16
 0.32915244E+16
 0.34738099E+16
 0.36682506E+16
 0.38758190E+16
 0.40977545E+16
 0.43354601E+16
 0.45900976E+16
 0.48630468E+16
 0.51559361E+16
 0.54704371E+16
 0.58090168E+16
 0.61736664E+16
 0.65668027E+16
 0.69906799E+16
 0.74489747E+16
 0.79456869E+16
 0.84846798E+16
 0.90699824E+16
 0.97064430E+16
 0.10400473E+17
 0.11158848E+17
 0.11988416E+17
 0.12897651E+17
 0.13896735E+17
 0.14997319E+17
 0.16212190E+17
 0.17556629E+17
 0.19047803E+17
 0.20705343E+17
 0.22552069E+17
 0.24616100E+17
 0.26926590E+17
 0.29520581E+17
 0.32435801E+17
 0.35715479E+17
 0.39409982E+17
 0.43568564E+17
 0.48241996E+17
 0.53470184E+17
 0.59279781E+17
 0.65669048E+17
 0.72580146E+17
 0.79885103E+17
 0.87365579E+17
 0.94724044E+17
 0.10163843E+18
 0.10784094E+18
 0.11320322E+18
 0.11768193E+18
 0.12127575E+18
 0.12402292E+18
 0.12581436E+18
 0.12682516E+18
 0.12681979E+18
 0.12605917E+18
 0.12440884E+18
 0.12180674E+18
 0.11838906E+18
 0.11410007E+18
 0.10894602E+18
 0.10295695E+18
 0.96236223E+17
 0.89020445E+17
 0.81624659E+17
 0.74354052E+17
 0.67444147E+17
 0.61042923E+17
 0.55220116E+17
 0.49987028E+17
 0.45321387E+17
 0.41184960E+17
 0.37528764E+17
 0.34301974E+17
 0.31455497E+17
 0.28943057E+17
 0.26727545E+17
 0.24770884E+17
 0.23043036E+17
 0.21516271E+17
 0.20166792E+17
 0.18974858E+17
 0.17923707E+17
 0.16998208E+17
 0.16185414E+17
 0.15474538E+17
 0.14855549E+17
 0.14320687E+17
 0.13863770E+17
 0.13479046E+17
 0.13160923E+17
 0.12905429E+17
 0.12709613E+17
 0.12571261E+17
 0.12488245E+17
 0.12458120E+17
 0.12480393E+17
 0.12554725E+17
 0.12681168E+17
 0.12860404E+17
 0.13093209E+17
 0.13380555E+17
 0.13724209E+17
 0.14127569E+17
 0.14594046E+17
 0.15127165E+17
 0.15730911E+17
 0.16410208E+17
 0.17172088E+17
 0.18024090E+17
 0.18973686E+17
 0.20030381E+17
 0.21205645E+17
 0.22512625E+17
 0.23966109E+17
 0.25583532E+17
 0.27384586E+17
 0.29391435E+17
 0.31629379E+17
 0.34129858E+17
 0.36925205E+17
 0.40054488E+17
 0.43557886E+17
 0.47479345E+17
 0.51870558E+17
 0.56780459E+17
 0.62260462E+17
 0.68353409E+17
 0.75087337E+17
 0.82456700E+17
 0.90405865E+17
 0.98790122E+17
 0.10738638E+18
 0.11588476E+18
 0.12394494E+18
 0.13130206E+18
 0.13781991E+18
 0.14346795E+18
 0.14824823E+18
 0.15217876E+18
 0.15525225E+18
 0.15751919E+18
 0.15894422E+18
 0.15960650E+18
 0.15950517E+18
 0.15860054E+18
 0.15701375E+18
 0.15473063E+18
 0.15178532E+18
 0.14823715E+18
 0.14421875E+18
 0.14000235E+18
 0.13595768E+18
 0.13245864E+18
 0.12981392E+18
 0.12824721E+18
 0.12788877E+18
 0.12880360E+18
 0.13100547E+18
 0.13448575E+18
 0.13920726E+18
 0.14512293E+18
 0.15216405E+18
 0.16020985E+18
 0.16905071E+18
 0.17837218E+18
 0.18773646E+18
 0.19665278E+18
 0.20471878E+18
 0.21165462E+18
 0.21735849E+18
 0.22178344E+18
 0.22492711E+18
 0.22678569E+18
 0.22737860E+18
 0.22668394E+18
 0.22458890E+18
 0.22133336E+18
 0.21686641E+18
 0.21121627E+18
 0.20442184E+18
 0.19650232E+18
 0.18747250E+18
 0.17739363E+18
 0.16645791E+18
 0.15502830E+18
 0.14353607E+18
 0.13238308E+18
 0.12187568E+18
 0.11219560E+18
 0.10343236E+18
 0.95579263E+17
 0.88608151E+17
 0.82444655E+17
 0.76993426E+17
 0.72169736E+17
 0.67879622E+17
 0.64050712E+17
 0.60619392E+17
 0.57532255E+17
 0.54741883E+17
 0.52206219E+17
 0.49895708E+17
 0.47777887E+17
 0.45829256E+17
 0.44020474E+17
 0.42339328E+17
 0.40770658E+17
 0.39285090E+17
 0.37882786E+17
 0.36547009E+17
 0.35268981E+17
 0.34038356E+17
 0.32851248E+17
 0.31709017E+17
 0.30622085E+17
 0.29602512E+17
 0.28665474E+17
 0.27826091E+17
 0.27093198E+17
 0.26473092E+17
 0.25966992E+17
 0.25576416E+17
 0.25300437E+17
 0.25137625E+17
 0.25088361E+17
 0.25152575E+17
 0.25330117E+17
 0.25623766E+17
 0.26036165E+17
 0.26573039E+17
 0.27240207E+17
 0.28045604E+17
 0.28997418E+17
 0.30105600E+17
 0.31383233E+17
 0.32841367E+17
 0.34490541E+17
 0.36337095E+17
 0.38382625E+17
 0.40618944E+17
 0.43021984E+17
 0.45546028E+17
 0.48123757E+17
 0.50675524E+17
 0.53123802E+17
 0.55410490E+17
 0.57515300E+17
 0.59434451E+17
 0.61167819E+17
 0.62723177E+17
 0.64092599E+17
 0.65304648E+17
 0.66326781E+17
 0.67178967E+17
 0.67888700E+17
 0.68418221E+17
 0.68805464E+17
 0.69042520E+17
 0.69139151E+17
 0.69103758E+17
 0.68961525E+17
 0.68768797E+17
 0.68606300E+17
 0.68558348E+17
 0.68700564E+17
 0.69091162E+17
 0.69761815E+17
 0.70734692E+17
 0.72021615E+17
 0.73626036E+17
 0.75550544E+17
 0.77795136E+17
 0.80362162E+17
 0.83255384E+17
 0.86482908E+17
 0.90048167E+17
 0.93967116E+17
 0.98254092E+17
 0.10292740E+18
 0.10800962E+18
 0.11352502E+18
 0.11950310E+18
 0.12597708E+18
 0.13298395E+18
 0.14056849E+18
 0.14877824E+18
 0.15766663E+18
 0.16729519E+18
 0.17773100E+18
 0.18904914E+18
 0.20133433E+18
 0.21467686E+18
 0.22918080E+18
 0.24496005E+18
 0.26213160E+18
 0.28083199E+18
 0.30120036E+18
 0.32340022E+18
 0.34759586E+18
 0.37397838E+18
 0.40276075E+18
 0.43417102E+18
 0.46846679E+18
 0.50593317E+18
 0.54684758E+18
 0.59146416E+18
 0.64001273E+18
 0.69263434E+18
 0.74936634E+18
 0.81002835E+18
 0.87419074E+18
 0.94108535E+18
 0.10095477E+19
 0.10780402E+19
 0.11447541E+19
 0.12078661E+19
 0.12659370E+19
 0.13180930E+19
 0.13639549E+19
 0.14035140E+19
 0.14367786E+19
 0.14638000E+19
 0.14846253E+19
 0.14991814E+19
 0.15075434E+19
 0.15095316E+19
 0.15052293E+19
 0.14944877E+19
 0.14773137E+19
 0.14537690E+19
 0.14238827E+19
 0.13876559E+19
 0.13451951E+19
 0.12965662E+19
 0.12420757E+19
 0.11824218E+19
 0.11188107E+19
 0.10528660E+19
 0.98627179E+18
 0.92056196E+18
 0.85691575E+18
 0.79615773E+18
 0.73878284E+18
 0.68502283E+18
 0.63490416E+18
 0.58832338E+18
 0.54511385E+18
 0.50508764E+18
 0.46806984E+18
 0.43388658E+18
 0.40237656E+18
 0.37337488E+18
 0.34671984E+18
 0.32223614E+18
 0.29975769E+18
 0.27912272E+18
 0.26016627E+18
 0.24274906E+18
 0.22673442E+18
 0.21199540E+18
 0.19841546E+18
 0.18588882E+18
 0.17432171E+18
 0.16362959E+18
 0.15373416E+18
 0.14456256E+18
 0.13605362E+18
 0.12814986E+18
 0.12079831E+18
 0.11395419E+18
 0.10757653E+18
 0.10162572E+18
 0.96069228E+17
 0.90875629E+17
 0.86015842E+17
 0.81465148E+17
 0.77197042E+17
 0.73194587E+17
 0.69438348E+17
 0.65910137E+17
 0.62591985E+17
 0.59470459E+17
 0.56530961E+17
 0.53763228E+17
 0.51154626E+17
 0.48692295E+17
 0.46366315E+17
 0.44169645E+17
 0.42093791E+17
 0.40130923E+17
 0.38275748E+17
 0.36520923E+17
 0.34859889E+17
 0.33286871E+17
 0.31796929E+17
 0.30384644E+17
 0.29045259E+17
 0.27775084E+17
 0.26569929E+17
 0.25425789E+17
 0.24339216E+17
 0.23307287E+17
 0.22326921E+17
 0.21395244E+17
 0.20509318E+17
 0.19666805E+17
 0.18865391E+17
 0.18102734E+17
 0.17376629E+17
 0.16684846E+17
 0.16025691E+17
 0.15397400E+17
 0.14798198E+17
 0.14226620E+17
 0.13681296E+17
 0.13160816E+17
 0.12663713E+17
 0.12188721E+17
 0.11734795E+17
 0.11300784E+17
 0.10885705E+17
 0.10488543E+17
 0.10108330E+17
 0.97441756E+16
 0.93953683E+16
 0.90611570E+16
 0.87407767E+16
 0.84335478E+16
 0.81385071E+16
 0.78553480E+16
 0.75837535E+16
 0.73232446E+16
 0.70731590E+16
 0.68329457E+16
 0.66021039E+16
 0.63801657E+16
 0.61667554E+16
 0.59615392E+16
 0.57642116E+16
 0.55744854E+16
 0.53918068E+16
 0.52157665E+16
 0.50460815E+16
 0.48825355E+16
 0.47249988E+16
 0.45732002E+16
 0.44268981E+16
 0.42858397E+16
 0.41497894E+16
 0.40185468E+16
 0.38919330E+16
 0.37697613E+16
 0.36518798E+16
 0.35381083E+16
 0.34282758E+16
 0.33222097E+16
 0.32197662E+16
 0.31208272E+16
 0.30252298E+16
 0.29328475E+16
 0.28435381E+16
 0.27571830E+16
 0.26737163E+16
 0.25930184E+16
 0.25149850E+16
 0.24395226E+16
 0.23665101E+16
 0.22958389E+16
 0.22274495E+16
 0.21612664E+16
 0.20971986E+16
 0.20351626E+16
 0.19750992E+16
 0.19169463E+16
 0.18606237E+16
 0.18060642E+16
 0.17532133E+16
 0.17020100E+16
 0.16523961E+16
 0.16043108E+16
 0.15577271E+16
 0.15125913E+16
 0.14688409E+16
 0.14264131E+16
 0.13852705E+16
 0.13453781E+16
 0.13066968E+16
 0.12691775E+16
 0.12327853E+16
 0.11974844E+16
 0.11632326E+16
 0.11299932E+16
 0.10977452E+16
 0.10664592E+16
 0.10360968E+16
 0.10066263E+16
 0.97801349E+15
 0.95023788E+15
 0.92329591E+15
 0.89716414E+15
 0.87181281E+15
 0.84720638E+15
 0.82331978E+15
 0.80012491E+15
 0.77754087E+15
 0.75559774E+15
 0.73428797E+15
 0.71359070E+15
 0.69348541E+15
 0.67394907E+15
 0.65496869E+15
 0.63652833E+15
 0.61860931E+15
 0.60119943E+15
 0.58427945E+15
 0.56783218E+15
 0.55183737E+15
 0.53628096E+15
 0.52116210E+15
 0.50648034E+15
 0.49222048E+15
 0.47836505E+15
 0.46490304E+15
 0.45181840E+15
 0.43908908E+15
 0.42671359E+15
 0.41468385E+15
 0.40298825E+15
 0.39161481E+15
 0.38055803E+15
 0.36981568E+15
 0.35937796E+15
 0.34923381E+15
 0.33937131E+15
 0.32977953E+15
 0.32044982E+15
 0.31137959E+15
 0.30256103E+15
 0.29398453E+15
 0.28563972E+15
 0.27751450E+15
 0.26961177E+15
 0.26192549E+15
 0.25444972E+15
 0.24717824E+15
 0.24010373E+15
 0.23320236E+15
 0.22649514E+15
 0.21998534E+15
 0.21365383E+15
 0.20749636E+15
 0.20150766E+15
 0.19568245E+15
 0.19001607E+15
 0.18450791E+15
 0.17915345E+15
 0.17394909E+15
 0.16889086E+15
 0.16397208E+15
 0.15918802E+15
 0.15453617E+15
 0.15001352E+15
 0.14561632E+15
 0.14134096E+15
 0.13718325E+15
 0.13313898E+15
 0.12920566E+15
 0.12538002E+15
 0.12165871E+15
 0.11803625E+15
 0.11451356E+15
 0.11108824E+15
 0.10775807E+15
 0.10451988E+15
 0.10137162E+15
 0.98310415E+14
 0.95332930E+14
 0.92437916E+14
 0.89622637E+14
 0.86885353E+14
 0.84223846E+14
 0.81636246E+14
 0.79121624E+14
 0.76677495E+14
 0.74301998E+14
 0.71992977E+14
 0.69749159E+14
 0.67569230E+14
 0.65451260E+14
 0.63395457E+14
 0.61400907E+14
 0.59464807E+14
 0.57584960E+14
 0.55759608E+14
 0.53986750E+14
 0.52264556E+14
 0.50588597E+14
 0.48959278E+14
 0.47376691E+14
 0.45840270E+14
 0.44348634E+14
 0.42900193E+14
 0.41494178E+14
 0.40129299E+14
 0.38803997E+14
 0.37517450E+14
 0.36269004E+14
 0.35056990E+14
 0.33880788E+14
 0.32739096E+14
 0.31630529E+14
 0.30555069E+14
 0.29511599E+14
 0.28499350E+14
 0.27517216E+14
 0.26564492E+14
 0.25640279E+14
 0.24744401E+14
 0.23876601E+14
 0.23036598E+14
 0.22223459E+14
 0.21436383E+14
 0.20673848E+14
 0.19934617E+14
 0.19216224E+14
 0.18520366E+14
 0.17846478E+14
 0.17194061E+14
 0.16562525E+14
 0.15951104E+14
 0.15359299E+14
 0.14786234E+14
 0.14231574E+14
 0.13694933E+14
 0.13175668E+14
 0.12673059E+14
 0.12186585E+14
 0.11715837E+14
 0.11260343E+14
 0.10820402E+14
 0.10395346E+14
 0.99845874E+13
 0.95877681E+13
 0.92041543E+13
 0.88332320E+13
 0.84743933E+13
 0.81285943E+13
 0.77948967E+13
 0.74727298E+13
 0.71620065E+13
 0.68619350E+13
 0.65727070E+13
 0.62936287E+13
 0.60246050E+13
 0.57653586E+13
 0.55156075E+13
 0.52749186E+13
 0.50429956E+13
 0.48195276E+13
 0.46042127E+13
 0.43970346E+13
 0.41978133E+13
 0.40061347E+13
 0.38217730E+13
 0.36445156E+13
 0.34739145E+13
 0.33098581E+13
 0.31521954E+13
 0.30009289E+13
 0.28556889E+13
 0.27165442E+13
 0.25832360E+13
 0.24550276E+13
 0.23319153E+13
 0.22137555E+13
 0.21004499E+13
 0.19920444E+13
 0.18882751E+13
 0.17890371E+13
 0.16941537E+13
 0.16034626E+13
 0.15167285E+13
 0.14337925E+13
 0.13544663E+13
 0.12786427E+13
 0.12062844E+13
 0.11373875E+13
 0.10718014E+13
 0.10092749E+13
 0.94972686E+12
 0.89299374E+12
 0.83900378E+12
 0.78774159E+12
 0.73896712E+12
 0.69259558E+12
 0.64851745E+12
 0.60675860E+12
 0.56723432E+12
 0.52979843E+12
 0.49428914E+12
 0.46069361E+12
 0.42892969E+12
 0.39894970E+12
 0.37068457E+12
 0.34404217E+12
 0.31899494E+12
 0.29545207E+12
 0.27332445E+12
 0.25253492E+12
 0.23301129E+12
 0.21467358E+12
 0.19748686E+12
 0.18140547E+12
 0.16641287E+12
 0.15244912E+12
 0.13945338E+12
 0.12735945E+12
 0.11608625E+12
 0.10559454E+12
 0.95892342E+11
 0.86890212E+11
 0.78598199E+11
 0.70959051E+11
 0.63960381E+11
 0.57546135E+11
 0.51649577E+11
 0.46229947E+11
 0.41258263E+11
 0.36714698E+11
 0.32583703E+11
 0.28851440E+11
 0.25492519E+11
 0.22471713E+11
 0.19759355E+11
 0.17327085E+11
 0.15141842E+11
 0.13170523E+11
 0.11408574E+11
 0.98410992E+10
 0.84557340E+10
 0.72386962E+10
 0.61777797E+10
 0.52589530E+10
 0.44611600E+10
 0.37644863E+10
 0.31551516E+10
 0.26266591E+10
 0.21712361E+10
 0.17814323E+10
 0.14539663E+10
 0.11824008E+10
 0.95792589E+09
 0.77123352E+09
 0.61541550E+09
 0.48595003E+09
 0.38007648E+09
 0.29376887E+09
 0.22580232E+09
 0.17242077E+09
 0.13100356E+09
 0.98580210E+08
 0.73047642E+08
 0.53561424E+08
 0.39207757E+08
 0.28593906E+08
 0.20725704E+08
 0.14842881E+08
 0.10462700E+08
 0.73319626E+07
 0.51353258E+07
 0.35612925E+07
 0.24294117E+07
 0.15735614E+07
 0.94185992E+06
 0.53173544E+06
 0.28046189E+06
 0.14156241E+06
 0.64804977E+05
 0.23330322E+05
 0.49548432E+04
 0.73062609E+03
 0.50133911E+02
 0.00000000E+00
 0.00000000E+00
 0.00000000E+00
 0.00000000E+00
 0.00000000E+00
 0.00000000E+00
 0.00000000E+00
 0.00000000E+00
 0.00000000E+00
 0.00000000E+00
 0.00000000E+00
 0.00000000E+00
 0.00000000E+00
 0.00000000E+00
 0.00000000E+00
 0.00000000E+00
 0.00000000E+00
 0.00000000E+00
 0.00000000E+00
 0.00000000E+00
 0.00000000E+00
 0.00000000E+00
 0.00000000E+00
 0.00000000E+00
 0.00000000E+00
 0.00000000E+00
 0.00000000E+00
 0.00000000E+00
 0.00000000E+00
 0.00000000E+00
 0.00000000E+00
 0.00000000E+00
 0.00000000E+00
 0.00000000E+00
 0.00000000E+00
 0.00000000E+00
 0.00000000E+00
 0.00000000E+00
 0.00000000E+00
 0.00000000E+00
 0.00000000E+00
 0.00000000E+00
 0.00000000E+00
 0.00000000E+00
 0.00000000E+00
 0.00000000E+00
 0.00000000E+00
 0.00000000E+00
 0.00000000E+00
 0.00000000E+00
 0.00000000E+00
 0.00000000E+00
 0.00000000E+00
 0.00000000E+00
 0.00000000E+00
 0.00000000E+00
 0.00000000E+00
 0.00000000E+00
 0.00000000E+00
 0.00000000E+00
 0.00000000E+00
 0.00000000E+00
 0.00000000E+00
 0.00000000E+00
 0.00000000E+00
 0.00000000E+00
 0.00000000E+00
 0.00000000E+00
 0.00000000E+00
 0.00000000E+00
 0.00000000E+00
 0.00000000E+00
 0.00000000E+00
 0.00000000E+00
 0.00000000E+00
 0.00000000E+00
 0.00000000E+00
 0.00000000E+00
 0.00000000E+00
 0.00000000E+00
 0.00000000E+00
 0.00000000E+00
 0.00000000E+00
 0.00000000E+00
 0.00000000E+00
 0.00000000E+00
 0.00000000E+00
 0.00000000E+00
 0.00000000E+00
 0.00000000E+00
 0.00000000E+00
 0.00000000E+00
 0.00000000E+00
 0.00000000E+00
 0.00000000E+00
 0.00000000E+00
 0.00000000E+00
 0.00000000E+00
 0.00000000E+00
 0.00000000E+00
 0.00000000E+00
 0.00000000E+00
 0.00000000E+00
 0.00000000E+00
 0.00000000E+00
 0.00000000E+00
 0.00000000E+00
 0.00000000E+00
 0.00000000E+00
 0.00000000E+00
 0.00000000E+00
 0.00000000E+00
 0.00000000E+00
 0.00000000E+00
 0.00000000E+00
 0.00000000E+00
 0.00000000E+00
 0.00000000E+00
 0.00000000E+00
 0.00000000E+00
 0.00000000E+00
 0.00000000E+00
 0.00000000E+00
 0.00000000E+00
 0.00000000E+00
 0.00000000E+00
 0.00000000E+00
 0.00000000E+00
 0.00000000E+00
 0.00000000E+00
 0.00000000E+00
 0.00000000E+00
 0.00000000E+00
 0.00000000E+00
 0.00000000E+00
 0.00000000E+00
 0.00000000E+00
 0.00000000E+00
 0.00000000E+00
 0.00000000E+00
 0.00000000E+00
 0.00000000E+00
 0.00000000E+00
 0.00000000E+00
 0.00000000E+00
 0.00000000E+00
 0.00000000E+00
 0.00000000E+00
 0.00000000E+00
 0.00000000E+00
 0.00000000E+00
 0.00000000E+00
 0.00000000E+00
 0.00000000E+00
 0.00000000E+00
 0.00000000E+00
 0.00000000E+00
 0.00000000E+00
 0.00000000E+00
 0.00000000E+00
 0.00000000E+00
 0.00000000E+00
 0.00000000E+00
 0.00000000E+00
 0.00000000E+00
 0.00000000E+00
 0.00000000E+00
 0.00000000E+00
 0.00000000E+00
 0.00000000E+00
 0.00000000E+00
 0.00000000E+00
 0.00000000E+00
 0.00000000E+00
 0.00000000E+00
 0.00000000E+00
 0.00000000E+00
 0.00000000E+00
 0.00000000E+00
 0.00000000E+00
 0.00000000E+00
 0.00000000E+00
 0.00000000E+00
 0.00000000E+00
 0.00000000E+00
 0.00000000E+00
 0.00000000E+00
 0.00000000E+00
 0.00000000E+00
 0.00000000E+00
 0.00000000E+00
 0.00000000E+00
 0.00000000E+00
 0.00000000E+00
 0.00000000E+00
 0.00000000E+00
 0.00000000E+00
 0.00000000E+00
 0.00000000E+00
 0.00000000E+00
 0.00000000E+00
 0.00000000E+00
 0.00000000E+00
 0.00000000E+00
 0.00000000E+00
 0.00000000E+00
 0.00000000E+00
 0.00000000E+00
 0.00000000E+00
 0.00000000E+00
 0.00000000E+00
 0.00000000E+00
 0.00000000E+00
 0.00000000E+00
 0.00000000E+00
 0.00000000E+00
 0.00000000E+00
 0.00000000E+00
 0.00000000E+00
 0.00000000E+00
 0.00000000E+00
 0.00000000E+00
 0.00000000E+00
 0.00000000E+00
 0.00000000E+00
 0.00000000E+00
 0.00000000E+00
 0.00000000E+00
 0.00000000E+00
 0.00000000E+00
 0.00000000E+00
 0.00000000E+00
 0.00000000E+00
 0.00000000E+00
 0.00000000E+00
 0.00000000E+00
 0.00000000E+00
 0.00000000E+00
 0.00000000E+00
 0.00000000E+00
 0.00000000E+00
 0.00000000E+00
 0.00000000E+00
 0.00000000E+00
 0.00000000E+00
 0.00000000E+00
 0.00000000E+00
 0.00000000E+00
 0.00000000E+00
 0.00000000E+00
 0.00000000E+00
 0.00000000E+00
 0.00000000E+00
 0.00000000E+00
 0.00000000E+00
 0.00000000E+00
 0.00000000E+00
 0.00000000E+00
 0.00000000E+00
 0.00000000E+00
 0.00000000E+00
 0.00000000E+00
 0.00000000E+00
 0.00000000E+00
 0.00000000E+00
 0.00000000E+00
 0.00000000E+00
 0.00000000E+00
 0.00000000E+00
 0.00000000E+00
 0.00000000E+00
 0.00000000E+00
 0.00000000E+00
 0.00000000E+00
 0.00000000E+00
 0.00000000E+00
 0.00000000E+00
 0.00000000E+00
 0.00000000E+00
 0.00000000E+00
 0.00000000E+00
 0.00000000E+00
 0.00000000E+00
 0.00000000E+00
 0.00000000E+00
 0.00000000E+00
 0.00000000E+00
 0.00000000E+00
 0.00000000E+00
 0.00000000E+00
 0.00000000E+00
 0.00000000E+00
 0.00000000E+00
 0.00000000E+00
 0.00000000E+00
 0.00000000E+00
 0.00000000E+00
 0.00000000E+00
 0.00000000E+00
 0.00000000E+00
 0.00000000E+00
 0.00000000E+00
 0.00000000E+00
 0.00000000E+00
 0.00000000E+00
 0.00000000E+00
 0.00000000E+00
 0.00000000E+00
 0.00000000E+00
 0.00000000E+00
 0.00000000E+00
 0.00000000E+00
 0.00000000E+00
 0.00000000E+00
 0.00000000E+00
 0.00000000E+00
 0.00000000E+00
 0.00000000E+00
 0.00000000E+00
 0.00000000E+00
 0.00000000E+00
 0.00000000E+00
 0.00000000E+00
 0.00000000E+00
 0.00000000E+00
 0.00000000E+00
 0.00000000E+00
 0.00000000E+00
 0.00000000E+00
 0.00000000E+00
 0.00000000E+00
 0.00000000E+00
 0.00000000E+00
 0.00000000E+00
 0.00000000E+00
 0.00000000E+00
 0.00000000E+00
 0.00000000E+00
 0.00000000E+00
 0.00000000E+00
 0.00000000E+00
 0.00000000E+00
 0.00000000E+00
 0.00000000E+00
 0.00000000E+00
 0.00000000E+00
 0.00000000E+00
 0.00000000E+00
 0.00000000E+00
 0.00000000E+00
 0.00000000E+00
 0.00000000E+00
 0.00000000E+00
 0.00000000E+00
 0.00000000E+00
 0.00000000E+00
 0.00000000E+00
 0.00000000E+00
 0.00000000E+00
 0.00000000E+00
 0.00000000E+00
 0.00000000E+00
 0.00000000E+00
 0.00000000E+00
 0.00000000E+00
 0.00000000E+00
 0.00000000E+00
 0.00000000E+00
 0.00000000E+00
 0.00000000E+00
 0.00000000E+00
 0.00000000E+00
 0.00000000E+00
 0.00000000E+00
 0.00000000E+00
 0.00000000E+00
 0.00000000E+00
 0.00000000E+00
 0.00000000E+00
 0.00000000E+00
 0.00000000E+00
 0.00000000E+00
 0.00000000E+00
 0.00000000E+00
 0.00000000E+00
 0.00000000E+00
 0.00000000E+00
 0.00000000E+00
 0.00000000E+00
 0.00000000E+00
 0.00000000E+00
 0.00000000E+00
 0.00000000E+00
 0.00000000E+00
 0.00000000E+00
 0.00000000E+00
 0.00000000E+00
 0.00000000E+00
 0.00000000E+00
 0.00000000E+00
 0.00000000E+00
 0.00000000E+00
 0.00000000E+00
 0.00000000E+00
 0.00000000E+00
 0.00000000E+00
 0.00000000E+00
 0.00000000E+00
 0.00000000E+00
 0.00000000E+00
 0.00000000E+00
 0.00000000E+00
 0.00000000E+00
 0.00000000E+00
 0.00000000E+00
 0.00000000E+00
 0.00000000E+00
 0.00000000E+00
 0.00000000E+00
 0.00000000E+00
 0.00000000E+00
 0.00000000E+00
 0.00000000E+00
 0.00000000E+00
 0.00000000E+00
 0.00000000E+00
 0.00000000E+00
 0.00000000E+00
 0.00000000E+00
 0.00000000E+00
 0.00000000E+00
 0.00000000E+00
 0.00000000E+00
 0.00000000E+00
 0.00000000E+00
 0.00000000E+00
 0.00000000E+00
 0.00000000E+00
 0.00000000E+00
 0.00000000E+00
 0.00000000E+00
 0.00000000E+00
 0.00000000E+00
 0.00000000E+00
 0.00000000E+00
 0.00000000E+00
 0.00000000E+00
 0.00000000E+00
 0.00000000E+00
 0.00000000E+00
 0.00000000E+00
 0.00000000E+00
 0.00000000E+00
 0.00000000E+00
 0.00000000E+00
 0.00000000E+00
 0.00000000E+00
 0.00000000E+00
 0.00000000E+00
 0.00000000E+00
 0.00000000E+00
 0.00000000E+00
 0.00000000E+00
 0.00000000E+00
 0.00000000E+00
 0.00000000E+00
 0.00000000E+00
 0.00000000E+00
 0.00000000E+00
 0.00000000E+00
 0.00000000E+00
 0.00000000E+00
 0.00000000E+00
 0.00000000E+00
 0.00000000E+00
 0.00000000E+00
 0.00000000E+00
 0.00000000E+00
 0.00000000E+00
 0.00000000E+00
 0.00000000E+00
 0.00000000E+00
 0.00000000E+00
 0.00000000E+00
 0.00000000E+00
 0.00000000E+00
 0.00000000E+00
 0.00000000E+00
 0.00000000E+00
 0.00000000E+00
 0.00000000E+00
 0.00000000E+00
 0.00000000E+00
 0.00000000E+00
 0.00000000E+00
 0.00000000E+00
 0.00000000E+00
 0.00000000E+00
 0.00000000E+00
 0.00000000E+00
 0.00000000E+00
 0.00000000E+00
 0.00000000E+00
 0.00000000E+00
 0.00000000E+00
 0.00000000E+00
 0.00000000E+00
 0.00000000E+00
 0.00000000E+00
 0.00000000E+00
 0.00000000E+00
 0.00000000E+00
 0.00000000E+00
 0.00000000E+00
 0.00000000E+00
 0.00000000E+00
 0.00000000E+00
 0.00000000E+00
 0.00000000E+00
 0.00000000E+00
 0.00000000E+00
 0.00000000E+00
 0.00000000E+00
 0.00000000E+00
 0.00000000E+00
 0.00000000E+00
 0.00000000E+00
 0.00000000E+00
 0.00000000E+00
 0.00000000E+00
 0.00000000E+00
 0.00000000E+00
 0.00000000E+00
 0.00000000E+00
 0.00000000E+00
 0.00000000E+00
 0.00000000E+00
 0.00000000E+00
 0.00000000E+00
 0.00000000E+00
 0.00000000E+00
 0.00000000E+00
 0.00000000E+00
 0.00000000E+00
 0.00000000E+00
 0.00000000E+00
 0.00000000E+00
 0.00000000E+00
 0.00000000E+00
 0.00000000E+00
 0.00000000E+00
 0.00000000E+00
 0.00000000E+00
 0.00000000E+00
 0.00000000E+00
 0.00000000E+00
 0.00000000E+00
 0.00000000E+00
 0.00000000E+00
 0.00000000E+00
 0.00000000E+00
 0.00000000E+00
 0.00000000E+00
 0.00000000E+00
 0.00000000E+00
 0.00000000E+00
 0.00000000E+00
 0.00000000E+00
 0.00000000E+00
 0.00000000E+00
 0.00000000E+00
 0.00000000E+00
 0.00000000E+00
 0.00000000E+00
 0.00000000E+00
 0.00000000E+00
 0.00000000E+00
 0.00000000E+00
 0.00000000E+00
 0.00000000E+00
 0.00000000E+00
 0.00000000E+00
 0.00000000E+00
 0.00000000E+00
 0.00000000E+00
 0.00000000E+00
 0.00000000E+00
 0.00000000E+00
 0.00000000E+00
 0.00000000E+00
 0.00000000E+00
 0.00000000E+00
 0.00000000E+00
 0.00000000E+00
 0.00000000E+00
 0.00000000E+00
 0.00000000E+00
 0.00000000E+00
 0.00000000E+00
 0.00000000E+00
 0.00000000E+00
 0.00000000E+00
 0.00000000E+00
 0.00000000E+00
 0.00000000E+00
 0.00000000E+00
 0.00000000E+00
 0.00000000E+00
 0.00000000E+00
 0.00000000E+00
 0.00000000E+00
 0.00000000E+00
 0.00000000E+00
 0.00000000E+00
 0.00000000E+00
 0.00000000E+00
 0.00000000E+00
 0.00000000E+00
 0.00000000E+00
 0.00000000E+00
 0.00000000E+00
 0.00000000E+00
 0.00000000E+00
 0.00000000E+00
 0.00000000E+00
 0.00000000E+00
 0.00000000E+00
 0.00000000E+00
 0.00000000E+00
 0.00000000E+00
 0.00000000E+00
 0.00000000E+00
 0.00000000E+00
 0.00000000E+00
 0.00000000E+00
 0.00000000E+00
 0.00000000E+00
 0.00000000E+00
 0.00000000E+00
 0.00000000E+00
 0.00000000E+00
 0.00000000E+00
 0.00000000E+00
 0.00000000E+00
 0.00000000E+00
 0.00000000E+00
 0.00000000E+00
 0.00000000E+00
 0.00000000E+00
 0.00000000E+00
 0.00000000E+00
 0.00000000E+00
 0.00000000E+00
 0.00000000E+00
 0.00000000E+00
 0.00000000E+00
 0.00000000E+00
 0.00000000E+00
 0.00000000E+00
 0.00000000E+00
 0.00000000E+00
 0.00000000E+00
 0.00000000E+00
 0.00000000E+00
 0.00000000E+00
 0.00000000E+00
 0.00000000E+00
 0.00000000E+00
 0.00000000E+00
 0.00000000E+00
 0.00000000E+00
 0.00000000E+00
 0.00000000E+00
 0.00000000E+00
 0.00000000E+00
 0.00000000E+00
 0.00000000E+00
 0.00000000E+00
 0.00000000E+00
 0.00000000E+00
 0.00000000E+00
 0.00000000E+00
 0.00000000E+00
 0.00000000E+00
 0.00000000E+00
 0.00000000E+00
 0.00000000E+00
 0.00000000E+00
 0.00000000E+00
 0.00000000E+00
 0.00000000E+00
 0.00000000E+00
 0.00000000E+00
 0.00000000E+00
 0.00000000E+00
 0.00000000E+00
 0.00000000E+00
 0.00000000E+00
 0.00000000E+00
 0.00000000E+00
 0.00000000E+00
 0.00000000E+00
 0.00000000E+00
 0.00000000E+00
 0.00000000E+00
 0.00000000E+00
 0.00000000E+00
 0.00000000E+00
 0.00000000E+00
 0.00000000E+00
 0.00000000E+00
 0.00000000E+00
 0.00000000E+00
 0.00000000E+00
 0.00000000E+00
 0.00000000E+00
 0.00000000E+00
 0.00000000E+00
 0.00000000E+00
 0.00000000E+00
 0.00000000E+00
 0.00000000E+00
 0.00000000E+00
 0.00000000E+00
 0.00000000E+00
 0.00000000E+00
 0.00000000E+00
 0.00000000E+00
 0.00000000E+00
 0.00000000E+00
 0.00000000E+00
 0.00000000E+00
 0.00000000E+00
 0.00000000E+00
 0.00000000E+00
 0.00000000E+00
 0.00000000E+00
 0.00000000E+00
 0.00000000E+00
 0.00000000E+00
 0.00000000E+00
 0.00000000E+00
 0.00000000E+00
 0.00000000E+00
 0.00000000E+00
 0.00000000E+00
 0.00000000E+00
 0.00000000E+00
 0.00000000E+00
 0.00000000E+00
 0.00000000E+00
 0.00000000E+00
 0.00000000E+00
 0.00000000E+00
 0.00000000E+00
 0.00000000E+00
 0.00000000E+00
 0.00000000E+00
 0.00000000E+00
 0.00000000E+00
 0.00000000E+00
 0.00000000E+00
 0.00000000E+00
 0.00000000E+00
 0.00000000E+00
 0.00000000E+00
 0.00000000E+00
 0.00000000E+00
 0.00000000E+00
 0.00000000E+00
 0.00000000E+00
 0.00000000E+00
 0.00000000E+00
 0.00000000E+00
 0.00000000E+00
 0.00000000E+00
 0.00000000E+00
 0.00000000E+00
 0.00000000E+00
 0.00000000E+00
 0.00000000E+00
 0.00000000E+00
 0.00000000E+00
 0.00000000E+00
 0.00000000E+00
 0.00000000E+00
 0.00000000E+00
 0.00000000E+00
 0.00000000E+00
 0.00000000E+00
 0.00000000E+00
 0.00000000E+00
 0.00000000E+00
 0.00000000E+00
 0.00000000E+00
 0.00000000E+00
 0.00000000E+00
 0.00000000E+00
 0.00000000E+00
 0.00000000E+00
 0.00000000E+00
 0.00000000E+00
 0.00000000E+00
 0.00000000E+00
 0.00000000E+00
 0.00000000E+00
 0.00000000E+00
 0.00000000E+00
 0.00000000E+00
 0.00000000E+00
 0.00000000E+00
 0.00000000E+00
 0.00000000E+00
 0.00000000E+00
 0.00000000E+00
 0.00000000E+00
 0.00000000E+00
 0.00000000E+00
 0.00000000E+00
 0.00000000E+00
 0.00000000E+00
 0.00000000E+00
 0.00000000E+00
 0.00000000E+00
 0.00000000E+00
 0.00000000E+00
 0.00000000E+00
 0.00000000E+00
 0.00000000E+00
 0.00000000E+00
 0.00000000E+00
 0.00000000E+00
 0.00000000E+00
 0.00000000E+00
 0.00000000E+00
 0.00000000E+00
 0.00000000E+00
 0.00000000E+00
 0.00000000E+00
 0.00000000E+00
 0.00000000E+00
 0.00000000E+00
 0.00000000E+00
 0.00000000E+00
 0.00000000E+00
 0.00000000E+00
 0.00000000E+00
 0.00000000E+00
 0.00000000E+00
 0.00000000E+00
 0.00000000E+00
 0.00000000E+00
 0.00000000E+00
 0.00000000E+00
 0.00000000E+00
 0.00000000E+00
 0.00000000E+00
 0.00000000E+00
 0.00000000E+00
 0.00000000E+00
 0.00000000E+00
 0.00000000E+00
 0.00000000E+00
 0.00000000E+00
 0.00000000E+00
 0.00000000E+00
 0.00000000E+00
 0.00000000E+00
 0.00000000E+00
 0.00000000E+00
 0.00000000E+00
 0.00000000E+00
 0.00000000E+00
 0.00000000E+00
 0.00000000E+00
 0.00000000E+00
 0.00000000E+00
 0.00000000E+00
 0.00000000E+00
 0.00000000E+00
 0.00000000E+00
 0.00000000E+00
 0.00000000E+00
 0.00000000E+00
 0.00000000E+00
 0.00000000E+00
 0.00000000E+00
 0.00000000E+00
 0.00000000E+00
 0.00000000E+00
 0.00000000E+00
 0.00000000E+00
 0.00000000E+00
 0.00000000E+00
 0.00000000E+00
 0.00000000E+00
 0.00000000E+00
 0.00000000E+00
 0.00000000E+00
 0.00000000E+00
 0.00000000E+00
 0.00000000E+00
 0.00000000E+00
 0.00000000E+00
 0.00000000E+00
 0.00000000E+00
 0.00000000E+00
 0.00000000E+00
 0.00000000E+00
 0.00000000E+00
 0.00000000E+00
 0.00000000E+00
 0.00000000E+00
 0.00000000E+00
 0.00000000E+00
 0.00000000E+00
 0.00000000E+00
 0.00000000E+00
 0.00000000E+00
 0.00000000E+00
 0.00000000E+00
 0.00000000E+00
 0.00000000E+00
 0.00000000E+00
 0.00000000E+00
 0.00000000E+00
 0.00000000E+00
 0.00000000E+00
 0.00000000E+00
 0.00000000E+00
 0.00000000E+00
 0.00000000E+00
 0.00000000E+00
 0.00000000E+00
 0.00000000E+00
 0.00000000E+00
 0.00000000E+00
 0.00000000E+00
 0.00000000E+00
 0.00000000E+00
 0.00000000E+00
 0.00000000E+00
 0.00000000E+00
 0.00000000E+00
 0.00000000E+00
 0.00000000E+00
 0.00000000E+00
 0.00000000E+00
 0.00000000E+00
 0.00000000E+00
 0.00000000E+00
 0.00000000E+00
 0.00000000E+00
 0.00000000E+00
 0.00000000E+00
 0.00000000E+00
 0.00000000E+00
 0.00000000E+00
 0.00000000E+00
 0.00000000E+00
 0.00000000E+00
 0.00000000E+00
 0.00000000E+00
 0.00000000E+00
 0.00000000E+00
 0.00000000E+00
 0.00000000E+00
 0.00000000E+00
 0.00000000E+00
 0.00000000E+00
 0.00000000E+00
 0.00000000E+00
 0.00000000E+00
 0.00000000E+00
 0.00000000E+00
 0.00000000E+00
 0.00000000E+00
 0.00000000E+00
 0.00000000E+00
 0.00000000E+00
 0.00000000E+00
 0.00000000E+00
 0.00000000E+00
 0.00000000E+00
 0.00000000E+00
 0.00000000E+00
 0.00000000E+00
 0.00000000E+00
 0.00000000E+00
 0.00000000E+00
 0.00000000E+00
 0.00000000E+00
 0.00000000E+00
 0.00000000E+00
 0.00000000E+00
 0.00000000E+00
 0.00000000E+00
 0.00000000E+00
 0.00000000E+00
 0.00000000E+00
 0.00000000E+00
 0.00000000E+00
 0.00000000E+00
 0.00000000E+00
 0.00000000E+00
 0.00000000E+00
 0.00000000E+00
 0.00000000E+00
 0.00000000E+00
 0.00000000E+00
 0.00000000E+00
 0.00000000E+00
 0.00000000E+00
 0.00000000E+00
 0.00000000E+00
 0.00000000E+00
 0.00000000E+00
 0.00000000E+00
 0.00000000E+00
 0.00000000E+00
 0.00000000E+00
 0.00000000E+00
 0.00000000E+00
 0.00000000E+00
 0.00000000E+00
 0.00000000E+00
 0.00000000E+00
 0.00000000E+00
 0.00000000E+00
 0.00000000E+00
 0.00000000E+00
 0.00000000E+00
 0.00000000E+00
 0.00000000E+00
 0.00000000E+00
 0.00000000E+00
 0.00000000E+00
 0.00000000E+00
 0.00000000E+00
 0.00000000E+00
 0.00000000E+00
 0.00000000E+00
 0.00000000E+00
 0.00000000E+00
 0.00000000E+00
 0.00000000E+00
 0.00000000E+00
 0.00000000E+00
 0.00000000E+00
 0.00000000E+00
 0.00000000E+00
 0.00000000E+00
 0.00000000E+00
 0.00000000E+00
 0.00000000E+00
 0.00000000E+00
 0.00000000E+00
 0.00000000E+00
 0.00000000E+00
 0.00000000E+00
 0.00000000E+00
 0.00000000E+00
 0.00000000E+00
 0.00000000E+00
 0.00000000E+00
 0.00000000E+00
 0.00000000E+00
 0.00000000E+00
 0.00000000E+00
 0.00000000E+00
 0.00000000E+00
 0.00000000E+00
 0.00000000E+00
 0.00000000E+00
 0.00000000E+00
 0.00000000E+00
 0.00000000E+00
 0.00000000E+00
 0.00000000E+00
 0.00000000E+00
 0.00000000E+00
 0.00000000E+00
 0.00000000E+00
 0.00000000E+00
 0.00000000E+00
 0.00000000E+00
 0.00000000E+00
 0.00000000E+00
 0.00000000E+00
 0.00000000E+00
 0.00000000E+00
 0.00000000E+00
 0.00000000E+00
 0.00000000E+00
 0.00000000E+00
 0.00000000E+00
 0.00000000E+00
 0.00000000E+00
 0.00000000E+00
 0.00000000E+00
 0.00000000E+00
 0.00000000E+00
 0.00000000E+00
 0.00000000E+00
 0.00000000E+00
 0.00000000E+00
 0.00000000E+00
 0.00000000E+00
 0.00000000E+00
 0.00000000E+00
 0.00000000E+00
 0.00000000E+00
 0.00000000E+00
 0.00000000E+00
 0.00000000E+00
 0.00000000E+00
 0.00000000E+00
 0.00000000E+00
 0.00000000E+00
 0.00000000E+00
 0.00000000E+00
 0.00000000E+00
 0.00000000E+00
 0.00000000E+00
 0.00000000E+00
 0.00000000E+00
 0.00000000E+00
 0.00000000E+00
 0.00000000E+00
 0.00000000E+00
 0.00000000E+00
 0.00000000E+00
 0.00000000E+00
 0.00000000E+00
 0.00000000E+00
 0.00000000E+00
 0.00000000E+00
 0.00000000E+00
 0.00000000E+00
 0.00000000E+00
 0.00000000E+00
 0.00000000E+00
 0.00000000E+00
 0.00000000E+00
 0.00000000E+00
 0.00000000E+00
 0.00000000E+00
 0.00000000E+00
 0.00000000E+00
 0.00000000E+00
 0.00000000E+00
 0.00000000E+00
 0.00000000E+00
 0.00000000E+00
 0.00000000E+00
 0.00000000E+00
 0.00000000E+00
 0.00000000E+00
 0.00000000E+00
 0.00000000E+00
 0.00000000E+00
 0.00000000E+00
 0.00000000E+00
 0.00000000E+00
 0.00000000E+00
 0.00000000E+00
 0.00000000E+00
 0.00000000E+00
 0.00000000E+00
 0.00000000E+00
 0.00000000E+00
 0.00000000E+00
 0.00000000E+00
 0.00000000E+00
 0.00000000E+00
 0.00000000E+00
 0.00000000E+00
 0.00000000E+00
 0.00000000E+00
 0.00000000E+00
 0.00000000E+00
 0.00000000E+00
 0.00000000E+00
