# su gauss        ds-4.00-pre3                                      
 0.90202628E+26 0.11782539E+26
 0.90081907E+26 0.11728245E+26
 0.89961805E+26 0.11674229E+26
 0.89842285E+26 0.11620452E+26
 0.89723346E+26 0.11566914E+26
 0.89604984E+26 0.11513614E+26
 0.89487198E+26 0.11460551E+26
 0.89369984E+26 0.11407724E+26
 0.89253341E+26 0.11355132E+26
 0.89137267E+26 0.11302774E+26
 0.89021758E+26 0.11250650E+26
 0.88906813E+26 0.11198756E+26
 0.88792430E+26 0.11147095E+26
 0.88678605E+26 0.11095663E+26
 0.88565337E+26 0.11044459E+26
 0.88452624E+26 0.10993484E+26
 0.88340462E+26 0.10942736E+26
 0.88228850E+26 0.10892214E+26
 0.88117786E+26 0.10841917E+26
 0.88007267E+26 0.10791844E+26
 0.87897291E+26 0.10741994E+26
 0.87787855E+26 0.10692366E+26
 0.87678957E+26 0.10642960E+26
 0.87570596E+26 0.10593774E+26
 0.87462768E+26 0.10544807E+26
 0.87355471E+26 0.10496058E+26
 0.87248703E+26 0.10447527E+26
 0.87142462E+26 0.10399212E+26
 0.87036746E+26 0.10351113E+26
 0.86931551E+26 0.10303229E+26
 0.86826877E+26 0.10255558E+26
 0.86722720E+26 0.10208100E+26
 0.86619078E+26 0.10160854E+26
 0.86515950E+26 0.10113819E+26
 0.86413332E+26 0.10066993E+26
 0.86311223E+26 0.10020377E+26
 0.86209623E+26 0.99739692E+25
 0.86108524E+26 0.99277681E+25
 0.86007926E+26 0.98817740E+25
 0.85907828E+26 0.98359851E+25
 0.85808227E+26 0.97904007E+25
 0.85709122E+26 0.97450202E+25
 0.85610509E+26 0.96998427E+25
 0.85512386E+26 0.96548668E+25
 0.85414765E+26 0.96101057E+25
 0.85317602E+26 0.95655177E+25
 0.85220937E+26 0.95211426E+25
 0.85124754E+26 0.94769660E+25
 0.85029050E+26 0.94329870E+25
 0.84933849E+26 0.93892310E+25
 0.84839070E+26 0.93456184E+25
 0.84744790E+26 0.93022271E+25
 0.84650980E+26 0.92590300E+25
 0.84557638E+26 0.92160262E+25
 0.84464762E+26 0.91732150E+25
 0.84372350E+26 0.91305954E+25
 0.84280400E+26 0.90881668E+25
 0.84188908E+26 0.90459280E+25
 0.84097873E+26 0.90038784E+25
 0.84007293E+26 0.89620172E+25
 0.83917166E+26 0.89203435E+25
 0.83827512E+26 0.88788792E+25
 0.83738261E+26 0.88375555E+25
 0.83649478E+26 0.87964396E+25
 0.83561139E+26 0.87555079E+25
 0.83473242E+26 0.87147597E+25
 0.83385784E+26 0.86741942E+25
 0.83298763E+26 0.86338106E+25
 0.83212178E+26 0.85936080E+25
 0.83126025E+26 0.85535858E+25
 0.83040303E+26 0.85137430E+25
 0.82955010E+26 0.84740790E+25
 0.82870143E+26 0.84345929E+25
 0.82785700E+26 0.83952840E+25
 0.82701679E+26 0.83561514E+25
 0.82618078E+26 0.83171945E+25
 0.82534894E+26 0.82784124E+25
 0.82452127E+26 0.82398044E+25
 0.82369772E+26 0.82013698E+25
 0.82287829E+26 0.81631077E+25
 0.82206295E+26 0.81250174E+25
 0.82125168E+26 0.80870981E+25
 0.82044446E+26 0.80493491E+25
 0.81964127E+26 0.80117698E+25
 0.81884208E+26 0.79743592E+25
 0.81804687E+26 0.79371167E+25
 0.81725563E+26 0.79000415E+25
 0.81646833E+26 0.78631329E+25
 0.81568495E+26 0.78263902E+25
 0.81490547E+26 0.77898127E+25
 0.81412987E+26 0.77533995E+25
 0.81335812E+26 0.77171500E+25
 0.81259021E+26 0.76810636E+25
 0.81182612E+26 0.76451394E+25
 0.81106582E+26 0.76093767E+25
 0.81030929E+26 0.75737749E+25
 0.80955651E+26 0.75383331E+25
 0.80880747E+26 0.75030509E+25
 0.80806213E+26 0.74679273E+25
 0.80732049E+26 0.74329618E+25
 0.80658251E+26 0.73981536E+25
 0.80584818E+26 0.73635020E+25
 0.80511748E+26 0.73290064E+25
 0.80439038E+26 0.72946661E+25
 0.80366687E+26 0.72604803E+25
 0.80294693E+26 0.72264484E+25
 0.80223052E+26 0.71925698E+25
 0.80151764E+26 0.71588436E+25
 0.80080827E+26 0.71252694E+25
 0.80010237E+26 0.70918464E+25
 0.79939994E+26 0.70585739E+25
 0.79870095E+26 0.70254512E+25
 0.79800538E+26 0.69924778E+25
 0.79731321E+26 0.69596529E+25
 0.79662442E+26 0.69269760E+25
 0.79593899E+26 0.68944462E+25
 0.79525690E+26 0.68620631E+25
 0.79457813E+26 0.68298259E+25
 0.79390266E+26 0.67977340E+25
 0.79323046E+26 0.67657868E+25
 0.79256153E+26 0.67339836E+25
 0.79189583E+26 0.67023238E+25
 0.79123335E+26 0.66708067E+25
 0.79057407E+26 0.66394318E+25
 0.78991797E+26 0.66081983E+25
 0.78926502E+26 0.65771057E+25
 0.78861522E+26 0.65461534E+25
 0.78796853E+26 0.65153407E+25
 0.78732494E+26 0.64846669E+25
 0.78668443E+26 0.64541316E+25
 0.78604697E+26 0.64237341E+25
 0.78541256E+26 0.63934737E+25
 0.78478116E+26 0.63633499E+25
 0.78415276E+26 0.63333620E+25
 0.78352735E+26 0.63035095E+25
 0.78290489E+26 0.62737917E+25
 0.78228537E+26 0.62442081E+25
 0.78166877E+26 0.62147581E+25
 0.78105508E+26 0.61854410E+25
 0.78044426E+26 0.61562563E+25
 0.77983628E+26 0.61272034E+25
 0.77923120E+26 0.60982817E+25
 0.77862891E+26 0.60694907E+25
 0.77802942E+26 0.60408296E+25
 0.77743272E+26 0.60122981E+25
 0.77683879E+26 0.59838954E+25
 0.77624760E+26 0.59556211E+25
 0.77565914E+26 0.59274746E+25
 0.77507338E+26 0.58994552E+25
 0.77449032E+26 0.58715624E+25
 0.77390992E+26 0.58437957E+25
 0.77333217E+26 0.58161545E+25
 0.77275705E+26 0.57886382E+25
 0.77218454E+26 0.57612464E+25
 0.77161462E+26 0.57339783E+25
 0.77104729E+26 0.57068336E+25
 0.77048250E+26 0.56798116E+25
 0.76992025E+26 0.56529117E+25
 0.76936052E+26 0.56261335E+25
 0.76880329E+26 0.55994765E+25
 0.76824853E+26 0.55729400E+25
 0.76769624E+26 0.55465235E+25
 0.76714639E+26 0.55202265E+25
 0.76659896E+26 0.54940485E+25
 0.76605393E+26 0.54679889E+25
 0.76551129E+26 0.54420472E+25
 0.76497102E+26 0.54162229E+25
 0.76443310E+26 0.53905155E+25
 0.76389751E+26 0.53649244E+25
 0.76336423E+26 0.53394491E+25
 0.76283324E+26 0.53140892E+25
 0.76230453E+26 0.52888440E+25
 0.76177807E+26 0.52637131E+25
 0.76125386E+26 0.52386959E+25
 0.76073186E+26 0.52137921E+25
 0.76021207E+26 0.51890010E+25
 0.75969446E+26 0.51643221E+25
 0.75917901E+26 0.51397550E+25
 0.75866571E+26 0.51152992E+25
 0.75815455E+26 0.50909541E+25
 0.75764549E+26 0.50667193E+25
 0.75713853E+26 0.50425942E+25
 0.75663364E+26 0.50185785E+25
 0.75613080E+26 0.49946715E+25
 0.75563001E+26 0.49708729E+25
 0.75513120E+26 0.49471821E+25
 0.75463447E+26 0.49235986E+25
 0.75413972E+26 0.49001220E+25
 0.75364688E+26 0.48767517E+25
 0.75315601E+26 0.48534874E+25
 0.75266708E+26 0.48303285E+25
 0.75218007E+26 0.48072746E+25
 0.75169495E+26 0.47843252E+25
 0.75121171E+26 0.47614799E+25
 0.75073033E+26 0.47387381E+25
 0.75025079E+26 0.47160994E+25
 0.74977309E+26 0.46935633E+25
 0.74929719E+26 0.46711294E+25
 0.74882309E+26 0.46487973E+25
 0.74835076E+26 0.46265664E+25
 0.74788018E+26 0.46044364E+25
 0.74741135E+26 0.45824067E+25
 0.74694424E+26 0.45604769E+25
 0.74647882E+26 0.45386466E+25
 0.74601511E+26 0.45169153E+25
 0.74555303E+26 0.44952827E+25
 0.74509267E+26 0.44737481E+25
 0.74463392E+26 0.44523113E+25
 0.74417679E+26 0.44309717E+25
 0.74372126E+26 0.44097289E+25
 0.74326732E+26 0.43885826E+25
 0.74281493E+26 0.43675322E+25
 0.74236409E+26 0.43465774E+25
 0.74191478E+26 0.43257176E+25
 0.74146698E+26 0.43049525E+25
 0.74102070E+26 0.42842817E+25
 0.74057595E+26 0.42637047E+25
 0.74013260E+26 0.42432212E+25
 0.73969085E+26 0.42228306E+25
 0.73925045E+26 0.42025326E+25
 0.73881110E+26 0.41823268E+25
 0.73837323E+26 0.41622127E+25
 0.73793688E+26 0.41421899E+25
 0.73750250E+26 0.41222581E+25
 0.73706955E+26 0.41024168E+25
 0.73605304E+26 0.40826656E+25
 0.73620618E+26 0.40630041E+25
 0.73577626E+26 0.40434319E+25
 0.73534775E+26 0.40239486E+25
 0.73492051E+26 0.40045538E+25
 0.73449523E+26 0.39852472E+25
 0.73407093E+26 0.39660282E+25
 0.73364761E+26 0.39468966E+25
 0.73322538E+26 0.39278519E+25
 0.73280438E+26 0.39088937E+25
 0.73238466E+26 0.38900217E+25
 0.73196602E+26 0.38712354E+25
 0.73154861E+26 0.38525345E+25
 0.73113229E+26 0.38339186E+25
 0.73071707E+26 0.38153873E+25
 0.73030293E+26 0.37969402E+25
 0.72988985E+26 0.37785770E+25
 0.72947783E+26 0.37602973E+25
 0.72906684E+26 0.37421006E+25
 0.72865689E+26 0.37239867E+25
 0.72824790E+26 0.37059551E+25
 0.72783994E+26 0.36880055E+25
 0.72743301E+26 0.36701376E+25
 0.72702700E+26 0.36523508E+25
 0.72662193E+26 0.36346450E+25
 0.72621779E+26 0.36170197E+25
 0.72581456E+26 0.35994745E+25
 0.72541223E+26 0.35820091E+25
 0.72501078E+26 0.35646232E+25
 0.72461019E+26 0.35473163E+25
 0.72421046E+26 0.35300881E+25
 0.72381155E+26 0.35129384E+25
 0.72341347E+26 0.34958666E+25
 0.72301619E+26 0.34788725E+25
 0.72261969E+26 0.34619557E+25
 0.72222397E+26 0.34451159E+25
 0.72182900E+26 0.34283526E+25
 0.72143478E+26 0.34116657E+25
 0.72104127E+26 0.33950547E+25
 0.72064848E+26 0.33785193E+25
 0.72025637E+26 0.33620591E+25
 0.71986494E+26 0.33456738E+25
 0.71947418E+26 0.33293631E+25
 0.71908406E+26 0.33131267E+25
 0.71869457E+26 0.32969641E+25
 0.71830569E+26 0.32808751E+25
 0.71791742E+26 0.32648593E+25
 0.71752973E+26 0.32489165E+25
 0.71714261E+26 0.32330462E+25
 0.71675603E+26 0.32172482E+25
 0.71637000E+26 0.32015221E+25
 0.71598449E+26 0.31858675E+25
 0.71559948E+26 0.31702843E+25
 0.71521497E+26 0.31547720E+25
 0.71483093E+26 0.31393304E+25
 0.71444735E+26 0.31239590E+25
 0.71406422E+26 0.31086577E+25
 0.71368151E+26 0.30934260E+25
 0.71329922E+26 0.30782638E+25
 0.71291731E+26 0.30631705E+25
 0.71253575E+26 0.30481460E+25
 0.71215466E+26 0.30331900E+25
 0.71177355E+26 0.30183020E+25
 0.33528026E+26 0.30034819E+25
 0.71101328E+26 0.29887293E+25
 0.71063315E+26 0.29740439E+25
 0.71025391E+26 0.29594254E+25
 0.70987466E+26 0.29448735E+25
 0.70949566E+26 0.29303879E+25
 0.70911690E+26 0.29159683E+25
 0.70873837E+26 0.29016144E+25
 0.70836005E+26 0.28873259E+25
 0.70798194E+26 0.28731025E+25
 0.70760400E+26 0.28589439E+25
 0.70722623E+26 0.28448499E+25
 0.70684862E+26 0.28308200E+25
 0.70647114E+26 0.28168542E+25
 0.70609378E+26 0.28029519E+25
 0.70571653E+26 0.27891131E+25
 0.70533937E+26 0.27753373E+25
 0.70496229E+26 0.27616243E+25
 0.70458526E+26 0.27479738E+25
 0.70420828E+26 0.27343855E+25
 0.70383133E+26 0.27208592E+25
 0.70345439E+26 0.27073945E+25
 0.70307745E+26 0.26939912E+25
 0.70270050E+26 0.26806491E+25
 0.70232352E+26 0.26673677E+25
 0.70194648E+26 0.26541470E+25
 0.70156937E+26 0.26409865E+25
 0.70119219E+26 0.26278860E+25
 0.70081491E+26 0.26148452E+25
 0.70043752E+26 0.26018640E+25
 0.70006001E+26 0.25889419E+25
 0.69968236E+26 0.25760787E+25
 0.69930455E+26 0.25632742E+25
 0.69892657E+26 0.25505281E+25
 0.69854840E+26 0.25378402E+25
 0.69817003E+26 0.25252101E+25
 0.69779144E+26 0.25126376E+25
 0.69741261E+26 0.25001225E+25
 0.69703354E+26 0.24876645E+25
 0.69665420E+26 0.24752633E+25
 0.69627458E+26 0.24629187E+25
 0.69589466E+26 0.24506304E+25
 0.69551442E+26 0.24383981E+25
 0.69513386E+26 0.24262217E+25
 0.69475296E+26 0.24141008E+25
 0.69437169E+26 0.24020352E+25
 0.69399005E+26 0.23900247E+25
 0.69360802E+26 0.23780690E+25
 0.69322558E+26 0.23661678E+25
 0.69284272E+26 0.23543210E+25
 0.69245942E+26 0.23425282E+25
 0.69207567E+26 0.23307892E+25
 0.69169144E+26 0.23191039E+25
 0.69130673E+26 0.23074718E+25
 0.69092151E+26 0.22958929E+25
 0.69053578E+26 0.22843667E+25
 0.69014952E+26 0.22728932E+25
 0.68976270E+26 0.22614721E+25
 0.68937532E+26 0.22501031E+25
 0.68898735E+26 0.22387861E+25
 0.68859879E+26 0.22275206E+25
 0.68820961E+26 0.22163067E+25
 0.68781980E+26 0.22051439E+25
 0.68742934E+26 0.21940321E+25
 0.68703823E+26 0.21829710E+25
 0.68664643E+26 0.21719604E+25
 0.68625394E+26 0.21610001E+25
 0.68586073E+26 0.21500898E+25
 0.68546680E+26 0.21392294E+25
 0.68507213E+26 0.21284186E+25
 0.68467669E+26 0.21176571E+25
 0.68428048E+26 0.21069448E+25
 0.68388347E+26 0.20962815E+25
 0.68348566E+26 0.20856668E+25
 0.68308702E+26 0.20751006E+25
 0.68268754E+26 0.20645827E+25
 0.68228719E+26 0.20541128E+25
 0.68188598E+26 0.20436908E+25
 0.68148387E+26 0.20333164E+25
 0.68108085E+26 0.20229893E+25
 0.68067691E+26 0.20127095E+25
 0.68027202E+26 0.20024766E+25
 0.67986619E+26 0.19922905E+25
 0.67945937E+26 0.19821509E+25
 0.67905156E+26 0.19720577E+25
 0.67864275E+26 0.19620106E+25
 0.67823291E+26 0.19520094E+25
 0.67782202E+26 0.19420539E+25
 0.67741008E+26 0.19321439E+25
 0.67699706E+26 0.19222792E+25
 0.67658296E+26 0.19124596E+25
 0.67616774E+26 0.19026849E+25
 0.67575139E+26 0.18929549E+25
 0.67533390E+26 0.18832693E+25
 0.67491526E+26 0.18736281E+25
 0.67449543E+26 0.18640309E+25
 0.67407441E+26 0.18544776E+25
 0.67365218E+26 0.18449680E+25
 0.67322873E+26 0.18355018E+25
 0.67280402E+26 0.18260790E+25
 0.67237806E+26 0.18166993E+25
 0.67195081E+26 0.18073624E+25
 0.67152227E+26 0.17980683E+25
 0.67109241E+26 0.17888166E+25
 0.67066122E+26 0.17796073E+25
 0.67022869E+26 0.17704401E+25
 0.66979479E+26 0.17613149E+25
 0.66935950E+26 0.17522314E+25
 0.66892282E+26 0.17431895E+25
 0.66848471E+26 0.17341889E+25
 0.66804518E+26 0.17252295E+25
 0.66760418E+26 0.17163112E+25
 0.66716172E+26 0.17074336E+25
 0.66671778E+26 0.16985967E+25
 0.66627232E+26 0.16898002E+25
 0.66582535E+26 0.16810440E+25
 0.66537683E+26 0.16723279E+25
 0.66492676E+26 0.16636516E+25
 0.66447511E+26 0.16550152E+25
 0.66402188E+26 0.16464182E+25
 0.66356703E+26 0.16378606E+25
 0.66311055E+26 0.16293422E+25
 0.66265243E+26 0.16208628E+25
 0.66219264E+26 0.16124223E+25
 0.66173118E+26 0.16040204E+25
 0.66126802E+26 0.15956570E+25
 0.66080314E+26 0.15873320E+25
 0.66033653E+26 0.15790450E+25
 0.65986817E+26 0.15707961E+25
 0.65939804E+26 0.15625849E+25
 0.65892612E+26 0.15544114E+25
 0.65845240E+26 0.15462753E+25
 0.65797686E+26 0.15381765E+25
 0.65749948E+26 0.15301149E+25
 0.65702024E+26 0.15220902E+25
 0.65653913E+26 0.15141023E+25
 0.65605612E+26 0.15061511E+25
 0.65557121E+26 0.14982363E+25
 0.65508437E+26 0.14903578E+25
 0.65459558E+26 0.14825154E+25
 0.65410483E+26 0.14747091E+25
 0.65361210E+26 0.14669385E+25
 0.65311737E+26 0.14592036E+25
 0.65262062E+26 0.14515042E+25
 0.65212184E+26 0.14438401E+25
 0.65162101E+26 0.14362112E+25
 0.65111811E+26 0.14286173E+25
 0.65061312E+26 0.14210583E+25
 0.65010603E+26 0.14135340E+25
 0.64959682E+26 0.14060443E+25
 0.64908547E+26 0.13985890E+25
 0.64857196E+26 0.13911679E+25
 0.64805627E+26 0.13837809E+25
 0.64753840E+26 0.13764278E+25
 0.64701831E+26 0.13691085E+25
 0.64649600E+26 0.13618229E+25
 0.64597144E+26 0.13545708E+25
 0.64544462E+26 0.13473520E+25
 0.64491552E+26 0.13401664E+25
 0.64438413E+26 0.13330138E+25
 0.64385042E+26 0.13258941E+25
 0.64331439E+26 0.13188072E+25
 0.64277599E+26 0.13117529E+25
 0.64223523E+26 0.13047311E+25
 0.64169209E+26 0.12977416E+25
 0.64114655E+26 0.12907842E+25
 0.64059860E+26 0.12838589E+25
 0.64004821E+26 0.12769655E+25
 0.63949536E+26 0.12701038E+25
 0.63894005E+26 0.12632738E+25
 0.63838226E+26 0.12564752E+25
 0.63782196E+26 0.12497079E+25
 0.63725914E+26 0.12429718E+25
 0.63669379E+26 0.12362668E+25
 0.63612588E+26 0.12295927E+25
 0.63555540E+26 0.12229494E+25
 0.63498234E+26 0.12163367E+25
 0.63440668E+26 0.12097545E+25
 0.63382840E+26 0.12032027E+25
 0.63324748E+26 0.11966812E+25
 0.63266391E+26 0.11901897E+25
 0.63207768E+26 0.11837283E+25
 0.63148875E+26 0.11772966E+25
 0.63089714E+26 0.11708947E+25
 0.63030280E+26 0.11645224E+25
 0.62970573E+26 0.11581795E+25
 0.62910592E+26 0.11518660E+25
 0.62850334E+26 0.11455817E+25
 0.62789797E+26 0.11393264E+25
 0.62728989E+26 0.11331000E+25
 0.62667886E+26 0.11269025E+25
 0.62606507E+26 0.11207337E+25
 0.62544843E+26 0.11145934E+25
 0.62482895E+26 0.11084816E+25
 0.62420659E+26 0.11023981E+25
 0.62358134E+26 0.10963428E+25
 0.62295320E+26 0.10903156E+25
 0.62232214E+26 0.10843163E+25
 0.62168815E+26 0.10783448E+25
 0.62105121E+26 0.10724011E+25
 0.62041131E+26 0.10664849E+25
 0.61976844E+26 0.10605962E+25
 0.61912258E+26 0.10547348E+25
 0.61847372E+26 0.10489007E+25
 0.61782184E+26 0.10430937E+25
 0.61716694E+26 0.10373137E+25
 0.61650987E+26 0.10315606E+25
 0.61584798E+26 0.10258342E+25
 0.61518390E+26 0.10201345E+25
 0.61451674E+26 0.10144613E+25
 0.61384648E+26 0.10088146E+25
 0.61317311E+26 0.10031941E+25
 0.61249662E+26 0.99759987E+24
 0.61181698E+26 0.99203170E+24
 0.61113422E+26 0.98648950E+24
 0.61044828E+26 0.98097316E+24
 0.60975917E+26 0.97548256E+24
 0.60906688E+26 0.97001761E+24
 0.60837139E+26 0.96457819E+24
 0.60767269E+26 0.95916419E+24
 0.60697077E+26 0.95377551E+24
 0.60626563E+26 0.94841203E+24
 0.60555806E+26 0.94307365E+24
 0.60484554E+26 0.93776026E+24
 0.60413069E+26 0.93247176E+24
 0.60341250E+26 0.92720804E+24
 0.60269103E+26 0.92196900E+24
 0.60196627E+26 0.91675454E+24
 0.60123819E+26 0.91156454E+24
 0.60050681E+26 0.90639890E+24
 0.59977188E+26 0.90125753E+24
 0.59903399E+26 0.89614033E+24
 0.59829286E+26 0.89104718E+24
 0.59754794E+26 0.88597799E+24
 0.59679981E+26 0.88093266E+24
 0.59604832E+26 0.87591109E+24
 0.59529306E+26 0.87091318E+24
 0.59453520E+26 0.86593883E+24
 0.57758291E+26 0.86098794E+24
 0.59300857E+26 0.85606042E+24
 0.59223993E+26 0.85115617E+24
 0.59146810E+26 0.84627508E+24
 0.59069270E+26 0.84141708E+24
 0.58991422E+26 0.83658205E+24
 0.58913207E+26 0.83176990E+24
 0.58834642E+26 0.82698055E+24
 0.58755821E+26 0.82221389E+24
 0.58676484E+26 0.81746983E+24
 0.58596882E+26 0.81274828E+24
 0.58516936E+26 0.80804914E+24
 0.58436643E+26 0.80337233E+24
 0.58356003E+26 0.79871775E+24
 0.58275012E+26 0.79408531E+24
 0.58193674E+26 0.78947493E+24
 0.58112071E+26 0.78488650E+24
 0.58029947E+26 0.78031994E+24
 0.57947559E+26 0.77577517E+24
 0.57864821E+26 0.77125208E+24
 0.57781733E+26 0.76675060E+24
 0.57698293E+26 0.76227064E+24
 0.57614478E+26 0.75781210E+24
 0.57530444E+26 0.75337491E+24
 0.57445869E+26 0.74895897E+24
 0.57361022E+26 0.74456420E+24
 0.57275818E+26 0.74019052E+24
 0.57190269E+26 0.73583783E+24
 0.57104367E+26 0.73150606E+24
 0.57018110E+26 0.72719512E+24
 0.56931474E+26 0.72290492E+24
 0.56844483E+26 0.71863539E+24
 0.56757218E+26 0.71438643E+24
 0.56669593E+26 0.71015798E+24
 0.54366070E+26 0.70594994E+24
 0.56493135E+26 0.70176223E+24
 0.56404451E+26 0.69759478E+24
 0.56315362E+26 0.69344750E+24
 0.56225952E+26 0.68932031E+24
 0.56136177E+26 0.68521314E+24
 0.56046048E+26 0.68112589E+24
 0.55955560E+26 0.67705850E+24
 0.55864721E+26 0.67301088E+24
 0.55773555E+26 0.66898296E+24
 0.55681770E+26 0.66497466E+24
 0.55590145E+26 0.66098590E+24
 0.55497999E+26 0.65701661E+24
 0.55405340E+26 0.65306670E+24
 0.55312419E+26 0.64913610E+24
 0.55219122E+26 0.64522474E+24
 0.55125521E+26 0.64133254E+24
 0.55031537E+26 0.63745942E+24
 0.54937239E+26 0.63360531E+24
 0.54842581E+26 0.62977014E+24
 0.54747582E+26 0.62595383E+24
 0.54652230E+26 0.62215631E+24
 0.54556539E+26 0.61837750E+24
 0.54460508E+26 0.61461733E+24
 0.54364136E+26 0.61087574E+24
 0.54267503E+26 0.60715264E+24
 0.54170364E+26 0.60344796E+24
 0.54072978E+26 0.59976164E+24
 0.53975224E+26 0.59609360E+24
 0.42844481E+26 0.59244378E+24
 0.53778776E+26 0.58881209E+24
 0.53680005E+26 0.58519847E+24
 0.53580968E+26 0.58160286E+24
 0.53481566E+26 0.57802517E+24
 0.53381831E+26 0.57446535E+24
 0.53281764E+26 0.57092333E+24
 0.53181128E+26 0.56739902E+24
 0.53080647E+26 0.56389238E+24
 0.52979472E+26 0.56040332E+24
 0.52878222E+26 0.55693179E+24
 0.52776522E+26 0.55347771E+24
 0.52674253E+26 0.55004102E+24
 0.52572158E+26 0.54662164E+24
 0.52469494E+26 0.54321953E+24
 0.52366514E+26 0.53983460E+24
 0.52263215E+26 0.53646679E+24
 0.52159591E+26 0.53311604E+24
 0.52055669E+26 0.52978228E+24
 0.51951427E+26 0.52646545E+24
 0.51846895E+26 0.52316549E+24
 0.51742027E+26 0.51988232E+24
 0.51636939E+26 0.51661588E+24
 0.51531383E+26 0.51336611E+24
 0.51425617E+26 0.51013296E+24
 0.51319532E+26 0.50691634E+24
 0.51213156E+26 0.50371620E+24
 0.51106476E+26 0.50053249E+24
 0.50999497E+26 0.49736513E+24
 0.50892236E+26 0.49421406E+24
 0.50784671E+26 0.49107922E+24
 0.50676808E+26 0.48796055E+24
 0.50568678E+26 0.48485799E+24
 0.50460251E+26 0.48177148E+24
 0.50351535E+26 0.47870095E+24
 0.50242545E+26 0.47564634E+24
 0.50133267E+26 0.47260760E+24
 0.50023712E+26 0.46958467E+24
 0.49913877E+26 0.46657748E+24
 0.49803774E+26 0.46358597E+24
 0.49693210E+26 0.46061009E+24
 0.49582767E+26 0.45764977E+24
 0.49471837E+26 0.45470496E+24
 0.49360657E+26 0.45177560E+24
 0.49249209E+26 0.44886162E+24
 0.49137484E+26 0.44596297E+24
 0.49025542E+26 0.44307960E+24
 0.48913320E+26 0.44021144E+24
 0.45393304E+26 0.43735843E+24
 0.48688138E+26 0.43452052E+24
 0.48574860E+26 0.43169766E+24
 0.48461931E+26 0.42888977E+24
 0.48348258E+26 0.42609681E+24
 0.48234758E+26 0.42331872E+24
 0.48120841E+26 0.42055544E+24
 0.48006664E+26 0.41780691E+24
 0.47892235E+26 0.41507309E+24
 0.47777611E+26 0.41235391E+24
 0.47662746E+26 0.40964931E+24
 0.47547644E+26 0.40695924E+24
 0.47432336E+26 0.40428365E+24
 0.47316798E+26 0.40162248E+24
 0.47201047E+26 0.39897567E+24
 0.47085085E+26 0.39634318E+24
 0.46968907E+26 0.39372493E+24
 0.46852517E+26 0.39112089E+24
 0.46735921E+26 0.38853098E+24
 0.46619124E+26 0.38595517E+24
 0.46502110E+26 0.38339339E+24
 0.46384928E+26 0.38084560E+24
 0.46267525E+26 0.37831173E+24
 0.46149973E+26 0.37579173E+24
 0.46032212E+26 0.37328556E+24
 0.45914251E+26 0.37079314E+24
 0.45796099E+26 0.36831444E+24
 0.45677728E+26 0.36584940E+24
 0.45559264E+26 0.36339797E+24
 0.45440595E+26 0.36096008E+24
 0.45237363E+26 0.35853570E+24
 0.45139497E+26 0.35612476E+24
 0.45083433E+26 0.35372721E+24
 0.44964219E+26 0.35134301E+24
 0.44844762E+26 0.34897209E+24
 0.44725133E+26 0.34661441E+24
 0.44605208E+26 0.34426991E+24
 0.44485209E+26 0.34193855E+24
 0.44365261E+26 0.33962027E+24
 0.44244860E+26 0.33731501E+24
 0.42474276E+26 0.33502273E+24
 0.44003986E+26 0.33274338E+24
 0.43883268E+26 0.33047689E+24
 0.43762707E+26 0.32822323E+24
 0.43641820E+26 0.32598234E+24
 0.43520533E+26 0.32375418E+24
 0.43399651E+26 0.32153867E+24
 0.43278330E+26 0.31933579E+24
 0.43156807E+26 0.31714547E+24
 0.43035509E+26 0.31496767E+24
 0.42913910E+26 0.31280234E+24
 0.42792206E+26 0.31064942E+24
 0.42670398E+26 0.30850886E+24
 0.42548487E+26 0.30638062E+24
 0.42426493E+26 0.30426464E+24
 0.42304396E+26 0.30216088E+24
 0.42182207E+26 0.30006928E+24
 0.42059937E+26 0.29798979E+24
 0.41937595E+26 0.29592237E+24
 0.41815186E+26 0.29386696E+24
 0.41692623E+26 0.29182352E+24
 0.41570087E+26 0.28979199E+24
 0.41447419E+26 0.28777233E+24
 0.41324746E+26 0.28576449E+24
 0.41201975E+26 0.28376841E+24
 0.40914610E+26 0.28178405E+24
 0.40956200E+26 0.27981136E+24
 0.40833313E+26 0.27785030E+24
 0.40710277E+26 0.27590080E+24
 0.40587090E+26 0.27396282E+24
 0.40464210E+26 0.27203632E+24
 0.40340710E+26 0.27012125E+24
 0.40217951E+26 0.26821755E+24
 0.37969831E+26 0.26632518E+24
 0.39971552E+26 0.26444409E+24
 0.39845033E+26 0.26257423E+24
 0.39725034E+26 0.26071556E+24
 0.39601757E+26 0.25886802E+24
 0.39478451E+26 0.25703157E+24
 0.39355179E+26 0.25520616E+24
 0.39231840E+26 0.25339174E+24
 0.39108467E+26 0.25158826E+24
 0.38985122E+26 0.24979568E+24
 0.38861784E+26 0.24801395E+24
 0.38738444E+26 0.24624303E+24
 0.38615113E+26 0.24448285E+24
 0.38491790E+26 0.24273338E+24
 0.38368466E+26 0.24099458E+24
 0.38245168E+26 0.23926638E+24
 0.38121882E+26 0.23754875E+24
 0.37998633E+26 0.23584164E+24
 0.37875381E+26 0.23414500E+24
 0.37752169E+26 0.23245878E+24
 0.37628986E+26 0.23078294E+24
 0.37505687E+26 0.22911743E+24
 0.37382724E+26 0.22746221E+24
 0.37259654E+26 0.22581722E+24
 0.37136621E+26 0.22418243E+24
 0.37010998E+26 0.22255778E+24
 0.36890695E+26 0.22094323E+24
 0.36767702E+26 0.21933874E+24
 0.36644969E+26 0.21774425E+24
 0.34898626E+26 0.21615972E+24
 0.36399477E+26 0.21458510E+24
 0.36276701E+26 0.21302036E+24
 0.36154229E+26 0.21146542E+24
 0.36031643E+26 0.20992028E+24
 0.35909287E+26 0.20838487E+24
 0.35785003E+26 0.20685914E+24
 0.35664616E+26 0.20534306E+24
 0.35542389E+26 0.20383657E+24
 0.35420264E+26 0.20233963E+24
 0.35298220E+26 0.20085220E+24
 0.35176262E+26 0.19937422E+24
 0.35054395E+26 0.19790567E+24
 0.34932628E+26 0.19644648E+24
 0.34810945E+26 0.19499662E+24
 0.34689374E+26 0.19355604E+24
 0.34567895E+26 0.19212470E+24
 0.34446525E+26 0.19070254E+24
 0.34325265E+26 0.18928954E+24
 0.34204111E+26 0.18788564E+24
 0.34083071E+26 0.18649080E+24
 0.33962148E+26 0.18510497E+24
 0.33841341E+26 0.18372811E+24
 0.33720654E+26 0.18236018E+24
 0.33600090E+26 0.18100113E+24
 0.33479653E+26 0.17965092E+24
 0.33359374E+26 0.17830950E+24
 0.33239161E+26 0.17697684E+24
 0.33119118E+26 0.17565288E+24
 0.32999216E+26 0.17433759E+24
 0.32879432E+26 0.17303092E+24
 0.32759793E+26 0.17173283E+24
 0.32640308E+26 0.17044327E+24
 0.32520961E+26 0.16916220E+24
 0.32401758E+26 0.16788959E+24
 0.32282717E+26 0.16662537E+24
 0.32163802E+26 0.16536952E+24
 0.32045066E+26 0.16412199E+24
 0.31926474E+26 0.16288274E+24
 0.31807990E+26 0.16165173E+24
 0.31689733E+26 0.16042890E+24
 0.31571644E+26 0.15921423E+24
 0.31453728E+26 0.15800766E+24
 0.31335967E+26 0.15680916E+24
 0.31218303E+26 0.15561869E+24
 0.31100873E+26 0.15443620E+24
 0.30983574E+26 0.15326165E+24
 0.30866517E+26 0.15209499E+24
 0.30504371E+26 0.15093620E+24
 0.30147575E+26 0.14978522E+24
 0.30516297E+26 0.14864202E+24
 0.30400005E+26 0.14750654E+24
 0.30283783E+26 0.14637877E+24
 0.30167779E+26 0.14525864E+24
 0.30052098E+26 0.14414612E+24
 0.29936459E+26 0.14304117E+24
 0.29821033E+26 0.14194376E+24
 0.29705785E+26 0.14085383E+24
 0.29590761E+26 0.13977134E+24
 0.29475956E+26 0.13869627E+24
 0.29361330E+26 0.13762856E+24
 0.29246908E+26 0.13656817E+24
 0.29132685E+26 0.13551508E+24
 0.29018671E+26 0.13446923E+24
 0.28904863E+26 0.13343059E+24
 0.28791260E+26 0.13239912E+24
 0.28677870E+26 0.13137477E+24
 0.28564718E+26 0.13035752E+24
 0.28451733E+26 0.12934731E+24
 0.28338980E+26 0.12834412E+24
 0.28226447E+26 0.12734789E+24
 0.28114137E+26 0.12635860E+24
 0.28002039E+26 0.12537620E+24
 0.27890165E+26 0.12440065E+24
 0.27778515E+26 0.12343192E+24
 0.27667088E+26 0.12246997E+24
 0.27555889E+26 0.12151475E+24
 0.27444913E+26 0.12056624E+24
 0.27334168E+26 0.11962439E+24
 0.27223653E+26 0.11868916E+24
 0.27113366E+26 0.11776052E+24
 0.27003316E+26 0.11683842E+24
 0.26893494E+26 0.11592284E+24
 0.26783912E+26 0.11501373E+24
 0.26674561E+26 0.11411106E+24
 0.26565455E+26 0.11321479E+24
 0.26456583E+26 0.11232487E+24
 0.26347952E+26 0.11144129E+24
 0.26239562E+26 0.11056398E+24
 0.26131414E+26 0.10969294E+24
 0.26023510E+26 0.10882810E+24
 0.25915852E+26 0.10796944E+24
 0.25808436E+26 0.10711693E+24
 0.25701268E+26 0.10627051E+24
 0.25594349E+26 0.10543017E+24
 0.25487679E+26 0.10459586E+24
 0.25381256E+26 0.10376755E+24
 0.25275088E+26 0.10294519E+24
 0.25169171E+26 0.10212877E+24
 0.25063506E+26 0.10131823E+24
 0.24958094E+26 0.10051355E+24
 0.24852939E+26 0.99714686E+23
 0.24748038E+26 0.98921608E+23
 0.24643394E+26 0.98134279E+23
 0.24539007E+26 0.97352664E+23
 0.24434879E+26 0.96576729E+23
 0.24331012E+26 0.95806440E+23
 0.24227402E+26 0.95041761E+23
 0.24124055E+26 0.94282660E+23
 0.24020968E+26 0.93529100E+23
 0.23918144E+26 0.92781049E+23
 0.23815583E+26 0.92038472E+23
 0.23713288E+26 0.91301336E+23
 0.23611247E+26 0.90569606E+23
 0.23509489E+26 0.89843250E+23
 0.23407989E+26 0.89122234E+23
 0.23306755E+26 0.88406525E+23
 0.23205789E+26 0.87696090E+23
 0.23105088E+26 0.86990896E+23
 0.23004878E+26 0.86290910E+23
 0.22904499E+26 0.85596099E+23
 0.22785453E+26 0.84906431E+23
 0.19035385E+26 0.84221873E+23
 0.22605579E+26 0.83542394E+23
 0.22506564E+26 0.82867960E+23
 0.22407755E+26 0.82198541E+23
 0.22309235E+26 0.81534104E+23
 0.22210977E+26 0.80874617E+23
 0.22112991E+26 0.80220050E+23
 0.22015265E+26 0.79570369E+23
 0.21917771E+26 0.78925545E+23
 0.21820674E+26 0.78285546E+23
 0.21723796E+26 0.77650341E+23
 0.21422032E+26 0.77019899E+23
 0.21530860E+26 0.76394189E+23
 0.21434795E+26 0.75773181E+23
 0.21338975E+26 0.75156844E+23
 0.21243506E+26 0.74545148E+23
 0.21148302E+26 0.73938062E+23
 0.21053360E+26 0.73335558E+23
 0.20958680E+26 0.72737604E+23
 0.20864302E+26 0.72144170E+23
 0.20770166E+26 0.71555229E+23
 0.20676342E+26 0.70970749E+23
 0.20582817E+26 0.70390701E+23
 0.20489549E+26 0.69815057E+23
 0.20396562E+26 0.69243786E+23
 0.20303836E+26 0.68676861E+23
 0.20211430E+26 0.68114252E+23
 0.20119284E+26 0.67555931E+23
 0.20027421E+26 0.67001869E+23
 0.19935835E+26 0.66452038E+23
 0.19844535E+26 0.65906409E+23
 0.19753516E+26 0.65364955E+23
 0.19662784E+26 0.64827647E+23
 0.19572323E+26 0.64294458E+23
 0.19482150E+26 0.63765359E+23
 0.19392256E+26 0.63240324E+23
 0.19302651E+26 0.62719325E+23
 0.19213329E+26 0.62202334E+23
 0.19124282E+26 0.61689325E+23
 0.19035522E+26 0.61180270E+23
 0.18947044E+26 0.60675142E+23
 0.18858849E+26 0.60173916E+23
 0.18770938E+26 0.59676564E+23
 0.18683309E+26 0.59183059E+23
 0.18595964E+26 0.58693376E+23
 0.18508901E+26 0.58207488E+23
 0.18422121E+26 0.57725369E+23
 0.18335624E+26 0.57246993E+23
 0.18249411E+26 0.56772335E+23
 0.18163481E+26 0.56301369E+23
 0.18077834E+26 0.55834069E+23
 0.17992467E+26 0.55370410E+23
 0.17907387E+26 0.54910367E+23
 0.17822589E+26 0.54453914E+23
 0.17738073E+26 0.54001027E+23
 0.17653840E+26 0.53551681E+23
 0.17569890E+26 0.53105850E+23
 0.17486222E+26 0.52663512E+23
 0.17402836E+26 0.52224640E+23
 0.17319733E+26 0.51789211E+23
 0.17236913E+26 0.51357201E+23
 0.17154374E+26 0.50928585E+23
 0.17072117E+26 0.50503340E+23
 0.16990145E+26 0.50081442E+23
 0.16908450E+26 0.49662868E+23
 0.16827037E+26 0.49247593E+23
 0.16745908E+26 0.48835594E+23
 0.16665060E+26 0.48426849E+23
 0.16584492E+26 0.48021333E+23
 0.16504205E+26 0.47619025E+23
 0.16424200E+26 0.47219901E+23
 0.16344474E+26 0.46823939E+23
 0.16265028E+26 0.46431115E+23
 0.16185863E+26 0.46041408E+23
 0.16106978E+26 0.45654795E+23
 0.16028372E+26 0.45271254E+23
 0.15950046E+26 0.44890763E+23
 0.15871999E+26 0.44513300E+23
 0.15794230E+26 0.44138843E+23
 0.15716741E+26 0.43767370E+23
 0.15639529E+26 0.43398860E+23
 0.15562596E+26 0.43033292E+23
 0.15485941E+26 0.42670643E+23
 0.15409566E+26 0.42310894E+23
 0.15333462E+26 0.41954022E+23
 0.15257639E+26 0.41600008E+23
 0.15182092E+26 0.41248829E+23
 0.15106821E+26 0.40900466E+23
 0.15031827E+26 0.40554898E+23
 0.14957108E+26 0.40212104E+23
 0.14882664E+26 0.39872064E+23
 0.14808496E+26 0.39534758E+23
 0.14734603E+26 0.39200167E+23
 0.14660984E+26 0.38868269E+23
 0.14587638E+26 0.38539045E+23
 0.14514567E+26 0.38212475E+23
 0.14441769E+26 0.37888541E+23
 0.14369244E+26 0.37567221E+23
 0.14296991E+26 0.37248498E+23
 0.14225011E+26 0.36932353E+23
 0.14153302E+26 0.36618764E+23
 0.14081865E+26 0.36307714E+23
 0.14010699E+26 0.35999184E+23
 0.13939804E+26 0.35693154E+23
 0.13869180E+26 0.35389607E+23
 0.13798824E+26 0.35088524E+23
 0.13728738E+26 0.34789887E+23
 0.13658922E+26 0.34493677E+23
 0.13589374E+26 0.34199876E+23
 0.13520094E+26 0.33908465E+23
 0.13451082E+26 0.33619428E+23
 0.13382337E+26 0.33332746E+23
 0.13313859E+26 0.33048589E+23
 0.13245649E+26 0.32766563E+23
 0.13177703E+26 0.32486840E+23
 0.13110024E+26 0.32209401E+23
 0.13042609E+26 0.31934231E+23
 0.12975459E+26 0.31661311E+23
 0.12908573E+26 0.31390625E+23
 0.12841951E+26 0.31122155E+23
 0.12775592E+26 0.30855886E+23
 0.12709496E+26 0.30591800E+23
 0.12643663E+26 0.30329880E+23
 0.12578091E+26 0.30070110E+23
 0.12512780E+26 0.29812475E+23
 0.12447730E+26 0.29556956E+23
 0.12382941E+26 0.29303539E+23
 0.12318412E+26 0.29052207E+23
 0.12254141E+26 0.28802944E+23
 0.12190130E+26 0.28555735E+23
 0.12126377E+26 0.28310564E+23
 0.12062881E+26 0.28067414E+23
 0.11999643E+26 0.27826271E+23
 0.11936662E+26 0.27587119E+23
 0.11873937E+26 0.27349943E+23
 0.11811468E+26 0.27114728E+23
 0.11749254E+26 0.26881457E+23
 0.11687294E+26 0.26650117E+23
 0.11625589E+26 0.26420693E+23
 0.11564137E+26 0.26193169E+23
 0.11502939E+26 0.25967532E+23
 0.11441993E+26 0.25743765E+23
 0.11381298E+26 0.25521855E+23
 0.11320856E+26 0.25301788E+23
 0.11260664E+26 0.25083549E+23
 0.11200722E+26 0.24867123E+23
 0.11141030E+26 0.24652497E+23
 0.11081588E+26 0.24439657E+23
 0.11022393E+26 0.24228589E+23
 0.10963447E+26 0.24019278E+23
 0.10904749E+26 0.23811712E+23
 0.10846297E+26 0.23605876E+23
 0.10788091E+26 0.23401757E+23
 0.10730132E+26 0.23199342E+23
 0.10672417E+26 0.22998617E+23
 0.10614947E+26 0.22799568E+23
 0.10557721E+26 0.22602184E+23
 0.10500739E+26 0.22406450E+23
 0.10443999E+26 0.22212353E+23
 0.10387501E+26 0.22019882E+23
 0.10331246E+26 0.21829022E+23
 0.10275231E+26 0.21639761E+23
 0.10219456E+26 0.21452087E+23
 0.10163922E+26 0.21265987E+23
 0.10108627E+26 0.21081449E+23
 0.10053570E+26 0.20898459E+23
 0.99987514E+25 0.20717007E+23
 0.99441703E+25 0.20537079E+23
 0.98898259E+25 0.20358664E+23
 0.98357178E+25 0.20181749E+23
 0.97818452E+25 0.20006324E+23
 0.97282076E+25 0.19832375E+23
 0.96748044E+25 0.19659891E+23
 0.96216350E+25 0.19488860E+23
 0.95686986E+25 0.19319271E+23
 0.95159948E+25 0.19151112E+23
 0.94635228E+25 0.18984373E+23
 0.94112821E+25 0.18819040E+23
 0.93592720E+25 0.18655104E+23
 0.93074919E+25 0.18492553E+23
 0.92559411E+25 0.18331376E+23
 0.92046192E+25 0.18171562E+23
 0.91535252E+25 0.18012998E+23
 0.91026588E+25 0.17855878E+23
 0.90520192E+25 0.17700088E+23
 0.90016058E+25 0.17545618E+23
 0.89514181E+25 0.17392457E+23
 0.89014552E+25 0.17240594E+23
 0.88517166E+25 0.17090019E+23
 0.88022017E+25 0.16940722E+23
 0.87529098E+25 0.16792692E+23
 0.87038402E+25 0.16645920E+23
 0.86549924E+25 0.16500394E+23
 0.86063657E+25 0.16356105E+23
 0.85579594E+25 0.16213043E+23
 0.85097728E+25 0.16071197E+23
 0.84618054E+25 0.15930559E+23
 0.84140565E+25 0.15791117E+23
 0.83665255E+25 0.15652864E+23
 0.83192116E+25 0.15515788E+23
 0.82721143E+25 0.15379880E+23
 0.82252329E+25 0.15245131E+23
 0.81785667E+25 0.15111531E+23
 0.81321151E+25 0.14979071E+23
 0.80858774E+25 0.14847742E+23
 0.80398530E+25 0.14717535E+23
 0.79940413E+25 0.14588439E+23
 0.79484415E+25 0.14460447E+23
 0.79030530E+25 0.14333549E+23
 0.78578752E+25 0.14207736E+23
 0.78129074E+25 0.14083000E+23
 0.77681489E+25 0.13959331E+23
 0.77235991E+25 0.13836720E+23
 0.76792574E+25 0.13715160E+23
 0.76351230E+25 0.13594641E+23
 0.75911954E+25 0.13475156E+23
 0.75474738E+25 0.13356694E+23
 0.75039576E+25 0.13239249E+23
 0.74606461E+25 0.13122811E+23
 0.74175387E+25 0.13007373E+23
 0.73746348E+25 0.12892926E+23
 0.73319336E+25 0.12779462E+23
 0.72894345E+25 0.12666973E+23
 0.72471368E+25 0.12555450E+23
 0.72050400E+25 0.12444887E+23
 0.71631432E+25 0.12335274E+23
 0.71214459E+25 0.12226604E+23
 0.70799474E+25 0.12118870E+23
 0.70386471E+25 0.12012063E+23
 0.69975442E+25 0.11906176E+23
 0.69566382E+25 0.11801201E+23
 0.69159283E+25 0.11697131E+23
 0.68754139E+25 0.11593958E+23
 0.68350944E+25 0.11491675E+23
 0.67949691E+25 0.11390274E+23
 0.67550372E+25 0.11289748E+23
 0.67152983E+25 0.11190090E+23
 0.66757516E+25 0.11091293E+23
 0.66363964E+25 0.10993348E+23
 0.65972321E+25 0.10896250E+23
 0.65582580E+25 0.10799992E+23
 0.65194735E+25 0.10704565E+23
 0.64808779E+25 0.10609964E+23
 0.64424706E+25 0.10516181E+23
 0.64042509E+25 0.10423210E+23
 0.63662182E+25 0.10331043E+23
 0.63283718E+25 0.10239675E+23
 0.62907110E+25 0.10149098E+23
 0.62532351E+25 0.10059305E+23
 0.62159436E+25 0.99702913E+22
 0.61788358E+25 0.98820489E+22
 0.61419111E+25 0.97945717E+22
 0.61051687E+25 0.97078534E+22
 0.60686080E+25 0.96218874E+22
 0.60322284E+25 0.95366676E+22
 0.59960292E+25 0.94521877E+22
 0.59600098E+25 0.93684415E+22
 0.59241695E+25 0.92854227E+22
 0.58885076E+25 0.92031254E+22
 0.58530236E+25 0.91215433E+22
 0.58177168E+25 0.90406705E+22
 0.57825865E+25 0.89605011E+22
 0.57476321E+25 0.88810291E+22
 0.57128530E+25 0.88022486E+22
 0.56782484E+25 0.87241538E+22
 0.56438178E+25 0.86467389E+22
 0.56095605E+25 0.85699982E+22
 0.55754759E+25 0.84939260E+22
 0.55415633E+25 0.84185167E+22
 0.55078221E+25 0.83437646E+22
 0.54742517E+25 0.82696642E+22
 0.54408514E+25 0.81962099E+22
 0.54076205E+25 0.81233964E+22
 0.53745585E+25 0.80512182E+22
 0.53416647E+25 0.79796699E+22
 0.53089384E+25 0.79087461E+22
 0.52763791E+25 0.78384416E+22
 0.52439861E+25 0.77687512E+22
 0.52117588E+25 0.76996696E+22
 0.51796965E+25 0.76311917E+22
 0.51477986E+25 0.75633123E+22
 0.51160645E+25 0.74960263E+22
 0.50844936E+25 0.74293288E+22
 0.50530852E+25 0.73632146E+22
 0.50218387E+25 0.72976789E+22
 0.49907534E+25 0.72327168E+22
 0.49598289E+25 0.71683232E+22
 0.49290643E+25 0.71044935E+22
 0.48984592E+25 0.70412228E+22
 0.48680129E+25 0.69785063E+22
 0.48377248E+25 0.69163394E+22
 0.48075942E+25 0.68547172E+22
 0.47776206E+25 0.67936353E+22
 0.47478033E+25 0.67330889E+22
 0.47181417E+25 0.66730735E+22
 0.46886352E+25 0.66135846E+22
 0.46592832E+25 0.65546177E+22
 0.46300851E+25 0.64961682E+22
 0.46010402E+25 0.64382319E+22
 0.45721480E+25 0.63808042E+22
 0.45434079E+25 0.63238809E+22
 0.45148193E+25 0.62674576E+22
 0.44863814E+25 0.62115300E+22
 0.44580939E+25 0.61560939E+22
 0.44299559E+25 0.61011451E+22
 0.44019670E+25 0.60466794E+22
 0.43741266E+25 0.59926927E+22
 0.43464340E+25 0.59391808E+22
 0.43188887E+25 0.58861397E+22
 0.42914900E+25 0.58335654E+22
 0.42642373E+25 0.57814537E+22
 0.42371302E+25 0.57298008E+22
 0.42101679E+25 0.56786027E+22
 0.41833499E+25 0.56278556E+22
 0.41566757E+25 0.55775554E+22
 0.41301445E+25 0.55276984E+22
 0.41037559E+25 0.54782808E+22
 0.40775092E+25 0.54292987E+22
 0.40514038E+25 0.53807485E+22
 0.40254393E+25 0.53326264E+22
 0.39996149E+25 0.52849287E+22
 0.39739302E+25 0.52376517E+22
 0.39483846E+25 0.51907919E+22
 0.39229773E+25 0.51443456E+22
 0.38977080E+25 0.50983093E+22
 0.38725761E+25 0.50526794E+22
 0.38475808E+25 0.50074525E+22
 0.38227218E+25 0.49626249E+22
 0.37979983E+25 0.49181934E+22
 0.37734099E+25 0.48741544E+22
 0.37489560E+25 0.48305045E+22
 0.37246360E+25 0.47872405E+22
 0.37004494E+25 0.47443590E+22
 0.36763955E+25 0.47018565E+22
 0.36524739E+25 0.46597300E+22
 0.36286839E+25 0.46179761E+22
 0.36050251E+25 0.45765916E+22
 0.35814968E+25 0.45355732E+22
 0.35580985E+25 0.44949179E+22
 0.35348297E+25 0.44546224E+22
 0.35116897E+25 0.44146837E+22
 0.34886782E+25 0.43750987E+22
 0.34657944E+25 0.43358642E+22
 0.34430379E+25 0.42969772E+22
 0.34204080E+25 0.42584348E+22
 0.33979044E+25 0.42202339E+22
 0.33755264E+25 0.41823716E+22
 0.33532734E+25 0.41448449E+22
 0.33311450E+25 0.41076509E+22
 0.33091406E+25 0.40707867E+22
 0.32872597E+25 0.40342495E+22
 0.32655017E+25 0.39980363E+22
 0.32438661E+25 0.39621445E+22
 0.32223523E+25 0.39265711E+22
 0.32009599E+25 0.38913134E+22
 0.31796883E+25 0.38563687E+22
 0.31585370E+25 0.38217342E+22
 0.31375054E+25 0.37874072E+22
 0.31165931E+25 0.37533851E+22
 0.30957994E+25 0.37196652E+22
 0.30751240E+25 0.36862448E+22
 0.30545662E+25 0.36531214E+22
 0.30341255E+25 0.36202923E+22
 0.30138014E+25 0.35877550E+22
 0.29935935E+25 0.35555069E+22
 0.29735012E+25 0.35235455E+22
 0.29535239E+25 0.34918684E+22
 0.29336612E+25 0.34604729E+22
 0.29139126E+25 0.34293568E+22
 0.28942775E+25 0.33985174E+22
 0.28747555E+25 0.33679524E+22
 0.28553459E+25 0.33376594E+22
 0.28360485E+25 0.33076361E+22
 0.28168625E+25 0.32778800E+22
 0.27977876E+25 0.32483888E+22
 0.27788232E+25 0.32191602E+22
 0.27599688E+25 0.31901919E+22
 0.27412240E+25 0.31614816E+22
 0.27225882E+25 0.31330271E+22
 0.27040610E+25 0.31048261E+22
 0.26856418E+25 0.30768764E+22
 0.26673301E+25 0.30491758E+22
 0.26491256E+25 0.30217221E+22
 0.26310276E+25 0.29945132E+22
 0.26130357E+25 0.29675468E+22
 0.25951494E+25 0.29408209E+22
 0.25773683E+25 0.29143334E+22
 0.25596918E+25 0.28880821E+22
 0.25421194E+25 0.28620650E+22
 0.25246507E+25 0.28362800E+22
 0.25072853E+25 0.28107252E+22
 0.24900225E+25 0.27853984E+22
 0.24728620E+25 0.27602976E+22
 0.24558033E+25 0.27354210E+22
 0.24388459E+25 0.27107664E+22
 0.24219893E+25 0.26863320E+22
 0.24052331E+25 0.26621158E+22
 0.23885768E+25 0.26381159E+22
 0.23720200E+25 0.26143304E+22
 0.23555620E+25 0.25907575E+22
 0.23392026E+25 0.25673951E+22
 0.23229413E+25 0.25442415E+22
 0.23067775E+25 0.25212949E+22
 0.22907108E+25 0.24985534E+22
 0.22747408E+25 0.24760152E+22
 0.22588670E+25 0.24536785E+22
 0.22430890E+25 0.24315415E+22
 0.22274062E+25 0.24096026E+22
 0.22118183E+25 0.23878598E+22
 0.21963248E+25 0.23663116E+22
 0.21809252E+25 0.23449561E+22
 0.21656191E+25 0.23237918E+22
 0.21504061E+25 0.23028168E+22
 0.21352856E+25 0.22820296E+22
 0.21202574E+25 0.22614284E+22
 0.21053208E+25 0.22410117E+22
 0.20904755E+25 0.22207778E+22
 0.20757211E+25 0.22007250E+22
 0.20610570E+25 0.21808518E+22
 0.20464829E+25 0.21611566E+22
 0.20319983E+25 0.21416379E+22
 0.20176028E+25 0.21222940E+22
 0.20032960E+25 0.21031234E+22
 0.19890774E+25 0.20841246E+22
 0.19749465E+25 0.20652960E+22
 0.19609031E+25 0.20466362E+22
 0.19469465E+25 0.20281437E+22
 0.19330765E+25 0.20098170E+22
 0.19192926E+25 0.19916545E+22
 0.19055943E+25 0.19736550E+22
 0.18919813E+25 0.19558168E+22
 0.18784531E+25 0.19381386E+22
 0.18650092E+25 0.19206190E+22
 0.18516494E+25 0.19032566E+22
 0.18383731E+25 0.18860499E+22
 0.18251800E+25 0.18689976E+22
 0.18120696E+25 0.18520984E+22
 0.17990415E+25 0.18353508E+22
 0.17860954E+25 0.18187535E+22
 0.17732307E+25 0.18023052E+22
 0.17604471E+25 0.17860046E+22
 0.17477442E+25 0.17698503E+22
 0.17351216E+25 0.17538411E+22
 0.17225789E+25 0.17379756E+22
 0.17101156E+25 0.17222527E+22
 0.16977314E+25 0.17066709E+22
 0.16854259E+25 0.16912292E+22
 0.16731986E+25 0.16759261E+22
 0.16610492E+25 0.16607606E+22
 0.16489773E+25 0.16457313E+22
 0.16369824E+25 0.16308371E+22
 0.16250643E+25 0.16160768E+22
 0.16132224E+25 0.16014491E+22
 0.16014564E+25 0.15869529E+22
 0.15897659E+25 0.15725871E+22
 0.15781505E+25 0.15583504E+22
 0.15666099E+25 0.15442417E+22
 0.15551436E+25 0.15302599E+22
 0.15437513E+25 0.15164039E+22
 0.15324325E+25 0.15026725E+22
 0.15211870E+25 0.14890646E+22
 0.15100142E+25 0.14755791E+22
 0.14989139E+25 0.14622150E+22
 0.14878856E+25 0.14489711E+22
 0.14769291E+25 0.14358464E+22
 0.14660438E+25 0.14228398E+22
 0.14552294E+25 0.14099502E+22
 0.14444856E+25 0.13971767E+22
 0.14338119E+25 0.13845182E+22
 0.14232081E+25 0.13719737E+22
 0.14126737E+25 0.13595420E+22
 0.14022084E+25 0.13472224E+22
 0.13918118E+25 0.13350137E+22
 0.13814835E+25 0.13229149E+22
 0.13712232E+25 0.13109251E+22
 0.13610305E+25 0.12990433E+22
 0.13509050E+25 0.12872685E+22
 0.13408465E+25 0.12755999E+22
 0.13308545E+25 0.12640363E+22
 0.13209286E+25 0.12525770E+22
 0.13110686E+25 0.12412209E+22
 0.13012740E+25 0.12299672E+22
 0.12915445E+25 0.12188149E+22
 0.12818797E+25 0.12077631E+22
 0.12722794E+25 0.11968110E+22
 0.12627431E+25 0.11859576E+22
 0.12532705E+25 0.11752020E+22
 0.12438613E+25 0.11645434E+22
 0.12345150E+25 0.11539810E+22
 0.12252315E+25 0.11435138E+22
 0.12160102E+25 0.11331410E+22
 0.12068509E+25 0.11228618E+22
 0.11977532E+25 0.11126753E+22
 0.11887169E+25 0.11025807E+22
 0.11797414E+25 0.10925771E+22
 0.11708266E+25 0.10826639E+22
 0.11619721E+25 0.10728400E+22
 0.11531775E+25 0.10631049E+22
 0.11444425E+25 0.10534576E+22
 0.11357668E+25 0.10438973E+22
 0.11271500E+25 0.10344234E+22
 0.11185918E+25 0.10250349E+22
 0.11100920E+25 0.10157313E+22
 0.11016500E+25 0.10065116E+22
 0.10932657E+25 0.99737517E+21
 0.10849387E+25 0.98832124E+21
 0.10766687E+25 0.97934907E+21
 0.10684553E+25 0.97045793E+21
 0.10602983E+25 0.96164709E+21
 0.10521972E+25 0.95291584E+21
 0.10441519E+25 0.94426345E+21
 0.10361620E+25 0.93568923E+21
 0.10282270E+25 0.92719246E+21
 0.10203469E+25 0.91877247E+21
 0.10125212E+25 0.91042856E+21
 0.10047495E+25 0.90216004E+21
 0.99703172E+24 0.89396625E+21
 0.98936739E+24 0.88584651E+21
 0.98175625E+24 0.87780016E+21
 0.97419798E+24 0.86982653E+21
 0.96669228E+24 0.86192499E+21
 0.95923885E+24 0.85409487E+21
 0.95183737E+24 0.84633555E+21
 0.94448754E+24 0.83864637E+21
 0.93718907E+24 0.83102673E+21
 0.92994164E+24 0.82347598E+21
 0.92274497E+24 0.81599352E+21
 0.91559875E+24 0.80857873E+21
 0.90850269E+24 0.80123100E+21
 0.90145649E+24 0.79394973E+21
 0.89445985E+24 0.78673433E+21
 0.88751248E+24 0.77958419E+21
 0.88061410E+24 0.77249874E+21
 0.87376440E+24 0.76547740E+21
 0.86696310E+24 0.75851958E+21
 0.86020991E+24 0.75162472E+21
 0.85350454E+24 0.74479226E+21
 0.84684671E+24 0.73802163E+21
 0.84023612E+24 0.73131227E+21
 0.83367251E+24 0.72466364E+21
 0.82715558E+24 0.71807518E+21
 0.82068505E+24 0.71154637E+21
 0.81426064E+24 0.70507666E+21
 0.80788208E+24 0.69866552E+21
 0.80154909E+24 0.69231242E+21
 0.79526138E+24 0.68601684E+21
 0.78901869E+24 0.67977827E+21
 0.78282073E+24 0.67359620E+21
 0.77666724E+24 0.66747010E+21
 0.77055795E+24 0.66139949E+21
 0.76449258E+24 0.65538386E+21
 0.75847086E+24 0.64942271E+21
 0.75249253E+24 0.64351556E+21
 0.74655732E+24 0.63766192E+21
 0.74066496E+24 0.63186131E+21
 0.73481519E+24 0.62611325E+21
 0.72900774E+24 0.62041727E+21
 0.72324236E+24 0.61477289E+21
 0.71751877E+24 0.60917966E+21
 0.71183673E+24 0.60363712E+21
 0.70619597E+24 0.59814480E+21
 0.70059623E+24 0.59270226E+21
 0.69503726E+24 0.58730905E+21
 0.68951880E+24 0.58196471E+21
 0.68404061E+24 0.57666882E+21
 0.67860241E+24 0.57142094E+21
 0.67320397E+24 0.56622063E+21
 0.66784504E+24 0.56106746E+21
 0.66252535E+24 0.55596101E+21
 0.65724468E+24 0.55090087E+21
 0.65200276E+24 0.54588660E+21
 0.64679935E+24 0.54091780E+21
 0.64163420E+24 0.53599406E+21
 0.63650709E+24 0.53111497E+21
 0.63141775E+24 0.52628013E+21
 0.62636595E+24 0.52148913E+21
 0.62135145E+24 0.51674160E+21
 0.61637401E+24 0.51203712E+21
 0.61143340E+24 0.50737533E+21
 0.60652936E+24 0.50275582E+21
 0.60166168E+24 0.49817821E+21
 0.59683012E+24 0.49364214E+21
 0.59203443E+24 0.48914722E+21
 0.58727439E+24 0.48469309E+21
 0.58254978E+24 0.48027937E+21
 0.57786035E+24 0.47590571E+21
 0.57320588E+24 0.47157173E+21
 0.56858614E+24 0.46727708E+21
 0.56400091E+24 0.46302142E+21
 0.55944995E+24 0.45880437E+21
 0.55493306E+24 0.45462560E+21
 0.55044999E+24 0.45048476E+21
 0.54600054E+24 0.44638151E+21
 0.54158447E+24 0.44231551E+21
 0.53720157E+24 0.43828642E+21
 0.53285162E+24 0.43429391E+21
 0.52853441E+24 0.43033765E+21
 0.52424971E+24 0.42641730E+21
 0.51999731E+24 0.42253256E+21
 0.51577700E+24 0.41868309E+21
 0.51158856E+24 0.41486857E+21
 0.50743179E+24 0.41108870E+21
 0.50330646E+24 0.40734315E+21
 0.49921237E+24 0.40363162E+21
 0.49514931E+24 0.39995380E+21
 0.49111708E+24 0.39630938E+21
 0.48711546E+24 0.39269807E+21
 0.48314425E+24 0.38911956E+21
 0.47920325E+24 0.38557356E+21
 0.47529225E+24 0.38205977E+21
 0.47141105E+24 0.37857791E+21
 0.46755945E+24 0.37512767E+21
 0.46373725E+24 0.37170879E+21
 0.45994425E+24 0.36832097E+21
 0.45618025E+24 0.36496393E+21
 0.45244505E+24 0.36163740E+21
 0.44873847E+24 0.35834110E+21
 0.44506029E+24 0.35507475E+21
 0.44141033E+24 0.35183809E+21
 0.43778840E+24 0.34863084E+21
 0.43419431E+24 0.34545274E+21
 0.43062786E+24 0.34230353E+21
 0.42708886E+24 0.33918295E+21
 0.42357713E+24 0.33609073E+21
 0.42009247E+24 0.33302662E+21
 0.41663471E+24 0.32999036E+21
 0.41320365E+24 0.32698170E+21
 0.40979911E+24 0.32400040E+21
 0.40642091E+24 0.32104621E+21
 0.40306887E+24 0.31811887E+21
 0.39974279E+24 0.31521815E+21
 0.39644251E+24 0.31234381E+21
 0.39316785E+24 0.30949560E+21
 0.38991862E+24 0.30667329E+21
 0.38669464E+24 0.30387665E+21
 0.38349575E+24 0.30110545E+21
 0.38032176E+24 0.29835944E+21
 0.37717250E+24 0.29563841E+21
 0.37404780E+24 0.29294213E+21
 0.37094748E+24 0.29027037E+21
 0.36787138E+24 0.28762292E+21
 0.36481932E+24 0.28499955E+21
 0.36179113E+24 0.28240004E+21
 0.35878664E+24 0.27982418E+21
 0.35580570E+24 0.27727175E+21
 0.35284812E+24 0.27474255E+21
 0.34991375E+24 0.27223635E+21
 0.34700242E+24 0.26975296E+21
 0.34411396E+24 0.26729216E+21
 0.34124822E+24 0.26485376E+21
 0.33840503E+24 0.26243754E+21
 0.33558423E+24 0.26004331E+21
 0.33278566E+24 0.25767086E+21
 0.33000917E+24 0.25532001E+21
 0.32725458E+24 0.25299055E+21
 0.32452176E+24 0.25068229E+21
 0.32181053E+24 0.24839504E+21
 0.31912075E+24 0.24612860E+21
 0.31645226E+24 0.24388280E+21
 0.31380490E+24 0.24165744E+21
 0.31117854E+24 0.23945233E+21
 0.30857300E+24 0.23726730E+21
 0.30598815E+24 0.23510215E+21
 0.30342383E+24 0.23295672E+21
 0.30087990E+24 0.23083082E+21
 0.29835620E+24 0.22872427E+21
 0.29585259E+24 0.22663691E+21
 0.29336893E+24 0.22456854E+21
 0.29090506E+24 0.22251901E+21
 0.28846085E+24 0.22048814E+21
 0.28603615E+24 0.21847577E+21
 0.28363081E+24 0.21648172E+21
 0.28124470E+24 0.21450582E+21
 0.27887768E+24 0.21254792E+21
 0.27652960E+24 0.21060785E+21
 0.27420033E+24 0.20868545E+21
 0.27188972E+24 0.20678056E+21
 0.26959765E+24 0.20489301E+21
 0.26732397E+24 0.20302266E+21
 0.26506855E+24 0.20116934E+21
 0.26283125E+24 0.19933290E+21
 0.26061195E+24 0.19751320E+21
 0.25841050E+24 0.19571006E+21
 0.25622677E+24 0.19392336E+21
 0.25406064E+24 0.19215292E+21
 0.25191197E+24 0.19039862E+21
 0.24978063E+24 0.18866030E+21
 0.24766649E+24 0.18693782E+21
 0.24556944E+24 0.18523102E+21
 0.24348933E+24 0.18353978E+21
 0.24142604E+24 0.18186395E+21
 0.23937945E+24 0.18020339E+21
 0.23734943E+24 0.17855796E+21
 0.23533586E+24 0.17692752E+21
 0.23333861E+24 0.17531194E+21
 0.23135756E+24 0.17371108E+21
 0.22939259E+24 0.17212481E+21
 0.22744359E+24 0.17055300E+21
 0.22551042E+24 0.16899551E+21
 0.22359297E+24 0.16745221E+21
 0.22169112E+24 0.16592298E+21
 0.21980476E+24 0.16440769E+21
 0.21793376E+24 0.16290621E+21
 0.21607802E+24 0.16141841E+21
 0.21423740E+24 0.15994418E+21
 0.21241181E+24 0.15848338E+21
 0.21060113E+24 0.15703590E+21
 0.20880524E+24 0.15560161E+21
 0.20702403E+24 0.15418040E+21
 0.20525739E+24 0.15277215E+21
 0.20350520E+24 0.15137673E+21
 0.20176737E+24 0.14999403E+21
 0.20004377E+24 0.14862394E+21
 0.19833430E+24 0.14726635E+21
 0.19663886E+24 0.14592112E+21
 0.19495733E+24 0.14458817E+21
 0.19328961E+24 0.14326737E+21
 0.19163559E+24 0.14195861E+21
 0.18999516E+24 0.14066178E+21
 0.18836823E+24 0.13937678E+21
 0.18675469E+24 0.13810350E+21
 0.18515444E+24 0.13684183E+21
 0.18356736E+24 0.13559166E+21
 0.18199337E+24 0.13435290E+21
 0.18043237E+24 0.13312543E+21
 0.17888424E+24 0.13190916E+21
 0.17734889E+24 0.13070398E+21
 0.17582623E+24 0.12950979E+21
 0.17431615E+24 0.12832649E+21
 0.17281856E+24 0.12715399E+21
 0.17133335E+24 0.12599218E+21
 0.16986045E+24 0.12484096E+21
 0.16839974E+24 0.12370025E+21
 0.16695113E+24 0.12256994E+21
 0.16551453E+24 0.12144995E+21
 0.16408985E+24 0.12034017E+21
 0.16267699E+24 0.11924051E+21
 0.16127587E+24 0.11815089E+21
 0.15988638E+24 0.11707121E+21
 0.15850844E+24 0.11600137E+21
 0.15714196E+24 0.11494130E+21
 0.15578684E+24 0.11389090E+21
 0.15444301E+24 0.11285008E+21
 0.15311036E+24 0.11181876E+21
 0.15178882E+24 0.11079684E+21
 0.15047830E+24 0.10978426E+21
 0.14917870E+24 0.10878091E+21
 0.14788995E+24 0.10778672E+21
 0.14661195E+24 0.10680159E+21
 0.14534463E+24 0.10582546E+21
 0.14408790E+24 0.10485824E+21
 0.14284167E+24 0.10389984E+21
 0.14160586E+24 0.10295019E+21
 0.14038039E+24 0.10200920E+21
 0.13916519E+24 0.10107680E+21
 0.13796016E+24 0.10015291E+21
 0.13676522E+24 0.99237458E+20
 0.13558030E+24 0.98330356E+20
 0.13440532E+24 0.97431533E+20
 0.13324020E+24 0.96540914E+20
 0.13208486E+24 0.95658423E+20
 0.13093922E+24 0.94783988E+20
 0.12980320E+24 0.93917534E+20
 0.12867673E+24 0.93058989E+20
 0.12755974E+24 0.92208281E+20
 0.12645214E+24 0.91365338E+20
 0.12535386E+24 0.90530090E+20
 0.12426483E+24 0.89702466E+20
 0.12318497E+24 0.88882398E+20
 0.12211421E+24 0.88069816E+20
 0.12105248E+24 0.87264653E+20
 0.11999970E+24 0.86466839E+20
 0.11895581E+24 0.85676310E+20
 0.11792072E+24 0.84892998E+20
 0.11689438E+24 0.84116837E+20
 0.11587671E+24 0.83347763E+20
 0.11486764E+24 0.82585710E+20
 0.11386710E+24 0.81830616E+20
 0.11287503E+24 0.81082416E+20
 0.11189135E+24 0.80341047E+20
 0.11091599E+24 0.79606448E+20
 0.10994890E+24 0.78878557E+20
 0.10899000E+24 0.78157312E+20
 0.10803923E+24 0.77442653E+20
 0.10709652E+24 0.76734520E+20
 0.10616181E+24 0.76032854E+20
 0.10523502E+24 0.75337595E+20
 0.10431611E+24 0.74648685E+20
 0.10340500E+24 0.73966067E+20
 0.10250163E+24 0.73289683E+20
 0.10160594E+24 0.72619476E+20
 0.10071786E+24 0.71955390E+20
 0.99837336E+23 0.71297369E+20
 0.98964305E+23 0.70645357E+20
 0.98098704E+23 0.69999301E+20
 0.97240475E+23 0.69359145E+20
 0.96389556E+23 0.68724837E+20
 0.95545888E+23 0.68096322E+20
 0.94709413E+23 0.67473547E+20
 0.93880070E+23 0.66856462E+20
 0.93057803E+23 0.66245013E+20
 0.92242553E+23 0.65639149E+20
 0.91434262E+23 0.65038819E+20
 0.90632875E+23 0.64443973E+20
 0.89838335E+23 0.63854562E+20
 0.89050584E+23 0.63270534E+20
 0.88269569E+23 0.62691842E+20
 0.87495233E+23 0.62118436E+20
 0.86727522E+23 0.61550268E+20
 0.85966381E+23 0.60987291E+20
 0.85211757E+23 0.60429458E+20
 0.84463596E+23 0.59876721E+20
 0.83721844E+23 0.59329033E+20
 0.82986450E+23 0.58786349E+20
 0.82257360E+23 0.58248624E+20
 0.81534523E+23 0.57715812E+20
 0.80817887E+23 0.57187867E+20
 0.80107402E+23 0.56664747E+20
 0.79403016E+23 0.56146406E+20
 0.78704679E+23 0.55632801E+20
 0.78012341E+23 0.55123889E+20
 0.77325952E+23 0.54619628E+20
 0.76645464E+23 0.54119974E+20
 0.75970827E+23 0.53624886E+20
 0.75301994E+23 0.53134322E+20
 0.74638915E+23 0.52648240E+20
 0.73981544E+23 0.52166601E+20
 0.73329833E+23 0.51689363E+20
 0.72683735E+23 0.51216486E+20
 0.72043203E+23 0.50747930E+20
 0.71408192E+23 0.50283657E+20
 0.70778655E+23 0.49823626E+20
 0.70154547E+23 0.49367800E+20
 0.69535823E+23 0.48916139E+20
 0.68922438E+23 0.48468607E+20
 0.68314347E+23 0.48025164E+20
 0.67711507E+23 0.47585774E+20
 0.67113874E+23 0.47150401E+20
 0.66521403E+23 0.46719006E+20
 0.65934053E+23 0.46291554E+20
 0.65351781E+23 0.45868010E+20
 0.64774543E+23 0.45448336E+20
 0.64202299E+23 0.45032498E+20
 0.63635005E+23 0.44620462E+20
 0.63072622E+23 0.44212191E+20
 0.62515107E+23 0.43807653E+20
 0.61962421E+23 0.43406812E+20
 0.61414522E+23 0.43009635E+20
 0.60871371E+23 0.42616089E+20
 0.60332927E+23 0.42226141E+20
 0.59799152E+23 0.41839757E+20
 0.59270006E+23 0.41456905E+20
 0.58745450E+23 0.41077553E+20
 0.58225445E+23 0.40701669E+20
 0.57709955E+23 0.40329221E+20
 0.57198939E+23 0.39960178E+20
 0.56692362E+23 0.39594509E+20
 0.56190185E+23 0.39232183E+20
 0.55692371E+23 0.38873170E+20
 0.55198885E+23 0.38517438E+20
 0.54709688E+23 0.38164959E+20
 0.54224746E+23 0.37815703E+20
 0.53744022E+23 0.37469640E+20
 0.53267481E+23 0.37126741E+20
 0.52795087E+23 0.36786976E+20
 0.52326806E+23 0.36450319E+20
 0.51862602E+23 0.36116739E+20
 0.51402442E+23 0.35786210E+20
 0.50946290E+23 0.35458703E+20
 0.50494114E+23 0.35134190E+20
 0.50045879E+23 0.34812645E+20
 0.49601553E+23 0.34494039E+20
 0.49161101E+23 0.34178347E+20
 0.48724492E+23 0.33865542E+20
 0.48291692E+23 0.33555597E+20
 0.47862670E+23 0.33248487E+20
 0.47437393E+23 0.32944184E+20
 0.47015829E+23 0.32642665E+20
 0.46597948E+23 0.32343902E+20
 0.46183717E+23 0.32047872E+20
 0.45773106E+23 0.31754549E+20
 0.45366084E+23 0.31463908E+20
 0.44962621E+23 0.31175925E+20
 0.44562685E+23 0.30890576E+20
 0.44166248E+23 0.30607836E+20
 0.43773279E+23 0.30327683E+20
 0.43383750E+23 0.30050091E+20
 0.42997629E+23 0.29775038E+20
 0.42614890E+23 0.29502501E+20
 0.42235502E+23 0.29232456E+20
 0.41859437E+23 0.28964881E+20
 0.41486667E+23 0.28699753E+20
 0.41117163E+23 0.28437050E+20
 0.40750899E+23 0.28176750E+20
 0.40387845E+23 0.27918830E+20
 0.40027975E+23 0.27663270E+20
 0.39671262E+23 0.27410047E+20
 0.39317678E+23 0.27159140E+20
 0.38967197E+23 0.26910528E+20
 0.38619792E+23 0.26664190E+20
 0.38275436E+23 0.26420106E+20
 0.37934105E+23 0.26178254E+20
 0.37595771E+23 0.25938614E+20
 0.37260409E+23 0.25701166E+20
 0.36927995E+23 0.25465891E+20
 0.36598501E+23 0.25232767E+20
 0.36271904E+23 0.25001776E+20
 0.35948178E+23 0.24772898E+20
 0.35627299E+23 0.24546113E+20
 0.35309242E+23 0.24321404E+20
 0.34993984E+23 0.24098749E+20
 0.34681500E+23 0.23878132E+20
 0.34371766E+23 0.23659533E+20
 0.34064758E+23 0.23442934E+20
 0.33760454E+23 0.23228316E+20
 0.33458829E+23 0.23015661E+20
 0.33159862E+23 0.22804952E+20
 0.32863528E+23 0.22596171E+20
 0.32569806E+23 0.22389300E+20
 0.32278672E+23 0.22184321E+20
 0.31990105E+23 0.21981217E+20
 0.31704083E+23 0.21779972E+20
 0.31420582E+23 0.21580568E+20
 0.31139583E+23 0.21382988E+20
 0.30861062E+23 0.21187216E+20
 0.30584999E+23 0.20993236E+20
 0.30311373E+23 0.20801029E+20
 0.30040162E+23 0.20610582E+20
 0.29771345E+23 0.20421877E+20
 0.29504903E+23 0.20234898E+20
 0.29240813E+23 0.20049631E+20
 0.28979057E+23 0.19866058E+20
 0.28719614E+23 0.19684165E+20
 0.28462463E+23 0.19503937E+20
 0.28207585E+23 0.19325357E+20
 0.27954961E+23 0.19148412E+20
 0.27704570E+23 0.18973086E+20
 0.27456393E+23 0.18799364E+20
 0.27210412E+23 0.18627231E+20
 0.26966607E+23 0.18456674E+20
 0.26724960E+23 0.18287677E+20
 0.26485451E+23 0.18120227E+20
 0.26248062E+23 0.17954309E+20
 0.26012775E+23 0.17789909E+20
 0.25779571E+23 0.17627013E+20
 0.25548432E+23 0.17465609E+20
 0.25319341E+23 0.17305681E+20
 0.25092279E+23 0.17147217E+20
 0.24867230E+23 0.16990203E+20
 0.24644175E+23 0.16834626E+20
 0.24423097E+23 0.16680472E+20
 0.24203979E+23 0.16527729E+20
 0.23986804E+23 0.16376384E+20
 0.23771554E+23 0.16226424E+20
 0.23558215E+23 0.16077837E+20
 0.23346767E+23 0.15930609E+20
 0.23137196E+23 0.15784729E+20
 0.22929485E+23 0.15640183E+20
 0.22723617E+23 0.15496961E+20
 0.22519576E+23 0.15355049E+20
 0.22317348E+23 0.15214437E+20
 0.22116915E+23 0.15075111E+20
 0.21918262E+23 0.14937060E+20
 0.21721373E+23 0.14800273E+20
 0.21526234E+23 0.14664737E+20
 0.21332829E+23 0.14530442E+20
 0.21141142E+23 0.14397376E+20
 0.20951160E+23 0.14265528E+20
 0.20762866E+23 0.14134887E+20
 0.20576246E+23 0.14005442E+20
 0.20391286E+23 0.13877181E+20
 0.20207971E+23 0.13750095E+20
 0.20026286E+23 0.13624171E+20
 0.19846218E+23 0.13499400E+20
 0.19667752E+23 0.13375771E+20
 0.19490874E+23 0.13253274E+20
 0.19315570E+23 0.13131898E+20
 0.19141827E+23 0.13011633E+20
 0.18969631E+23 0.12892469E+20
 0.18798968E+23 0.12774395E+20
 0.18629825E+23 0.12657402E+20
 0.18462188E+23 0.12541481E+20
 0.18296045E+23 0.12426620E+20
 0.18131382E+23 0.12312811E+20
 0.17968186E+23 0.12200043E+20
 0.17806445E+23 0.12088308E+20
 0.17646145E+23 0.11977595E+20
 0.17487274E+23 0.11867896E+20
 0.17329820E+23 0.11759202E+20
 0.17173770E+23 0.11651502E+20
 0.17019111E+23 0.11544788E+20
 0.16865832E+23 0.11439051E+20
 0.16713920E+23 0.11334282E+20
 0.16563363E+23 0.11230472E+20
 0.16414150E+23 0.11127612E+20
 0.16266269E+23 0.11025694E+20
 0.16119707E+23 0.10924709E+20
 0.15974454E+23 0.10824648E+20
 0.15830497E+23 0.10725504E+20
 0.15687826E+23 0.10627267E+20
 0.15546429E+23 0.10529929E+20
 0.15406295E+23 0.10433483E+20
 0.15267412E+23 0.10337919E+20
 0.15129770E+23 0.10243230E+20
 0.14993358E+23 0.10149409E+20
 0.14858165E+23 0.10056446E+20
 0.14724180E+23 0.99643341E+19
 0.14591393E+23 0.98730657E+19
 0.14459793E+23 0.97826328E+19
 0.14329369E+23 0.96930279E+19
 0.14200112E+23 0.96042433E+19
 0.14072010E+23 0.95162716E+19
 0.13945054E+23 0.94291054E+19
 0.13819234E+23 0.93427371E+19
 0.13694539E+23 0.92571597E+19
 0.13570960E+23 0.91723657E+19
 0.13448486E+23 0.90883481E+19
 0.13327109E+23 0.90050998E+19
 0.13206818E+23 0.89226136E+19
 0.13087603E+23 0.88408827E+19
 0.12969456E+23 0.87599001E+19
 0.12852367E+23 0.86796590E+19
 0.12736326E+23 0.86001526E+19
 0.12621325E+23 0.85213741E+19
 0.12507353E+23 0.84433170E+19
 0.12394402E+23 0.83659746E+19
 0.12282463E+23 0.82893403E+19
 0.12171527E+23 0.82134077E+19
 0.12061586E+23 0.81381704E+19
 0.11952629E+23 0.80636220E+19
 0.11844649E+23 0.79897562E+19
 0.11737636E+23 0.79165667E+19
 0.11631584E+23 0.78440474E+19
 0.11526481E+23 0.77721922E+19
 0.11422322E+23 0.77009949E+19
 0.11319096E+23 0.76304495E+19
 0.11216796E+23 0.75605502E+19
 0.11115414E+23 0.74912908E+19
 0.11014941E+23 0.74226657E+19
 0.10915369E+23 0.73546690E+19
 0.10816691E+23 0.72872949E+19
 0.10718898E+23 0.72205377E+19
 0.10621983E+23 0.71543919E+19
 0.10525938E+23 0.70888518E+19
 0.10430755E+23 0.70239118E+19
 0.10336426E+23 0.69595665E+19
 0.10242944E+23 0.68958105E+19
 0.10150302E+23 0.68326383E+19
 0.10058491E+23 0.67700445E+19
 0.99675052E+22 0.67080240E+19
 0.98773363E+22 0.66465714E+19
 0.97879774E+22 0.65856816E+19
 0.96994212E+22 0.65253494E+19
 0.96116607E+22 0.64655697E+19
 0.95246886E+22 0.64063374E+19
 0.94384982E+22 0.63476476E+19
 0.93530823E+22 0.62894952E+19
 0.92684341E+22 0.62318754E+19
 0.91845467E+22 0.61747833E+19
 0.91014135E+22 0.61182140E+19
 0.90190277E+22 0.60621628E+19
 0.89373826E+22 0.60066249E+19
 0.88564717E+22 0.59515956E+19
 0.87762885E+22 0.58970702E+19
 0.86968263E+22 0.58430443E+19
 0.86180790E+22 0.57895131E+19
 0.85400399E+22 0.57364722E+19
 0.84627030E+22 0.56839170E+19
 0.83860619E+22 0.56318431E+19
 0.83101103E+22 0.55802462E+19
 0.82348423E+22 0.55291218E+19
 0.81602516E+22 0.54784656E+19
 0.80863323E+22 0.54282734E+19
 0.80130784E+22 0.53785409E+19
 0.79404839E+22 0.53292638E+19
 0.78685429E+22 0.52804380E+19
 0.77972497E+22 0.52320595E+19
 0.77265984E+22 0.51841240E+19
 0.76565834E+22 0.51366275E+19
 0.75871989E+22 0.50895661E+19
 0.75184394E+22 0.50429357E+19
 0.74502992E+22 0.49967324E+19
 0.73827728E+22 0.49509522E+19
 0.73158548E+22 0.49055914E+19
 0.72495398E+22 0.48606460E+19
 0.71838222E+22 0.48161123E+19
 0.71186969E+22 0.47719864E+19
 0.70541585E+22 0.47282647E+19
 0.69902018E+22 0.46849435E+19
 0.69268215E+22 0.46420191E+19
 0.68640126E+22 0.45994878E+19
 0.68017700E+22 0.45573461E+19
 0.67400885E+22 0.45155904E+19
 0.66789631E+22 0.44742171E+19
 0.66183890E+22 0.44332228E+19
 0.65583611E+22 0.43926039E+19
 0.64988746E+22 0.43523572E+19
 0.64399246E+22 0.43124790E+19
 0.63815064E+22 0.42729662E+19
 0.63236152E+22 0.42338152E+19
 0.62662462E+22 0.41950229E+19
 0.62093948E+22 0.41565859E+19
 0.61530565E+22 0.41185010E+19
 0.60972265E+22 0.40807649E+19
 0.60419003E+22 0.40433745E+19
 0.59870735E+22 0.40063265E+19
 0.59327415E+22 0.39696180E+19
 0.58788999E+22 0.39332456E+19
 0.58255444E+22 0.38972065E+19
 0.57726706E+22 0.38614974E+19
 0.57202741E+22 0.38261155E+19
 0.56683508E+22 0.37910577E+19
 0.56168963E+22 0.37563210E+19
 0.55659065E+22 0.37219025E+19
 0.55153772E+22 0.36877992E+19
 0.54653042E+22 0.36540084E+19
 0.54156835E+22 0.36205271E+19
 0.53665111E+22 0.35873525E+19
 0.53177829E+22 0.35544818E+19
 0.52694949E+22 0.35219122E+19
 0.52216432E+22 0.34896410E+19
 0.51742239E+22 0.34576653E+19
 0.51272331E+22 0.34259826E+19
 0.50806669E+22 0.33945901E+19
 0.50345216E+22 0.33634852E+19
 0.49887933E+22 0.33326653E+19
 0.49434784E+22 0.33021276E+19
 0.48985731E+22 0.32718697E+19
 0.48540738E+22 0.32418890E+19
 0.48099768E+22 0.32121829E+19
 0.47662784E+22 0.31827490E+19
 0.47229752E+22 0.31535847E+19
 0.46800636E+22 0.31246876E+19
 0.46375400E+22 0.30960552E+19
 0.45954010E+22 0.30676851E+19
 0.45536431E+22 0.30395749E+19
 0.45122629E+22 0.30117222E+19
 0.44712570E+22 0.29841247E+19
 0.44306220E+22 0.29567799E+19
 0.43903547E+22 0.29296857E+19
 0.43504517E+22 0.29028397E+19
 0.43109097E+22 0.28762397E+19
 0.42717255E+22 0.28498833E+19
 0.42328959E+22 0.28237684E+19
 0.41944177E+22 0.27978928E+19
 0.41562877E+22 0.27722542E+19
 0.41185028E+22 0.27468504E+19
 0.40810599E+22 0.27216794E+19
 0.40439560E+22 0.26967390E+19
 0.40071879E+22 0.26720271E+19
 0.39707527E+22 0.26475416E+19
 0.39346473E+22 0.26232804E+19
 0.38988689E+22 0.25992415E+19
 0.38634144E+22 0.25754228E+19
 0.38282809E+22 0.25518224E+19
 0.37934656E+22 0.25284381E+19
 0.37589656E+22 0.25052681E+19
 0.37247781E+22 0.24823104E+19
 0.36909002E+22 0.24595629E+19
 0.36573292E+22 0.24370239E+19
 0.36240622E+22 0.24146914E+19
 0.35910967E+22 0.23925635E+19
 0.35584297E+22 0.23706384E+19
 0.35260588E+22 0.23489141E+19
 0.34939811E+22 0.23273888E+19
 0.34621941E+22 0.23060607E+19
 0.34306951E+22 0.22849281E+19
 0.33994815E+22 0.22639891E+19
 0.33685508E+22 0.22432419E+19
 0.33379005E+22 0.22226848E+19
 0.33075279E+22 0.22023160E+19
 0.32774307E+22 0.21821339E+19
 0.32476062E+22 0.21621366E+19
 0.32180522E+22 0.21423226E+19
 0.31887660E+22 0.21226901E+19
 0.31597453E+22 0.21032375E+19
 0.31309878E+22 0.20839632E+19
 0.31024910E+22 0.20648654E+19
 0.30742526E+22 0.20459426E+19
 0.30462702E+22 0.20271932E+19
 0.30185416E+22 0.20086155E+19
 0.29910645E+22 0.19902081E+19
 0.29638365E+22 0.19719693E+19
 0.29368555E+22 0.19538977E+19
 0.29101193E+22 0.19359916E+19
 0.28836255E+22 0.19182496E+19
 0.28573721E+22 0.19006701E+19
 0.28313569E+22 0.18832518E+19
 0.28055776E+22 0.18659930E+19
 0.27800323E+22 0.18488923E+19
 0.27547187E+22 0.18319483E+19
 0.27296348E+22 0.18151596E+19
 0.27047785E+22 0.17985247E+19
 0.26801477E+22 0.17820423E+19
 0.26557405E+22 0.17657108E+19
 0.26315547E+22 0.17495290E+19
 0.26075885E+22 0.17334955E+19
 0.25838398E+22 0.17176088E+19
 0.25603067E+22 0.17018678E+19
 0.25369871E+22 0.16862709E+19
 0.25138793E+22 0.16708170E+19
 0.24909812E+22 0.16555047E+19
 0.24682909E+22 0.16403327E+19
 0.24458067E+22 0.16252997E+19
 0.24235266E+22 0.16104044E+19
 0.24014489E+22 0.15956457E+19
 0.23795715E+22 0.15810221E+19
 0.23578929E+22 0.15665326E+19
 0.23364110E+22 0.15521758E+19
 0.23151243E+22 0.15379506E+19
 0.22940309E+22 0.15238557E+19
 0.22731291E+22 0.15098900E+19
 0.22524171E+22 0.14960522E+19
 0.22318932E+22 0.14823413E+19
 0.22115557E+22 0.14687560E+19
 0.21914030E+22 0.14552951E+19
 0.21714333E+22 0.14419576E+19
 0.21516451E+22 0.14287424E+19
 0.21320366E+22 0.14156482E+19
 0.21126063E+22 0.14026740E+19
 0.20933526E+22 0.13898187E+19
 0.20742737E+22 0.13770811E+19
 0.20553682E+22 0.13644603E+19
 0.20366345E+22 0.13519552E+19
 0.20180711E+22 0.13395646E+19
 0.19996763E+22 0.13272876E+19
 0.19814487E+22 0.13151231E+19
 0.19633868E+22 0.13030700E+19
 0.19454890E+22 0.12911274E+19
 0.19277539E+22 0.12792942E+19
 0.19101800E+22 0.12675695E+19
 0.18927659E+22 0.12559522E+19
 0.18755100E+22 0.12444413E+19
 0.18584110E+22 0.12330360E+19
 0.18414675E+22 0.12217351E+19
 0.18246780E+22 0.12105378E+19
 0.18080411E+22 0.11994431E+19
 0.17915555E+22 0.11884501E+19
 0.17752198E+22 0.11775578E+19
 0.17590327E+22 0.11667654E+19
 0.17429927E+22 0.11560718E+19
 0.17270986E+22 0.11454762E+19
 0.17113490E+22 0.11349777E+19
 0.16957426E+22 0.11245754E+19
 0.16802782E+22 0.11142685E+19
 0.16649544E+22 0.11040560E+19
 0.16497700E+22 0.10939371E+19
 0.16347238E+22 0.10839109E+19
 0.16198143E+22 0.10739766E+19
 0.16050405E+22 0.10641333E+19
 0.15904011E+22 0.10543802E+19
 0.15758948E+22 0.10447165E+19
 0.15615206E+22 0.10351414E+19
 0.15472771E+22 0.10256540E+19
 0.15331631E+22 0.10162535E+19
 0.15191776E+22 0.10069392E+19
 0.15053194E+22 0.99771025E+18
 0.14915872E+22 0.98856587E+18
 0.14779800E+22 0.97950529E+18
 0.14644966E+22 0.97052775E+18
 0.14511359E+22 0.96163247E+18
 0.14378967E+22 0.95281871E+18
 0.14247781E+22 0.94408572E+18
 0.14117789E+22 0.93543276E+18
 0.13988979E+22 0.92685910E+18
 0.13861342E+22 0.91836401E+18
 0.13734867E+22 0.90994677E+18
 0.13609543E+22 0.90160666E+18
 0.13485360E+22 0.89334299E+18
 0.13362307E+22 0.88515505E+18
 0.13240374E+22 0.87704214E+18
 0.13119551E+22 0.86900358E+18
 0.12999828E+22 0.86103869E+18
 0.12881195E+22 0.85314679E+18
 0.12763642E+22 0.84532722E+18
 0.12647160E+22 0.83757931E+18
 0.12531738E+22 0.82990240E+18
 0.12417367E+22 0.82229584E+18
 0.12304037E+22 0.81475900E+18
 0.12191739E+22 0.80729122E+18
 0.12080464E+22 0.79989189E+18
 0.11970202E+22 0.79256036E+18
 0.11860944E+22 0.78529602E+18
 0.11752681E+22 0.77809826E+18
 0.11645405E+22 0.77096646E+18
 0.11539105E+22 0.76390002E+18
 0.11433773E+22 0.75689834E+18
 0.11329401E+22 0.74996083E+18
 0.11225979E+22 0.74308690E+18
 0.11123500E+22 0.73627596E+18
 0.11021954E+22 0.72952744E+18
 0.10921332E+22 0.72284077E+18
 0.10821628E+22 0.71621539E+18
 0.10722832E+22 0.70965072E+18
 0.10624935E+22 0.70314621E+18
 0.10527931E+22 0.69670131E+18
 0.10431810E+22 0.69031548E+18
 0.10336566E+22 0.68398818E+18
 0.10242188E+22 0.67771886E+18
 0.10148671E+22 0.67150700E+18
 0.10056006E+22 0.66535207E+18
 0.99641855E+21 0.65925354E+18
 0.98732014E+21 0.65321091E+18
 0.97830464E+21 0.64722366E+18
 0.96937130E+21 0.64129128E+18
 0.96051937E+21 0.63541327E+18
 0.95174810E+21 0.62958913E+18
 0.94305677E+21 0.62381837E+18
 0.93444465E+21 0.61810049E+18
 0.92591103E+21 0.61243502E+18
 0.91745517E+21 0.60682148E+18
 0.90907639E+21 0.60125938E+18
 0.90077398E+21 0.59574825E+18
 0.89254725E+21 0.59028764E+18
 0.88439550E+21 0.58487707E+18
 0.87631806E+21 0.57951609E+18
 0.86831425E+21 0.57420424E+18
 0.86038341E+21 0.56894108E+18
 0.85252486E+21 0.56372615E+18
 0.84473795E+21 0.55855902E+18
 0.83702204E+21 0.55343924E+18
 0.82937647E+21 0.54836639E+18
 0.82180061E+21 0.54334003E+18
 0.81429381E+21 0.53835973E+18
 0.80685547E+21 0.53342509E+18
 0.79948494E+21 0.52853566E+18
 0.79218162E+21 0.52369105E+18
 0.78494489E+21 0.51889085E+18
 0.77777416E+21 0.51413463E+18
 0.77066881E+21 0.50942201E+18
 0.76362825E+21 0.50475258E+18
 0.75665190E+21 0.50012595E+18
 0.74973917E+21 0.49554172E+18
 0.74288948E+21 0.49099950E+18
 0.73610226E+21 0.48649892E+18
 0.72937694E+21 0.48203958E+18
 0.72271296E+21 0.47762112E+18
 0.71610976E+21 0.47324315E+18
 0.70956678E+21 0.46890531E+18
 0.70308349E+21 0.46460722E+18
 0.69665933E+21 0.46034853E+18
 0.69029377E+21 0.45612887E+18
 0.68398627E+21 0.45194789E+18
 0.67773631E+21 0.44780522E+18
 0.67154336E+21 0.44370052E+18
 0.66540691E+21 0.43963345E+18
 0.65932643E+21 0.43560365E+18
 0.65330143E+21 0.43161079E+18
 0.64733139E+21 0.42765452E+18
 0.64141582E+21 0.42373451E+18
 0.63555422E+21 0.41985043E+18
 0.62974610E+21 0.41600195E+18
 0.62399097E+21 0.41218875E+18
 0.61828835E+21 0.40841049E+18
 0.61263777E+21 0.40466686E+18
 0.60703874E+21 0.40095755E+18
 0.60149080E+21 0.39728223E+18
 0.59599348E+21 0.39364060E+18
 0.59054633E+21 0.39003234E+18
 0.58514889E+21 0.38645716E+18
 0.57980070E+21 0.38291475E+18
 0.57450131E+21 0.37940480E+18
 0.56925029E+21 0.37592703E+18
 0.56404719E+21 0.37248113E+18
 0.55889157E+21 0.36906681E+18
 0.55378300E+21 0.36568379E+18
 0.54872106E+21 0.36233178E+18
 0.54370532E+21 0.35901049E+18
 0.53873536E+21 0.35571964E+18
 0.53381076E+21 0.35245895E+18
 0.52893111E+21 0.34922815E+18
 0.52409600E+21 0.34602696E+18
 0.51930502E+21 0.34285512E+18
 0.51455777E+21 0.33971234E+18
 0.50985386E+21 0.33659837E+18
 0.50519289E+21 0.33351295E+18
 0.50057446E+21 0.33045580E+18
 0.49599820E+21 0.32742668E+18
 0.49146371E+21 0.32442531E+18
 0.48697061E+21 0.32145146E+18
 0.48251854E+21 0.31850487E+18
 0.47810711E+21 0.31558528E+18
 0.47373595E+21 0.31269246E+18
 0.46940471E+21 0.30982614E+18
 0.46511300E+21 0.30698611E+18
 0.46086049E+21 0.30417210E+18
 0.45664679E+21 0.30138388E+18
 0.45247158E+21 0.29862122E+18
 0.44833448E+21 0.29588389E+18
 0.44423516E+21 0.29317164E+18
 0.44017327E+21 0.29048425E+18
 0.43614847E+21 0.28782150E+18
 0.43216042E+21 0.28518315E+18
 0.42820879E+21 0.28256899E+18
 0.42429325E+21 0.27997878E+18
 0.42041346E+21 0.27741232E+18
 0.41656910E+21 0.27486938E+18
 0.41275985E+21 0.27234975E+18
 0.40898539E+21 0.26985322E+18
 0.40524539E+21 0.26737957E+18
 0.40153956E+21 0.26492859E+18
 0.39786757E+21 0.26250007E+18
 0.39422911E+21 0.26009382E+18
 0.39062389E+21 0.25770962E+18
 0.38705159E+21 0.25534728E+18
 0.38351193E+21 0.25300659E+18
 0.38000459E+21 0.25068735E+18
 0.37652929E+21 0.24838938E+18
 0.37308573E+21 0.24611246E+18
 0.36967362E+21 0.24385642E+18
 0.36629269E+21 0.24162105E+18
 0.36294263E+21 0.23940618E+18
 0.35962318E+21 0.23721160E+18
 0.35633405E+21 0.23503715E+18
 0.35307497E+21 0.23288262E+18
 0.34984566E+21 0.23074784E+18
 0.34664585E+21 0.22863263E+18
 0.34347527E+21 0.22653681E+18
 0.34033365E+21 0.22446020E+18
 0.33722074E+21 0.22240262E+18
 0.33413627E+21 0.22036390E+18
 0.33107997E+21 0.21834387E+18
 0.32805160E+21 0.21634236E+18
 0.32505090E+21 0.21435919E+18
 0.32207761E+21 0.21239420E+18
 0.31913149E+21 0.21044722E+18
 0.31621229E+21 0.20851809E+18
 0.31331976E+21 0.20660664E+18
 0.31045366E+21 0.20471271E+18
 0.30761374E+21 0.20283614E+18
 0.30479978E+21 0.20097678E+18
 0.30201153E+21 0.19913445E+18
 0.29924876E+21 0.19730902E+18
 0.29651123E+21 0.19550031E+18
 0.29379872E+21 0.19370819E+18
 0.29111099E+21 0.19193249E+18
 0.28844783E+21 0.19017307E+18
 0.28580900E+21 0.18842977E+18
 0.28319429E+21 0.18670246E+18
 0.28060347E+21 0.18499098E+18
 0.27803633E+21 0.18329518E+18
 0.27549265E+21 0.18161494E+18
 0.27297222E+21 0.17995009E+18
 0.27047482E+21 0.17830050E+18
 0.26800024E+21 0.17666603E+18
 0.26554829E+21 0.17504655E+18
 0.26311874E+21 0.17344191E+18
 0.26071140E+21 0.17185198E+18
 0.25832606E+21 0.17027662E+18
 0.25596252E+21 0.16871571E+18
 0.25362058E+21 0.16716910E+18
 0.25130005E+21 0.16563667E+18
 0.24900074E+21 0.16411828E+18
 0.24672243E+21 0.16261382E+18
 0.24446496E+21 0.16112314E+18
 0.24222812E+21 0.15964613E+18
 0.24001172E+21 0.15818266E+18
 0.23781559E+21 0.15673260E+18
 0.23563953E+21 0.15529583E+18
 0.23348336E+21 0.15387223E+18
 0.23134690E+21 0.15246169E+18
 0.22922997E+21 0.15106407E+18
 0.22713240E+21 0.14967927E+18
 0.22505400E+21 0.14830715E+18
 0.22299460E+21 0.14694762E+18
 0.22095403E+21 0.14560055E+18
 0.21893211E+21 0.14426582E+18
 0.21692868E+21 0.14294333E+18
 0.21494356E+21 0.14163297E+18
 0.21297659E+21 0.14033461E+18
 0.21102761E+21 0.13904816E+18
 0.20909644E+21 0.13777349E+18
 0.20718293E+21 0.13651052E+18
 0.20528692E+21 0.13525912E+18
 0.20340824E+21 0.13401919E+18
 0.20154674E+21 0.13279062E+18
 0.19970226E+21 0.13157332E+18
 0.19787464E+21 0.13036718E+18
 0.19606374E+21 0.12917209E+18
 0.19426939E+21 0.12798796E+18
 0.19249145E+21 0.12681468E+18
 0.19072976E+21 0.12565216E+18
 0.18898419E+21 0.12450030E+18
 0.18725458E+21 0.12335899E+18
 0.18554078E+21 0.12222814E+18
 0.18384266E+21 0.12110766E+18
 0.18216006E+21 0.11999745E+18
 0.18049285E+21 0.11889742E+18
 0.17884088E+21 0.11780748E+18
 0.17720403E+21 0.11672752E+18
 0.17558214E+21 0.11565746E+18
 0.17397508E+21 0.11459721E+18
 0.17238272E+21 0.11354668E+18
 0.17080492E+21 0.11250578E+18
 0.16924155E+21 0.11147443E+18
 0.16769248E+21 0.11045252E+18
 0.16615758E+21 0.10943999E+18
 0.16463671E+21 0.10843673E+18
 0.16312976E+21 0.10744268E+18
 0.16163658E+21 0.10645773E+18
 0.16015706E+21 0.10548181E+18
 0.15869108E+21 0.10451484E+18
 0.15723850E+21 0.10355673E+18
 0.15579921E+21 0.10260741E+18
 0.15437308E+21 0.10166679E+18
 0.15295999E+21 0.10073479E+18
 0.15155983E+21 0.99811333E+17
 0.15017248E+21 0.98896342E+17
 0.14879782E+21 0.97989739E+17
 0.14743573E+21 0.97091446E+17
 0.14608610E+21 0.96201388E+17
 0.14474881E+21 0.95319488E+17
 0.14342376E+21 0.94445673E+17
 0.14211083E+21 0.93579868E+17
 0.14080990E+21 0.92722000E+17
 0.13952088E+21 0.91871995E+17
 0.13824365E+21 0.91029783E+17
 0.13697810E+21 0.90195290E+17
 0.13572413E+21 0.89368448E+17
 0.13448163E+21 0.88549185E+17
 0.13325049E+21 0.87737432E+17
 0.13203062E+21 0.86933120E+17
 0.13082191E+21 0.86136182E+17
 0.12962426E+21 0.85346548E+17
 0.12843756E+21 0.84564153E+17
 0.12726172E+21 0.83788931E+17
 0.12609663E+21 0.83020815E+17
 0.12494220E+21 0.82259739E+17
 0.12379834E+21 0.81505641E+17
 0.12266494E+21 0.80758455E+17
 0.12154191E+21 0.80018119E+17
 0.12042915E+21 0.79284570E+17
 0.11932658E+21 0.78557744E+17
 0.11823409E+21 0.77837582E+17
 0.11715160E+21 0.77124021E+17
 0.11607901E+21 0.76417001E+17
 0.11501623E+21 0.75716463E+17
 0.11396318E+21 0.75022346E+17
 0.11291977E+21 0.74334593E+17
 0.11188590E+21 0.73653143E+17
 0.11086149E+21 0.72977941E+17
 0.10984645E+21 0.72308928E+17
 0.10884070E+21 0.71646048E+17
 0.10784415E+21 0.70989245E+17
 0.10685672E+21 0.70338463E+17
 0.10587833E+21 0.69693646E+17
 0.10490889E+21 0.69054740E+17
 0.10394832E+21 0.68421691E+17
 0.10299654E+21 0.67794446E+17
 0.10205346E+21 0.67172950E+17
 0.10111902E+21 0.66557151E+17
 0.10019313E+21 0.65946998E+17
 0.99275710E+20 0.65342438E+17
 0.98366686E+20 0.64743420E+17
 0.97465980E+20 0.64149893E+17
 0.96573517E+20 0.63561807E+17
 0.95689220E+20 0.62979112E+17
 0.94813016E+20 0.62401758E+17
 0.93944830E+20 0.61829697E+17
 0.93084588E+20 0.61262881E+17
 0.92232219E+20 0.60701260E+17
 0.91387651E+20 0.60144788E+17
 0.90550811E+20 0.59593417E+17
 0.89721630E+20 0.59047100E+17
 0.88900037E+20 0.58505792E+17
 0.88085964E+20 0.57969445E+17
 0.87279340E+20 0.57438016E+17
 0.86480098E+20 0.56911458E+17
 0.85688171E+20 0.56389727E+17
 0.84903492E+20 0.55872779E+17
 0.84125994E+20 0.55360570E+17
 0.83355612E+20 0.54853056E+17
 0.82592280E+20 0.54350195E+17
 0.81835935E+20 0.53851943E+17
 0.81086512E+20 0.53358259E+17
 0.80343948E+20 0.52869101E+17
 0.79608181E+20 0.52384427E+17
 0.78879147E+20 0.51904196E+17
 0.78156787E+20 0.51428367E+17
 0.77441037E+20 0.50956900E+17
 0.76731839E+20 0.50489756E+17
 0.76029132E+20 0.50026893E+17
 0.75332857E+20 0.49568274E+17
 0.74642955E+20 0.49113859E+17
 0.73959367E+20 0.48663610E+17
 0.73282037E+20 0.48217488E+17
 0.72610906E+20 0.47775456E+17
 0.71945918E+20 0.47337476E+17
 0.71287017E+20 0.46903511E+17
 0.70634147E+20 0.46473524E+17
 0.69987254E+20 0.46047480E+17
 0.69346281E+20 0.45625340E+17
 0.68711176E+20 0.45207071E+17
 0.68081885E+20 0.44792636E+17
 0.67458353E+20 0.44382000E+17
 0.66840530E+20 0.43975128E+17
 0.66228362E+20 0.43571987E+17
 0.65621798E+20 0.43172541E+17
 0.65020786E+20 0.42776757E+17
 0.64425276E+20 0.42384601E+17
 0.63835217E+20 0.41996040E+17
 0.63250560E+20 0.41611041E+17
 0.62671254E+20 0.41229572E+17
 0.62097252E+20 0.40851599E+17
 0.61528505E+20 0.40477092E+17
 0.60964964E+20 0.40106017E+17
 0.60406582E+20 0.39738345E+17
 0.59853312E+20 0.39374043E+17
 0.59305107E+20 0.39013080E+17
 0.58761921E+20 0.38655427E+17
 0.58223707E+20 0.38301052E+17
 0.57690420E+20 0.37949926E+17
 0.57162016E+20 0.37602019E+17
 0.56638449E+20 0.37257302E+17
 0.56119676E+20 0.36915744E+17
 0.55605652E+20 0.36577317E+17
 0.55096333E+20 0.36241993E+17
 0.54591678E+20 0.35909743E+17
 0.54091643E+20 0.35580539E+17
 0.53596186E+20 0.35254353E+17
 0.53105265E+20 0.34931157E+17
 0.52618839E+20 0.34610924E+17
 0.52136866E+20 0.34293626E+17
 0.51659305E+20 0.33979237E+17
 0.51186118E+20 0.33667731E+17
 0.50717262E+20 0.33359080E+17
 0.50252699E+20 0.33053258E+17
 0.49792390E+20 0.32750240E+17
 0.49336295E+20 0.32450000E+17
 0.48884376E+20 0.32152512E+17
 0.48436595E+20 0.31857752E+17
 0.47992914E+20 0.31565694E+17
 0.47553295E+20 0.31276313E+17
 0.47117701E+20 0.30989585E+17
 0.46686095E+20 0.30705485E+17
 0.46258442E+20 0.30423990E+17
 0.45834704E+20 0.30145075E+17
 0.45414846E+20 0.29868718E+17
 0.44998833E+20 0.29594894E+17
 0.44586628E+20 0.29323580E+17
