# ea sdbest       ds-3.14.05-beta22                                 
 0.17559647E+14
 0.17653092E+14
 0.17747256E+14
 0.17842134E+14
 0.17937720E+14
 0.18033995E+14
 0.18130965E+14
 0.18228571E+14
 0.18326921E+14
 0.18426028E+14
 0.18525906E+14
 0.18626565E+14
 0.18728011E+14
 0.18830247E+14
 0.18933239E+14
 0.19036987E+14
 0.19141567E+14
 0.19246984E+14
 0.19353263E+14
 0.19460408E+14
 0.19568417E+14
 0.19677269E+14
 0.19786954E+14
 0.19897493E+14
 0.20008904E+14
 0.20121194E+14
 0.20234371E+14
 0.20348437E+14
 0.20463369E+14
 0.20579164E+14
 0.20695801E+14
 0.20813289E+14
 0.20931646E+14
 0.21050898E+14
 0.21171084E+14
 0.21292211E+14
 0.21414282E+14
 0.21537194E+14
 0.21661005E+14
 0.21785686E+14
 0.21911312E+14
 0.22037900E+14
 0.22165465E+14
 0.22294036E+14
 0.22423628E+14
 0.22554179E+14
 0.22685715E+14
 0.22818262E+14
 0.22951824E+14
 0.23086366E+14
 0.23221936E+14
 0.23358546E+14
 0.23496187E+14
 0.23634921E+14
 0.23774802E+14
 0.23915855E+14
 0.24058049E+14
 0.24201385E+14
 0.24345818E+14
 0.24491414E+14
 0.24638138E+14
 0.24785999E+14
 0.24935006E+14
 0.25085162E+14
 0.25236489E+14
 0.25389037E+14
 0.25542799E+14
 0.25697792E+14
 0.25854027E+14
 0.26011523E+14
 0.26170284E+14
 0.26330080E+14
 0.26491170E+14
 0.26653564E+14
 0.26817291E+14
 0.26982480E+14
 0.27149016E+14
 0.27316921E+14
 0.27486213E+14
 0.27656821E+14
 0.27828767E+14
 0.28002052E+14
 0.28176694E+14
 0.28352713E+14
 0.28530200E+14
 0.28709152E+14
 0.28889512E+14
 0.29071324E+14
 0.29254638E+14
 0.29439504E+14
 0.29625953E+14
 0.29813951E+14
 0.30003506E+14
 0.30194589E+14
 0.30387206E+14
 0.30581392E+14
 0.30777262E+14
 0.30974862E+14
 0.31174268E+14
 0.31375509E+14
 0.31578582E+14
 0.31783510E+14
 0.31990263E+14
 0.32198755E+14
 0.32409038E+14
 0.32621127E+14
 0.32835193E+14
 0.33051173E+14
 0.33269139E+14
 0.33489172E+14
 0.33711290E+14
 0.33935489E+14
 0.34161791E+14
 0.34390219E+14
 0.34620804E+14
 0.34853547E+14
 0.35088461E+14
 0.35325531E+14
 0.35564759E+14
 0.35805964E+14
 0.36049476E+14
 0.36295177E+14
 0.36543206E+14
 0.36793812E+14
 0.37046951E+14
 0.37302536E+14
 0.37560630E+14
 0.37821204E+14
 0.38084342E+14
 0.38350107E+14
 0.38618520E+14
 0.38889583E+14
 0.39163297E+14
 0.39439556E+14
 0.39718414E+14
 0.39999809E+14
 0.40283776E+14
 0.40570480E+14
 0.40860297E+14
 0.41152995E+14
 0.41448545E+14
 0.41746834E+14
 0.42047884E+14
 0.42351798E+14
 0.42658623E+14
 0.42968411E+14
 0.43281107E+14
 0.43596788E+14
 0.43915449E+14
 0.44237149E+14
 0.44561863E+14
 0.44889636E+14
 0.45220616E+14
 0.45555018E+14
 0.45893469E+14
 0.46235380E+14
 0.46580382E+14
 0.46928573E+14
 0.47280270E+14
 0.47635262E+14
 0.47993805E+14
 0.48355873E+14
 0.48721655E+14
 0.49091334E+14
 0.49464831E+14
 0.49842223E+14
 0.50223461E+14
 0.50608667E+14
 0.50997708E+14
 0.51390537E+14
 0.51787150E+14
 0.52187840E+14
 0.52592880E+14
 0.53002248E+14
 0.53415872E+14
 0.53833757E+14
 0.54255959E+14
 0.54682540E+14
 0.55113709E+14
 0.55549292E+14
 0.55989224E+14
 0.56433503E+14
 0.56882187E+14
 0.57335410E+14
 0.57793346E+14
 0.58256012E+14
 0.58723078E+14
 0.59194738E+14
 0.59671445E+14
 0.60153238E+14
 0.60640022E+14
 0.61131769E+14
 0.61628243E+14
 0.62128875E+14
 0.62634006E+14
 0.63144776E+14
 0.63661961E+14
 0.64184692E+14
 0.64712956E+14
 0.65246827E+14
 0.65786169E+14
 0.66331194E+14
 0.66881788E+14
 0.67437875E+14
 0.67999769E+14
 0.68567666E+14
 0.69141594E+14
 0.69721411E+14
 0.70307996E+14
 0.70900990E+14
 0.71500587E+14
 0.72107111E+14
 0.72720360E+14
 0.73341053E+14
 0.73969473E+14
 0.74604701E+14
 0.75247149E+14
 0.75896843E+14
 0.76553311E+14
 0.77217222E+14
 0.77889017E+14
 0.78568495E+14
 0.79255660E+14
 0.79950545E+14
 0.80653353E+14
 0.81364572E+14
 0.82084718E+14
 0.82813416E+14
 0.83550237E+14
 0.84294988E+14
 0.85047481E+14
 0.85808199E+14
 0.86577561E+14
 0.87355679E+14
 0.88142195E+14
 0.88937707E+14
 0.89742392E+14
 0.90556552E+14
 0.91379887E+14
 0.92212077E+14
 0.93053775E+14
 0.93905021E+14
 0.94766521E+14
 0.95637493E+14
 0.96517963E+14
 0.97408151E+14
 0.98308366E+14
 0.99219184E+14
 0.10014024E+15
 0.10107429E+15
 0.10202467E+15
 0.10298683E+15
 0.10395157E+15
 0.10492708E+15
 0.10591467E+15
 0.10691398E+15
 0.10792431E+15
 0.10894534E+15
 0.10997773E+15
 0.11102317E+15
 0.11208141E+15
 0.11315375E+15
 0.11423848E+15
 0.11533323E+15
 0.11643890E+15
 0.11755657E+15
 0.11868812E+15
 0.11983460E+15
 0.12099440E+15
 0.12216607E+15
 0.12335161E+15
 0.12455079E+15
 0.12576433E+15
 0.12699176E+15
 0.12823234E+15
 0.12948646E+15
 0.13075534E+15
 0.13203853E+15
 0.13333611E+15
 0.13465053E+15
 0.13598076E+15
 0.13732590E+15
 0.13868615E+15
 0.14006224E+15
 0.14145487E+15
 0.14286249E+15
 0.14428711E+15
 0.14572982E+15
 0.14718763E+15
 0.14865987E+15
 0.15014853E+15
 0.15165427E+15
 0.15317714E+15
 0.15472053E+15
 0.15628364E+15
 0.15786367E+15
 0.15946271E+15
 0.16108253E+15
 0.16272283E+15
 0.16438287E+15
 0.16606088E+15
 0.16775069E+15
 0.16946080E+15
 0.17119997E+15
 0.17295937E+15
 0.17473740E+15
 0.17653402E+15
 0.17835202E+15
 0.18019341E+15
 0.18206074E+15
 0.18395329E+15
 0.18586909E+15
 0.18780814E+15
 0.18977123E+15
 0.19175812E+15
 0.19376826E+15
 0.19580033E+15
 0.19785713E+15
 0.19993721E+15
 0.20204268E+15
 0.20417668E+15
 0.20633959E+15
 0.20853112E+15
 0.21075229E+15
 0.21300260E+15
 0.21528202E+15
 0.21759135E+15
 0.21993122E+15
 0.22229938E+15
 0.22469770E+15
 0.22713010E+15
 0.22959597E+15
 0.23209607E+15
 0.23462989E+15
 0.23720893E+15
 0.23982584E+15
 0.24246338E+15
 0.24513778E+15
 0.24785465E+15
 0.25060781E+15
 0.25338830E+15
 0.25621011E+15
 0.25907355E+15
 0.26198441E+15
 0.26493622E+15
 0.26792381E+15
 0.27095023E+15
 0.27401796E+15
 0.27713175E+15
 0.28029205E+15
 0.28349804E+15
 0.28674696E+15
 0.29003831E+15
 0.29337260E+15
 0.29675361E+15
 0.30018380E+15
 0.30366155E+15
 0.30718968E+15
 0.31077299E+15
 0.31441080E+15
 0.31810608E+15
 0.32185789E+15
 0.32566589E+15
 0.32953168E+15
 0.33345685E+15
 0.33743735E+15
 0.34147437E+15
 0.34557188E+15
 0.34973120E+15
 0.35395298E+15
 0.35823649E+15
 0.36258502E+15
 0.36699102E+15
 0.37145721E+15
 0.37599229E+15
 0.38059147E+15
 0.38527093E+15
 0.39001459E+15
 0.39483750E+15
 0.39974020E+15
 0.40472019E+15
 0.40978030E+15
 0.41492268E+15
 0.42014564E+15
 0.42544302E+15
 0.43081202E+15
 0.43626170E+15
 0.44180250E+15
 0.44743727E+15
 0.45316108E+15
 0.45897837E+15
 0.46490121E+15
 0.47092108E+15
 0.47703943E+15
 0.48325499E+15
 0.48955911E+15
 0.49595848E+15
 0.50245420E+15
 0.50904640E+15
 0.51573326E+15
 0.52252360E+15
 0.52942526E+15
 0.53643851E+15
 0.54357274E+15
 0.55083181E+15
 0.55821840E+15
 0.56573789E+15
 0.57339674E+15
 0.58116949E+15
 0.58908348E+15
 0.59712794E+15
 0.60531328E+15
 0.61367020E+15
 0.62216851E+15
 0.63080080E+15
 0.63953196E+15
 0.64840013E+15
 0.65743219E+15
 0.66662989E+15
 0.67599455E+15
 0.68553013E+15
 0.69523597E+15
 0.70510585E+15
 0.71516077E+15
 0.72541621E+15
 0.73587262E+15
 0.74651012E+15
 0.75734055E+15
 0.76838019E+15
 0.77964652E+15
 0.79113316E+15
 0.80285808E+15
 0.81480623E+15
 0.82697162E+15
 0.83934697E+15
 0.85193808E+15
 0.86476396E+15
 0.87782564E+15
 0.89118216E+15
 0.90479783E+15
 0.91867816E+15
 0.93282714E+15
 0.94725651E+15
 0.96197279E+15
 0.97701571E+15
 0.99237653E+15
 0.10080402E+16
 0.10240227E+16
 0.10403423E+16
 0.10570003E+16
 0.10739641E+16
 0.10912570E+16
 0.11089889E+16
 0.11271112E+16
 0.11456311E+16
 0.11645614E+16
 0.11839113E+16
 0.12037492E+16
 0.12241029E+16
 0.12449441E+16
 0.12662667E+16
 0.12880375E+16
 0.13101908E+16
 0.13328652E+16
 0.13560724E+16
 0.13798184E+16
 0.14040962E+16
 0.14288850E+16
 0.14542637E+16
 0.14802892E+16
 0.15069742E+16
 0.15343361E+16
 0.15623817E+16
 0.15911570E+16
 0.16207246E+16
 0.16510025E+16
 0.16820148E+16
 0.17138222E+16
 0.17464885E+16
 0.17800856E+16
 0.18145648E+16
 0.18499580E+16
 0.18863136E+16
 0.19237922E+16
 0.19624728E+16
 0.20023189E+16
 0.20432118E+16
 0.20851877E+16
 0.21285687E+16
 0.21734497E+16
 0.22196274E+16
 0.22671422E+16
 0.23161941E+16
 0.23668329E+16
 0.24190721E+16
 0.24730219E+16
 0.25287373E+16
 0.25863427E+16
 0.26460475E+16
 0.27077062E+16
 0.27713725E+16
 0.28372512E+16
 0.29055373E+16
 0.29761202E+16
 0.30495017E+16
 0.31255089E+16
 0.32041787E+16
 0.32857437E+16
 0.33705437E+16
 0.34586452E+16
 0.35500739E+16
 0.36449495E+16
 0.37435598E+16
 0.38459672E+16
 0.39521151E+16
 0.40629154E+16
 0.41786797E+16
 0.42993229E+16
 0.44250334E+16
 0.45560148E+16
 0.46927918E+16
 0.48360762E+16
 0.49858846E+16
 0.51425605E+16
 0.53064482E+16
 0.54779148E+16
 0.56572699E+16
 0.58447810E+16
 0.60406159E+16
 0.62457676E+16
 0.64609521E+16
 0.66868506E+16
 0.69237520E+16
 0.71722937E+16
 0.74337280E+16
 0.77092903E+16
 0.79999036E+16
 0.83066582E+16
 0.86306265E+16
 0.89737636E+16
 0.93363571E+16
 0.97201854E+16
 0.10127040E+17
 0.10559601E+17
 0.11018661E+17
 0.11505629E+17
 0.12025586E+17
 0.12580171E+17
 0.13172776E+17
 0.13807295E+17
 0.14485700E+17
 0.15212304E+17
 0.15995537E+17
 0.16841295E+17
 0.17749495E+17
 0.18730719E+17
 0.19792612E+17
 0.20943867E+17
 0.22193878E+17
 0.23548874E+17
 0.25030175E+17
 0.26647679E+17
 0.28420374E+17
 0.30367107E+17
 0.32509599E+17
 0.34871676E+17
 0.37481838E+17
 0.40368122E+17
 0.43567872E+17
 0.47119573E+17
 0.51060093E+17
 0.55443245E+17
 0.60299122E+17
 0.65662271E+17
 0.71544312E+17
 0.77967634E+17
 0.84894480E+17
 0.92238161E+17
 0.99833794E+17
 0.10745845E+18
 0.11483443E+18
 0.12167415E+18
 0.12776539E+18
 0.13303420E+18
 0.13743335E+18
 0.14099228E+18
 0.14368211E+18
 0.14550556E+18
 0.14648522E+18
 0.14661757E+18
 0.14589760E+18
 0.14432890E+18
 0.14191432E+18
 0.13865603E+18
 0.13454819E+18
 0.12960412E+18
 0.12383768E+18
 0.11732962E+18
 0.11023708E+18
 0.10285704E+18
 0.95459881E+17
 0.88281671E+17
 0.81498500E+17
 0.75217667E+17
 0.69480238E+17
 0.64278829E+17
 0.59596974E+17
 0.55401145E+17
 0.51664778E+17
 0.48336047E+17
 0.45376864E+17
 0.42746502E+17
 0.40408304E+17
 0.38333916E+17
 0.36494056E+17
 0.34865307E+17
 0.33424976E+17
 0.32155604E+17
 0.31038250E+17
 0.30063447E+17
 0.29211516E+17
 0.28474593E+17
 0.27845491E+17
 0.27316884E+17
 0.26882520E+17
 0.26534510E+17
 0.26269431E+17
 0.26088625E+17
 0.25982773E+17
 0.25949351E+17
 0.25988597E+17
 0.26100035E+17
 0.26281694E+17
 0.26532832E+17
 0.26855864E+17
 0.27249700E+17
 0.27719058E+17
 0.28266544E+17
 0.28893096E+17
 0.29601291E+17
 0.30400331E+17
 0.31296508E+17
 0.32288792E+17
 0.33389140E+17
 0.34606177E+17
 0.35948493E+17
 0.37426178E+17
 0.39047098E+17
 0.40833996E+17
 0.42799128E+17
 0.44963603E+17
 0.47348831E+17
 0.49979374E+17
 0.52882235E+17
 0.56088101E+17
 0.59628603E+17
 0.63543740E+17
 0.67873053E+17
 0.72655145E+17
 0.77945783E+17
 0.83777771E+17
 0.90183017E+17
 0.97173888E+17
 0.10477507E+18
 0.11294588E+18
 0.12159766E+18
 0.13055310E+18
 0.13958082E+18
 0.14838905E+18
 0.15668636E+18
 0.16425324E+18
 0.17102101E+18
 0.17694934E+18
 0.18207209E+18
 0.18638248E+18
 0.18988337E+18
 0.19263275E+18
 0.19463446E+18
 0.19582051E+18
 0.19633897E+18
 0.19617398E+18
 0.19534366E+18
 0.19387337E+18
 0.19180872E+18
 0.18919672E+18
 0.18615303E+18
 0.18286629E+18
 0.17968260E+18
 0.17693572E+18
 0.17493336E+18
 0.17391524E+18
 0.17405229E+18
 0.17541159E+18
 0.17802133E+18
 0.18187662E+18
 0.18692960E+18
 0.19313978E+18
 0.20040648E+18
 0.20857337E+18
 0.21737284E+18
 0.22647802E+18
 0.23547615E+18
 0.24393647E+18
 0.25149027E+18
 0.25794367E+18
 0.26321783E+18
 0.26728124E+18
 0.27010718E+18
 0.27171310E+18
 0.27205850E+18
 0.27119464E+18
 0.26902466E+18
 0.26569698E+18
 0.26117683E+18
 0.25550538E+18
 0.24869867E+18
 0.24080685E+18
 0.23182438E+18
 0.22182565E+18
 0.21090362E+18
 0.19937384E+18
 0.18761263E+18
 0.17600766E+18
 0.16485050E+18
 0.15438916E+18
 0.14474310E+18
 0.13593352E+18
 0.12796940E+18
 0.12079669E+18
 0.11436145E+18
 0.10858797E+18
 0.10338805E+18
 0.98710419E+17
 0.94490216E+17
 0.90667779E+17
 0.87199640E+17
 0.84046479E+17
 0.81172583E+17
 0.78545402E+17
 0.76135241E+17
 0.73908183E+17
 0.71862529E+17
 0.69963801E+17
 0.68199478E+17
 0.66554076E+17
 0.65012898E+17
 0.63565013E+17
 0.62199919E+17
 0.60916649E+17
 0.59707344E+17
 0.58576753E+17
 0.57541725E+17
 0.56608113E+17
 0.55790705E+17
 0.55098670E+17
 0.54540061E+17
 0.54124587E+17
 0.53845656E+17
 0.53705930E+17
 0.53707189E+17
 0.53851641E+17
 0.54137680E+17
 0.54569667E+17
 0.55151546E+17
 0.55884803E+17
 0.56774285E+17
 0.57826537E+17
 0.59046540E+17
 0.60444072E+17
 0.62029636E+17
 0.63817565E+17
 0.65809052E+17
 0.68009525E+17
 0.70417487E+17
 0.73039124E+17
 0.75857722E+17
 0.78838128E+17
 0.81927314E+17
 0.85049742E+17
 0.88149441E+17
 0.91146611E+17
 0.94001423E+17
 0.96705963E+17
 0.99246118E+17
 0.10164147E+18
 0.10388485E+18
 0.10597412E+18
 0.10792608E+18
 0.10974636E+18
 0.11144346E+18
 0.11300760E+18
 0.11444692E+18
 0.11577440E+18
 0.11699086E+18
 0.11810124E+18
 0.11910704E+18
 0.12004299E+18
 0.12095980E+18
 0.12192875E+18
 0.12302237E+18
 0.12431843E+18
 0.12588333E+18
 0.12776745E+18
 0.12999889E+18
 0.13258785E+18
 0.13554906E+18
 0.13889413E+18
 0.14263649E+18
 0.14678652E+18
 0.15134556E+18
 0.15633092E+18
 0.16175272E+18
 0.16762793E+18
 0.17397639E+18
 0.18082464E+18
 0.18819261E+18
 0.19612261E+18
 0.20465127E+18
 0.21381086E+18
 0.22364885E+18
 0.23421611E+18
 0.24557562E+18
 0.25778165E+18
 0.27090949E+18
 0.28503845E+18
 0.30024832E+18
 0.31664242E+18
 0.33431129E+18
 0.35338153E+18
 0.37396123E+18
 0.39619987E+18
 0.42022110E+18
 0.44619764E+18
 0.47428273E+18
 0.50464919E+18
 0.53749878E+18
 0.57304103E+18
 0.61149596E+18
 0.65309864E+18
 0.69810840E+18
 0.74674431E+18
 0.79919367E+18
 0.85557928E+18
 0.91593259E+18
 0.98009173E+18
 0.10477547E+19
 0.11182866E+19
 0.11907362E+19
 0.12638172E+19
 0.13359375E+19
 0.14053902E+19
 0.14705387E+19
 0.15302100E+19
 0.15836855E+19
 0.16307039E+19
 0.16712892E+19
 0.17054403E+19
 0.17331933E+19
 0.17545763E+19
 0.17694968E+19
 0.17780659E+19
 0.17800956E+19
 0.17755358E+19
 0.17644315E+19
 0.17467841E+19
 0.17225998E+19
 0.16919255E+19
 0.16547626E+19
 0.16112109E+19
 0.15613391E+19
 0.15053326E+19
 0.14437796E+19
 0.13770378E+19
 0.13083622E+19
 0.12375025E+19
 0.11666209E+19
 0.10969829E+19
 0.10295736E+19
 0.96507885E+18
 0.90384510E+18
 0.84611943E+18
 0.79188235E+18
 0.74108027E+18
 0.69357902E+18
 0.64926032E+18
 0.60796297E+18
 0.56955554E+18
 0.53389394E+18
 0.50081441E+18
 0.47017558E+18
 0.44178293E+18
 0.41550143E+18
 0.39115235E+18
 0.36859606E+18
 0.34769286E+18
 0.32830183E+18
 0.31029236E+18
 0.29356021E+18
 0.27798613E+18
 0.26348830E+18
 0.24997104E+18
 0.23735052E+18
 0.22556226E+18
 0.21453618E+18
 0.20421024E+18
 0.19452768E+18
 0.18545020E+18
 0.17692161E+18
 0.16889476E+18
 0.16134134E+18
 0.15422109E+18
 0.14750542E+18
 0.14116587E+18
 0.13517968E+18
 0.12951957E+18
 0.12416359E+18
 0.11909147E+18
 0.11428224E+18
 0.10972346E+18
 0.10539327E+18
 0.10128070E+18
 0.97372287E+17
 0.93653583E+17
 0.90114071E+17
 0.86747654E+17
 0.83535735E+17
 0.80488460E+17
 0.77581086E+17
 0.74791876E+17
 0.72128787E+17
 0.69583644E+17
 0.67151377E+17
 0.64823922E+17
 0.62597556E+17
 0.60468396E+17
 0.58436101E+17
 0.56490782E+17
 0.54627430E+17
 0.52842027E+17
 0.51130675E+17
 0.49489008E+17
 0.47912311E+17
 0.46399172E+17
 0.44946945E+17
 0.43552457E+17
 0.42213523E+17
 0.40927263E+17
 0.39693170E+17
 0.38506943E+17
 0.37366532E+17
 0.36272787E+17
 0.35219815E+17
 0.34205471E+17
 0.33228841E+17
 0.32287584E+17
 0.31381248E+17
 0.30507891E+17
 0.29666015E+17
 0.28854056E+17
 0.28070496E+17
 0.27314526E+17
 0.26585077E+17
 0.25881462E+17
 0.25201187E+17
 0.24544987E+17
 0.23910383E+17
 0.23297051E+17
 0.22704355E+17
 0.22131526E+17
 0.21577530E+17
 0.21041625E+17
 0.20522864E+17
 0.20020588E+17
 0.19535197E+17
 0.19064784E+17
 0.18609318E+17
 0.18168033E+17
 0.17740552E+17
 0.17326358E+17
 0.16924989E+17
 0.16535970E+17
 0.16158627E+17
 0.15792643E+17
 0.15437474E+17
 0.15092616E+17
 0.14757896E+17
 0.14432787E+17
 0.14117034E+17
 0.13810373E+17
 0.13512083E+17
 0.13221908E+17
 0.12942182E+17
 0.12667921E+17
 0.12401402E+17
 0.12142153E+17
 0.11889727E+17
 0.11643836E+17
 0.11404492E+17
 0.11171453E+17
 0.10944418E+17
 0.10723050E+17
 0.10507616E+17
 0.10297772E+17
 0.10093104E+17
 0.98931207E+16
 0.96983419E+16
 0.95083817E+16
 0.93231485E+16
 0.91425924E+16
 0.89663682E+16
 0.87942826E+16
 0.86261164E+16
 0.84620082E+16
 0.83018388E+16
 0.81453699E+16
 0.79925019E+16
 0.78432195E+16
 0.76975352E+16
 0.75551825E+16
 0.74159991E+16
 0.72800779E+16
 0.71472827E+16
 0.70172735E+16
 0.68903636E+16
 0.67662925E+16
 0.66450361E+16
 0.65264426E+16
 0.64104746E+16
 0.62971097E+16
 0.61862314E+16
 0.60776177E+16
 0.59715314E+16
 0.58677396E+16
 0.57662444E+16
 0.56669458E+16
 0.55698437E+16
 0.54747103E+16
 0.53818369E+16
 0.52914003E+16
 0.52028677E+16
 0.51157890E+16
 0.50302938E+16
 0.49468339E+16
 0.48647857E+16
 0.47843338E+16
 0.47055913E+16
 0.46283815E+16
 0.45529472E+16
 0.44789289E+16
 0.44064242E+16
 0.43353161E+16
 0.42657403E+16
 0.41973396E+16
 0.41304168E+16
 0.40645630E+16
 0.40000487E+16
 0.39369151E+16
 0.38749897E+16
 0.38143282E+16
 0.37547571E+16
 0.36963406E+16
 0.36390647E+16
 0.35828498E+16
 0.35276502E+16
 0.34735123E+16
 0.34203826E+16
 0.33681464E+16
 0.33168412E+16
 0.32664885E+16
 0.32170752E+16
 0.31685294E+16
 0.31208062E+16
 0.30739180E+16
 0.30278653E+16
 0.29826081E+16
 0.29381511E+16
 0.28942944E+16
 0.28510684E+16
 0.28087759E+16
 0.27673624E+16
 0.27266272E+16
 0.26865422E+16
 0.26471590E+16
 0.26084120E+16
 0.25703248E+16
 0.25328720E+16
 0.24960701E+16
 0.24598594E+16
 0.24242302E+16
 0.23892022E+16
 0.23548330E+16
 0.23210891E+16
 0.22878953E+16
 0.22552573E+16
 0.22231676E+16
 0.21916053E+16
 0.21605692E+16
 0.21300515E+16
 0.20999658E+16
 0.20703136E+16
 0.20411204E+16
 0.20124029E+16
 0.19841575E+16
 0.19564183E+16
 0.19291679E+16
 0.19023104E+16
 0.18757680E+16
 0.18496348E+16
 0.18239100E+16
 0.17985643E+16
 0.17735988E+16
 0.17490101E+16
 0.17247872E+16
 0.17009679E+16
 0.16775166E+16
 0.16544550E+16
 0.16319353E+16
 0.16095070E+16
 0.15874137E+16
 0.15656648E+16
 0.15442966E+16
 0.15232235E+16
 0.15024662E+16
 0.14820097E+16
 0.14618071E+16
 0.14418962E+16
 0.14222657E+16
 0.14028891E+16
 0.13837794E+16
 0.13649515E+16
 0.13464034E+16
 0.13281128E+16
 0.13101080E+16
 0.12923791E+16
 0.12749530E+16
 0.12577370E+16
 0.12407679E+16
 0.12240930E+16
 0.12075938E+16
 0.11913496E+16
 0.11753639E+16
 0.11596227E+16
 0.11440919E+16
 0.11287605E+16
 0.11136707E+16
 0.10988025E+16
 0.10841786E+16
 0.10697607E+16
 0.10555598E+16
 0.10415719E+16
 0.10277757E+16
 0.10141538E+16
 0.10007230E+16
 0.98746082E+15
 0.97438648E+15
 0.96148281E+15
 0.94881009E+15
 0.93627479E+15
 0.92386512E+15
 0.91163759E+15
 0.89954864E+15
 0.88763966E+15
 0.87590850E+15
 0.86432892E+15
 0.85290285E+15
 0.84162813E+15
 0.83051469E+15
 0.81958602E+15
 0.80881677E+15
 0.79818277E+15
 0.78770213E+15
 0.77734558E+15
 0.76713563E+15
 0.75707109E+15
 0.74714343E+15
 0.73734357E+15
 0.72767374E+15
 0.71816209E+15
 0.70878335E+15
 0.69955275E+15
 0.69047991E+15
 0.68149769E+15
 0.67262574E+15
 0.66384380E+15
 0.65515708E+15
 0.64658029E+15
 0.63813216E+15
 0.62980070E+15
 0.62158135E+15
 0.61347464E+15
 0.60548470E+15
 0.59761364E+15
 0.58985448E+15
 0.58220930E+15
 0.57467964E+15
 0.56725784E+15
 0.55994257E+15
 0.55271807E+15
 0.54557487E+15
 0.53861888E+15
 0.53181144E+15
 0.52504499E+15
 0.51824534E+15
 0.51152462E+15
 0.50488203E+15
 0.49833629E+15
 0.49188196E+15
 0.48552533E+15
 0.47926160E+15
 0.47309088E+15
 0.46699607E+15
 0.46096034E+15
 0.45500636E+15
 0.44910322E+15
 0.44325577E+15
 0.43749570E+15
 0.43180811E+15
 0.42618419E+15
 0.42064866E+15
 0.41518814E+15
 0.40979866E+15
 0.40449081E+15
 0.39927711E+15
 0.39414144E+15
 0.38905157E+15
 0.38402558E+15
 0.37906044E+15
 0.37413654E+15
 0.36925952E+15
 0.36444367E+15
 0.35970188E+15
 0.35503804E+15
 0.35044093E+15
 0.34591366E+15
 0.34147503E+15
 0.33709926E+15
 0.33278220E+15
 0.32850461E+15
 0.32426858E+15
 0.32008617E+15
 0.31596030E+15
 0.31189279E+15
 0.30788126E+15
 0.30392011E+15
 0.30000745E+15
 0.29614271E+15
 0.29232224E+15
 0.28854569E+15
 0.28482101E+15
 0.28115124E+15
 0.27753366E+15
 0.27396201E+15
 0.27043826E+15
 0.26696465E+15
 0.26353842E+15
 0.26015313E+15
 0.25678833E+15
 0.25347984E+15
 0.25023203E+15
 0.24703604E+15
 0.24388221E+15
 0.24076593E+15
 0.23768260E+15
 0.23463202E+15
 0.23162040E+15
 0.22864913E+15
 0.22572236E+15
 0.22284011E+15
 0.22000430E+15
 0.21721220E+15
 0.21446119E+15
 0.21174957E+15
 0.20907469E+15
 0.20643178E+15
 0.20382434E+15
 0.20125019E+15
 0.19870915E+15
 0.19620067E+15
 0.19372356E+15
 0.19127517E+15
 0.18885282E+15
 0.18646082E+15
 0.18410875E+15
 0.18179411E+15
 0.17951140E+15
 0.17726340E+15
 0.17504850E+15
 0.17286457E+15
 0.17070951E+15
 0.16857773E+15
 0.16647111E+15
 0.16439054E+15
 0.16233699E+15
 0.16031161E+15
 0.15831516E+15
 0.15635491E+15
 0.15442194E+15
 0.15250699E+15
 0.15060964E+15
 0.14873889E+15
 0.14689331E+15
 0.14507346E+15
 0.14327909E+15
 0.14150991E+15
 0.13976487E+15
 0.13804505E+15
 0.13635048E+15
 0.13468008E+15
 0.13303196E+15
 0.13140534E+15
 0.12980090E+15
 0.12821776E+15
 0.12665272E+15
 0.12510693E+15
 0.12358172E+15
 0.12207636E+15
 0.12059193E+15
 0.11912921E+15
 0.11768726E+15
 0.11626611E+15
 0.11486573E+15
 0.11348677E+15
 0.11212679E+15
 0.11078438E+15
 0.10945683E+15
 0.10814894E+15
 0.10685752E+15
 0.10558207E+15
 0.10432050E+15
 0.10307806E+15
 0.10185621E+15
 0.10065290E+15
 0.99470433E+14
 0.98305872E+14
 0.97158482E+14
 0.96027772E+14
 0.94913753E+14
 0.93816070E+14
 0.92733694E+14
 0.91665772E+14
 0.90611991E+14
 0.89572534E+14
 0.88546848E+14
 0.87535261E+14
 0.86539712E+14
 0.85560624E+14
 0.84597294E+14
 0.83649230E+14
 0.82715831E+14
 0.81795916E+14
 0.80888787E+14
 0.79995013E+14
 0.79113848E+14
 0.78244750E+14
 0.77387960E+14
 0.76543401E+14
 0.75711109E+14
 0.74891910E+14
 0.74085274E+14
 0.73290800E+14
 0.72508603E+14
 0.71738192E+14
 0.70979221E+14
 0.70231348E+14
 0.69494387E+14
 0.68767226E+14
 0.68049975E+14
 0.67342200E+14
 0.66644315E+14
 0.65956684E+14
 0.65278986E+14
 0.64611242E+14
 0.63953457E+14
 0.63305480E+14
 0.62667176E+14
 0.62037968E+14
 0.61416025E+14
 0.60801466E+14
 0.60194565E+14
 0.59594883E+14
 0.59005168E+14
 0.58424047E+14
 0.57850584E+14
 0.57284612E+14
 0.56725927E+14
 0.56174584E+14
 0.55630620E+14
 0.55093934E+14
 0.54564191E+14
 0.54041445E+14
 0.53525438E+14
 0.53016042E+14
 0.52513213E+14
 0.52016526E+14
 0.51525557E+14
 0.51039886E+14
 0.50559566E+14
 0.50084470E+14
 0.49614219E+14
 0.49148801E+14
 0.48688803E+14
 0.48233959E+14
 0.47784084E+14
 0.47339292E+14
 0.46899131E+14
 0.46463140E+14
 0.46032193E+14
 0.45605263E+14
 0.45182207E+14
 0.44763217E+14
 0.44348179E+14
 0.43937177E+14
 0.43530056E+14
 0.43127378E+14
 0.42729594E+14
 0.42334936E+14
 0.41943315E+14
 0.41554433E+14
 0.41168690E+14
 0.40786358E+14
 0.40407480E+14
 0.40032103E+14
 0.39660209E+14
 0.39291633E+14
 0.38926323E+14
 0.38564321E+14
 0.38205750E+14
 0.37850296E+14
 0.37497881E+14
 0.37148533E+14
 0.36802362E+14
 0.36459096E+14
 0.36118682E+14
 0.35781148E+14
 0.35446582E+14
 0.35114808E+14
 0.34785888E+14
 0.34460271E+14
 0.34137189E+14
 0.33816669E+14
 0.33498619E+14
 0.33182932E+14
 0.32869681E+14
 0.32559006E+14
 0.32251921E+14
 0.31947891E+14
 0.31646700E+14
 0.31348279E+14
 0.31052522E+14
 0.30759091E+14
 0.30467991E+14
 0.30179189E+14
 0.29892700E+14
 0.29608748E+14
 0.29327216E+14
 0.29048034E+14
 0.28771294E+14
 0.28497109E+14
 0.28225351E+14
 0.27955998E+14
 0.27689077E+14
 0.27424618E+14
 0.27162529E+14
 0.26902788E+14
 0.26645720E+14
 0.26391005E+14
 0.26138663E+14
 0.25888705E+14
 0.25641094E+14
 0.25395772E+14
 0.25152594E+14
 0.24911624E+14
 0.24672629E+14
 0.24435644E+14
 0.24200639E+14
 0.23967396E+14
 0.23736389E+14
 0.23507550E+14
 0.23280898E+14
 0.23056347E+14
 0.22833756E+14
 0.22613121E+14
 0.22394301E+14
 0.22177294E+14
 0.21961978E+14
 0.21748116E+14
 0.21536151E+14
 0.21326096E+14
 0.21118072E+14
 0.20912031E+14
 0.20707959E+14
 0.20505801E+14
 0.20305520E+14
 0.20107123E+14
 0.19910619E+14
 0.19715906E+14
 0.19522883E+14
 0.19331578E+14
 0.19142101E+14
 0.18954435E+14
 0.18768562E+14
 0.18584455E+14
 0.18402091E+14
 0.18221511E+14
 0.18042816E+14
 0.17865858E+14
 0.17690706E+14
 0.17517394E+14
 0.17345923E+14
 0.17176169E+14
 0.17008107E+14
 0.16841724E+14
 0.16676947E+14
 0.16513749E+14
 0.16352106E+14
 0.16191886E+14
 0.16033145E+14
 0.15875903E+14
 0.15720156E+14
 0.15565869E+14
 0.15412990E+14
 0.15261617E+14
 0.15111747E+14
 0.14963362E+14
 0.14816454E+14
 0.14670937E+14
 0.14526771E+14
 0.14383918E+14
 0.14242378E+14
 0.14102151E+14
 0.13963224E+14
 0.13825565E+14
 0.13689173E+14
 0.13554054E+14
 0.13420199E+14
 0.13287608E+14
 0.13156287E+14
 0.13026225E+14
 0.12897406E+14
 0.12769814E+14
 0.12643426E+14
 0.12518220E+14
 0.12394221E+14
 0.12271416E+14
 0.12149768E+14
 0.12029299E+14
 0.11909994E+14
 0.11791857E+14
 0.11674891E+14
 0.11559104E+14
 0.11444501E+14
 0.11331070E+14
 0.11218795E+14
 0.11107672E+14
 0.10997689E+14
 0.10888833E+14
 0.10781089E+14
 0.10674441E+14
 0.10568884E+14
 0.10464403E+14
 0.10360983E+14
 0.10258604E+14
 0.10157249E+14
 0.10056898E+14
 0.99575406E+13
 0.98591602E+13
 0.97617463E+13
 0.96652935E+13
 0.95697926E+13
 0.94752295E+13
 0.93815927E+13
 0.92888675E+13
 0.91970386E+13
 0.91060742E+13
 0.90159628E+13
 0.89266823E+13
 0.88382216E+13
 0.87505770E+13
 0.86637462E+13
 0.85777190E+13
 0.84924746E+13
 0.84079998E+13
 0.83242780E+13
 0.82413048E+13
 0.81590770E+13
 0.80775900E+13
 0.79968627E+13
 0.79168933E+13
 0.78376765E+13
 0.77592166E+13
 0.76815245E+13
 0.76045956E+13
 0.75284352E+13
 0.74530408E+13
 0.73784033E+13
 0.73045130E+13
 0.72313560E+13
 0.71589185E+13
 0.70871958E+13
 0.70161806E+13
 0.69458705E+13
 0.68762619E+13
 0.68073494E+13
 0.67391313E+13
 0.66716012E+13
 0.66047513E+13
 0.65385754E+13
 0.64730696E+13
 0.64082315E+13
 0.63440470E+13
 0.62805073E+13
 0.62176112E+13
 0.61553525E+13
 0.60937267E+13
 0.60327284E+13
 0.59723467E+13
 0.59125709E+13
 0.58533937E+13
 0.57948109E+13
 0.57368161E+13
 0.56794030E+13
 0.56225816E+13
 0.55663516E+13
 0.55107041E+13
 0.54556314E+13
 0.54011223E+13
 0.53471689E+13
 0.52937587E+13
 0.52408815E+13
 0.51885289E+13
 0.51366914E+13
 0.50853723E+13
 0.50345699E+13
 0.49842766E+13
 0.49344878E+13
 0.48851998E+13
 0.48364088E+13
 0.47881113E+13
 0.47403028E+13
 0.46929802E+13
 0.46461403E+13
 0.45997852E+13
 0.45539085E+13
 0.45085087E+13
 0.44635818E+13
 0.44191225E+13
 0.43751255E+13
 0.43315858E+13
 0.42884985E+13
 0.42458603E+13
 0.42036710E+13
 0.41619320E+13
 0.41206367E+13
 0.40797820E+13
 0.40393643E+13
 0.39993782E+13
 0.39598172E+13
 0.39206768E+13
 0.38819526E+13
 0.38436385E+13
 0.38057273E+13
 0.37682118E+13
 0.37310860E+13
 0.36943460E+13
 0.36579887E+13
 0.36220081E+13
 0.35864012E+13
 0.35511690E+13
 0.35163092E+13
 0.34818171E+13
 0.34476869E+13
 0.34139127E+13
 0.33804884E+13
 0.33474111E+13
 0.33146774E+13
 0.32822872E+13
 0.32502366E+13
 0.32185216E+13
 0.31871390E+13
 0.31560833E+13
 0.31253506E+13
 0.30949360E+13
 0.30648352E+13
 0.30350497E+13
 0.30055759E+13
 0.29764104E+13
 0.29475495E+13
 0.29189896E+13
 0.28907279E+13
 0.28627601E+13
 0.28350817E+13
 0.28076885E+13
 0.27805767E+13
 0.27537430E+13
 0.27271866E+13
 0.27009040E+13
 0.26748937E+13
 0.26491568E+13
 0.26236893E+13
 0.25984888E+13
 0.25735523E+13
 0.25488766E+13
 0.25244579E+13
 0.25002928E+13
 0.24763781E+13
 0.24527109E+13
 0.24292873E+13
 0.24061040E+13
 0.23831582E+13
 0.23604467E+13
 0.23379665E+13
 0.23157147E+13
 0.22936890E+13
 0.22718864E+13
 0.22503032E+13
 0.22289376E+13
 0.22077865E+13
 0.21868470E+13
 0.21661171E+13
 0.21455969E+13
 0.21252847E+13
 0.21051795E+13
 0.20852787E+13
 0.20655802E+13
 0.20460803E+13
 0.20267768E+13
 0.20076666E+13
 0.19887483E+13
 0.19700192E+13
 0.19514775E+13
 0.19331214E+13
 0.19149485E+13
 0.18969569E+13
 0.18791441E+13
 0.18615083E+13
 0.18440470E+13
 0.18267572E+13
 0.18096372E+13
 0.17926841E+13
 0.17758962E+13
 0.17592722E+13
 0.17428111E+13
 0.17265111E+13
 0.17103708E+13
 0.16943882E+13
 0.16785615E+13
 0.16628893E+13
 0.16473696E+13
 0.16320007E+13
 0.16167821E+13
 0.16017122E+13
 0.15867895E+13
 0.15720127E+13
 0.15573800E+13
 0.15428900E+13
 0.15285414E+13
 0.15143325E+13
 0.15002618E+13
 0.14863274E+13
 0.14725278E+13
 0.14588610E+13
 0.14453251E+13
 0.14319184E+13
 0.14186397E+13
 0.14054876E+13
 0.13924607E+13
 0.13795577E+13
 0.13667776E+13
 0.13541192E+13
 0.13415810E+13
 0.13291619E+13
 0.13168607E+13
 0.13046762E+13
 0.12926074E+13
 0.12806539E+13
 0.12688144E+13
 0.12570877E+13
 0.12454726E+13
 0.12339681E+13
 0.12225729E+13
 0.12112856E+13
 0.12001052E+13
 0.11890307E+13
 0.11780607E+13
 0.11671942E+13
 0.11564301E+13
 0.11457675E+13
 0.11352052E+13
 0.11247424E+13
 0.11143776E+13
 0.11041100E+13
 0.10939382E+13
 0.10838614E+13
 0.10738789E+13
 0.10639898E+13
 0.10541932E+13
 0.10444883E+13
 0.10348740E+13
 0.10253496E+13
 0.10159141E+13
 0.10065666E+13
 0.99730637E+12
 0.98813244E+12
 0.97904399E+12
 0.97004016E+12
 0.96112013E+12
 0.95228310E+12
 0.94352840E+12
 0.93485526E+12
 0.92626289E+12
 0.91775046E+12
 0.90931724E+12
 0.90096248E+12
 0.89268534E+12
 0.88448499E+12
 0.87636063E+12
 0.86831149E+12
 0.86033683E+12
 0.85243597E+12
 0.84460822E+12
 0.83685288E+12
 0.82916928E+12
 0.82155673E+12
 0.81401455E+12
 0.80654207E+12
 0.79913862E+12
 0.79180358E+12
 0.78453630E+12
 0.77733614E+12
 0.77020243E+12
 0.76313455E+12
 0.75613192E+12
 0.74919388E+12
 0.74231980E+12
 0.73550904E+12
 0.72876099E+12
 0.72207501E+12
 0.71545054E+12
 0.70888700E+12
 0.70238382E+12
 0.69594044E+12
 0.68955632E+12
 0.68323090E+12
 0.67696364E+12
 0.67075400E+12
 0.66460142E+12
 0.65850539E+12
 0.65246538E+12
 0.64648083E+12
 0.64055124E+12
 0.63467609E+12
 0.62885487E+12
 0.62308707E+12
 0.61737222E+12
 0.61170982E+12
 0.60609938E+12
 0.60054044E+12
 0.59503251E+12
 0.58957513E+12
 0.58416782E+12
 0.57881012E+12
 0.57350157E+12
 0.56824173E+12
 0.56303014E+12
 0.55786637E+12
 0.55274996E+12
 0.54768050E+12
 0.54265754E+12
 0.53768067E+12
 0.53274945E+12
 0.52786346E+12
 0.52302230E+12
 0.51822556E+12
 0.51347281E+12
 0.50876367E+12
 0.50409772E+12
 0.49947458E+12
 0.49489384E+12
 0.49035513E+12
 0.48585805E+12
 0.48140223E+12
 0.47698728E+12
 0.47261283E+12
 0.46827850E+12
 0.46398394E+12
 0.45972877E+12
 0.45551263E+12
 0.45133517E+12
 0.44719603E+12
 0.44309486E+12
 0.43903130E+12
 0.43500503E+12
 0.43101568E+12
 0.42706293E+12
 0.42314643E+12
 0.41926586E+12
 0.41542089E+12
 0.41161118E+12
 0.40783642E+12
 0.40409628E+12
 0.40039046E+12
 0.39671862E+12
 0.39308046E+12
 0.38947567E+12
 0.38590395E+12
 0.38236499E+12
 0.37885849E+12
 0.37538416E+12
 0.37194169E+12
 0.36853080E+12
 0.36515119E+12
 0.36180258E+12
 0.35848468E+12
 0.35519722E+12
 0.35193991E+12
 0.34871248E+12
 0.34551465E+12
 0.34234615E+12
 0.33920671E+12
 0.33609607E+12
 0.33301396E+12
 0.32996012E+12
 0.32693428E+12
 0.32393620E+12
 0.32096562E+12
 0.31802228E+12
 0.31510594E+12
 0.31221635E+12
 0.30935326E+12
 0.30651643E+12
 0.30370562E+12
 0.30092058E+12
 0.29816110E+12
 0.29542692E+12
 0.29271781E+12
 0.29003356E+12
 0.28737392E+12
 0.28473868E+12
 0.28212760E+12
 0.27954048E+12
 0.27697708E+12
 0.27443719E+12
 0.27192059E+12
 0.26942708E+12
 0.26695643E+12
 0.26450845E+12
 0.26208291E+12
 0.25967962E+12
 0.25729837E+12
 0.25493897E+12
 0.25260120E+12
 0.25028487E+12
 0.24798978E+12
 0.24571574E+12
 0.24346256E+12
 0.24123004E+12
 0.23901800E+12
 0.23682624E+12
 0.23465459E+12
 0.23250285E+12
 0.23037084E+12
 0.22825839E+12
 0.22616531E+12
 0.22409143E+12
 0.22203656E+12
 0.22000054E+12
 0.21798320E+12
 0.21598435E+12
 0.21400384E+12
 0.21204148E+12
 0.21009713E+12
 0.20817060E+12
 0.20626175E+12
 0.20437040E+12
 0.20249639E+12
 0.20063957E+12
 0.19879978E+12
 0.19697686E+12
 0.19517066E+12
 0.19338102E+12
 0.19160780E+12
 0.18985083E+12
 0.18810998E+12
 0.18638510E+12
 0.18467603E+12
 0.18298263E+12
 0.18130477E+12
 0.17964229E+12
 0.17799506E+12
 0.17636293E+12
 0.17474577E+12
 0.17314344E+12
 0.17155581E+12
 0.16998273E+12
 0.16842408E+12
 0.16687972E+12
 0.16534953E+12
 0.16383337E+12
 0.16233111E+12
 0.16084263E+12
 0.15936780E+12
 0.15790649E+12
 0.15645858E+12
 0.15502395E+12
 0.15360248E+12
 0.15219404E+12
 0.15079852E+12
 0.14941580E+12
 0.14804575E+12
 0.14668827E+12
 0.14534324E+12
 0.14401054E+12
 0.14269006E+12
 0.14138169E+12
 0.14008532E+12
 0.13880084E+12
 0.13752814E+12
 0.13626710E+12
 0.13501764E+12
 0.13377962E+12
 0.13255297E+12
 0.13133755E+12
 0.13013329E+12
 0.12894007E+12
 0.12775779E+12
 0.12658635E+12
 0.12542565E+12
 0.12427560E+12
 0.12313609E+12
 0.12200704E+12
 0.12088833E+12
 0.11977989E+12
 0.11868160E+12
 0.11759339E+12
 0.11651516E+12
 0.11544682E+12
 0.11438827E+12
 0.11333943E+12
 0.11230020E+12
 0.11127051E+12
 0.11025026E+12
 0.10923936E+12
 0.10823774E+12
 0.10724529E+12
 0.10626195E+12
 0.10528763E+12
 0.10432224E+12
 0.10336570E+12
 0.10241793E+12
 0.10147886E+12
 0.10054839E+12
 0.99626461E+11
 0.98712982E+11
 0.97807880E+11
 0.96911077E+11
 0.96022497E+11
 0.95142066E+11
 0.94269707E+11
 0.93405348E+11
 0.92548915E+11
 0.91700334E+11
 0.90859535E+11
 0.90026446E+11
 0.89200996E+11
 0.88383114E+11
 0.87572733E+11
 0.86769782E+11
 0.85974194E+11
 0.85185901E+11
 0.84404836E+11
 0.83630934E+11
 0.82864127E+11
 0.82104352E+11
 0.81351544E+11
 0.80605638E+11
 0.79866572E+11
 0.79134283E+11
 0.78408709E+11
 0.77689788E+11
 0.76977458E+11
 0.76271661E+11
 0.75572335E+11
 0.74879422E+11
 0.74192862E+11
 0.73512597E+11
 0.72838570E+11
 0.72170724E+11
 0.71509001E+11
 0.70853346E+11
 0.70203703E+11
 0.69560016E+11
 0.68922232E+11
 0.68290296E+11
 0.67664154E+11
 0.67043754E+11
 0.66429042E+11
 0.65819966E+11
 0.65216476E+11
 0.64618519E+11
 0.64026045E+11
 0.63439003E+11
 0.62857344E+11
 0.62281018E+11
 0.61709977E+11
 0.61144172E+11
 0.60583555E+11
 0.60028079E+11
 0.59477695E+11
 0.58932359E+11
 0.58392022E+11
 0.57856640E+11
 0.57326167E+11
 0.56800558E+11
 0.56279769E+11
 0.55763754E+11
 0.55252471E+11
 0.54745876E+11
 0.54243926E+11
 0.53746579E+11
 0.53253792E+11
 0.52765523E+11
 0.52281731E+11
 0.51802376E+11
 0.51327415E+11
 0.50856809E+11
 0.50390519E+11
 0.49928504E+11
 0.49470725E+11
 0.49017143E+11
 0.48567721E+11
 0.48122419E+11
 0.47681200E+11
 0.47244027E+11
 0.46810863E+11
 0.46381670E+11
 0.45956412E+11
 0.45535053E+11
 0.45117558E+11
 0.44703891E+11
 0.44294017E+11
 0.43887901E+11
 0.43485509E+11
 0.43086806E+11
 0.42691759E+11
 0.42300334E+11
 0.41912498E+11
 0.41528218E+11
 0.41147462E+11
 0.40770196E+11
 0.40396390E+11
 0.40026011E+11
 0.39659029E+11
 0.39295411E+11
 0.38935127E+11
 0.38578146E+11
 0.38224439E+11
 0.37873975E+11
 0.37526724E+11
 0.37182657E+11
 0.36841744E+11
 0.36503958E+11
 0.36169269E+11
 0.35837648E+11
 0.35509068E+11
 0.35183501E+11
 0.34860918E+11
 0.34541294E+11
 0.34224600E+11
 0.33910810E+11
 0.33599897E+11
 0.33291834E+11
 0.32986597E+11
 0.32684157E+11
 0.32384491E+11
 0.32087573E+11
 0.31793377E+11
 0.31501878E+11
 0.31213052E+11
 0.30926874E+11
 0.30643320E+11
 0.30362366E+11
 0.30083988E+11
 0.29808163E+11
 0.29534866E+11
 0.29264075E+11
 0.28995767E+11
 0.28729919E+11
 0.28466509E+11
 0.28205513E+11
 0.27946911E+11
 0.27690680E+11
 0.27436798E+11
 0.27185244E+11
 0.26935996E+11
 0.26689034E+11
 0.26444336E+11
 0.26201881E+11
 0.25961650E+11
 0.25723621E+11
 0.25487774E+11
 0.25254090E+11
 0.25022549E+11
 0.24793130E+11
 0.24565815E+11
 0.24340584E+11
 0.24117419E+11
 0.23896299E+11
 0.23677207E+11
 0.23460123E+11
 0.23245030E+11
 0.23031909E+11
 0.22820742E+11
 0.22611511E+11
 0.22404199E+11
 0.22198787E+11
 0.21995259E+11
 0.21793597E+11
 0.21593784E+11
 0.21395802E+11
 0.21199636E+11
 0.21005269E+11
 0.20812684E+11
 0.20621864E+11
 0.20432794E+11
 0.20245457E+11
 0.20059838E+11
 0.19875921E+11
 0.19693691E+11
 0.19513131E+11
 0.19334226E+11
 0.19156962E+11
 0.18981323E+11
 0.18807295E+11
 0.18634862E+11
 0.18464010E+11
 0.18294724E+11
 0.18126991E+11
 0.17960795E+11
 0.17796124E+11
 0.17632962E+11
 0.17471296E+11
 0.17311112E+11
 0.17152397E+11
 0.16995137E+11
 0.16839319E+11
 0.16684930E+11
 0.16531956E+11
 0.16380385E+11
 0.16230203E+11
 0.16081399E+11
 0.15933958E+11
 0.15787870E+11
 0.15643121E+11
 0.15499699E+11
 0.15357592E+11
 0.15216788E+11
 0.15077275E+11
 0.14939041E+11
 0.14802074E+11
 0.14666363E+11
 0.14531897E+11
 0.14398663E+11
 0.14266651E+11
 0.14135849E+11
 0.14006247E+11
 0.13877833E+11
 0.13750596E+11
 0.13624526E+11
 0.13499611E+11
 0.13375842E+11
 0.13253208E+11
 0.13131698E+11
 0.13011302E+11
 0.12892010E+11
 0.12773812E+11
 0.12656697E+11
 0.12540656E+11
 0.12425679E+11
 0.12311757E+11
 0.12198878E+11
 0.12087035E+11
 0.11976217E+11
 0.11866415E+11
 0.11757620E+11
 0.11649822E+11
 0.11543013E+11
 0.11437183E+11
 0.11332323E+11
 0.11228425E+11
 0.11125479E+11
 0.11023477E+11
 0.10922411E+11
 0.10822270E+11
 0.10723049E+11
 0.10624736E+11
 0.10527325E+11
 0.10430808E+11
 0.10335175E+11
 0.10240419E+11
 0.10146532E+11
 0.10053505E+11
 0.99613315E+10
 0.98700030E+10
 0.97795119E+10
 0.96898504E+10
 0.96010110E+10
 0.95129861E+10
 0.94257682E+10
 0.93393500E+10
 0.92537242E+10
 0.91688833E+10
 0.90848204E+10
 0.90015281E+10
 0.89189995E+10
 0.88372276E+10
 0.87562054E+10
 0.86759260E+10
 0.85963827E+10
 0.85175687E+10
 0.84394772E+10
 0.83621017E+10
 0.82854357E+10
 0.82094725E+10
 0.81342058E+10
 0.80596292E+10
 0.79857363E+10
 0.79125209E+10
 0.78399768E+10
 0.77680978E+10
 0.76968778E+10
 0.76263107E+10
 0.75563907E+10
 0.74871117E+10
 0.74184679E+10
 0.73504534E+10
 0.72830626E+10
 0.72162895E+10
 0.71501287E+10
 0.70845745E+10
 0.70196213E+10
 0.69552636E+10
 0.68914960E+10
 0.68283130E+10
 0.67657093E+10
 0.67036796E+10
 0.66422185E+10
 0.65813210E+10
 0.65209818E+10
 0.64611958E+10
 0.64019580E+10
 0.63432633E+10
 0.62851067E+10
 0.62274833E+10
 0.61703882E+10
 0.61138166E+10
 0.60577636E+10
 0.60022246E+10
 0.59471948E+10
 0.58926695E+10
 0.58386441E+10
 0.57851140E+10
 0.57320747E+10
 0.56795217E+10
 0.56274505E+10
 0.55758567E+10
 0.55247360E+10
 0.54740839E+10
 0.54238963E+10
 0.53741687E+10
 0.53248971E+10
 0.52760773E+10
 0.52277050E+10
 0.51797762E+10
 0.51322869E+10
 0.50852329E+10
 0.50386103E+10
 0.49924152E+10
 0.49466437E+10
 0.49012918E+10
 0.48563556E+10
 0.48118315E+10
 0.47677156E+10
 0.47240041E+10
 0.46806934E+10
 0.46377798E+10
 0.45952596E+10
 0.45531293E+10
 0.45113853E+10
 0.44700239E+10
 0.44290418E+10
 0.43884354E+10
 0.43482013E+10
 0.43083361E+10
 0.42688363E+10
 0.42296988E+10
 0.41909200E+10
 0.41524968E+10
 0.41144258E+10
 0.40767039E+10
 0.40393279E+10
 0.40022945E+10
 0.39656007E+10
 0.39292432E+10
 0.38932191E+10
 0.38575253E+10
 0.38221588E+10
 0.37871164E+10
 0.37523954E+10
 0.37179927E+10
 0.36839054E+10
 0.36501306E+10
 0.36166655E+10
 0.35835072E+10
 0.35506529E+10
 0.35180999E+10
 0.34858452E+10
 0.34538863E+10
 0.34222205E+10
 0.33908449E+10
 0.33597570E+10
 0.33289541E+10
 0.32984336E+10
 0.32681929E+10
 0.32382295E+10
 0.32085408E+10
 0.31791243E+10
 0.31499775E+10
 0.31210980E+10
 0.30924832E+10
 0.30641307E+10
 0.30360382E+10
 0.30082032E+10
 0.29806235E+10
 0.29532966E+10
 0.29262202E+10
 0.28993921E+10
 0.28728100E+10
 0.28464715E+10
 0.28203746E+10
 0.27945169E+10
 0.27688963E+10
 0.27435105E+10
 0.27183575E+10
 0.26934352E+10
 0.26687413E+10
 0.26442738E+10
 0.26200306E+10
 0.25960097E+10
 0.25722091E+10
 0.25486266E+10
 0.25252604E+10
 0.25021084E+10
 0.24791686E+10
 0.24564392E+10
 0.24339181E+10
 0.24116035E+10
 0.23894936E+10
 0.23675863E+10
 0.23458799E+10
 0.23243724E+10
 0.23030622E+10
 0.22819474E+10
 0.22610261E+10
 0.22402966E+10
 0.22197572E+10
 0.21994061E+10
 0.21792416E+10
 0.21592620E+10
 0.21394655E+10
 0.21198505E+10
 0.21004154E+10
 0.20811585E+10
 0.20620781E+10
 0.20431726E+10
 0.20244405E+10
 0.20058801E+10
 0.19874899E+10
 0.19692683E+10
 0.19512137E+10
 0.19333247E+10
 0.19155996E+10
 0.18980371E+10
 0.18806356E+10
 0.18633937E+10
 0.18463098E+10
 0.18293825E+10
 0.18126105E+10
 0.17959922E+10
 0.17795263E+10
 0.17632113E+10
 0.17470459E+10
 0.17310287E+10
 0.17151584E+10
 0.16994336E+10
 0.16838529E+10
 0.16684151E+10
 0.16531188E+10
 0.16379628E+10
 0.16229457E+10
 0.16080663E+10
 0.15933233E+10
