# ea sdcons       ds-3.14.05-beta22                                 
 0.00000000E+00
 0.00000000E+00
 0.00000000E+00
 0.00000000E+00
 0.00000000E+00
 0.00000000E+00
 0.00000000E+00
 0.00000000E+00
 0.00000000E+00
 0.00000000E+00
 0.00000000E+00
 0.00000000E+00
 0.00000000E+00
 0.00000000E+00
 0.00000000E+00
 0.00000000E+00
 0.00000000E+00
 0.00000000E+00
 0.00000000E+00
 0.00000000E+00
 0.00000000E+00
 0.00000000E+00
 0.00000000E+00
 0.00000000E+00
 0.00000000E+00
 0.00000000E+00
 0.00000000E+00
 0.00000000E+00
 0.00000000E+00
 0.00000000E+00
 0.00000000E+00
 0.00000000E+00
 0.00000000E+00
 0.00000000E+00
 0.00000000E+00
 0.00000000E+00
 0.00000000E+00
 0.00000000E+00
 0.00000000E+00
 0.00000000E+00
 0.00000000E+00
 0.00000000E+00
 0.00000000E+00
 0.00000000E+00
 0.00000000E+00
 0.00000000E+00
 0.00000000E+00
 0.00000000E+00
 0.00000000E+00
 0.00000000E+00
 0.00000000E+00
 0.00000000E+00
 0.00000000E+00
 0.00000000E+00
 0.00000000E+00
 0.00000000E+00
 0.00000000E+00
 0.00000000E+00
 0.00000000E+00
 0.00000000E+00
 0.00000000E+00
 0.00000000E+00
 0.00000000E+00
 0.00000000E+00
 0.00000000E+00
 0.00000000E+00
 0.44778079E+05
 0.78777061E+05
 0.13939292E+06
 0.25030887E+06
 0.41304108E+06
 0.62768366E+06
 0.89300736E+06
 0.12073779E+07
 0.16137592E+07
 0.21803034E+07
 0.29034996E+07
 0.37770191E+07
 0.47991024E+07
 0.59749891E+07
 0.73084887E+07
 0.88025881E+07
 0.10550768E+08
 0.12655884E+08
 0.15126364E+08
 0.17965622E+08
 0.21176943E+08
 0.24762996E+08
 0.28732795E+08
 0.33121383E+08
 0.37930085E+08
 0.43053422E+08
 0.48824039E+08
 0.55351537E+08
 0.62644703E+08
 0.70706194E+08
 0.79562397E+08
 0.89272842E+08
 0.99885530E+08
 0.11141198E+09
 0.12373711E+09
 0.13681165E+09
 0.15063876E+09
 0.16550956E+09
 0.18181111E+09
 0.19954178E+09
 0.21887696E+09
 0.23991681E+09
 0.26265122E+09
 0.28715534E+09
 0.31342673E+09
 0.34127383E+09
 0.37061309E+09
 0.40149173E+09
 0.43390104E+09
 0.46794912E+09
 0.50421720E+09
 0.54328565E+09
 0.58532693E+09
 0.63039569E+09
 0.67859758E+09
 0.73000542E+09
 0.78457192E+09
 0.84233518E+09
 0.90303131E+09
 0.96651714E+09
 0.10329689E+10
 0.11025245E+10
 0.11769035E+10
 0.12529246E+10
 0.13331066E+10
 0.14184027E+10
 0.15090270E+10
 0.16049503E+10
 0.17061537E+10
 0.18126160E+10
 0.19244047E+10
 0.20415384E+10
 0.21635465E+10
 0.22905398E+10
 0.24226943E+10
 0.25602378E+10
 0.27034177E+10
 0.28517938E+10
 0.30061934E+10
 0.31671079E+10
 0.33357424E+10
 0.35127988E+10
 0.36977818E+10
 0.38905201E+10
 0.40911749E+10
 0.42998650E+10
 0.45172585E+10
 0.47437612E+10
 0.49809477E+10
 0.52254595E+10
 0.54787429E+10
 0.57407097E+10
 0.60110030E+10
 0.62909740E+10
 0.65814173E+10
 0.68827090E+10
 0.71969311E+10
 0.75242619E+10
 0.78636865E+10
 0.82156011E+10
 0.85803445E+10
 0.89584614E+10
 0.93507598E+10
 0.97576004E+10
 0.10175678E+11
 0.10600819E+11
 0.11045288E+11
 0.11506262E+11
 0.11981325E+11
 0.12471891E+11
 0.12979242E+11
 0.13503120E+11
 0.14045674E+11
 0.14608178E+11
 0.15187701E+11
 0.15787399E+11
 0.16413634E+11
 0.17057277E+11
 0.17715722E+11
 0.18396816E+11
 0.19097755E+11
 0.19819856E+11
 0.20564326E+11
 0.21328108E+11
 0.22113605E+11
 0.22925455E+11
 0.23764403E+11
 0.24625398E+11
 0.25510320E+11
 0.26423108E+11
 0.27363159E+11
 0.28305023E+11
 0.29300378E+11
 0.30331569E+11
 0.31399781E+11
 0.32500027E+11
 0.33628900E+11
 0.34797048E+11
 0.36007574E+11
 0.37263269E+11
 0.38565033E+11
 0.39910614E+11
 0.41301053E+11
 0.42733315E+11
 0.44243232E+11
 0.45826058E+11
 0.47451374E+11
 0.49118558E+11
 0.50847950E+11
 0.52596808E+11
 0.54424258E+11
 0.56358374E+11
 0.58376252E+11
 0.60472757E+11
 0.62660063E+11
 0.64949607E+11
 0.67335590E+11
 0.69819050E+11
 0.72402673E+11
 0.75095599E+11
 0.77899025E+11
 0.80804949E+11
 0.83819003E+11
 0.86948389E+11
 0.90288221E+11
 0.93702999E+11
 0.97282137E+11
 0.10103430E+12
 0.10495585E+12
 0.10903573E+12
 0.11327430E+12
 0.11767905E+12
 0.12226989E+12
 0.12703756E+12
 0.13197200E+12
 0.13710887E+12
 0.14248581E+12
 0.14806136E+12
 0.15389733E+12
 0.15999713E+12
 0.16635193E+12
 0.17297897E+12
 0.17987839E+12
 0.18704755E+12
 0.19460443E+12
 0.20235542E+12
 0.21032109E+12
 0.21862371E+12
 0.22732979E+12
 0.23637477E+12
 0.24578710E+12
 0.25558416E+12
 0.26578863E+12
 0.27639914E+12
 0.28744115E+12
 0.29888100E+12
 0.31072863E+12
 0.32292556E+12
 0.33553516E+12
 0.34857190E+12
 0.36211505E+12
 0.37618183E+12
 0.39077731E+12
 0.40594556E+12
 0.42180871E+12
 0.43828599E+12
 0.45537836E+12
 0.47320595E+12
 0.49149980E+12
 0.51033443E+12
 0.52976442E+12
 0.54975526E+12
 0.57034691E+12
 0.59162656E+12
 0.61361178E+12
 0.63645064E+12
 0.66021678E+12
 0.68491204E+12
 0.71059346E+12
 0.73715655E+12
 0.76458147E+12
 0.79282677E+12
 0.82197903E+12
 0.85185789E+12
 0.88249077E+12
 0.91402199E+12
 0.94742515E+12
 0.98155727E+12
 0.10166183E+13
 0.10529641E+13
 0.10905617E+13
 0.11294915E+13
 0.11699153E+13
 0.12116872E+13
 0.12545148E+13
 0.12983251E+13
 0.13434924E+13
 0.13901779E+13
 0.14381066E+13
 0.14874674E+13
 0.15382680E+13
 0.15909820E+13
 0.16457095E+13
 0.17024234E+13
 0.17610734E+13
 0.18215474E+13
 0.18837405E+13
 0.19477246E+13
 0.20135155E+13
 0.20812200E+13
 0.21508203E+13
 0.22223070E+13
 0.22961450E+13
 0.23725170E+13
 0.24508401E+13
 0.25325609E+13
 0.26172042E+13
 0.27043927E+13
 0.27942425E+13
 0.28869303E+13
 0.29823730E+13
 0.30802731E+13
 0.31811143E+13
 0.32850007E+13
 0.33923824E+13
 0.35037129E+13
 0.36189330E+13
 0.37381056E+13
 0.38611140E+13
 0.39879687E+13
 0.41191527E+13
 0.42544308E+13
 0.43931147E+13
 0.45356483E+13
 0.46828300E+13
 0.48336723E+13
 0.49887415E+13
 0.51502174E+13
 0.53152166E+13
 0.54858064E+13
 0.56624109E+13
 0.58450214E+13
 0.60335082E+13
 0.62275811E+13
 0.64266048E+13
 0.66319573E+13
 0.68441411E+13
 0.70621527E+13
 0.72862909E+13
 0.75174494E+13
 0.77562453E+13
 0.80032068E+13
 0.82572124E+13
 0.85189315E+13
 0.87888435E+13
 0.90659090E+13
 0.93500091E+13
 0.96428371E+13
 0.99427707E+13
 0.10251982E+14
 0.10570630E+14
 0.10898537E+14
 0.11237096E+14
 0.11584837E+14
 0.11941673E+14
 0.12305386E+14
 0.12678043E+14
 0.13065086E+14
 0.13462694E+14
 0.13871616E+14
 0.14292738E+14
 0.14725783E+14
 0.15170781E+14
 0.15627384E+14
 0.16098088E+14
 0.16584861E+14
 0.17086145E+14
 0.17600044E+14
 0.18128406E+14
 0.18671321E+14
 0.19228782E+14
 0.19795497E+14
 0.20374839E+14
 0.20981274E+14
 0.21604608E+14
 0.22246698E+14
 0.22906015E+14
 0.23584135E+14
 0.24280944E+14
 0.24992996E+14
 0.25730601E+14
 0.26490872E+14
 0.27275143E+14
 0.28082532E+14
 0.28906424E+14
 0.29745168E+14
 0.30622634E+14
 0.31525053E+14
 0.32451294E+14
 0.33406826E+14
 0.34393370E+14
 0.35413666E+14
 0.36456182E+14
 0.37535148E+14
 0.38649725E+14
 0.39791035E+14
 0.40963720E+14
 0.42174941E+14
 0.43424125E+14
 0.44708850E+14
 0.46032388E+14
 0.47396989E+14
 0.48803977E+14
 0.50240247E+14
 0.51716490E+14
 0.53260449E+14
 0.54815238E+14
 0.56413523E+14
 0.58061394E+14
 0.59788994E+14
 0.61570240E+14
 0.63409181E+14
 0.65296911E+14
 0.67240145E+14
 0.69250759E+14
 0.71339740E+14
 0.73520569E+14
 0.75748318E+14
 0.78042065E+14
 0.80409774E+14
 0.82849402E+14
 0.85361376E+14
 0.87935344E+14
 0.90584069E+14
 0.93314538E+14
 0.96135764E+14
 0.99047108E+14
 0.10205473E+15
 0.10516027E+15
 0.10838209E+15
 0.11172565E+15
 0.11518579E+15
 0.11877323E+15
 0.12246440E+15
 0.12631273E+15
 0.13029873E+15
 0.13442196E+15
 0.13864108E+15
 0.14300365E+15
 0.14752425E+15
 0.15220195E+15
 0.15702754E+15
 0.16197187E+15
 0.16707620E+15
 0.17235009E+15
 0.17781544E+15
 0.18350304E+15
 0.18942524E+15
 0.19558080E+15
 0.20193799E+15
 0.20850771E+15
 0.21535209E+15
 0.22245249E+15
 0.22979841E+15
 0.23738861E+15
 0.24524569E+15
 0.25341197E+15
 0.26188537E+15
 0.27064226E+15
 0.27970666E+15
 0.28909316E+15
 0.29882791E+15
 0.30893719E+15
 0.31941950E+15
 0.33036086E+15
 0.34175579E+15
 0.35362384E+15
 0.36595393E+15
 0.37868651E+15
 0.39189769E+15
 0.40563837E+15
 0.42000542E+15
 0.43497557E+15
 0.45059244E+15
 0.46688137E+15
 0.48383732E+15
 0.50149353E+15
 0.51986953E+15
 0.53902676E+15
 0.55904555E+15
 0.57994849E+15
 0.60178101E+15
 0.62459813E+15
 0.64844764E+15
 0.67336267E+15
 0.69942295E+15
 0.72672279E+15
 0.75531666E+15
 0.78524867E+15
 0.81655514E+15
 0.84931881E+15
 0.88372353E+15
 0.91994197E+15
 0.95812296E+15
 0.99821479E+15
 0.10402651E+16
 0.10844514E+16
 0.11308944E+16
 0.11796293E+16
 0.12309525E+16
 0.12850502E+16
 0.13420777E+16
 0.14024397E+16
 0.14662147E+16
 0.15333486E+16
 0.16040539E+16
 0.16787804E+16
 0.17577047E+16
 0.18411765E+16
 0.19295389E+16
 0.20233445E+16
 0.21231575E+16
 0.22288509E+16
 0.23415758E+16
 0.24607500E+16
 0.25870472E+16
 0.27209223E+16
 0.28631622E+16
 0.30145363E+16
 0.31757601E+16
 0.33475082E+16
 0.35302060E+16
 0.37246899E+16
 0.39321838E+16
 0.41545806E+16
 0.43930763E+16
 0.46484083E+16
 0.49221264E+16
 0.52158681E+16
 0.55312045E+16
 0.58702917E+16
 0.62356530E+16
 0.66297074E+16
 0.70546885E+16
 0.75141334E+16
 0.80113833E+16
 0.85507486E+16
 0.91363059E+16
 0.97728870E+16
 0.10466795E+17
 0.11225453E+17
 0.12056273E+17
 0.12968016E+17
 0.13970417E+17
 0.15073134E+17
 0.16289113E+17
 0.17633773E+17
 0.19123775E+17
 0.20779874E+17
 0.22626899E+17
 0.24691656E+17
 0.27003045E+17
 0.29598379E+17
 0.32515672E+17
 0.35796419E+17
 0.39491782E+17
 0.43649705E+17
 0.48324578E+17
 0.53556950E+17
 0.59368297E+17
 0.65754913E+17
 0.72664987E+17
 0.79971598E+17
 0.87454807E+17
 0.94813447E+17
 0.10172914E+18
 0.10793565E+18
 0.11329411E+18
 0.11777607E+18
 0.12137364E+18
 0.12409348E+18
 0.12591351E+18
 0.12692208E+18
 0.12694024E+18
 0.12613552E+18
 0.12449647E+18
 0.12191349E+18
 0.11849374E+18
 0.11420385E+18
 0.10905341E+18
 0.10306709E+18
 0.96344318E+17
 0.89131738E+17
 0.81736110E+17
 0.74465971E+17
 0.67558635E+17
 0.61162905E+17
 0.55341662E+17
 0.50106235E+17
 0.45441039E+17
 0.41307494E+17
 0.37653512E+17
 0.34427846E+17
 0.31581874E+17
 0.29069722E+17
 0.26854996E+17
 0.24899274E+17
 0.23172803E+17
 0.21649328E+17
 0.20303727E+17
 0.19114249E+17
 0.18065400E+17
 0.17140765E+17
 0.16327512E+17
 0.15616075E+17
 0.14997737E+17
 0.14464743E+17
 0.14010369E+17
 0.13628048E+17
 0.13311860E+17
 0.13057490E+17
 0.12862434E+17
 0.12724664E+17
 0.12642637E+17
 0.12613778E+17
 0.12637667E+17
 0.12713912E+17
 0.12842116E+17
 0.13022597E+17
 0.13256729E+17
 0.13545846E+17
 0.13891461E+17
 0.14296839E+17
 0.14765324E+17
 0.15300122E+17
 0.15905337E+17
 0.16585628E+17
 0.17348066E+17
 0.18201049E+17
 0.19152381E+17
 0.20212049E+17
 0.21390758E+17
 0.22699997E+17
 0.24154159E+17
 0.25771793E+17
 0.27571818E+17
 0.29577292E+17
 0.31816396E+17
 0.34318269E+17
 0.37115000E+17
 0.40246429E+17
 0.43752778E+17
 0.47675915E+17
 0.52067851E+17
 0.56975666E+17
 0.62456389E+17
 0.68554049E+17
 0.75290479E+17
 0.82657663E+17
 0.90604875E+17
 0.98990700E+17
 0.10759028E+18
 0.11608816E+18
 0.12414874E+18
 0.13151045E+18
 0.13802518E+18
 0.14367725E+18
 0.14846114E+18
 0.15238233E+18
 0.15546750E+18
 0.15771485E+18
 0.15913911E+18
 0.15980755E+18
 0.15971184E+18
 0.15882265E+18
 0.15723548E+18
 0.15495276E+18
 0.15201084E+18
 0.14846568E+18
 0.14444047E+18
 0.14022556E+18
 0.13618141E+18
 0.13268380E+18
 0.13003911E+18
 0.12847993E+18
 0.12812423E+18
 0.12903604E+18
 0.13123925E+18
 0.13472309E+18
 0.13944705E+18
 0.14536543E+18
 0.15240587E+18
 0.16044709E+18
 0.16928833E+18
 0.17861337E+18
 0.18797615E+18
 0.19689708E+18
 0.20497118E+18
 0.21190456E+18
 0.21760823E+18
 0.22203776E+18
 0.22518037E+18
 0.22703741E+18
 0.22763118E+18
 0.22690549E+18
 0.22485267E+18
 0.22159669E+18
 0.21712695E+18
 0.21148196E+18
 0.20469130E+18
 0.19677068E+18
 0.18774998E+18
 0.17766748E+18
 0.16673367E+18
 0.15530835E+18
 0.14381536E+18
 0.13266430E+18
 0.12216368E+18
 0.11248842E+18
 0.10372455E+18
 0.95872199E+17
 0.88904265E+17
 0.82744786E+17
 0.77298174E+17
 0.72476813E+17
 0.68188445E+17
 0.64361225E+17
 0.60932600E+17
 0.57847926E+17
 0.55061150E+17
 0.52530596E+17
 0.50224308E+17
 0.48108583E+17
 0.46162126E+17
 0.44354904E+17
 0.42675422E+17
 0.41108977E+17
 0.39627573E+17
 0.38228644E+17
 0.36896918E+17
 0.35622401E+17
 0.34397031E+17
 0.33213407E+17
 0.32076462E+17
 0.30991855E+17
 0.29975742E+17
 0.29043180E+17
 0.28208292E+17
 0.27479594E+17
 0.26864571E+17
 0.26361936E+17
 0.25975250E+17
 0.25704676E+17
 0.25548924E+17
 0.25504893E+17
 0.25575224E+17
 0.25758161E+17
 0.26055764E+17
 0.26472537E+17
 0.27015396E+17
 0.27688409E+17
 0.28499658E+17
 0.29456936E+17
 0.30571214E+17
 0.31854874E+17
 0.33318624E+17
 0.34973380E+17
 0.36827801E+17
 0.38878877E+17
 0.41120533E+17
 0.43528380E+17
 0.46059309E+17
 0.48642768E+17
 0.51200446E+17
 0.53653934E+17
 0.55946446E+17
 0.58055038E+17
 0.59980924E+17
 0.61721551E+17
 0.63281970E+17
 0.64658810E+17
 0.65871074E+17
 0.66900345E+17
 0.67760632E+17
 0.68473229E+17
 0.69012263E+17
 0.69404532E+17
 0.69644918E+17
 0.69746960E+17
 0.69716969E+17
 0.69578354E+17
 0.69388046E+17
 0.69228707E+17
 0.69183519E+17
 0.69329807E+17
 0.69726320E+17
 0.70400950E+17
 0.71377926E+17
 0.72669718E+17
 0.74278797E+17
 0.76207405E+17
 0.78456904E+17
 0.81028435E+17
 0.83923358E+17
 0.87150960E+17
 0.90720541E+17
 0.94645273E+17
 0.98936235E+17
 0.10361302E+18
 0.10869705E+18
 0.11421613E+18
 0.12019742E+18
 0.12667290E+18
 0.13368178E+18
 0.14126880E+18
 0.14948157E+18
 0.15837206E+18
 0.16800636E+18
 0.17844377E+18
 0.18976441E+18
 0.20205575E+18
 0.21540015E+18
 0.22990799E+18
 0.24568888E+18
 0.26286365E+18
 0.28156548E+18
 0.30193771E+18
 0.32414034E+18
 0.34833751E+18
 0.37471807E+18
 0.40349981E+18
 0.43491304E+18
 0.46921012E+18
 0.50668122E+18
 0.54759623E+18
 0.59221259E+18
 0.64076065E+18
 0.69338566E+18
 0.75012025E+18
 0.81078744E+18
 0.87494684E+18
 0.94184454E+18
 0.10103010E+19
 0.10787948E+19
 0.11454987E+19
 0.12086175E+19
 0.12666895E+19
 0.13188548E+19
 0.13647087E+19
 0.14042697E+19
 0.14375393E+19
 0.14645511E+19
 0.14853752E+19
 0.14999416E+19
 0.15082974E+19
 0.15103083E+19
 0.15059782E+19
 0.14952365E+19
 0.14780691E+19
 0.14545178E+19
 0.14246289E+19
 0.13884093E+19
 0.13459550E+19
 0.12973088E+19
 0.12428279E+19
 0.11831659E+19
 0.11195455E+19
 0.10536136E+19
 0.98702727E+18
 0.92130614E+18
 0.85766318E+18
 0.79689605E+18
 0.73951954E+18
 0.68575004E+18
 0.63563436E+18
 0.58904681E+18
 0.54583649E+18
 0.50580978E+18
 0.46879062E+18
 0.43460535E+18
 0.40308716E+18
 0.37409126E+18
 0.34743850E+18
 0.32294772E+18
 0.30046087E+18
 0.27982239E+18
 0.26086354E+18
 0.24344493E+18
 0.22742514E+18
 0.21268238E+18
 0.19909972E+18
 0.18656521E+18
 0.17499649E+18
 0.16429973E+18
 0.15439887E+18
 0.14522326E+18
 0.13671141E+18
 0.12880588E+18
 0.12145344E+18
 0.11460338E+18
 0.10821995E+18
 0.10226531E+18
 0.96704088E+17
 0.91505712E+17
 0.86639094E+17
 0.82082827E+17
 0.77814259E+17
 0.73807508E+17
 0.70048462E+17
 0.66512617E+17
 0.63188751E+17
 0.60061403E+17
 0.57116749E+17
 0.54342390E+17
 0.51728822E+17
 0.49260156E+17
 0.46929489E+17
 0.44728523E+17
 0.42648126E+17
 0.40681506E+17
 0.38820552E+17
 0.37059973E+17
 0.35393152E+17
 0.33813764E+17
 0.32316991E+17
 0.30898250E+17
 0.29553528E+17
 0.28276962E+17
 0.27065363E+17
 0.25914855E+17
 0.24820854E+17
 0.23780295E+17
 0.22791957E+17
 0.21853383E+17
 0.20960747E+17
 0.20111609E+17
 0.19303643E+17
 0.18534598E+17
 0.17802398E+17
 0.17104022E+17
 0.16437865E+17
 0.15801733E+17
 0.15195021E+17
 0.14615416E+17
 0.14062972E+17
 0.13535414E+17
 0.13031730E+17
 0.12550293E+17
 0.12089576E+17
 0.11649024E+17
 0.11227330E+17
 0.10822951E+17
 0.10436278E+17
 0.10065524E+17
 0.97102170E+16
 0.93696594E+16
 0.90431768E+16
 0.87289602E+16
 0.84283300E+16
 0.81397515E+16
 0.78630102E+16
 0.75971430E+16
 0.73413674E+16
 0.70956370E+16
 0.68584056E+16
 0.66314774E+16
 0.64135214E+16
 0.62036721E+16
 0.60010418E+16
 0.58064197E+16
 0.56187486E+16
 0.54380664E+16
 0.52639692E+16
 0.50962169E+16
 0.49346041E+16
 0.47788642E+16
 0.46283739E+16
 0.44831745E+16
 0.43430832E+16
 0.42082537E+16
 0.40779562E+16
 0.39522702E+16
 0.38310978E+16
 0.37139061E+16
 0.36004832E+16
 0.34909706E+16
 0.33851223E+16
 0.32830490E+16
 0.31842716E+16
 0.30886702E+16
 0.29961840E+16
 0.29067845E+16
 0.28202416E+16
 0.27366035E+16
 0.26554562E+16
 0.25769235E+16
 0.25009829E+16
 0.24275147E+16
 0.23564610E+16
 0.22876420E+16
 0.22212060E+16
 0.21568822E+16
 0.20945748E+16
 0.20337996E+16
 0.19743642E+16
 0.19174368E+16
 0.18622509E+16
 0.18089399E+16
 0.17575576E+16
 0.17077188E+16
 0.16593087E+16
 0.16124432E+16
 0.15669945E+16
 0.15228498E+16
 0.14799895E+16
 0.14384345E+16
 0.13982756E+16
 0.13593437E+16
 0.13217552E+16
 0.12853417E+16
 0.12499027E+16
 0.12156629E+16
 0.11822135E+16
 0.11495924E+16
 0.11179147E+16
 0.10867045E+16
 0.10567532E+16
 0.10275814E+16
 0.99924441E+15
 0.97179125E+15
 0.94518282E+15
 0.91933987E+15
 0.89415036E+15
 0.86972407E+15
 0.84599426E+15
 0.82299517E+15
 0.80063049E+15
 0.77890005E+15
 0.75770697E+15
 0.73722695E+15
 0.71725010E+15
 0.69790561E+15
 0.67909870E+15
 0.66062949E+15
 0.64258233E+15
 0.62525101E+15
 0.60843910E+15
 0.59207714E+15
 0.57621005E+15
 0.56073997E+15
 0.54569495E+15
 0.53102654E+15
 0.51674251E+15
 0.50283660E+15
 0.48934120E+15
 0.47619529E+15
 0.46335139E+15
 0.45073516E+15
 0.43863925E+15
 0.42693757E+15
 0.41548652E+15
 0.40441192E+15
 0.39363192E+15
 0.38306933E+15
 0.37279927E+15
 0.36278313E+15
 0.35309511E+15
 0.34363752E+15
 0.33443580E+15
 0.32546063E+15
 0.31672348E+15
 0.30821035E+15
 0.29982323E+15
 0.29164353E+15
 0.28379187E+15
 0.27623901E+15
 0.26890486E+15
 0.26170171E+15
 0.25465926E+15
 0.24777395E+15
 0.24105413E+15
 0.23448285E+15
 0.22808085E+15
 0.22185762E+15
 0.21581172E+15
 0.20997060E+15
 0.20427792E+15
 0.19876297E+15
 0.19337099E+15
 0.18807469E+15
 0.18293544E+15
 0.17790454E+15
 0.17302363E+15
 0.16826335E+15
 0.16359917E+15
 0.15903594E+15
 0.15461473E+15
 0.15029362E+15
 0.14608255E+15
 0.14196754E+15
 0.13794297E+15
 0.13403453E+15
 0.13020993E+15
 0.12646397E+15
 0.12284554E+15
 0.11932429E+15
 0.11590081E+15
 0.11257892E+15
 0.10935835E+15
 0.10622362E+15
 0.10317420E+15
 0.10020313E+15
 0.97296730E+14
 0.94460544E+14
 0.91686657E+14
 0.88976777E+14
 0.86351244E+14
 0.83796431E+14
 0.81319565E+14
 0.78928770E+14
 0.76611098E+14
 0.74358847E+14
 0.72181524E+14
 0.70049369E+14
 0.67942461E+14
 0.65906275E+14
 0.63916144E+14
 0.61973088E+14
 0.60086758E+14
 0.58258966E+14
 0.56488722E+14
 0.54777337E+14
 0.53121730E+14
 0.51522057E+14
 0.49969217E+14
 0.48456579E+14
 0.46985467E+14
 0.45549431E+14
 0.44154965E+14
 0.42801101E+14
 0.41487304E+14
 0.40213681E+14
 0.38977974E+14
 0.37779640E+14
 0.36625047E+14
 0.35510063E+14
 0.34424328E+14
 0.33372047E+14
 0.32345150E+14
 0.31348520E+14
 0.30375555E+14
 0.29427159E+14
 0.28529552E+14
 0.27631198E+14
 0.26758340E+14
 0.25914157E+14
 0.25099450E+14
 0.24310097E+14
 0.23543042E+14
 0.22799782E+14
 0.22079345E+14
 0.21378110E+14
 0.20694475E+14
 0.20031765E+14
 0.19384920E+14
 0.18754420E+14
 0.18146074E+14
 0.17553249E+14
 0.16979774E+14
 0.16423397E+14
 0.15883253E+14
 0.15362504E+14
 0.14857191E+14
 0.14368571E+14
 0.13890513E+14
 0.13426489E+14
 0.12977332E+14
 0.12537815E+14
 0.12112203E+14
 0.11699938E+14
 0.11303337E+14
 0.10917742E+14
 0.10543792E+14
 0.10181602E+14
 0.98311715E+13
 0.94914027E+13
 0.91625943E+13
 0.88444306E+13
 0.85366343E+13
 0.82396183E+13
 0.79522806E+13
 0.76734258E+13
 0.74026652E+13
 0.71403870E+13
 0.68909918E+13
 0.66452992E+13
 0.64080513E+13
 0.61768360E+13
 0.59529668E+13
 0.57365795E+13
 0.55279872E+13
 0.53265219E+13
 0.51321376E+13
 0.49451153E+13
 0.47641463E+13
 0.45894829E+13
 0.44213385E+13
 0.42587284E+13
 0.41012067E+13
 0.39492431E+13
 0.38022739E+13
 0.36600415E+13
 0.35226361E+13
 0.33890898E+13
 0.32617157E+13
 0.31374320E+13
 0.30185079E+13
 0.29043907E+13
 0.27942129E+13
 0.26880815E+13
 0.25864546E+13
 0.24873050E+13
 0.23918966E+13
 0.22995557E+13
 0.22108680E+13
 0.21253238E+13
 0.20431429E+13
 0.19642744E+13
 0.18880852E+13
 0.18139714E+13
 0.17442095E+13
 0.16767123E+13
 0.16123529E+13
 0.15509701E+13
 0.14919948E+13
 0.14344229E+13
 0.13791727E+13
 0.13260617E+13
 0.12752886E+13
 0.12262850E+13
 0.11793614E+13
 0.11346736E+13
 0.10915358E+13
 0.10505754E+13
 0.10114526E+13
 0.97380643E+12
 0.93782336E+12
 0.90278401E+12
 0.86940764E+12
 0.83766247E+12
 0.80737073E+12
 0.77841634E+12
 0.75068963E+12
 0.72399621E+12
 0.69864413E+12
 0.67439351E+12
 0.65114411E+12
 0.62890750E+12
 0.60786295E+12
 0.58743810E+12
 0.56790668E+12
 0.54891633E+12
 0.53077723E+12
 0.51301218E+12
 0.49581436E+12
 0.47933585E+12
 0.46354595E+12
 0.44827022E+12
 0.43359154E+12
 0.41945275E+12
 0.40579038E+12
 0.39262637E+12
 0.37983676E+12
 0.36741177E+12
 0.35540532E+12
 0.34380557E+12
 0.33254033E+12
 0.32171141E+12
 0.31115428E+12
 0.30095697E+12
 0.29097225E+12
 0.28123857E+12
 0.27177165E+12
 0.26251258E+12
 0.25348556E+12
 0.24473543E+12
 0.23624674E+12
 0.22802520E+12
 0.22004829E+12
 0.21230590E+12
 0.20480253E+12
 0.19752201E+12
 0.19041589E+12
 0.18350130E+12
 0.17679607E+12
 0.17030804E+12
 0.16403358E+12
 0.15795848E+12
 0.15206096E+12
 0.14631707E+12
 0.14076970E+12
 0.13541001E+12
 0.13021011E+12
 0.12516661E+12
 0.12031719E+12
 0.11563045E+12
 0.11110103E+12
 0.10671696E+12
 0.10246806E+12
 0.98356971E+11
 0.94377094E+11
 0.90526022E+11
 0.86794284E+11
 0.83178566E+11
 0.79677626E+11
 0.76298649E+11
 0.73071757E+11
 0.69951322E+11
 0.66933753E+11
 0.64022346E+11
 0.61216709E+11
 0.58513221E+11
 0.55900748E+11
 0.53382049E+11
 0.50949617E+11
 0.48606408E+11
 0.46346684E+11
 0.44171779E+11
 0.42072461E+11
 0.40045350E+11
 0.38100894E+11
 0.36244400E+11
 0.34467130E+11
 0.32764429E+11
 0.31133025E+11
 0.29564589E+11
 0.28052337E+11
 0.26597222E+11
 0.25198117E+11
 0.23849047E+11
 0.22550380E+11
 0.21302092E+11
 0.20106926E+11
 0.18974955E+11
 0.17897973E+11
 0.16874932E+11
 0.15902746E+11
 0.14982108E+11
 0.14102881E+11
 0.13263634E+11
 0.12462683E+11
 0.11694283E+11
 0.10962310E+11
 0.10262348E+11
 0.95975404E+10
 0.89679993E+10
 0.83706107E+10
 0.78064610E+10
 0.72750723E+10
 0.67746081E+10
 0.63024332E+10
 0.58583701E+10
 0.54404420E+10
 0.50460919E+10
 0.46746949E+10
 0.43239803E+10
 0.39924621E+10
 0.36789079E+10
 0.33830785E+10
 0.31046036E+10
 0.28436775E+10
 0.26006883E+10
 0.23754225E+10
 0.21670766E+10
 0.19746123E+10
 0.17971178E+10
 0.16328221E+10
 0.14805309E+10
 0.13385521E+10
 0.12060752E+10
 0.10830389E+10
 0.96918002E+09
 0.86500175E+09
 0.77043779E+09
 0.68448126E+09
 0.60655150E+09
 0.53656783E+09
 0.47398604E+09
 0.41740943E+09
 0.36621710E+09
 0.31949421E+09
 0.27692507E+09
 0.23877784E+09
 0.20480548E+09
 0.17478980E+09
 0.14838595E+09
 0.12546299E+09
 0.10572399E+09
 0.88705342E+08
 0.73953497E+08
 0.61159453E+08
 0.50087472E+08
 0.40538789E+08
 0.32390404E+08
 0.25635498E+08
 0.20157606E+08
 0.15754227E+08
 0.12270727E+08
 0.94623787E+07
 0.71642579E+07
 0.53406025E+07
 0.39644727E+07
 0.29308009E+07
 0.21667636E+07
 0.15907317E+07
 0.11517104E+07
 0.82955014E+06
 0.59746838E+06
 0.43252758E+06
 0.30814542E+06
 0.20961629E+06
 0.13345028E+06
 0.80913809E+05
 0.46619145E+05
 0.25622522E+05
 0.13527855E+05
 0.63361620E+04
 0.23279247E+04
 0.52905599E+03
 0.95240272E+02
 0.10688996E+02
 0.00000000E+00
 0.00000000E+00
 0.00000000E+00
 0.00000000E+00
 0.00000000E+00
 0.00000000E+00
 0.00000000E+00
 0.00000000E+00
 0.00000000E+00
 0.00000000E+00
 0.00000000E+00
 0.00000000E+00
 0.00000000E+00
 0.00000000E+00
 0.00000000E+00
 0.00000000E+00
 0.00000000E+00
 0.00000000E+00
 0.00000000E+00
 0.00000000E+00
 0.00000000E+00
 0.00000000E+00
 0.00000000E+00
 0.00000000E+00
 0.00000000E+00
 0.00000000E+00
 0.00000000E+00
 0.00000000E+00
 0.00000000E+00
 0.00000000E+00
 0.00000000E+00
 0.00000000E+00
 0.00000000E+00
 0.00000000E+00
 0.00000000E+00
 0.00000000E+00
 0.00000000E+00
 0.00000000E+00
 0.00000000E+00
 0.00000000E+00
 0.00000000E+00
 0.00000000E+00
 0.00000000E+00
 0.00000000E+00
 0.00000000E+00
 0.00000000E+00
 0.00000000E+00
 0.00000000E+00
 0.00000000E+00
 0.00000000E+00
 0.00000000E+00
 0.00000000E+00
 0.00000000E+00
 0.00000000E+00
 0.00000000E+00
 0.00000000E+00
 0.00000000E+00
 0.00000000E+00
 0.00000000E+00
 0.00000000E+00
 0.00000000E+00
 0.00000000E+00
 0.00000000E+00
 0.00000000E+00
 0.00000000E+00
 0.00000000E+00
 0.00000000E+00
 0.00000000E+00
 0.00000000E+00
 0.00000000E+00
 0.00000000E+00
 0.00000000E+00
 0.00000000E+00
 0.00000000E+00
 0.00000000E+00
 0.00000000E+00
 0.00000000E+00
 0.00000000E+00
 0.00000000E+00
 0.00000000E+00
 0.00000000E+00
 0.00000000E+00
 0.00000000E+00
 0.00000000E+00
 0.00000000E+00
 0.00000000E+00
 0.00000000E+00
 0.00000000E+00
 0.00000000E+00
 0.00000000E+00
 0.00000000E+00
 0.00000000E+00
 0.00000000E+00
 0.00000000E+00
 0.00000000E+00
 0.00000000E+00
 0.00000000E+00
 0.00000000E+00
 0.00000000E+00
 0.00000000E+00
 0.00000000E+00
 0.00000000E+00
 0.00000000E+00
 0.00000000E+00
 0.00000000E+00
 0.00000000E+00
 0.00000000E+00
 0.00000000E+00
 0.00000000E+00
 0.00000000E+00
 0.00000000E+00
 0.00000000E+00
 0.00000000E+00
 0.00000000E+00
 0.00000000E+00
 0.00000000E+00
 0.00000000E+00
 0.00000000E+00
 0.00000000E+00
 0.00000000E+00
 0.00000000E+00
 0.00000000E+00
 0.00000000E+00
 0.00000000E+00
 0.00000000E+00
 0.00000000E+00
 0.00000000E+00
 0.00000000E+00
 0.00000000E+00
 0.00000000E+00
 0.00000000E+00
 0.00000000E+00
 0.00000000E+00
 0.00000000E+00
 0.00000000E+00
 0.00000000E+00
 0.00000000E+00
 0.00000000E+00
 0.00000000E+00
 0.00000000E+00
 0.00000000E+00
 0.00000000E+00
 0.00000000E+00
 0.00000000E+00
 0.00000000E+00
 0.00000000E+00
 0.00000000E+00
 0.00000000E+00
 0.00000000E+00
 0.00000000E+00
 0.00000000E+00
 0.00000000E+00
 0.00000000E+00
 0.00000000E+00
 0.00000000E+00
 0.00000000E+00
 0.00000000E+00
 0.00000000E+00
 0.00000000E+00
 0.00000000E+00
 0.00000000E+00
 0.00000000E+00
 0.00000000E+00
 0.00000000E+00
 0.00000000E+00
 0.00000000E+00
 0.00000000E+00
 0.00000000E+00
 0.00000000E+00
 0.00000000E+00
 0.00000000E+00
 0.00000000E+00
 0.00000000E+00
 0.00000000E+00
 0.00000000E+00
 0.00000000E+00
 0.00000000E+00
 0.00000000E+00
 0.00000000E+00
 0.00000000E+00
 0.00000000E+00
 0.00000000E+00
 0.00000000E+00
 0.00000000E+00
 0.00000000E+00
 0.00000000E+00
 0.00000000E+00
 0.00000000E+00
 0.00000000E+00
 0.00000000E+00
 0.00000000E+00
 0.00000000E+00
 0.00000000E+00
 0.00000000E+00
 0.00000000E+00
 0.00000000E+00
 0.00000000E+00
 0.00000000E+00
 0.00000000E+00
 0.00000000E+00
 0.00000000E+00
 0.00000000E+00
 0.00000000E+00
 0.00000000E+00
 0.00000000E+00
 0.00000000E+00
 0.00000000E+00
 0.00000000E+00
 0.00000000E+00
 0.00000000E+00
 0.00000000E+00
 0.00000000E+00
 0.00000000E+00
 0.00000000E+00
 0.00000000E+00
 0.00000000E+00
 0.00000000E+00
 0.00000000E+00
 0.00000000E+00
 0.00000000E+00
 0.00000000E+00
 0.00000000E+00
 0.00000000E+00
 0.00000000E+00
 0.00000000E+00
 0.00000000E+00
 0.00000000E+00
 0.00000000E+00
 0.00000000E+00
 0.00000000E+00
 0.00000000E+00
 0.00000000E+00
 0.00000000E+00
 0.00000000E+00
 0.00000000E+00
 0.00000000E+00
 0.00000000E+00
 0.00000000E+00
 0.00000000E+00
 0.00000000E+00
 0.00000000E+00
 0.00000000E+00
 0.00000000E+00
 0.00000000E+00
 0.00000000E+00
 0.00000000E+00
 0.00000000E+00
 0.00000000E+00
 0.00000000E+00
 0.00000000E+00
 0.00000000E+00
 0.00000000E+00
 0.00000000E+00
 0.00000000E+00
 0.00000000E+00
 0.00000000E+00
 0.00000000E+00
 0.00000000E+00
 0.00000000E+00
 0.00000000E+00
 0.00000000E+00
 0.00000000E+00
 0.00000000E+00
 0.00000000E+00
 0.00000000E+00
 0.00000000E+00
 0.00000000E+00
 0.00000000E+00
 0.00000000E+00
 0.00000000E+00
 0.00000000E+00
 0.00000000E+00
 0.00000000E+00
 0.00000000E+00
 0.00000000E+00
 0.00000000E+00
 0.00000000E+00
 0.00000000E+00
 0.00000000E+00
 0.00000000E+00
 0.00000000E+00
 0.00000000E+00
 0.00000000E+00
 0.00000000E+00
 0.00000000E+00
 0.00000000E+00
 0.00000000E+00
 0.00000000E+00
 0.00000000E+00
 0.00000000E+00
 0.00000000E+00
 0.00000000E+00
 0.00000000E+00
 0.00000000E+00
 0.00000000E+00
 0.00000000E+00
 0.00000000E+00
 0.00000000E+00
 0.00000000E+00
 0.00000000E+00
 0.00000000E+00
 0.00000000E+00
 0.00000000E+00
 0.00000000E+00
 0.00000000E+00
 0.00000000E+00
 0.00000000E+00
 0.00000000E+00
 0.00000000E+00
 0.00000000E+00
 0.00000000E+00
 0.00000000E+00
 0.00000000E+00
 0.00000000E+00
 0.00000000E+00
 0.00000000E+00
 0.00000000E+00
 0.00000000E+00
 0.00000000E+00
 0.00000000E+00
 0.00000000E+00
 0.00000000E+00
 0.00000000E+00
 0.00000000E+00
 0.00000000E+00
 0.00000000E+00
 0.00000000E+00
 0.00000000E+00
 0.00000000E+00
 0.00000000E+00
 0.00000000E+00
 0.00000000E+00
 0.00000000E+00
 0.00000000E+00
 0.00000000E+00
 0.00000000E+00
 0.00000000E+00
 0.00000000E+00
 0.00000000E+00
 0.00000000E+00
 0.00000000E+00
 0.00000000E+00
 0.00000000E+00
 0.00000000E+00
 0.00000000E+00
 0.00000000E+00
 0.00000000E+00
 0.00000000E+00
 0.00000000E+00
 0.00000000E+00
 0.00000000E+00
 0.00000000E+00
 0.00000000E+00
 0.00000000E+00
 0.00000000E+00
 0.00000000E+00
 0.00000000E+00
 0.00000000E+00
 0.00000000E+00
 0.00000000E+00
 0.00000000E+00
 0.00000000E+00
 0.00000000E+00
 0.00000000E+00
 0.00000000E+00
 0.00000000E+00
 0.00000000E+00
 0.00000000E+00
 0.00000000E+00
 0.00000000E+00
 0.00000000E+00
 0.00000000E+00
 0.00000000E+00
 0.00000000E+00
 0.00000000E+00
 0.00000000E+00
 0.00000000E+00
 0.00000000E+00
 0.00000000E+00
 0.00000000E+00
 0.00000000E+00
 0.00000000E+00
 0.00000000E+00
 0.00000000E+00
 0.00000000E+00
 0.00000000E+00
 0.00000000E+00
 0.00000000E+00
 0.00000000E+00
 0.00000000E+00
 0.00000000E+00
 0.00000000E+00
 0.00000000E+00
 0.00000000E+00
 0.00000000E+00
 0.00000000E+00
 0.00000000E+00
 0.00000000E+00
 0.00000000E+00
 0.00000000E+00
 0.00000000E+00
 0.00000000E+00
 0.00000000E+00
 0.00000000E+00
 0.00000000E+00
 0.00000000E+00
 0.00000000E+00
 0.00000000E+00
 0.00000000E+00
 0.00000000E+00
 0.00000000E+00
 0.00000000E+00
 0.00000000E+00
 0.00000000E+00
 0.00000000E+00
 0.00000000E+00
 0.00000000E+00
 0.00000000E+00
 0.00000000E+00
 0.00000000E+00
 0.00000000E+00
 0.00000000E+00
 0.00000000E+00
 0.00000000E+00
 0.00000000E+00
 0.00000000E+00
 0.00000000E+00
 0.00000000E+00
 0.00000000E+00
 0.00000000E+00
 0.00000000E+00
 0.00000000E+00
 0.00000000E+00
 0.00000000E+00
 0.00000000E+00
 0.00000000E+00
 0.00000000E+00
 0.00000000E+00
 0.00000000E+00
 0.00000000E+00
 0.00000000E+00
 0.00000000E+00
 0.00000000E+00
 0.00000000E+00
 0.00000000E+00
 0.00000000E+00
 0.00000000E+00
 0.00000000E+00
 0.00000000E+00
 0.00000000E+00
 0.00000000E+00
 0.00000000E+00
 0.00000000E+00
 0.00000000E+00
 0.00000000E+00
 0.00000000E+00
 0.00000000E+00
 0.00000000E+00
 0.00000000E+00
 0.00000000E+00
 0.00000000E+00
 0.00000000E+00
 0.00000000E+00
 0.00000000E+00
 0.00000000E+00
 0.00000000E+00
 0.00000000E+00
 0.00000000E+00
 0.00000000E+00
 0.00000000E+00
 0.00000000E+00
 0.00000000E+00
 0.00000000E+00
 0.00000000E+00
 0.00000000E+00
 0.00000000E+00
 0.00000000E+00
 0.00000000E+00
 0.00000000E+00
 0.00000000E+00
 0.00000000E+00
 0.00000000E+00
 0.00000000E+00
 0.00000000E+00
 0.00000000E+00
 0.00000000E+00
 0.00000000E+00
 0.00000000E+00
 0.00000000E+00
 0.00000000E+00
 0.00000000E+00
 0.00000000E+00
 0.00000000E+00
 0.00000000E+00
 0.00000000E+00
 0.00000000E+00
 0.00000000E+00
 0.00000000E+00
 0.00000000E+00
 0.00000000E+00
 0.00000000E+00
 0.00000000E+00
 0.00000000E+00
 0.00000000E+00
 0.00000000E+00
 0.00000000E+00
 0.00000000E+00
 0.00000000E+00
 0.00000000E+00
 0.00000000E+00
 0.00000000E+00
 0.00000000E+00
 0.00000000E+00
 0.00000000E+00
 0.00000000E+00
 0.00000000E+00
 0.00000000E+00
 0.00000000E+00
 0.00000000E+00
 0.00000000E+00
 0.00000000E+00
 0.00000000E+00
 0.00000000E+00
 0.00000000E+00
 0.00000000E+00
 0.00000000E+00
 0.00000000E+00
 0.00000000E+00
 0.00000000E+00
 0.00000000E+00
 0.00000000E+00
 0.00000000E+00
 0.00000000E+00
 0.00000000E+00
 0.00000000E+00
 0.00000000E+00
 0.00000000E+00
 0.00000000E+00
 0.00000000E+00
 0.00000000E+00
 0.00000000E+00
 0.00000000E+00
 0.00000000E+00
 0.00000000E+00
 0.00000000E+00
 0.00000000E+00
 0.00000000E+00
 0.00000000E+00
 0.00000000E+00
 0.00000000E+00
 0.00000000E+00
 0.00000000E+00
 0.00000000E+00
 0.00000000E+00
 0.00000000E+00
 0.00000000E+00
 0.00000000E+00
 0.00000000E+00
 0.00000000E+00
 0.00000000E+00
 0.00000000E+00
 0.00000000E+00
 0.00000000E+00
 0.00000000E+00
 0.00000000E+00
 0.00000000E+00
 0.00000000E+00
 0.00000000E+00
 0.00000000E+00
 0.00000000E+00
 0.00000000E+00
 0.00000000E+00
 0.00000000E+00
 0.00000000E+00
 0.00000000E+00
 0.00000000E+00
 0.00000000E+00
 0.00000000E+00
 0.00000000E+00
 0.00000000E+00
 0.00000000E+00
 0.00000000E+00
 0.00000000E+00
 0.00000000E+00
 0.00000000E+00
 0.00000000E+00
 0.00000000E+00
 0.00000000E+00
 0.00000000E+00
 0.00000000E+00
 0.00000000E+00
 0.00000000E+00
 0.00000000E+00
 0.00000000E+00
 0.00000000E+00
 0.00000000E+00
 0.00000000E+00
 0.00000000E+00
 0.00000000E+00
 0.00000000E+00
 0.00000000E+00
 0.00000000E+00
 0.00000000E+00
 0.00000000E+00
 0.00000000E+00
 0.00000000E+00
 0.00000000E+00
 0.00000000E+00
 0.00000000E+00
 0.00000000E+00
 0.00000000E+00
 0.00000000E+00
 0.00000000E+00
 0.00000000E+00
 0.00000000E+00
 0.00000000E+00
 0.00000000E+00
 0.00000000E+00
 0.00000000E+00
 0.00000000E+00
 0.00000000E+00
 0.00000000E+00
 0.00000000E+00
 0.00000000E+00
 0.00000000E+00
 0.00000000E+00
 0.00000000E+00
 0.00000000E+00
 0.00000000E+00
 0.00000000E+00
 0.00000000E+00
 0.00000000E+00
 0.00000000E+00
 0.00000000E+00
 0.00000000E+00
 0.00000000E+00
 0.00000000E+00
 0.00000000E+00
 0.00000000E+00
 0.00000000E+00
 0.00000000E+00
 0.00000000E+00
 0.00000000E+00
 0.00000000E+00
 0.00000000E+00
 0.00000000E+00
 0.00000000E+00
 0.00000000E+00
 0.00000000E+00
 0.00000000E+00
 0.00000000E+00
 0.00000000E+00
 0.00000000E+00
 0.00000000E+00
 0.00000000E+00
 0.00000000E+00
 0.00000000E+00
 0.00000000E+00
 0.00000000E+00
 0.00000000E+00
 0.00000000E+00
 0.00000000E+00
 0.00000000E+00
 0.00000000E+00
 0.00000000E+00
 0.00000000E+00
 0.00000000E+00
 0.00000000E+00
 0.00000000E+00
 0.00000000E+00
 0.00000000E+00
 0.00000000E+00
 0.00000000E+00
 0.00000000E+00
 0.00000000E+00
 0.00000000E+00
 0.00000000E+00
 0.00000000E+00
 0.00000000E+00
 0.00000000E+00
 0.00000000E+00
 0.00000000E+00
 0.00000000E+00
 0.00000000E+00
 0.00000000E+00
 0.00000000E+00
 0.00000000E+00
 0.00000000E+00
 0.00000000E+00
 0.00000000E+00
 0.00000000E+00
 0.00000000E+00
 0.00000000E+00
 0.00000000E+00
 0.00000000E+00
 0.00000000E+00
 0.00000000E+00
 0.00000000E+00
 0.00000000E+00
 0.00000000E+00
 0.00000000E+00
 0.00000000E+00
 0.00000000E+00
 0.00000000E+00
 0.00000000E+00
 0.00000000E+00
 0.00000000E+00
 0.00000000E+00
 0.00000000E+00
 0.00000000E+00
 0.00000000E+00
 0.00000000E+00
 0.00000000E+00
 0.00000000E+00
 0.00000000E+00
 0.00000000E+00
 0.00000000E+00
 0.00000000E+00
 0.00000000E+00
 0.00000000E+00
 0.00000000E+00
 0.00000000E+00
 0.00000000E+00
 0.00000000E+00
 0.00000000E+00
 0.00000000E+00
 0.00000000E+00
 0.00000000E+00
 0.00000000E+00
 0.00000000E+00
 0.00000000E+00
 0.00000000E+00
 0.00000000E+00
 0.00000000E+00
 0.00000000E+00
 0.00000000E+00
 0.00000000E+00
 0.00000000E+00
 0.00000000E+00
 0.00000000E+00
 0.00000000E+00
 0.00000000E+00
 0.00000000E+00
 0.00000000E+00
 0.00000000E+00
 0.00000000E+00
 0.00000000E+00
 0.00000000E+00
 0.00000000E+00
 0.00000000E+00
 0.00000000E+00
 0.00000000E+00
 0.00000000E+00
 0.00000000E+00
 0.00000000E+00
 0.00000000E+00
 0.00000000E+00
 0.00000000E+00
 0.00000000E+00
 0.00000000E+00
 0.00000000E+00
 0.00000000E+00
 0.00000000E+00
 0.00000000E+00
 0.00000000E+00
 0.00000000E+00
 0.00000000E+00
 0.00000000E+00
 0.00000000E+00
 0.00000000E+00
 0.00000000E+00
 0.00000000E+00
 0.00000000E+00
 0.00000000E+00
 0.00000000E+00
 0.00000000E+00
 0.00000000E+00
 0.00000000E+00
 0.00000000E+00
 0.00000000E+00
 0.00000000E+00
 0.00000000E+00
 0.00000000E+00
 0.00000000E+00
 0.00000000E+00
 0.00000000E+00
 0.00000000E+00
 0.00000000E+00
 0.00000000E+00
 0.00000000E+00
 0.00000000E+00
 0.00000000E+00
 0.00000000E+00
 0.00000000E+00
 0.00000000E+00
 0.00000000E+00
 0.00000000E+00
 0.00000000E+00
 0.00000000E+00
 0.00000000E+00
 0.00000000E+00
 0.00000000E+00
 0.00000000E+00
 0.00000000E+00
 0.00000000E+00
 0.00000000E+00
 0.00000000E+00
 0.00000000E+00
 0.00000000E+00
 0.00000000E+00
 0.00000000E+00
 0.00000000E+00
 0.00000000E+00
 0.00000000E+00
 0.00000000E+00
 0.00000000E+00
 0.00000000E+00
 0.00000000E+00
 0.00000000E+00
 0.00000000E+00
 0.00000000E+00
 0.00000000E+00
 0.00000000E+00
 0.00000000E+00
 0.00000000E+00
 0.00000000E+00
 0.00000000E+00
 0.00000000E+00
 0.00000000E+00
 0.00000000E+00
 0.00000000E+00
 0.00000000E+00
 0.00000000E+00
 0.00000000E+00
 0.00000000E+00
 0.00000000E+00
 0.00000000E+00
 0.00000000E+00
 0.00000000E+00
 0.00000000E+00
 0.00000000E+00
 0.00000000E+00
 0.00000000E+00
 0.00000000E+00
 0.00000000E+00
 0.00000000E+00
 0.00000000E+00
 0.00000000E+00
 0.00000000E+00
 0.00000000E+00
 0.00000000E+00
 0.00000000E+00
 0.00000000E+00
 0.00000000E+00
 0.00000000E+00
 0.00000000E+00
 0.00000000E+00
 0.00000000E+00
 0.00000000E+00
 0.00000000E+00
 0.00000000E+00
 0.00000000E+00
 0.00000000E+00
 0.00000000E+00
 0.00000000E+00
 0.00000000E+00
 0.00000000E+00
 0.00000000E+00
 0.00000000E+00
 0.00000000E+00
 0.00000000E+00
 0.00000000E+00
 0.00000000E+00
 0.00000000E+00
 0.00000000E+00
 0.00000000E+00
 0.00000000E+00
 0.00000000E+00
 0.00000000E+00
 0.00000000E+00
 0.00000000E+00
 0.00000000E+00
 0.00000000E+00
 0.00000000E+00
 0.00000000E+00
 0.00000000E+00
 0.00000000E+00
 0.00000000E+00
 0.00000000E+00
 0.00000000E+00
 0.00000000E+00
 0.00000000E+00
 0.00000000E+00
 0.00000000E+00
 0.00000000E+00
 0.00000000E+00
 0.00000000E+00
 0.00000000E+00
 0.00000000E+00
 0.00000000E+00
 0.00000000E+00
 0.00000000E+00
 0.00000000E+00
 0.00000000E+00
 0.00000000E+00
 0.00000000E+00
 0.00000000E+00
 0.00000000E+00
 0.00000000E+00
 0.00000000E+00
 0.00000000E+00
 0.00000000E+00
 0.00000000E+00
 0.00000000E+00
 0.00000000E+00
 0.00000000E+00
 0.00000000E+00
 0.00000000E+00
 0.00000000E+00
 0.00000000E+00
 0.00000000E+00
 0.00000000E+00
 0.00000000E+00
 0.00000000E+00
 0.00000000E+00
 0.00000000E+00
 0.00000000E+00
 0.00000000E+00
 0.00000000E+00
 0.00000000E+00
 0.00000000E+00
 0.00000000E+00
 0.00000000E+00
 0.00000000E+00
 0.00000000E+00
 0.00000000E+00
 0.00000000E+00
 0.00000000E+00
 0.00000000E+00
 0.00000000E+00
 0.00000000E+00
 0.00000000E+00
 0.00000000E+00
 0.00000000E+00
 0.00000000E+00
 0.00000000E+00
 0.00000000E+00
 0.00000000E+00
 0.00000000E+00
 0.00000000E+00
 0.00000000E+00
 0.00000000E+00
 0.00000000E+00
 0.00000000E+00
 0.00000000E+00
 0.00000000E+00
 0.00000000E+00
 0.00000000E+00
 0.00000000E+00
 0.00000000E+00
 0.00000000E+00
 0.00000000E+00
 0.00000000E+00
 0.00000000E+00
 0.00000000E+00
 0.00000000E+00
 0.00000000E+00
 0.00000000E+00
 0.00000000E+00
 0.00000000E+00
 0.00000000E+00
 0.00000000E+00
 0.00000000E+00
 0.00000000E+00
 0.00000000E+00
 0.00000000E+00
 0.00000000E+00
 0.00000000E+00
 0.00000000E+00
 0.00000000E+00
 0.00000000E+00
 0.00000000E+00
 0.00000000E+00
 0.00000000E+00
 0.00000000E+00
 0.00000000E+00
 0.00000000E+00
 0.00000000E+00
 0.00000000E+00
 0.00000000E+00
 0.00000000E+00
 0.00000000E+00
 0.00000000E+00
 0.00000000E+00
 0.00000000E+00
 0.00000000E+00
 0.00000000E+00
 0.00000000E+00
 0.00000000E+00
 0.00000000E+00
 0.00000000E+00
 0.00000000E+00
 0.00000000E+00
 0.00000000E+00
 0.00000000E+00
 0.00000000E+00
 0.00000000E+00
 0.00000000E+00
 0.00000000E+00
 0.00000000E+00
 0.00000000E+00
 0.00000000E+00
 0.00000000E+00
 0.00000000E+00
 0.00000000E+00
 0.00000000E+00
 0.00000000E+00
 0.00000000E+00
 0.00000000E+00
 0.00000000E+00
 0.00000000E+00
 0.00000000E+00
 0.00000000E+00
 0.00000000E+00
 0.00000000E+00
 0.00000000E+00
 0.00000000E+00
 0.00000000E+00
 0.00000000E+00
 0.00000000E+00
 0.00000000E+00
 0.00000000E+00
 0.00000000E+00
 0.00000000E+00
 0.00000000E+00
 0.00000000E+00
 0.00000000E+00
 0.00000000E+00
 0.00000000E+00
 0.00000000E+00
 0.00000000E+00
 0.00000000E+00
 0.00000000E+00
 0.00000000E+00
 0.00000000E+00
 0.00000000E+00
 0.00000000E+00
 0.00000000E+00
 0.00000000E+00
 0.00000000E+00
 0.00000000E+00
 0.00000000E+00
 0.00000000E+00
 0.00000000E+00
 0.00000000E+00
 0.00000000E+00
 0.00000000E+00
 0.00000000E+00
 0.00000000E+00
 0.00000000E+00
 0.00000000E+00
 0.00000000E+00
 0.00000000E+00
 0.00000000E+00
