0.10000000E+01
0.10046158E+01
0.10092529E+01
0.10139114E+01
0.10185914E+01
0.10232930E+01
0.10280163E+01
0.10327614E+01
0.10375284E+01
0.10423174E+01
0.10471285E+01
0.10519619E+01
0.10568175E+01
0.10616956E+01
0.10665961E+01
0.10715193E+01
0.10764652E+01
0.10814340E+01
0.10864256E+01
0.10914403E+01
0.10964782E+01
0.11015393E+01
0.11066238E+01
0.11117317E+01
0.11168632E+01
0.11220185E+01
0.11271975E+01
0.11324004E+01
0.11376273E+01
0.11428783E+01
0.11481536E+01
0.11534533E+01
0.11587774E+01
0.11641260E+01
0.11694994E+01
0.11748976E+01
0.11803206E+01
0.11857687E+01
0.11912420E+01
0.11967405E+01
0.12022644E+01
0.12078138E+01
0.12133889E+01
0.12189896E+01
0.12246162E+01
0.12302688E+01
0.12359474E+01
0.12416523E+01
0.12473835E+01
0.12531412E+01
0.12589254E+01
0.12647363E+01
0.12705741E+01
0.12764388E+01
0.12823306E+01
0.12882496E+01
0.12941958E+01
0.13001696E+01
0.13061709E+01
0.13121999E+01
0.13182567E+01
0.13243415E+01
0.13304544E+01
0.13365955E+01
0.13427650E+01
0.13489629E+01
0.13551894E+01
0.13614447E+01
0.13677288E+01
0.13740420E+01
0.13803843E+01
0.13867558E+01
0.13931568E+01
0.13995873E+01
0.14060475E+01
0.14125375E+01
0.14190575E+01
0.14256076E+01
0.14321879E+01
0.14387986E+01
0.14454398E+01
0.14521116E+01
0.14588143E+01
0.14655478E+01
0.14723125E+01
0.14791084E+01
0.14859356E+01
0.14927944E+01
0.14996848E+01
0.15066071E+01
0.15135612E+01
0.15205475E+01
0.15275661E+01
0.15346170E+01
0.15417005E+01
0.15488166E+01
0.15559656E+01
0.15631476E+01
0.15703628E+01
0.15776113E+01
0.15848932E+01
0.15922087E+01
0.15995580E+01
0.16069413E+01
0.16143586E+01
0.16218101E+01
0.16292960E+01
0.16368165E+01
0.16443717E+01
0.16519618E+01
0.16595869E+01
0.16672472E+01
0.16749429E+01
0.16826741E+01
0.16904409E+01
0.16982437E+01
0.17060824E+01
0.17139573E+01
0.17218686E+01
0.17298164E+01
0.17378008E+01
0.17458222E+01
0.17538805E+01
0.17619760E+01
0.17701090E+01
0.17782794E+01
0.17864876E+01
0.17947336E+01
0.18030177E+01
0.18113401E+01
0.18197009E+01
0.18281002E+01
0.18365383E+01
0.18450154E+01
0.18535316E+01
0.18620871E+01
0.18706821E+01
0.18793168E+01
0.18879913E+01
0.18967059E+01
0.19054607E+01
0.19142559E+01
0.19230917E+01
0.19319683E+01
0.19408859E+01
0.19498446E+01
0.19588447E+01
0.19678863E+01
0.19769696E+01
0.19860949E+01
0.19952623E+01
0.20044720E+01
0.20137242E+01
0.20230192E+01
0.20323570E+01
0.20417379E+01
0.20511622E+01
0.20606299E+01
0.20701413E+01
0.20796967E+01
0.20892961E+01
0.20989399E+01
0.21086281E+01
0.21183611E+01
0.21281390E+01
0.21379621E+01
0.21478305E+01
0.21577444E+01
0.21677041E+01
0.21777098E+01
0.21877616E+01
0.21978599E+01
0.22080047E+01
0.22181964E+01
0.22284351E+01
0.22387211E+01
0.22490546E+01
0.22594358E+01
0.22698649E+01
0.22803421E+01
0.22908677E+01
0.23014418E+01
0.23120648E+01
0.23227368E+01
0.23334581E+01
0.23442288E+01
0.23550493E+01
0.23659197E+01
0.23768403E+01
0.23878113E+01
0.23988329E+01
0.24099054E+01
0.24210290E+01
0.24322040E+01
0.24434306E+01
0.24547089E+01
0.24660393E+01
0.24774221E+01
0.24888573E+01
0.25003454E+01
0.25118864E+01
0.25234808E+01
0.25351286E+01
0.25468303E+01
0.25585859E+01
0.25703958E+01
0.25822602E+01
0.25941794E+01
0.26061535E+01
0.26181830E+01
0.26302680E+01
0.26424088E+01
0.26546056E+01
0.26668587E+01
0.26791683E+01
0.26915348E+01
0.27039584E+01
0.27164393E+01
0.27289778E+01
0.27415742E+01
0.27542287E+01
0.27669416E+01
0.27797133E+01
0.27925438E+01
0.28054336E+01
0.28183829E+01
0.28313920E+01
0.28444611E+01
0.28575905E+01
0.28707806E+01
0.28840315E+01
0.28973436E+01
0.29107171E+01
0.29241524E+01
0.29376497E+01
0.29512092E+01
0.29648314E+01
0.29785164E+01
0.29922646E+01
0.30060763E+01
0.30199517E+01
0.30338912E+01
0.30478950E+01
0.30619634E+01
0.30760968E+01
0.30902954E+01
0.31045596E+01
0.31188896E+01
0.31332857E+01
0.31477483E+01
0.31622777E+01
0.31768741E+01
0.31915379E+01
0.32062693E+01
0.32210688E+01
0.32359366E+01
0.32508730E+01
0.32658783E+01
0.32809529E+01
0.32960971E+01
0.33113112E+01
0.33265955E+01
0.33419504E+01
0.33573761E+01
0.33728731E+01
0.33884416E+01
0.34040819E+01
0.34197944E+01
0.34355795E+01
0.34514374E+01
0.34673685E+01
0.34833732E+01
0.34994517E+01
0.35156044E+01
0.35318317E+01
0.35481339E+01
0.35645113E+01
0.35809644E+01
0.35974934E+01
0.36140986E+01
0.36307805E+01
0.36475395E+01
0.36643757E+01
0.36812897E+01
0.36982818E+01
0.37153523E+01
0.37325016E+01
0.37497300E+01
0.37670380E+01
0.37844258E+01
0.38018940E+01
0.38194427E+01
0.38370725E+01
0.38547836E+01
0.38725764E+01
0.38904514E+01
0.39084090E+01
0.39264494E+01
0.39445730E+01
0.39627803E+01
0.39810717E+01
0.39994475E+01
0.40179081E+01
0.40364539E+01
0.40550854E+01
0.40738028E+01
0.40926066E+01
0.41114972E+01
0.41304750E+01
0.41495404E+01
0.41686938E+01
0.41879357E+01
0.42072663E+01
0.42266861E+01
0.42461956E+01
0.42657952E+01
0.42854852E+01
0.43052661E+01
0.43251383E+01
0.43451022E+01
0.43651583E+01
0.43853070E+01
0.44055486E+01
0.44258837E+01
0.44463127E+01
0.44668359E+01
0.44874539E+01
0.45081670E+01
0.45289758E+01
0.45498806E+01
0.45708819E+01
0.45919801E+01
0.46131757E+01
0.46344692E+01
0.46558609E+01
0.46773514E+01
0.46989411E+01
0.47206304E+01
0.47424199E+01
0.47643099E+01
0.47863009E+01
0.48083935E+01
0.48305880E+01
0.48528850E+01
0.48752849E+01
0.48977882E+01
0.49203954E+01
0.49431069E+01
0.49659232E+01
0.49888449E+01
0.50118723E+01
0.50350061E+01
0.50582466E+01
0.50815944E+01
0.51050500E+01
0.51286138E+01
0.51522864E+01
0.51760683E+01
0.51999600E+01
0.52239619E+01
0.52480746E+01
0.52722986E+01
0.52966344E+01
0.53210826E+01
0.53456436E+01
0.53703180E+01
0.53951062E+01
0.54200089E+01
0.54450265E+01
0.54701596E+01
0.54954087E+01
0.55207744E+01
0.55462571E+01
0.55718575E+01
0.55975760E+01
0.56234133E+01
0.56493697E+01
0.56754461E+01
0.57016427E+01
0.57279603E+01
0.57543994E+01
0.57809605E+01
0.58076442E+01
0.58344510E+01
0.58613816E+01
0.58884366E+01
0.59156163E+01
0.59429216E+01
0.59703529E+01
0.59979108E+01
0.60255959E+01
0.60534087E+01
0.60813500E+01
0.61094202E+01
0.61376201E+01
0.61659500E+01
0.61944108E+01
0.62230029E+01
0.62517269E+01
0.62805836E+01
0.63095734E+01
0.63386971E+01
0.63679552E+01
0.63973484E+01
0.64268772E+01
0.64565423E+01
0.64863443E+01
0.65162839E+01
0.65463617E+01
0.65765784E+01
0.66069345E+01
0.66374307E+01
0.66680677E+01
0.66988461E+01
0.67297666E+01
0.67608298E+01
0.67920363E+01
0.68233869E+01
0.68548823E+01
0.68865230E+01
0.69183097E+01
0.69502432E+01
0.69823240E+01
0.70145530E+01
0.70469307E+01
0.70794578E+01
0.71121351E+01
0.71449633E+01
0.71779429E+01
0.72110748E+01
0.72443596E+01
0.72777980E+01
0.73113908E+01
0.73451387E+01
0.73790423E+01
0.74131024E+01
0.74473197E+01
0.74816950E+01
0.75162289E+01
0.75509223E+01
0.75857758E+01
0.76207901E+01
0.76559661E+01
0.76913044E+01
0.77268059E+01
0.77624712E+01
0.77983011E+01
0.78342964E+01
0.78704579E+01
0.79067863E+01
0.79432823E+01
0.79799469E+01
0.80167806E+01
0.80537844E+01
0.80909590E+01
0.81283052E+01
0.81658237E+01
0.82035154E+01
0.82413812E+01
0.82794216E+01
0.83176377E+01
0.83560302E+01
0.83945999E+01
0.84333476E+01
0.84722741E+01
0.85113804E+01
0.85506671E+01
0.85901352E+01
0.86297855E+01
0.86696188E+01
0.87096359E+01
0.87498378E+01
0.87902252E+01
0.88307990E+01
0.88715601E+01
0.89125094E+01
0.89536477E+01
0.89949758E+01
0.90364947E+01
0.90782053E+01
0.91201084E+01
0.91622049E+01
0.92044957E+01
0.92469817E+01
0.92896639E+01
0.93325430E+01
0.93756201E+01
0.94188960E+01
0.94623716E+01
0.95060479E+01
0.95499259E+01
0.95940063E+01
0.96382902E+01
0.96827786E+01
0.97274722E+01
0.97723722E+01
0.98174794E+01
0.98627949E+01
0.99083194E+01
0.99540542E+01
0.10000000E+02
0.10046158E+02
0.10092529E+02
0.10139114E+02
0.10185914E+02
0.10232930E+02
0.10280163E+02
0.10327614E+02
0.10375284E+02
0.10423174E+02
0.10471285E+02
0.10519619E+02
0.10568175E+02
0.10616956E+02
0.10665961E+02
0.10715193E+02
0.10764652E+02
0.10814340E+02
0.10864256E+02
0.10914403E+02
0.10964782E+02
0.11015393E+02
0.11066238E+02
0.11117317E+02
0.11168632E+02
0.11220185E+02
0.11271975E+02
0.11324004E+02
0.11376273E+02
0.11428783E+02
0.11481536E+02
0.11534533E+02
0.11587774E+02
0.11641260E+02
0.11694994E+02
0.11748976E+02
0.11803206E+02
0.11857687E+02
0.11912420E+02
0.11967405E+02
0.12022644E+02
0.12078138E+02
0.12133889E+02
0.12189896E+02
0.12246162E+02
0.12302688E+02
0.12359474E+02
0.12416523E+02
0.12473835E+02
0.12531412E+02
0.12589254E+02
0.12647363E+02
0.12705741E+02
0.12764388E+02
0.12823306E+02
0.12882496E+02
0.12941958E+02
0.13001696E+02
0.13061709E+02
0.13121999E+02
0.13182567E+02
0.13243415E+02
0.13304544E+02
0.13365955E+02
0.13427650E+02
0.13489629E+02
0.13551894E+02
0.13614447E+02
0.13677288E+02
0.13740420E+02
0.13803843E+02
0.13867558E+02
0.13931568E+02
0.13995873E+02
0.14060475E+02
0.14125375E+02
0.14190575E+02
0.14256076E+02
0.14321879E+02
0.14387986E+02
0.14454398E+02
0.14521116E+02
0.14588143E+02
0.14655478E+02
0.14723125E+02
0.14791084E+02
0.14859356E+02
0.14927944E+02
0.14996848E+02
0.15066071E+02
0.15135612E+02
0.15205475E+02
0.15275661E+02
0.15346170E+02
0.15417005E+02
0.15488166E+02
0.15559656E+02
0.15631476E+02
0.15703628E+02
0.15776113E+02
0.15848932E+02
0.15922087E+02
0.15995580E+02
0.16069413E+02
0.16143586E+02
0.16218101E+02
0.16292960E+02
0.16368165E+02
0.16443717E+02
0.16519618E+02
0.16595869E+02
0.16672472E+02
0.16749429E+02
0.16826741E+02
0.16904409E+02
0.16982437E+02
0.17060824E+02
0.17139573E+02
0.17218686E+02
0.17298164E+02
0.17378008E+02
0.17458222E+02
0.17538805E+02
0.17619760E+02
0.17701090E+02
0.17782794E+02
0.17864876E+02
0.17947336E+02
0.18030177E+02
0.18113401E+02
0.18197009E+02
0.18281002E+02
0.18365383E+02
0.18450154E+02
0.18535316E+02
0.18620871E+02
0.18706821E+02
0.18793168E+02
0.18879913E+02
0.18967059E+02
0.19054607E+02
0.19142559E+02
0.19230917E+02
0.19319683E+02
0.19408859E+02
0.19498446E+02
0.19588447E+02
0.19678863E+02
0.19769696E+02
0.19860949E+02
0.19952623E+02
0.20044720E+02
0.20137242E+02
0.20230192E+02
0.20323570E+02
0.20417379E+02
0.20511622E+02
0.20606299E+02
0.20701413E+02
0.20796967E+02
0.20892961E+02
0.20989399E+02
0.21086281E+02
0.21183611E+02
0.21281390E+02
0.21379621E+02
0.21478305E+02
0.21577444E+02
0.21677041E+02
0.21777098E+02
0.21877616E+02
0.21978599E+02
0.22080047E+02
0.22181964E+02
0.22284351E+02
0.22387211E+02
0.22490546E+02
0.22594358E+02
0.22698649E+02
0.22803421E+02
0.22908677E+02
0.23014418E+02
0.23120648E+02
0.23227368E+02
0.23334581E+02
0.23442288E+02
0.23550493E+02
0.23659197E+02
0.23768403E+02
0.23878113E+02
0.23988329E+02
0.24099054E+02
0.24210290E+02
0.24322040E+02
0.24434306E+02
0.24547089E+02
0.24660393E+02
0.24774221E+02
0.24888573E+02
0.25003454E+02
0.25118864E+02
0.25234808E+02
0.25351286E+02
0.25468303E+02
0.25585859E+02
0.25703958E+02
0.25822602E+02
0.25941794E+02
0.26061535E+02
0.26181830E+02
0.26302680E+02
0.26424088E+02
0.26546056E+02
0.26668587E+02
0.26791683E+02
0.26915348E+02
0.27039584E+02
0.27164393E+02
0.27289778E+02
0.27415742E+02
0.27542287E+02
0.27669416E+02
0.27797133E+02
0.27925438E+02
0.28054336E+02
0.28183829E+02
0.28313920E+02
0.28444611E+02
0.28575905E+02
0.28707806E+02
0.28840315E+02
0.28973436E+02
0.29107171E+02
0.29241524E+02
0.29376497E+02
0.29512092E+02
0.29648314E+02
0.29785164E+02
0.29922646E+02
0.30060763E+02
0.30199517E+02
0.30338912E+02
0.30478950E+02
0.30619634E+02
0.30760968E+02
0.30902954E+02
0.31045596E+02
0.31188896E+02
0.31332857E+02
0.31477483E+02
0.31622777E+02
0.31768741E+02
0.31915379E+02
0.32062693E+02
0.32210688E+02
0.32359366E+02
0.32508730E+02
0.32658783E+02
0.32809529E+02
0.32960971E+02
0.33113112E+02
0.33265955E+02
0.33419504E+02
0.33573761E+02
0.33728731E+02
0.33884416E+02
0.34040819E+02
0.34197944E+02
0.34355795E+02
0.34514374E+02
0.34673685E+02
0.34833732E+02
0.34994517E+02
0.35156044E+02
0.35318317E+02
0.35481339E+02
0.35645113E+02
0.35809644E+02
0.35974934E+02
0.36140986E+02
0.36307805E+02
0.36475395E+02
0.36643757E+02
0.36812897E+02
0.36982818E+02
0.37153523E+02
0.37325016E+02
0.37497300E+02
0.37670380E+02
0.37844258E+02
0.38018940E+02
0.38194427E+02
0.38370725E+02
0.38547836E+02
0.38725764E+02
0.38904514E+02
0.39084090E+02
0.39264494E+02
0.39445730E+02
0.39627803E+02
0.39810717E+02
0.39994475E+02
0.40179081E+02
0.40364539E+02
0.40550854E+02
0.40738028E+02
0.40926066E+02
0.41114972E+02
0.41304750E+02
0.41495404E+02
0.41686938E+02
0.41879357E+02
0.42072663E+02
0.42266861E+02
0.42461956E+02
0.42657952E+02
0.42854852E+02
0.43052661E+02
0.43251383E+02
0.43451022E+02
0.43651583E+02
0.43853070E+02
0.44055486E+02
0.44258837E+02
0.44463127E+02
0.44668359E+02
0.44874539E+02
0.45081670E+02
0.45289758E+02
0.45498806E+02
0.45708819E+02
0.45919801E+02
0.46131757E+02
0.46344692E+02
0.46558609E+02
0.46773514E+02
0.46989411E+02
0.47206304E+02
0.47424199E+02
0.47643099E+02
0.47863009E+02
0.48083935E+02
0.48305880E+02
0.48528850E+02
0.48752849E+02
0.48977882E+02
0.49203954E+02
0.49431069E+02
0.49659232E+02
0.49888449E+02
0.50118723E+02
0.50350061E+02
0.50582466E+02
0.50815944E+02
0.51050500E+02
0.51286138E+02
0.51522864E+02
0.51760683E+02
0.51999600E+02
0.52239619E+02
0.52480746E+02
0.52722986E+02
0.52966344E+02
0.53210826E+02
0.53456436E+02
0.53703180E+02
0.53951062E+02
0.54200089E+02
0.54450265E+02
0.54701596E+02
0.54954087E+02
0.55207744E+02
0.55462571E+02
0.55718575E+02
0.55975760E+02
0.56234133E+02
0.56493697E+02
0.56754461E+02
0.57016427E+02
0.57279603E+02
0.57543994E+02
0.57809605E+02
0.58076442E+02
0.58344510E+02
0.58613816E+02
0.58884366E+02
0.59156163E+02
0.59429216E+02
0.59703529E+02
0.59979108E+02
0.60255959E+02
0.60534087E+02
0.60813500E+02
0.61094202E+02
0.61376201E+02
0.61659500E+02
0.61944108E+02
0.62230029E+02
0.62517269E+02
0.62805836E+02
0.63095734E+02
0.63386971E+02
0.63679552E+02
0.63973484E+02
0.64268772E+02
0.64565423E+02
0.64863443E+02
0.65162839E+02
0.65463617E+02
0.65765784E+02
0.66069345E+02
0.66374307E+02
0.66680677E+02
0.66988461E+02
0.67297666E+02
0.67608298E+02
0.67920363E+02
0.68233869E+02
0.68548823E+02
0.68865230E+02
0.69183097E+02
0.69502432E+02
0.69823240E+02
0.70145530E+02
0.70469307E+02
0.70794578E+02
0.71121351E+02
0.71449633E+02
0.71779429E+02
0.72110748E+02
0.72443596E+02
0.72777980E+02
0.73113908E+02
0.73451387E+02
0.73790423E+02
0.74131024E+02
0.74473197E+02
0.74816950E+02
0.75162289E+02
0.75509223E+02
0.75857758E+02
0.76207901E+02
0.76559661E+02
0.76913044E+02
0.77268059E+02
0.77624712E+02
0.77983011E+02
0.78342964E+02
0.78704579E+02
0.79067863E+02
0.79432823E+02
0.79799469E+02
0.80167806E+02
0.80537844E+02
0.80909590E+02
0.81283052E+02
0.81658237E+02
0.82035154E+02
0.82413812E+02
0.82794216E+02
0.83176377E+02
0.83560302E+02
0.83945999E+02
0.84333476E+02
0.84722741E+02
0.85113804E+02
0.85506671E+02
0.85901352E+02
0.86297855E+02
0.86696188E+02
0.87096359E+02
0.87498378E+02
0.87902252E+02
0.88307990E+02
0.88715601E+02
0.89125094E+02
0.89536477E+02
0.89949758E+02
0.90364947E+02
0.90782053E+02
0.91201084E+02
0.91622049E+02
0.92044957E+02
0.92469817E+02
0.92896639E+02
0.93325430E+02
0.93756201E+02
0.94188960E+02
0.94623716E+02
0.95060479E+02
0.95499259E+02
0.95940063E+02
0.96382902E+02
0.96827786E+02
0.97274722E+02
0.97723722E+02
0.98174794E+02
0.98627949E+02
0.99083194E+02
0.99540542E+02
0.10000000E+03
0.10046158E+03
0.10092529E+03
0.10139114E+03
0.10185914E+03
0.10232930E+03
0.10280163E+03
0.10327614E+03
0.10375284E+03
0.10423174E+03
0.10471285E+03
0.10519619E+03
0.10568175E+03
0.10616956E+03
0.10665961E+03
0.10715193E+03
0.10764652E+03
0.10814340E+03
0.10864256E+03
0.10914403E+03
0.10964782E+03
0.11015393E+03
0.11066238E+03
0.11117317E+03
0.11168632E+03
0.11220185E+03
0.11271975E+03
0.11324004E+03
0.11376273E+03
0.11428783E+03
0.11481536E+03
0.11534533E+03
0.11587774E+03
0.11641260E+03
0.11694994E+03
0.11748976E+03
0.11803206E+03
0.11857687E+03
0.11912420E+03
0.11967405E+03
0.12022644E+03
0.12078138E+03
0.12133889E+03
0.12189896E+03
0.12246162E+03
0.12302688E+03
0.12359474E+03
0.12416523E+03
0.12473835E+03
0.12531412E+03
0.12589254E+03
0.12647363E+03
0.12705741E+03
0.12764388E+03
0.12823306E+03
0.12882496E+03
0.12941958E+03
0.13001696E+03
0.13061709E+03
0.13121999E+03
0.13182567E+03
0.13243415E+03
0.13304544E+03
0.13365955E+03
0.13427650E+03
0.13489629E+03
0.13551894E+03
0.13614447E+03
0.13677288E+03
0.13740420E+03
0.13803843E+03
0.13867558E+03
0.13931568E+03
0.13995873E+03
0.14060475E+03
0.14125375E+03
0.14190575E+03
0.14256076E+03
0.14321879E+03
0.14387986E+03
0.14454398E+03
0.14521116E+03
0.14588143E+03
0.14655478E+03
0.14723125E+03
0.14791084E+03
0.14859356E+03
0.14927944E+03
0.14996848E+03
0.15066071E+03
0.15135612E+03
0.15205475E+03
0.15275661E+03
0.15346170E+03
0.15417005E+03
0.15488166E+03
0.15559656E+03
0.15631476E+03
0.15703628E+03
0.15776113E+03
0.15848932E+03
0.15922087E+03
0.15995580E+03
0.16069413E+03
0.16143586E+03
0.16218101E+03
0.16292960E+03
0.16368165E+03
0.16443717E+03
0.16519618E+03
0.16595869E+03
0.16672472E+03
0.16749429E+03
0.16826741E+03
0.16904409E+03
0.16982437E+03
0.17060824E+03
0.17139573E+03
0.17218686E+03
0.17298164E+03
0.17378008E+03
0.17458222E+03
0.17538805E+03
0.17619760E+03
0.17701090E+03
0.17782794E+03
0.17864876E+03
0.17947336E+03
0.18030177E+03
0.18113401E+03
0.18197009E+03
0.18281002E+03
0.18365383E+03
0.18450154E+03
0.18535316E+03
0.18620871E+03
0.18706821E+03
0.18793168E+03
0.18879913E+03
0.18967059E+03
0.19054607E+03
0.19142559E+03
0.19230917E+03
0.19319683E+03
0.19408859E+03
0.19498446E+03
0.19588447E+03
0.19678863E+03
0.19769696E+03
0.19860949E+03
0.19952623E+03
0.20044720E+03
0.20137242E+03
0.20230192E+03
0.20323570E+03
0.20417379E+03
0.20511622E+03
0.20606299E+03
0.20701413E+03
0.20796967E+03
0.20892961E+03
0.20989399E+03
0.21086281E+03
0.21183611E+03
0.21281390E+03
0.21379621E+03
0.21478305E+03
0.21577444E+03
0.21677041E+03
0.21777098E+03
0.21877616E+03
0.21978599E+03
0.22080047E+03
0.22181964E+03
0.22284351E+03
0.22387211E+03
0.22490546E+03
0.22594358E+03
0.22698649E+03
0.22803421E+03
0.22908677E+03
0.23014418E+03
0.23120648E+03
0.23227368E+03
0.23334581E+03
0.23442288E+03
0.23550493E+03
0.23659197E+03
0.23768403E+03
0.23878113E+03
0.23988329E+03
0.24099054E+03
0.24210290E+03
0.24322040E+03
0.24434306E+03
0.24547089E+03
0.24660393E+03
0.24774221E+03
0.24888573E+03
0.25003454E+03
0.25118864E+03
0.25234808E+03
0.25351286E+03
0.25468303E+03
0.25585859E+03
0.25703958E+03
0.25822602E+03
0.25941794E+03
0.26061535E+03
0.26181830E+03
0.26302680E+03
0.26424088E+03
0.26546056E+03
0.26668587E+03
0.26791683E+03
0.26915348E+03
0.27039584E+03
0.27164393E+03
0.27289778E+03
0.27415742E+03
0.27542287E+03
0.27669416E+03
0.27797133E+03
0.27925438E+03
0.28054336E+03
0.28183829E+03
0.28313920E+03
0.28444611E+03
0.28575905E+03
0.28707806E+03
0.28840315E+03
0.28973436E+03
0.29107171E+03
0.29241524E+03
0.29376497E+03
0.29512092E+03
0.29648314E+03
0.29785164E+03
0.29922646E+03
0.30060763E+03
0.30199517E+03
0.30338912E+03
0.30478950E+03
0.30619634E+03
0.30760968E+03
0.30902954E+03
0.31045596E+03
0.31188896E+03
0.31332857E+03
0.31477483E+03
0.31622777E+03
0.31768741E+03
0.31915379E+03
0.32062693E+03
0.32210688E+03
0.32359366E+03
0.32508730E+03
0.32658783E+03
0.32809529E+03
0.32960971E+03
0.33113112E+03
0.33265955E+03
0.33419504E+03
0.33573761E+03
0.33728731E+03
0.33884416E+03
0.34040819E+03
0.34197944E+03
0.34355795E+03
0.34514374E+03
0.34673685E+03
0.34833732E+03
0.34994517E+03
0.35156044E+03
0.35318317E+03
0.35481339E+03
0.35645113E+03
0.35809644E+03
0.35974934E+03
0.36140986E+03
0.36307805E+03
0.36475395E+03
0.36643757E+03
0.36812897E+03
0.36982818E+03
0.37153523E+03
0.37325016E+03
0.37497300E+03
0.37670380E+03
0.37844258E+03
0.38018940E+03
0.38194427E+03
0.38370725E+03
0.38547836E+03
0.38725764E+03
0.38904514E+03
0.39084090E+03
0.39264494E+03
0.39445730E+03
0.39627803E+03
0.39810717E+03
0.39994475E+03
0.40179081E+03
0.40364539E+03
0.40550854E+03
0.40738028E+03
0.40926066E+03
0.41114972E+03
0.41304750E+03
0.41495404E+03
0.41686938E+03
0.41879357E+03
0.42072663E+03
0.42266861E+03
0.42461956E+03
0.42657952E+03
0.42854852E+03
0.43052661E+03
0.43251383E+03
0.43451022E+03
0.43651583E+03
0.43853070E+03
0.44055486E+03
0.44258837E+03
0.44463127E+03
0.44668359E+03
0.44874539E+03
0.45081670E+03
0.45289758E+03
0.45498806E+03
0.45708819E+03
0.45919801E+03
0.46131757E+03
0.46344692E+03
0.46558609E+03
0.46773514E+03
0.46989411E+03
0.47206304E+03
0.47424199E+03
0.47643099E+03
0.47863009E+03
0.48083935E+03
0.48305880E+03
0.48528850E+03
0.48752849E+03
0.48977882E+03
0.49203954E+03
0.49431069E+03
0.49659232E+03
0.49888449E+03
0.50118723E+03
0.50350061E+03
0.50582466E+03
0.50815944E+03
0.51050500E+03
0.51286138E+03
0.51522864E+03
0.51760683E+03
0.51999600E+03
0.52239619E+03
0.52480746E+03
0.52722986E+03
0.52966344E+03
0.53210826E+03
0.53456436E+03
0.53703180E+03
0.53951062E+03
0.54200089E+03
0.54450265E+03
0.54701596E+03
0.54954087E+03
0.55207744E+03
0.55462571E+03
0.55718575E+03
0.55975760E+03
0.56234133E+03
0.56493697E+03
0.56754461E+03
0.57016427E+03
0.57279603E+03
0.57543994E+03
0.57809605E+03
0.58076442E+03
0.58344510E+03
0.58613816E+03
0.58884366E+03
0.59156163E+03
0.59429216E+03
0.59703529E+03
0.59979108E+03
0.60255959E+03
0.60534087E+03
0.60813500E+03
0.61094202E+03
0.61376201E+03
0.61659500E+03
0.61944108E+03
0.62230029E+03
0.62517269E+03
0.62805836E+03
0.63095734E+03
0.63386971E+03
0.63679552E+03
0.63973484E+03
0.64268772E+03
0.64565423E+03
0.64863443E+03
0.65162839E+03
0.65463617E+03
0.65765784E+03
0.66069345E+03
0.66374307E+03
0.66680677E+03
0.66988461E+03
0.67297666E+03
0.67608298E+03
0.67920363E+03
0.68233869E+03
0.68548823E+03
0.68865230E+03
0.69183097E+03
0.69502432E+03
0.69823240E+03
0.70145530E+03
0.70469307E+03
0.70794578E+03
0.71121351E+03
0.71449633E+03
0.71779429E+03
0.72110748E+03
0.72443596E+03
0.72777980E+03
0.73113908E+03
0.73451387E+03
0.73790423E+03
0.74131024E+03
0.74473197E+03
0.74816950E+03
0.75162289E+03
0.75509223E+03
0.75857758E+03
0.76207901E+03
0.76559661E+03
0.76913044E+03
0.77268059E+03
0.77624712E+03
0.77983011E+03
0.78342964E+03
0.78704579E+03
0.79067863E+03
0.79432823E+03
0.79799469E+03
0.80167806E+03
0.80537844E+03
0.80909590E+03
0.81283052E+03
0.81658237E+03
0.82035154E+03
0.82413812E+03
0.82794216E+03
0.83176377E+03
0.83560302E+03
0.83945999E+03
0.84333476E+03
0.84722741E+03
0.85113804E+03
0.85506671E+03
0.85901352E+03
0.86297855E+03
0.86696188E+03
0.87096359E+03
0.87498378E+03
0.87902252E+03
0.88307990E+03
0.88715601E+03
0.89125094E+03
0.89536477E+03
0.89949758E+03
0.90364947E+03
0.90782053E+03
0.91201084E+03
0.91622049E+03
0.92044957E+03
0.92469817E+03
0.92896639E+03
0.93325430E+03
0.93756201E+03
0.94188960E+03
0.94623716E+03
0.95060479E+03
0.95499259E+03
0.95940063E+03
0.96382902E+03
0.96827786E+03
0.97274722E+03
0.97723722E+03
0.98174794E+03
0.98627949E+03
0.99083194E+03
0.99540542E+03
0.10000000E+04
0.10046158E+04
0.10092529E+04
0.10139114E+04
0.10185914E+04
0.10232930E+04
0.10280163E+04
0.10327614E+04
0.10375284E+04
0.10423174E+04
0.10471285E+04
0.10519619E+04
0.10568175E+04
0.10616956E+04
0.10665961E+04
0.10715193E+04
0.10764652E+04
0.10814340E+04
0.10864256E+04
0.10914403E+04
0.10964782E+04
0.11015393E+04
0.11066238E+04
0.11117317E+04
0.11168632E+04
0.11220185E+04
0.11271975E+04
0.11324004E+04
0.11376273E+04
0.11428783E+04
0.11481536E+04
0.11534533E+04
0.11587774E+04
0.11641260E+04
0.11694994E+04
0.11748976E+04
0.11803206E+04
0.11857687E+04
0.11912420E+04
0.11967405E+04
0.12022644E+04
0.12078138E+04
0.12133889E+04
0.12189896E+04
0.12246162E+04
0.12302688E+04
0.12359474E+04
0.12416523E+04
0.12473835E+04
0.12531412E+04
0.12589254E+04
0.12647363E+04
0.12705741E+04
0.12764388E+04
0.12823306E+04
0.12882496E+04
0.12941958E+04
0.13001696E+04
0.13061709E+04
0.13121999E+04
0.13182567E+04
0.13243415E+04
0.13304544E+04
0.13365955E+04
0.13427650E+04
0.13489629E+04
0.13551894E+04
0.13614447E+04
0.13677288E+04
0.13740420E+04
0.13803843E+04
0.13867558E+04
0.13931568E+04
0.13995873E+04
0.14060475E+04
0.14125375E+04
0.14190575E+04
0.14256076E+04
0.14321879E+04
0.14387986E+04
0.14454398E+04
0.14521116E+04
0.14588143E+04
0.14655478E+04
0.14723125E+04
0.14791084E+04
0.14859356E+04
0.14927944E+04
0.14996848E+04
0.15066071E+04
0.15135612E+04
0.15205475E+04
0.15275661E+04
0.15346170E+04
0.15417005E+04
0.15488166E+04
0.15559656E+04
0.15631476E+04
0.15703628E+04
0.15776113E+04
0.15848932E+04
0.15922087E+04
0.15995580E+04
0.16069413E+04
0.16143586E+04
0.16218101E+04
0.16292960E+04
0.16368165E+04
0.16443717E+04
0.16519618E+04
0.16595869E+04
0.16672472E+04
0.16749429E+04
0.16826741E+04
0.16904409E+04
0.16982437E+04
0.17060824E+04
0.17139573E+04
0.17218686E+04
0.17298164E+04
0.17378008E+04
0.17458222E+04
0.17538805E+04
0.17619760E+04
0.17701090E+04
0.17782794E+04
0.17864876E+04
0.17947336E+04
0.18030177E+04
0.18113401E+04
0.18197009E+04
0.18281002E+04
0.18365383E+04
0.18450154E+04
0.18535316E+04
0.18620871E+04
0.18706821E+04
0.18793168E+04
0.18879913E+04
0.18967059E+04
0.19054607E+04
0.19142559E+04
0.19230917E+04
0.19319683E+04
0.19408859E+04
0.19498446E+04
0.19588447E+04
0.19678863E+04
0.19769696E+04
0.19860949E+04
0.19952623E+04
0.20044720E+04
0.20137242E+04
0.20230192E+04
0.20323570E+04
0.20417379E+04
0.20511622E+04
0.20606299E+04
0.20701413E+04
0.20796967E+04
0.20892961E+04
0.20989399E+04
0.21086281E+04
0.21183611E+04
0.21281390E+04
0.21379621E+04
0.21478305E+04
0.21577444E+04
0.21677041E+04
0.21777098E+04
0.21877616E+04
0.21978599E+04
0.22080047E+04
0.22181964E+04
0.22284351E+04
0.22387211E+04
0.22490546E+04
0.22594358E+04
0.22698649E+04
0.22803421E+04
0.22908677E+04
0.23014418E+04
0.23120648E+04
0.23227368E+04
0.23334581E+04
0.23442288E+04
0.23550493E+04
0.23659197E+04
0.23768403E+04
0.23878113E+04
0.23988329E+04
0.24099054E+04
0.24210290E+04
0.24322040E+04
0.24434306E+04
0.24547089E+04
0.24660393E+04
0.24774221E+04
0.24888573E+04
0.25003454E+04
0.25118864E+04
0.25234808E+04
0.25351286E+04
0.25468303E+04
0.25585859E+04
0.25703958E+04
0.25822602E+04
0.25941794E+04
0.26061535E+04
0.26181830E+04
0.26302680E+04
0.26424088E+04
0.26546056E+04
0.26668587E+04
0.26791683E+04
0.26915348E+04
0.27039584E+04
0.27164393E+04
0.27289778E+04
0.27415742E+04
0.27542287E+04
0.27669416E+04
0.27797133E+04
0.27925438E+04
0.28054336E+04
0.28183829E+04
0.28313920E+04
0.28444611E+04
0.28575905E+04
0.28707806E+04
0.28840315E+04
0.28973436E+04
0.29107171E+04
0.29241524E+04
0.29376497E+04
0.29512092E+04
0.29648314E+04
0.29785164E+04
0.29922646E+04
0.30060763E+04
0.30199517E+04
0.30338912E+04
0.30478950E+04
0.30619634E+04
0.30760968E+04
0.30902954E+04
0.31045596E+04
0.31188896E+04
0.31332857E+04
0.31477483E+04
0.31622777E+04
0.31768741E+04
0.31915379E+04
0.32062693E+04
0.32210688E+04
0.32359366E+04
0.32508730E+04
0.32658783E+04
0.32809529E+04
0.32960971E+04
0.33113112E+04
0.33265955E+04
0.33419504E+04
0.33573761E+04
0.33728731E+04
0.33884416E+04
0.34040819E+04
0.34197944E+04
0.34355795E+04
0.34514374E+04
0.34673685E+04
0.34833732E+04
0.34994517E+04
0.35156044E+04
0.35318317E+04
0.35481339E+04
0.35645113E+04
0.35809644E+04
0.35974934E+04
0.36140986E+04
0.36307805E+04
0.36475395E+04
0.36643757E+04
0.36812897E+04
0.36982818E+04
0.37153523E+04
0.37325016E+04
0.37497300E+04
0.37670380E+04
0.37844258E+04
0.38018940E+04
0.38194427E+04
0.38370725E+04
0.38547836E+04
0.38725764E+04
0.38904514E+04
0.39084090E+04
0.39264494E+04
0.39445730E+04
0.39627803E+04
0.39810717E+04
0.39994475E+04
0.40179081E+04
0.40364539E+04
0.40550854E+04
0.40738028E+04
0.40926066E+04
0.41114972E+04
0.41304750E+04
0.41495404E+04
0.41686938E+04
0.41879357E+04
0.42072663E+04
0.42266861E+04
0.42461956E+04
0.42657952E+04
0.42854852E+04
0.43052661E+04
0.43251383E+04
0.43451022E+04
0.43651583E+04
0.43853070E+04
0.44055486E+04
0.44258837E+04
0.44463127E+04
0.44668359E+04
0.44874539E+04
0.45081670E+04
0.45289758E+04
0.45498806E+04
0.45708819E+04
0.45919801E+04
0.46131757E+04
0.46344692E+04
0.46558609E+04
0.46773514E+04
0.46989411E+04
0.47206304E+04
0.47424199E+04
0.47643099E+04
0.47863009E+04
0.48083935E+04
0.48305880E+04
0.48528850E+04
0.48752849E+04
0.48977882E+04
0.49203954E+04
0.49431069E+04
0.49659232E+04
0.49888449E+04
0.50118723E+04
0.50350061E+04
0.50582466E+04
0.50815944E+04
0.51050500E+04
0.51286138E+04
0.51522864E+04
0.51760683E+04
0.51999600E+04
0.52239619E+04
0.52480746E+04
0.52722986E+04
0.52966344E+04
0.53210826E+04
0.53456436E+04
0.53703180E+04
0.53951062E+04
0.54200089E+04
0.54450265E+04
0.54701596E+04
0.54954087E+04
0.55207744E+04
0.55462571E+04
0.55718575E+04
0.55975760E+04
0.56234133E+04
0.56493697E+04
0.56754461E+04
0.57016427E+04
0.57279603E+04
0.57543994E+04
0.57809605E+04
0.58076442E+04
0.58344510E+04
0.58613816E+04
0.58884366E+04
0.59156163E+04
0.59429216E+04
0.59703529E+04
0.59979108E+04
0.60255959E+04
0.60534087E+04
0.60813500E+04
0.61094202E+04
0.61376201E+04
0.61659500E+04
0.61944108E+04
0.62230029E+04
0.62517269E+04
0.62805836E+04
0.63095734E+04
0.63386971E+04
0.63679552E+04
0.63973484E+04
0.64268772E+04
0.64565423E+04
0.64863443E+04
0.65162839E+04
0.65463617E+04
0.65765784E+04
0.66069345E+04
0.66374307E+04
0.66680677E+04
0.66988461E+04
0.67297666E+04
0.67608298E+04
0.67920363E+04
0.68233869E+04
0.68548823E+04
0.68865230E+04
0.69183097E+04
0.69502432E+04
0.69823240E+04
0.70145530E+04
0.70469307E+04
0.70794578E+04
0.71121351E+04
0.71449633E+04
0.71779429E+04
0.72110748E+04
0.72443596E+04
0.72777980E+04
0.73113908E+04
0.73451387E+04
0.73790423E+04
0.74131024E+04
0.74473197E+04
0.74816950E+04
0.75162289E+04
0.75509223E+04
0.75857758E+04
0.76207901E+04
0.76559661E+04
0.76913044E+04
0.77268059E+04
0.77624712E+04
0.77983011E+04
0.78342964E+04
0.78704579E+04
0.79067863E+04
0.79432823E+04
0.79799469E+04
0.80167806E+04
0.80537844E+04
0.80909590E+04
0.81283052E+04
0.81658237E+04
0.82035154E+04
0.82413812E+04
0.82794216E+04
0.83176377E+04
0.83560302E+04
0.83945999E+04
0.84333476E+04
0.84722741E+04
0.85113804E+04
0.85506671E+04
0.85901352E+04
0.86297855E+04
0.86696188E+04
0.87096359E+04
0.87498378E+04
0.87902252E+04
0.88307990E+04
0.88715601E+04
0.89125094E+04
0.89536477E+04
0.89949758E+04
0.90364947E+04
0.90782053E+04
0.91201084E+04
0.91622049E+04
0.92044957E+04
0.92469817E+04
0.92896639E+04
0.93325430E+04
0.93756201E+04
0.94188960E+04
0.94623716E+04
0.95060479E+04
0.95499259E+04
0.95940063E+04
0.96382902E+04
0.96827786E+04
0.97274722E+04
0.97723722E+04
0.98174794E+04
0.98627949E+04
0.99083194E+04
0.99540542E+04
0.10000000E+05
0.10046158E+05
0.10092529E+05
0.10139114E+05
0.10185914E+05
0.10232930E+05
0.10280163E+05
0.10327614E+05
0.10375284E+05
0.10423174E+05
0.10471285E+05
0.10519619E+05
0.10568175E+05
0.10616956E+05
0.10665961E+05
0.10715193E+05
0.10764652E+05
0.10814340E+05
0.10864256E+05
0.10914403E+05
0.10964782E+05
0.11015393E+05
0.11066238E+05
0.11117317E+05
0.11168632E+05
0.11220185E+05
0.11271975E+05
0.11324004E+05
0.11376273E+05
0.11428783E+05
0.11481536E+05
0.11534533E+05
0.11587774E+05
0.11641260E+05
0.11694994E+05
0.11748976E+05
0.11803206E+05
0.11857687E+05
0.11912420E+05
0.11967405E+05
0.12022644E+05
0.12078138E+05
0.12133889E+05
0.12189896E+05
0.12246162E+05
0.12302688E+05
0.12359474E+05
0.12416523E+05
0.12473835E+05
0.12531412E+05
0.12589254E+05
0.12647363E+05
0.12705741E+05
0.12764388E+05
0.12823306E+05
0.12882496E+05
0.12941958E+05
0.13001696E+05
0.13061709E+05
0.13121999E+05
0.13182567E+05
0.13243415E+05
0.13304544E+05
0.13365955E+05
0.13427650E+05
0.13489629E+05
0.13551894E+05
0.13614447E+05
0.13677288E+05
0.13740420E+05
0.13803843E+05
0.13867558E+05
0.13931568E+05
0.13995873E+05
0.14060475E+05
0.14125375E+05
0.14190575E+05
0.14256076E+05
0.14321879E+05
0.14387986E+05
0.14454398E+05
0.14521116E+05
0.14588143E+05
0.14655478E+05
0.14723125E+05
0.14791084E+05
0.14859356E+05
0.14927944E+05
0.14996848E+05
0.15066071E+05
0.15135612E+05
0.15205475E+05
0.15275661E+05
0.15346170E+05
0.15417005E+05
0.15488166E+05
0.15559656E+05
0.15631476E+05
0.15703628E+05
0.15776113E+05
0.15848932E+05
0.15922087E+05
0.15995580E+05
0.16069413E+05
0.16143586E+05
0.16218101E+05
0.16292960E+05
0.16368165E+05
0.16443717E+05
0.16519618E+05
0.16595869E+05
0.16672472E+05
0.16749429E+05
0.16826741E+05
0.16904409E+05
0.16982437E+05
0.17060824E+05
0.17139573E+05
0.17218686E+05
0.17298164E+05
0.17378008E+05
0.17458222E+05
0.17538805E+05
0.17619760E+05
0.17701090E+05
0.17782794E+05
0.17864876E+05
0.17947336E+05
0.18030177E+05
0.18113401E+05
0.18197009E+05
0.18281002E+05
0.18365383E+05
0.18450154E+05
0.18535316E+05
0.18620871E+05
0.18706821E+05
0.18793168E+05
0.18879913E+05
0.18967059E+05
0.19054607E+05
0.19142559E+05
0.19230917E+05
0.19319683E+05
0.19408859E+05
0.19498446E+05
0.19588447E+05
0.19678863E+05
0.19769696E+05
0.19860949E+05
0.19952623E+05
0.20044720E+05
0.20137242E+05
0.20230192E+05
0.20323570E+05
0.20417379E+05
0.20511622E+05
0.20606299E+05
0.20701413E+05
0.20796967E+05
0.20892961E+05
0.20989399E+05
0.21086281E+05
0.21183611E+05
0.21281390E+05
0.21379621E+05
0.21478305E+05
0.21577444E+05
0.21677041E+05
0.21777098E+05
0.21877616E+05
0.21978599E+05
0.22080047E+05
0.22181964E+05
0.22284351E+05
0.22387211E+05
0.22490546E+05
0.22594358E+05
0.22698649E+05
0.22803421E+05
0.22908677E+05
0.23014418E+05
0.23120648E+05
0.23227368E+05
0.23334581E+05
0.23442288E+05
0.23550493E+05
0.23659197E+05
0.23768403E+05
0.23878113E+05
0.23988329E+05
0.24099054E+05
0.24210290E+05
0.24322040E+05
0.24434306E+05
0.24547089E+05
0.24660393E+05
0.24774221E+05
0.24888573E+05
0.25003454E+05
0.25118864E+05
0.25234808E+05
0.25351286E+05
0.25468303E+05
0.25585859E+05
0.25703958E+05
0.25822602E+05
0.25941794E+05
0.26061535E+05
0.26181830E+05
0.26302680E+05
0.26424088E+05
0.26546056E+05
0.26668587E+05
0.26791683E+05
0.26915348E+05
0.27039584E+05
0.27164393E+05
0.27289778E+05
0.27415742E+05
0.27542287E+05
0.27669416E+05
0.27797133E+05
0.27925438E+05
0.28054336E+05
0.28183829E+05
0.28313920E+05
0.28444611E+05
0.28575905E+05
0.28707806E+05
0.28840315E+05
0.28973436E+05
0.29107171E+05
0.29241524E+05
0.29376497E+05
0.29512092E+05
0.29648314E+05
0.29785164E+05
0.29922646E+05
0.30060763E+05
0.30199517E+05
0.30338912E+05
0.30478950E+05
0.30619634E+05
0.30760968E+05
0.30902954E+05
0.31045596E+05
0.31188896E+05
0.31332857E+05
0.31477483E+05
0.31622777E+05
0.31768741E+05
0.31915379E+05
0.32062693E+05
0.32210688E+05
0.32359366E+05
0.32508730E+05
0.32658783E+05
0.32809529E+05
0.32960971E+05
0.33113112E+05
0.33265955E+05
0.33419504E+05
0.33573761E+05
0.33728731E+05
0.33884416E+05
0.34040819E+05
0.34197944E+05
0.34355795E+05
0.34514374E+05
0.34673685E+05
0.34833732E+05
0.34994517E+05
0.35156044E+05
0.35318317E+05
0.35481339E+05
0.35645113E+05
0.35809644E+05
0.35974934E+05
0.36140986E+05
0.36307805E+05
0.36475395E+05
0.36643757E+05
0.36812897E+05
0.36982818E+05
0.37153523E+05
0.37325016E+05
0.37497300E+05
0.37670380E+05
0.37844258E+05
0.38018940E+05
0.38194427E+05
0.38370725E+05
0.38547836E+05
0.38725764E+05
0.38904514E+05
0.39084090E+05
0.39264494E+05
0.39445730E+05
0.39627803E+05
0.39810717E+05
0.39994475E+05
0.40179081E+05
0.40364539E+05
0.40550854E+05
0.40738028E+05
0.40926066E+05
0.41114972E+05
0.41304750E+05
0.41495404E+05
0.41686938E+05
0.41879357E+05
0.42072663E+05
0.42266861E+05
0.42461956E+05
0.42657952E+05
0.42854852E+05
0.43052661E+05
0.43251383E+05
0.43451022E+05
0.43651583E+05
0.43853070E+05
0.44055486E+05
0.44258837E+05
0.44463127E+05
0.44668359E+05
0.44874539E+05
0.45081670E+05
0.45289758E+05
0.45498806E+05
0.45708819E+05
0.45919801E+05
0.46131757E+05
0.46344692E+05
0.46558609E+05
0.46773514E+05
0.46989411E+05
0.47206304E+05
0.47424199E+05
0.47643099E+05
0.47863009E+05
0.48083935E+05
0.48305880E+05
0.48528850E+05
0.48752849E+05
0.48977882E+05
0.49203954E+05
0.49431069E+05
0.49659232E+05
0.49888449E+05
0.50118723E+05
0.50350061E+05
0.50582466E+05
0.50815944E+05
0.51050500E+05
0.51286138E+05
0.51522864E+05
0.51760683E+05
0.51999600E+05
0.52239619E+05
0.52480746E+05
0.52722986E+05
0.52966344E+05
0.53210826E+05
0.53456436E+05
0.53703180E+05
0.53951062E+05
0.54200089E+05
0.54450265E+05
0.54701596E+05
0.54954087E+05
0.55207744E+05
0.55462571E+05
0.55718575E+05
0.55975760E+05
0.56234133E+05
0.56493697E+05
0.56754461E+05
0.57016427E+05
0.57279603E+05
0.57543994E+05
0.57809605E+05
0.58076442E+05
0.58344510E+05
0.58613816E+05
0.58884366E+05
0.59156163E+05
0.59429216E+05
0.59703529E+05
0.59979108E+05
0.60255959E+05
0.60534087E+05
0.60813500E+05
0.61094202E+05
0.61376201E+05
0.61659500E+05
0.61944108E+05
0.62230029E+05
0.62517269E+05
0.62805836E+05
0.63095734E+05
0.63386971E+05
0.63679552E+05
0.63973484E+05
0.64268772E+05
0.64565423E+05
0.64863443E+05
0.65162839E+05
0.65463617E+05
0.65765784E+05
0.66069345E+05
0.66374307E+05
0.66680677E+05
0.66988461E+05
0.67297666E+05
0.67608298E+05
0.67920363E+05
0.68233869E+05
0.68548823E+05
0.68865230E+05
0.69183097E+05
0.69502432E+05
0.69823240E+05
0.70145530E+05
0.70469307E+05
0.70794578E+05
0.71121351E+05
0.71449633E+05
0.71779429E+05
0.72110748E+05
0.72443596E+05
0.72777980E+05
0.73113908E+05
0.73451387E+05
0.73790423E+05
0.74131024E+05
0.74473197E+05
0.74816950E+05
0.75162289E+05
0.75509223E+05
0.75857758E+05
0.76207901E+05
0.76559661E+05
0.76913044E+05
0.77268059E+05
0.77624712E+05
0.77983011E+05
0.78342964E+05
0.78704579E+05
0.79067863E+05
0.79432823E+05
0.79799469E+05
0.80167806E+05
0.80537844E+05
0.80909590E+05
0.81283052E+05
0.81658237E+05
0.82035154E+05
0.82413812E+05
0.82794216E+05
0.83176377E+05
0.83560302E+05
0.83945999E+05
0.84333476E+05
0.84722741E+05
0.85113804E+05
0.85506671E+05
0.85901352E+05
0.86297855E+05
0.86696188E+05
0.87096359E+05
0.87498378E+05
0.87902252E+05
0.88307990E+05
0.88715601E+05
0.89125094E+05
0.89536477E+05
0.89949758E+05
0.90364947E+05
0.90782053E+05
0.91201084E+05
0.91622049E+05
0.92044957E+05
0.92469817E+05
0.92896639E+05
0.93325430E+05
0.93756201E+05
0.94188960E+05
0.94623716E+05
0.95060479E+05
0.95499259E+05
0.95940063E+05
0.96382902E+05
0.96827786E+05
0.97274722E+05
0.97723722E+05
0.98174794E+05
0.98627949E+05
0.99083194E+05
0.99540542E+05
0.10000000E+06
