# ea gauss        ds-3.14.05-beta22                                 
 0.10858289E+15
 0.10910366E+15
 0.10962812E+15
 0.11015630E+15
 0.11068823E+15
 0.11122394E+15
 0.11176347E+15
 0.11230683E+15
 0.11285406E+15
 0.11340520E+15
 0.11396026E+15
 0.11451930E+15
 0.11508233E+15
 0.11564938E+15
 0.11622050E+15
 0.11679571E+15
 0.11737505E+15
 0.11795854E+15
 0.11854623E+15
 0.11913815E+15
 0.11973432E+15
 0.12033479E+15
 0.12093958E+15
 0.12154875E+15
 0.12216231E+15
 0.12278030E+15
 0.12340277E+15
 0.12402974E+15
 0.12466125E+15
 0.12529735E+15
 0.12593806E+15
 0.12658342E+15
 0.12723348E+15
 0.12788827E+15
 0.12854783E+15
 0.12921219E+15
 0.12988141E+15
 0.13055550E+15
 0.13123453E+15
 0.13191852E+15
 0.13260751E+15
 0.13330156E+15
 0.13400069E+15
 0.13470496E+15
 0.13541440E+15
 0.13612905E+15
 0.13684896E+15
 0.13757417E+15
 0.13830473E+15
 0.13904067E+15
 0.13978205E+15
 0.14052891E+15
 0.14128129E+15
 0.14203924E+15
 0.14280280E+15
 0.14357202E+15
 0.14434695E+15
 0.14512764E+15
 0.14591413E+15
 0.14670647E+15
 0.14750471E+15
 0.14830889E+15
 0.14911908E+15
 0.14993531E+15
 0.15075764E+15
 0.15158612E+15
 0.15242080E+15
 0.15326172E+15
 0.15410896E+15
 0.15496255E+15
 0.15582255E+15
 0.15668901E+15
 0.15756199E+15
 0.15844154E+15
 0.15932772E+15
 0.16022058E+15
 0.16112018E+15
 0.16202658E+15
 0.16293983E+15
 0.16385998E+15
 0.16478711E+15
 0.16572126E+15
 0.16666251E+15
 0.16761089E+15
 0.16856649E+15
 0.16952935E+15
 0.17049954E+15
 0.17147712E+15
 0.17246216E+15
 0.17345471E+15
 0.17445485E+15
 0.17546263E+15
 0.17647812E+15
 0.17750139E+15
 0.17853250E+15
 0.17957152E+15
 0.18061852E+15
 0.18167357E+15
 0.18273672E+15
 0.18380807E+15
 0.18488766E+15
 0.18597558E+15
 0.18707190E+15
 0.18817668E+15
 0.18929000E+15
 0.19041194E+15
 0.19154257E+15
 0.19268195E+15
 0.19383018E+15
 0.19498732E+15
 0.19615346E+15
 0.19732866E+15
 0.19851302E+15
 0.19970659E+15
 0.20090948E+15
 0.20212176E+15
 0.20334350E+15
 0.20457480E+15
 0.20581573E+15
 0.20706638E+15
 0.20832683E+15
 0.20959717E+15
 0.21087749E+15
 0.21216787E+15
 0.21346840E+15
 0.21477917E+15
 0.21610026E+15
 0.21743178E+15
 0.21877381E+15
 0.22012644E+15
 0.22148976E+15
 0.22286388E+15
 0.22424888E+15
 0.22564486E+15
 0.22705192E+15
 0.22847016E+15
 0.22989967E+15
 0.23134055E+15
 0.23279291E+15
 0.23425685E+15
 0.23573246E+15
 0.23721986E+15
 0.23871915E+15
 0.24023043E+15
 0.24175380E+15
 0.24328939E+15
 0.24483729E+15
 0.24639762E+15
 0.24797049E+15
 0.24955601E+15
 0.25115429E+15
 0.25276545E+15
 0.25438960E+15
 0.25602686E+15
 0.25767735E+15
 0.25934118E+15
 0.26101849E+15
 0.26270938E+15
 0.26441398E+15
 0.26613241E+15
 0.26786480E+15
 0.26961128E+15
 0.27137198E+15
 0.27314701E+15
 0.27493652E+15
 0.27674063E+15
 0.27855948E+15
 0.28039320E+15
 0.28224193E+15
 0.28410580E+15
 0.28598495E+15
 0.28787952E+15
 0.28978966E+15
 0.29171550E+15
 0.29365719E+15
 0.29561487E+15
 0.29758870E+15
 0.29957881E+15
 0.30158537E+15
 0.30360852E+15
 0.30564841E+15
 0.30770521E+15
 0.30977906E+15
 0.31187012E+15
 0.31397856E+15
 0.31610453E+15
 0.31824820E+15
 0.32040973E+15
 0.32258929E+15
 0.32478705E+15
 0.32700318E+15
 0.32923784E+15
 0.33149121E+15
 0.33376348E+15
 0.33605480E+15
 0.33836537E+15
 0.34069537E+15
 0.34304497E+15
 0.34541436E+15
 0.34780373E+15
 0.35021327E+15
 0.35264317E+15
 0.35509361E+15
 0.35756480E+15
 0.36005694E+15
 0.36257021E+15
 0.36510483E+15
 0.36766100E+15
 0.37023891E+15
 0.37283878E+15
 0.37546083E+15
 0.37810525E+15
 0.38077227E+15
 0.38346210E+15
 0.38617497E+15
 0.38891108E+15
 0.39167068E+15
 0.39445398E+15
 0.39726121E+15
 0.40009261E+15
 0.40294841E+15
 0.40582884E+15
 0.40873415E+15
 0.41166457E+15
 0.41462036E+15
 0.41760176E+15
 0.42060902E+15
 0.42364238E+15
 0.42670212E+15
 0.42978849E+15
 0.43290174E+15
 0.43604215E+15
 0.43920997E+15
 0.44240549E+15
 0.44562897E+15
 0.44888070E+15
 0.45216095E+15
 0.45547000E+15
 0.45880814E+15
 0.46217567E+15
 0.46557287E+15
 0.46900004E+15
 0.47245748E+15
 0.47594549E+15
 0.47946439E+15
 0.48301447E+15
 0.48659606E+15
 0.49020947E+15
 0.49385503E+15
 0.49753305E+15
 0.50124387E+15
 0.50498782E+15
 0.50876524E+15
 0.51257647E+15
 0.51642186E+15
 0.52030174E+15
 0.52421648E+15
 0.52816643E+15
 0.53215196E+15
 0.53617342E+15
 0.54023120E+15
 0.54432566E+15
 0.54845719E+15
 0.55262616E+15
 0.55683298E+15
 0.56107802E+15
 0.56536170E+15
 0.56968440E+15
 0.57404655E+15
 0.57844855E+15
 0.58289083E+15
 0.58737380E+15
 0.59189789E+15
 0.59646354E+15
 0.60107119E+15
 0.60572128E+15
 0.61041427E+15
 0.61515061E+15
 0.61993076E+15
 0.62475519E+15
 0.62962437E+15
 0.63453879E+15
 0.63949892E+15
 0.64450528E+15
 0.64955834E+15
 0.65465862E+15
 0.65980662E+15
 0.66500288E+15
 0.67024790E+15
 0.67554223E+15
 0.68088641E+15
 0.68628097E+15
 0.69172647E+15
 0.69722348E+15
 0.70277256E+15
 0.70837429E+15
 0.71402924E+15
 0.71973802E+15
 0.72550122E+15
 0.73131944E+15
 0.73719331E+15
 0.74312344E+15
 0.74911048E+15
 0.75515505E+15
 0.76125782E+15
 0.76741943E+15
 0.77364056E+15
 0.77992189E+15
 0.78626409E+15
 0.79266787E+15
 0.79913394E+15
 0.80566300E+15
 0.81225578E+15
 0.81891303E+15
 0.82563549E+15
 0.83242391E+15
 0.83927906E+15
 0.84620172E+15
 0.85319269E+15
 0.86025277E+15
 0.86738276E+15
 0.87458349E+15
 0.88185581E+15
 0.88920056E+15
 0.89661861E+15
 0.90411082E+15
 0.91167810E+15
 0.91932133E+15
 0.92704144E+15
 0.93483936E+15
 0.94271602E+15
 0.95067239E+15
 0.95870943E+15
 0.96682814E+15
 0.97502952E+15
 0.98331458E+15
 0.99168436E+15
 0.10001399E+16
 0.10086823E+16
 0.10173126E+16
 0.10260319E+16
 0.10348413E+16
 0.10437420E+16
 0.10527352E+16
 0.10618219E+16
 0.10710034E+16
 0.10802809E+16
 0.10896556E+16
 0.10991288E+16
 0.11087018E+16
 0.11183758E+16
 0.11281521E+16
 0.11380321E+16
 0.11480172E+16
 0.11581086E+16
 0.11683079E+16
 0.11786165E+16
 0.11890357E+16
 0.11995672E+16
 0.12102123E+16
 0.12209726E+16
 0.12318496E+16
 0.12428451E+16
 0.12539604E+16
 0.12651974E+16
 0.12765576E+16
 0.12880428E+16
 0.12996547E+16
 0.13113950E+16
 0.13232655E+16
 0.13352681E+16
 0.13474046E+16
 0.13596769E+16
 0.13720869E+16
 0.13846366E+16
 0.13973280E+16
 0.14101631E+16
 0.14231441E+16
 0.14362729E+16
 0.14495518E+16
 0.14629830E+16
 0.14765687E+16
 0.14903111E+16
 0.15042127E+16
 0.15182757E+16
 0.15325027E+16
 0.15468960E+16
 0.15614582E+16
 0.15761919E+16
 0.15910997E+16
 0.16061842E+16
 0.16214482E+16
 0.16368945E+16
 0.16525259E+16
 0.16683453E+16
 0.16843556E+16
 0.17005600E+16
 0.17169615E+16
 0.17335633E+16
 0.17503685E+16
 0.17673805E+16
 0.17846026E+16
 0.18020384E+16
 0.18196912E+16
 0.18375648E+16
 0.18556627E+16
 0.18739888E+16
 0.18925469E+16
 0.19113409E+16
 0.19303748E+16
 0.19496528E+16
 0.19691791E+16
 0.19889580E+16
 0.20089939E+16
 0.20292914E+16
 0.20498550E+16
 0.20706895E+16
 0.20917998E+16
 0.21131908E+16
 0.21348677E+16
 0.21568356E+16
 0.21791000E+16
 0.22016662E+16
 0.22245400E+16
 0.22477272E+16
 0.22712336E+16
 0.22950653E+16
 0.23192287E+16
 0.23437300E+16
 0.23685758E+16
 0.23937730E+16
 0.24193284E+16
 0.24452491E+16
 0.24715426E+16
 0.24982162E+16
 0.25252778E+16
 0.25527352E+16
 0.25805967E+16
 0.26088707E+16
 0.26375658E+16
 0.26666909E+16
 0.26962551E+16
 0.27262679E+16
 0.27567391E+16
 0.27876785E+16
 0.28190966E+16
 0.28510039E+16
 0.28834113E+16
 0.29163302E+16
 0.29497722E+16
 0.29837494E+16
 0.30182740E+16
 0.30533588E+16
 0.30890172E+16
 0.31252626E+16
 0.31621093E+16
 0.31995717E+16
 0.32376648E+16
 0.32764043E+16
 0.33158062E+16
 0.33558872E+16
 0.33966644E+16
 0.34381556E+16
 0.34803794E+16
 0.35233549E+16
 0.35671018E+16
 0.36116407E+16
 0.36569929E+16
 0.37031804E+16
 0.37502262E+16
 0.37981540E+16
 0.38469886E+16
 0.38967556E+16
 0.39474816E+16
 0.39991944E+16
 0.40519227E+16
 0.41056966E+16
 0.41605473E+16
 0.42165072E+16
 0.42736101E+16
 0.43318914E+16
 0.43913877E+16
 0.44521375E+16
 0.45141807E+16
 0.45775591E+16
 0.46423163E+16
 0.47084979E+16
 0.47761514E+16
 0.48453268E+16
 0.49160761E+16
 0.49884539E+16
 0.50625175E+16
 0.51383266E+16
 0.52159442E+16
 0.52954361E+16
 0.53768715E+16
 0.54603231E+16
 0.55458673E+16
 0.56335843E+16
 0.57235586E+16
 0.58158792E+16
 0.59106398E+16
 0.60079390E+16
 0.61078812E+16
 0.62105763E+16
 0.63161404E+16
 0.64246962E+16
 0.65363736E+16
 0.66513100E+16
 0.67696509E+16
 0.68915507E+16
 0.70171729E+16
 0.71466914E+16
 0.72802907E+16
 0.74181672E+16
 0.75605298E+16
 0.77076009E+16
 0.78596178E+16
 0.80168337E+16
 0.81795190E+16
 0.83479626E+16
 0.85224738E+16
 0.87033838E+16
 0.88910480E+16
 0.90858474E+16
 0.92881917E+16
 0.94985214E+16
 0.97173109E+16
 0.99450717E+16
 0.10182356E+17
 0.10429760E+17
 0.10687929E+17
 0.10957562E+17
 0.11239418E+17
 0.11534320E+17
 0.11843165E+17
 0.12166928E+17
 0.12506674E+17
 0.12863565E+17
 0.13238875E+17
 0.13633996E+17
 0.14050460E+17
 0.14489948E+17
 0.14954312E+17
 0.15445598E+17
 0.15966061E+17
 0.16518204E+17
 0.17104798E+17
 0.17728925E+17
 0.18394017E+17
 0.19103900E+17
 0.19862853E+17
 0.20675668E+17
 0.21547722E+17
 0.22485063E+17
 0.23494504E+17
 0.24583736E+17
 0.25761458E+17
 0.27037524E+17
 0.28423115E+17
 0.29930933E+17
 0.31575423E+17
 0.33373016E+17
 0.35342407E+17
 0.37504835E+17
 0.39884383E+17
 0.42508243E+17
 0.45406933E+17
 0.48614359E+17
 0.52167634E+17
 0.56106448E+17
 0.60471705E+17
 0.65303018E+17
 0.70634454E+17
 0.76487821E+17
 0.82862705E+17
 0.89722942E+17
 0.96980501E+17
 0.10448088E+18
 0.11199921E+18
 0.11926082E+18
 0.12599507E+18
 0.13200449E+18
 0.13719686E+18
 0.14155084E+18
 0.14506595E+18
 0.14774376E+18
 0.14958596E+18
 0.15059420E+18
 0.15077024E+18
 0.15011579E+18
 0.14863263E+18
 0.14632260E+18
 0.14318753E+18
 0.13922930E+18
 0.13445074E+18
 0.12886770E+18
 0.12255213E+18
 0.11567639E+18
 0.10849760E+18
 0.10129273E+18
 0.94298735E+17
 0.87684607E+17
 0.81550981E+17
 0.75943257E+17
 0.70867856E+17
 0.66306477E+17
 0.62226829E+17
 0.58589990E+17
 0.55355128E+17
 0.52482315E+17
 0.49934085E+17
 0.47676183E+17
 0.45677820E+17
 0.43911638E+17
 0.42353518E+17
 0.40982315E+17
 0.39779565E+17
 0.38729197E+17
 0.37817253E+17
 0.37031647E+17
 0.36361937E+17
 0.35799135E+17
 0.35335533E+17
 0.34964565E+17
 0.34680675E+17
 0.34479223E+17
 0.34356388E+17
 0.34309105E+17
 0.34335000E+17
 0.34432349E+17
 0.34600043E+17
 0.34837562E+17
 0.35144962E+17
 0.35522872E+17
 0.35972496E+17
 0.36495629E+17
 0.37094679E+17
 0.37772703E+17
 0.38533449E+17
 0.39381417E+17
 0.40321921E+17
 0.41361180E+17
 0.42506412E+17
 0.43765955E+17
 0.45149401E+17
 0.46667754E+17
 0.48333613E+17
 0.50161371E+17
 0.52167439E+17
 0.54370496E+17
 0.56791732E+17
 0.59455102E+17
 0.62387541E+17
 0.65619119E+17
 0.69183077E+17
 0.73115695E+17
 0.77455907E+17
 0.82244599E+17
 0.87523441E+17
 0.93332839E+17
 0.99708095E+17
 0.10667237E+18
 0.11422555E+18
 0.12232954E+18
 0.13089131E+18
 0.13974817E+18
 0.14866472E+18
 0.15735511E+18
 0.16554086E+18
 0.17302170E+18
 0.17970843E+18
 0.18558664E+18
 0.19066475E+18
 0.19495456E+18
 0.19846942E+18
 0.20122492E+18
 0.20323951E+18
 0.20453447E+18
 0.20513337E+18
 0.20506164E+18
 0.20434667E+18
 0.20301804E+18
 0.20110873E+18
 0.19866598E+18
 0.19579335E+18
 0.19269986E+18
 0.18969123E+18
 0.18710499E+18
 0.18524394E+18
 0.18434042E+18
 0.18454953E+18
 0.18595798E+18
 0.18859817E+18
 0.19246247E+18
 0.19751468E+18
 0.20369312E+18
 0.21089856E+18
 0.21897043E+18
 0.22766466E+18
 0.23664597E+18
 0.24550765E+18
 0.25383152E+18
 0.26127552E+18
 0.26763971E+18
 0.27284671E+18
 0.27687300E+18
 0.27970589E+18
 0.28133519E+18
 0.28175277E+18
 0.28092079E+18
 0.27894935E+18
 0.27575688E+18
 0.27141027E+18
 0.26594220E+18
 0.25937977E+18
 0.25174192E+18
 0.24304399E+18
 0.23332881E+18
 0.22273463E+18
 0.21153504E+18
 0.20009627E+18
 0.18879062E+18
 0.17792725E+18
 0.16772258E+18
 0.15831115E+18
 0.14971317E+18
 0.14195216E+18
 0.13497556E+18
 0.12871901E+18
 0.12310923E+18
 0.11807381E+18
 0.11354694E+18
 0.10947052E+18
 0.10579283E+18
 0.10246768E+18
 0.99454268E+17
 0.96716822E+17
 0.94224006E+17
 0.91960885E+17
 0.89864741E+17
 0.87952172E+17
 0.86191185E+17
 0.84564735E+17
 0.83057789E+17
 0.81657133E+17
 0.80351215E+17
 0.79130181E+17
 0.77986841E+17
 0.76918987E+17
 0.75931131E+17
 0.75033490E+17
 0.74238886E+17
 0.73559637E+17
 0.73005687E+17
 0.72584039E+17
 0.72299034E+17
 0.72153032E+17
 0.72147155E+17
 0.72281961E+17
 0.72557990E+17
 0.72976181E+17
 0.73538183E+17
 0.74246570E+17
 0.75105004E+17
 0.76118327E+17
 0.77292589E+17
 0.78635011E+17
 0.80153819E+17
 0.81857928E+17
 0.83756357E+17
 0.85857284E+17
 0.88166565E+17
 0.90685567E+17
 0.93408190E+17
 0.96317162E+17
 0.99380215E+17
 0.10254764E+18
 0.10575390E+18
 0.10892628E+18
 0.11200061E+18
 0.11493641E+18
 0.11771896E+18
 0.12034776E+18
 0.12282581E+18
 0.12515666E+18
 0.12734414E+18
 0.12939238E+18
 0.13130586E+18
 0.13308935E+18
 0.13474802E+18
 0.13628738E+18
 0.13771335E+18
 0.13903230E+18
 0.14025114E+18
 0.14137939E+18
 0.14243778E+18
 0.14347040E+18
 0.14454567E+18
 0.14574358E+18
 0.14713992E+18
 0.14879669E+18
 0.15075948E+18
 0.15305944E+18
 0.15571696E+18
 0.15874539E+18
 0.16215419E+18
 0.16595131E+18
 0.17014480E+18
 0.17474400E+18
 0.17976028E+18
 0.18520757E+18
 0.19110275E+18
 0.19746590E+18
 0.20432061E+18
 0.21169418E+18
 0.21961790E+18
 0.22812734E+18
 0.23726264E+18
 0.24706892E+18
 0.25759665E+18
 0.26890212E+18
 0.28104792E+18
 0.29410348E+18
 0.30814559E+18
 0.32325899E+18
 0.33953688E+18
 0.35708134E+18
 0.37600377E+18
 0.39642511E+18
 0.41847603E+18
 0.44229697E+18
 0.46803847E+18
 0.49586194E+18
 0.52594129E+18
 0.55846534E+18
 0.59364026E+18
 0.63168938E+18
 0.67284790E+18
 0.71735139E+18
 0.76541943E+18
 0.81723436E+18
 0.87291305E+18
 0.93246908E+18
 0.99576444E+18
 0.10624506E+19
 0.11319098E+19
 0.12032019E+19
 0.12750508E+19
 0.13458986E+19
 0.14140613E+19
 0.14779787E+19
 0.15364784E+19
 0.15889040E+19
 0.16350223E+19
 0.16748086E+19
 0.17082914E+19
 0.17354955E+19
 0.17564283E+19
 0.17710751E+19
 0.17794008E+19
 0.17813581E+19
 0.17769021E+19
 0.17660063E+19
 0.17486722E+19
 0.17249261E+19
 0.16948067E+19
 0.16583567E+19
 0.16156221E+19
 0.15666786E+19
 0.15117323E+19
 0.14513035E+19
 0.13855988E+19
 0.13182689E+19
 0.12485812E+19
 0.11787966E+19
 0.11101895E+19
 0.10437320E+19
 0.98009038E+18
 0.91966345E+18
 0.86263754E+18
 0.80904449E+18
 0.75881790E+18
 0.71184198E+18
 0.66798405E+18
 0.62710780E+18
 0.58907431E+18
 0.55373931E+18
 0.52095180E+18
 0.49055515E+18
 0.46238987E+18
 0.43629694E+18
 0.41212091E+18
 0.38971242E+18
 0.36892996E+18
 0.34964090E+18
 0.33172203E+18
 0.31505964E+18
 0.29954930E+18
 0.28509545E+18
 0.27161087E+18
 0.25901612E+18
 0.24723890E+18
 0.23621345E+18
 0.22587998E+18
 0.21618414E+18
 0.20707645E+18
 0.19851192E+18
 0.19044954E+18
 0.18285193E+18
 0.17568500E+18
 0.16891760E+18
 0.16252127E+18
 0.15646994E+18
 0.15073973E+18
 0.14530875E+18
 0.14015689E+18
 0.13526566E+18
 0.13061805E+18
 0.12619838E+18
 0.12199220E+18
 0.11798616E+18
 0.11416793E+18
 0.11052608E+18
 0.10705004E+18
 0.10373001E+18
 0.10055688E+18
 0.97522212E+17
 0.94618135E+17
 0.91837334E+17
 0.89172991E+17
 0.86618750E+17
 0.84168677E+17
 0.81817230E+17
 0.79559228E+17
 0.77389821E+17
 0.75304469E+17
 0.73298917E+17
 0.71369172E+17
 0.69511488E+17
 0.67722346E+17
 0.65998436E+17
 0.64336646E+17
 0.62734047E+17
 0.61187877E+17
 0.59695534E+17
 0.58254564E+17
 0.56862650E+17
 0.55517603E+17
 0.54217356E+17
 0.52959952E+17
 0.51743540E+17
 0.50566369E+17
 0.49426779E+17
 0.48323195E+17
 0.47254127E+17
 0.46218157E+17
 0.45213942E+17
 0.44240205E+17
 0.43295733E+17
 0.42379370E+17
 0.41490020E+17
 0.40626638E+17
 0.39788229E+17
 0.38973846E+17
 0.38182584E+17
 0.37413582E+17
 0.36666020E+17
 0.35939112E+17
 0.35232110E+17
 0.34544299E+17
 0.33874996E+17
 0.33223546E+17
 0.32589327E+17
 0.31971739E+17
 0.31370211E+17
 0.30784195E+17
 0.30213167E+17
 0.29656624E+17
 0.29114085E+17
 0.28585087E+17
 0.28069188E+17
 0.27565963E+17
 0.27075004E+17
 0.26595919E+17
 0.26128333E+17
 0.25671883E+17
 0.25226222E+17
 0.24791018E+17
 0.24365948E+17
 0.23950703E+17
 0.23544988E+17
 0.23148515E+17
 0.22761010E+17
 0.22382207E+17
 0.22011851E+17
 0.21649696E+17
 0.21295505E+17
 0.20949048E+17
 0.20610106E+17
 0.20278465E+17
 0.19953921E+17
 0.19636276E+17
 0.19325337E+17
 0.19020921E+17
 0.18722849E+17
 0.18430950E+17
 0.18145056E+17
 0.17865006E+17
 0.17590646E+17
 0.17321824E+17
 0.17058396E+17
 0.16800221E+17
 0.16547163E+17
 0.16299089E+17
 0.16055873E+17
 0.15817390E+17
 0.15583522E+17
 0.15354153E+17
 0.15129170E+17
 0.14908465E+17
 0.14691932E+17
 0.14479470E+17
 0.14270978E+17
 0.14066362E+17
 0.13865528E+17
 0.13668386E+17
 0.13474847E+17
 0.13284828E+17
 0.13098245E+17
 0.12915018E+17
 0.12735070E+17
 0.12558325E+17
 0.12384709E+17
 0.12214151E+17
 0.12046581E+17
 0.11881934E+17
 0.11720142E+17
 0.11561142E+17
 0.11404873E+17
 0.11251275E+17
 0.11100288E+17
 0.10951856E+17
 0.10805923E+17
 0.10662436E+17
 0.10521342E+17
 0.10382590E+17
 0.10246131E+17
 0.10111915E+17
 0.99798970E+16
 0.98500296E+16
 0.97222687E+16
 0.95965705E+16
 0.94728929E+16
 0.93511943E+16
 0.92314346E+16
 0.91135744E+16
 0.89975756E+16
 0.88834008E+16
 0.87710137E+16
 0.86603787E+16
 0.85514612E+16
 0.84442275E+16
 0.83386448E+16
 0.82346807E+16
 0.81323041E+16
 0.80314842E+16
 0.79321913E+16
 0.78343962E+16
 0.77380704E+16
 0.76431862E+16
 0.75497163E+16
 0.74576344E+16
 0.73669144E+16
 0.72775312E+16
 0.71894600E+16
 0.71026766E+16
 0.70171576E+16
 0.69328798E+16
 0.68498208E+16
 0.67679584E+16
 0.66872712E+16
 0.66077382E+16
 0.65293386E+16
 0.64520525E+16
 0.63758601E+16
 0.63007422E+16
 0.62266799E+16
 0.61536549E+16
 0.60816491E+16
 0.60106448E+16
 0.59406248E+16
 0.58715722E+16
 0.58034705E+16
 0.57363035E+16
 0.56700554E+16
 0.56047106E+16
 0.55402539E+16
 0.54766705E+16
 0.54139458E+16
 0.53520656E+16
 0.52910159E+16
 0.52307829E+16
 0.51713534E+16
 0.51127141E+16
 0.50548521E+16
 0.49977550E+16
 0.49414102E+16
 0.48858057E+16
 0.48309297E+16
 0.47767704E+16
 0.47233165E+16
 0.46705567E+16
 0.46184802E+16
 0.45670762E+16
 0.45163340E+16
 0.44662434E+16
 0.44167943E+16
 0.43679766E+16
 0.43197806E+16
 0.42721968E+16
 0.42252157E+16
 0.41788281E+16
 0.41330250E+16
 0.40877975E+16
 0.40431369E+16
 0.39990346E+16
 0.39554823E+16
 0.39124716E+16
 0.38699947E+16
 0.38280434E+16
 0.37866099E+16
 0.37456868E+16
 0.37052663E+16
 0.36653412E+16
 0.36259043E+16
 0.35869482E+16
 0.35484662E+16
 0.35104513E+16
 0.34728968E+16
 0.34357960E+16
 0.33991425E+16
 0.33629298E+16
 0.33271517E+16
 0.32918020E+16
 0.32568745E+16
 0.32223634E+16
 0.31882628E+16
 0.31545669E+16
 0.31212700E+16
 0.30883667E+16
 0.30558513E+16
 0.30237186E+16
 0.29919632E+16
 0.29605799E+16
 0.29295636E+16
 0.28989094E+16
 0.28686121E+16
 0.28386670E+16
 0.28090693E+16
 0.27798143E+16
 0.27508973E+16
 0.27223138E+16
 0.26940593E+16
 0.26661294E+16
 0.26385198E+16
 0.26112261E+16
 0.25842443E+16
 0.25575701E+16
 0.25311995E+16
 0.25051284E+16
 0.24793530E+16
 0.24538694E+16
 0.24286738E+16
 0.24037623E+16
 0.23791314E+16
 0.23547773E+16
 0.23306964E+16
 0.23068854E+16
 0.22833406E+16
 0.22600586E+16
 0.22370362E+16
 0.22142699E+16
 0.21917565E+16
 0.21694928E+16
 0.21474756E+16
 0.21257018E+16
 0.21041684E+16
 0.20828722E+16
 0.20618103E+16
 0.20409799E+16
 0.20203779E+16
 0.20000015E+16
 0.19798480E+16
 0.19599145E+16
 0.19401984E+16
 0.19206969E+16
 0.19014074E+16
 0.18823273E+16
 0.18634540E+16
 0.18447850E+16
 0.18263177E+16
 0.18080498E+16
 0.17899788E+16
 0.17721023E+16
 0.17544179E+16
 0.17369234E+16
 0.17196164E+16
 0.17024946E+16
 0.16855559E+16
 0.16687981E+16
 0.16522189E+16
 0.16358163E+16
 0.16195882E+16
 0.16035324E+16
 0.15876470E+16
 0.15719299E+16
 0.15563790E+16
 0.15409926E+16
 0.15257685E+16
 0.15107050E+16
 0.14958001E+16
 0.14810520E+16
 0.14664588E+16
 0.14520188E+16
 0.14377301E+16
 0.14235910E+16
 0.14095997E+16
 0.13957546E+16
 0.13820540E+16
 0.13684961E+16
 0.13550794E+16
 0.13418022E+16
 0.13286629E+16
 0.13156600E+16
 0.13027918E+16
 0.12900569E+16
 0.12774538E+16
 0.12649808E+16
 0.12526366E+16
 0.12404197E+16
 0.12283286E+16
 0.12163620E+16
 0.12045184E+16
 0.11927964E+16
 0.11811947E+16
 0.11697119E+16
 0.11583467E+16
 0.11470978E+16
 0.11359638E+16
 0.11249436E+16
 0.11140357E+16
 0.11032391E+16
 0.10925524E+16
 0.10819744E+16
 0.10715039E+16
 0.10611398E+16
 0.10508808E+16
 0.10407258E+16
 0.10306737E+16
 0.10207233E+16
 0.10108735E+16
 0.10011232E+16
 0.99147139E+15
 0.98191689E+15
 0.97245866E+15
 0.96309567E+15
 0.95382688E+15
 0.94465127E+15
 0.93556783E+15
 0.92657555E+15
 0.91767346E+15
 0.90886057E+15
 0.90013593E+15
 0.89149858E+15
 0.88294759E+15
 0.87448203E+15
 0.86610098E+15
 0.85780353E+15
 0.84958880E+15
 0.84145589E+15
 0.83340394E+15
 0.82543208E+15
 0.81753945E+15
 0.80972522E+15
 0.80198855E+15
 0.79432862E+15
 0.78674461E+15
 0.77923573E+15
 0.77180117E+15
 0.76444016E+15
 0.75715191E+15
 0.74993566E+15
 0.74279066E+15
 0.73571615E+15
 0.72871139E+15
 0.72177565E+15
 0.71490821E+15
 0.70810836E+15
 0.70137538E+15
 0.69470859E+15
 0.68810728E+15
 0.68157078E+15
 0.67509841E+15
 0.66868950E+15
 0.66234340E+15
 0.65605946E+15
 0.64983703E+15
 0.64367547E+15
 0.63757415E+15
 0.63153245E+15
 0.62554976E+15
 0.61962547E+15
 0.61375897E+15
 0.60794967E+15
 0.60219698E+15
 0.59650032E+15
 0.59085912E+15
 0.58527281E+15
 0.57974082E+15
 0.57426260E+15
 0.56883760E+15
 0.56346527E+15
 0.55814508E+15
 0.55287649E+15
 0.54765899E+15
 0.54249205E+15
 0.53737515E+15
 0.53230779E+15
 0.52728946E+15
 0.52231967E+15
 0.51739793E+15
 0.51252374E+15
 0.50769663E+15
 0.50291612E+15
 0.49818174E+15
 0.49349303E+15
 0.48884952E+15
 0.48425077E+15
 0.47969630E+15
 0.47518570E+15
 0.47071850E+15
 0.46629428E+15
 0.46191260E+15
 0.45757304E+15
 0.45327518E+15
 0.44901859E+15
 0.44480287E+15
 0.44062761E+15
 0.43649240E+15
 0.43239684E+15
 0.42834053E+15
 0.42432309E+15
 0.42034413E+15
 0.41640326E+15
 0.41250011E+15
 0.40863430E+15
 0.40480546E+15
 0.40101322E+15
 0.39725722E+15
 0.39353711E+15
 0.38985251E+15
 0.38620309E+15
 0.38258849E+15
 0.37900837E+15
 0.37546240E+15
 0.37195022E+15
 0.36847152E+15
 0.36502595E+15
 0.36161319E+15
 0.35823292E+15
 0.35488482E+15
 0.35156858E+15
 0.34828387E+15
 0.34503039E+15
 0.34180783E+15
 0.33861589E+15
 0.33545427E+15
 0.33232268E+15
 0.32922080E+15
 0.32614837E+15
 0.32310508E+15
 0.32009065E+15
 0.31710480E+15
 0.31414726E+15
 0.31121774E+15
 0.30831597E+15
 0.30544168E+15
 0.30259460E+15
 0.29977447E+15
 0.29698102E+15
 0.29421400E+15
 0.29147315E+15
 0.28875821E+15
 0.28606893E+15
 0.28340506E+15
 0.28076636E+15
 0.27815257E+15
 0.27556347E+15
 0.27299881E+15
 0.27045835E+15
 0.26794186E+15
 0.26544910E+15
 0.26297985E+15
 0.26053389E+15
 0.25811097E+15
 0.25571089E+15
 0.25333341E+15
 0.25097833E+15
 0.24864543E+15
 0.24633449E+15
 0.24404530E+15
 0.24177765E+15
 0.23953133E+15
 0.23730614E+15
 0.23510188E+15
 0.23291834E+15
 0.23075532E+15
 0.22861263E+15
 0.22649007E+15
 0.22438745E+15
 0.22230457E+15
 0.22024125E+15
 0.21819730E+15
 0.21617254E+15
 0.21416677E+15
 0.21217982E+15
 0.21021151E+15
 0.20826165E+15
 0.20633008E+15
 0.20441662E+15
 0.20252109E+15
 0.20064332E+15
 0.19878314E+15
 0.19694039E+15
 0.19511489E+15
 0.19330649E+15
 0.19151502E+15
 0.18974032E+15
 0.18798222E+15
 0.18624058E+15
 0.18451522E+15
 0.18280601E+15
 0.18111278E+15
 0.17943538E+15
 0.17777367E+15
 0.17612748E+15
 0.17449668E+15
 0.17288112E+15
 0.17128065E+15
 0.16969513E+15
 0.16812442E+15
 0.16656838E+15
 0.16502686E+15
 0.16349973E+15
 0.16198686E+15
 0.16048810E+15
 0.15900333E+15
 0.15753241E+15
 0.15607521E+15
 0.15463160E+15
 0.15320145E+15
 0.15178463E+15
 0.15038103E+15
 0.14899050E+15
 0.14761294E+15
 0.14624821E+15
 0.14489620E+15
 0.14355678E+15
 0.14222983E+15
 0.14091525E+15
 0.13961290E+15
 0.13832268E+15
 0.13704447E+15
 0.13577816E+15
 0.13452363E+15
 0.13328078E+15
 0.13204949E+15
 0.13082966E+15
 0.12962117E+15
 0.12842393E+15
 0.12723781E+15
 0.12606273E+15
 0.12489857E+15
 0.12374524E+15
 0.12260262E+15
 0.12147062E+15
 0.12034915E+15
 0.11923809E+15
 0.11813736E+15
 0.11704685E+15
 0.11596647E+15
 0.11489612E+15
 0.11383572E+15
 0.11278516E+15
 0.11174435E+15
 0.11071321E+15
 0.10969164E+15
 0.10867955E+15
 0.10767685E+15
 0.10668346E+15
 0.10569929E+15
 0.10472424E+15
 0.10375824E+15
 0.10280120E+15
 0.10185304E+15
 0.10091367E+15
 0.99983013E+14
 0.99060983E+14
 0.98147502E+14
 0.97242488E+14
 0.96345864E+14
 0.95457550E+14
 0.94577468E+14
 0.93705542E+14
 0.92841695E+14
 0.91985852E+14
 0.91137937E+14
 0.90297877E+14
 0.89465598E+14
 0.88641027E+14
 0.87824093E+14
 0.87014723E+14
 0.86212848E+14
 0.85418397E+14
 0.84631300E+14
 0.83851490E+14
 0.83078898E+14
 0.82313457E+14
 0.81555099E+14
 0.80803760E+14
 0.80059373E+14
 0.79321873E+14
 0.78591196E+14
 0.77867279E+14
 0.77150058E+14
 0.76439471E+14
 0.75735457E+14
 0.75037953E+14
 0.74346900E+14
 0.73662236E+14
 0.72983904E+14
 0.72311842E+14
 0.71645994E+14
 0.70986301E+14
 0.70332706E+14
 0.69685152E+14
 0.69043583E+14
 0.68407943E+14
 0.67778177E+14
 0.67154230E+14
 0.66536048E+14
 0.65923578E+14
 0.65316766E+14
 0.64715560E+14
 0.64119907E+14
 0.63529756E+14
 0.62945056E+14
 0.62365756E+14
 0.61791806E+14
 0.61223156E+14
 0.60659756E+14
 0.60101559E+14
 0.59548516E+14
 0.59000578E+14
 0.58457698E+14
 0.57919830E+14
 0.57386927E+14
 0.56858942E+14
 0.56335831E+14
 0.55817547E+14
 0.55304046E+14
 0.54795284E+14
 0.54291216E+14
 0.53791800E+14
 0.53296991E+14
 0.52806747E+14
 0.52321026E+14
 0.51839786E+14
 0.51362985E+14
 0.50890582E+14
 0.50422536E+14
 0.49958807E+14
 0.49499354E+14
 0.49044139E+14
 0.48593122E+14
 0.48146263E+14
 0.47703525E+14
 0.47264870E+14
 0.46830258E+14
 0.46399653E+14
 0.45973019E+14
 0.45550317E+14
 0.45131511E+14
 0.44716566E+14
 0.44305446E+14
 0.43898115E+14
 0.43494538E+14
 0.43094681E+14
 0.42698508E+14
 0.42305986E+14
 0.41917082E+14
 0.41531761E+14
 0.41149990E+14
 0.40771737E+14
 0.40396968E+14
 0.40025653E+14
 0.39657758E+14
 0.39293252E+14
 0.38932105E+14
 0.38574283E+14
 0.38219758E+14
 0.37868498E+14
 0.37520473E+14
 0.37175654E+14
 0.36834010E+14
 0.36495513E+14
 0.36160133E+14
 0.35827841E+14
 0.35498609E+14
 0.35172409E+14
 0.34849212E+14
 0.34528991E+14
 0.34211718E+14
 0.33897366E+14
 0.33585908E+14
 0.33277318E+14
 0.32971568E+14
 0.32668633E+14
 0.32368486E+14
 0.32071102E+14
 0.31776456E+14
 0.31484521E+14
 0.31195273E+14
 0.30908687E+14
 0.30624739E+14
 0.30343404E+14
 0.30064658E+14
 0.29788477E+14
 0.29514838E+14
 0.29243716E+14
 0.28975090E+14
 0.28708935E+14
 0.28445228E+14
 0.28183949E+14
 0.27925073E+14
 0.27668578E+14
 0.27414444E+14
 0.27162647E+14
 0.26913167E+14
 0.26665982E+14
 0.26421070E+14
 0.26178412E+14
 0.25937985E+14
 0.25699770E+14
 0.25463746E+14
 0.25229893E+14
 0.24998190E+14
 0.24768619E+14
 0.24541159E+14
 0.24315791E+14
 0.24092495E+14
 0.23871253E+14
 0.23652046E+14
 0.23434854E+14
 0.23219659E+14
 0.23006443E+14
 0.22795188E+14
 0.22585875E+14
 0.22378487E+14
 0.22173005E+14
 0.21969413E+14
 0.21767693E+14
 0.21567827E+14
 0.21369798E+14
 0.21173590E+14
 0.20979186E+14
 0.20786569E+14
 0.20595723E+14
 0.20406631E+14
 0.20219277E+14
 0.20033646E+14
 0.19849720E+14
 0.19667486E+14
 0.19486926E+14
 0.19308026E+14
 0.19130770E+14
 0.18955143E+14
 0.18781131E+14
 0.18608718E+14
 0.18437889E+14
 0.18268630E+14
 0.18100927E+14
 0.17934765E+14
 0.17770130E+14
 0.17607007E+14
 0.17445384E+14
 0.17285246E+14
 0.17126580E+14
 0.16969371E+14
 0.16813607E+14
 0.16659274E+14
 0.16506359E+14
 0.16354850E+14
 0.16204732E+14
 0.16055994E+14
 0.15908622E+14
 0.15762604E+14
 0.15617928E+14
 0.15474580E+14
 0.15332550E+14
 0.15191825E+14
 0.15052392E+14
 0.14914240E+14
 0.14777358E+14
 0.14641733E+14
 0.14507353E+14
 0.14374209E+14
 0.14242287E+14
 0.14111577E+14
 0.13982067E+14
 0.13853748E+14
 0.13726607E+14
 0.13600633E+14
 0.13475817E+14
 0.13352147E+14
 0.13229613E+14
 0.13108205E+14
 0.12987911E+14
 0.12868723E+14
 0.12750629E+14
 0.12633619E+14
 0.12517685E+14
 0.12402815E+14
 0.12289000E+14
 0.12176230E+14
 0.12064495E+14
 0.11953787E+14
 0.11844096E+14
 0.11735412E+14
 0.11627725E+14
 0.11521028E+14
 0.11415311E+14
 0.11310564E+14
 0.11206779E+14
 0.11103947E+14
 0.11002060E+14
 0.10901107E+14
 0.10801082E+14
 0.10701976E+14
 0.10603779E+14
 0.10506484E+14
 0.10410082E+14
 0.10314565E+14
 0.10219925E+14
 0.10126155E+14
 0.10033245E+14
 0.99411879E+13
 0.98499763E+13
 0.97596020E+13
 0.96700574E+13
 0.95813349E+13
 0.94934270E+13
 0.94063261E+13
 0.93200248E+13
 0.92345158E+13
 0.91497917E+13
 0.90658455E+13
 0.89826698E+13
 0.89002578E+13
 0.88186022E+13
 0.87376962E+13
 0.86575330E+13
 0.85781055E+13
 0.84994072E+13
 0.84214313E+13
 0.83441712E+13
 0.82676202E+13
 0.81917719E+13
 0.81166198E+13
 0.80421576E+13
 0.79683788E+13
 0.78952772E+13
 0.78228466E+13
 0.77510808E+13
 0.76799738E+13
 0.76095193E+13
 0.75397116E+13
 0.74705445E+13
 0.74020123E+13
 0.73341090E+13
 0.72668290E+13
 0.72001665E+13
 0.71341158E+13
 0.70686714E+13
 0.70038275E+13
 0.69395788E+13
 0.68759197E+13
 0.68128448E+13
 0.67503488E+13
 0.66884264E+13
 0.66270722E+13
 0.65662812E+13
 0.65060480E+13
 0.64463675E+13
 0.63872348E+13
 0.63286447E+13
 0.62705923E+13
 0.62130726E+13
 0.61560808E+13
 0.60996120E+13
 0.60436613E+13
 0.59882241E+13
 0.59332956E+13
 0.58788712E+13
 0.58249462E+13
 0.57715160E+13
 0.57185761E+13
 0.56661220E+13
 0.56141492E+13
 0.55626534E+13
 0.55116300E+13
 0.54610749E+13
 0.54109836E+13
 0.53613520E+13
 0.53121757E+13
 0.52634507E+13
 0.52151728E+13
 0.51673379E+13
 0.51199418E+13
 0.50729807E+13
 0.50264504E+13
 0.49803471E+13
 0.49346668E+13
 0.48894056E+13
 0.48445597E+13
 0.48001252E+13
 0.47560985E+13
 0.47124757E+13
 0.46692531E+13
 0.46264271E+13
 0.45839941E+13
 0.45419503E+13
 0.45002923E+13
 0.44590165E+13
 0.44181194E+13
 0.43775975E+13
 0.43374473E+13
 0.42976656E+13
 0.42582488E+13
 0.42191936E+13
 0.41804968E+13
 0.41421549E+13
 0.41041649E+13
 0.40665233E+13
 0.40292271E+13
 0.39922730E+13
 0.39556580E+13
 0.39193789E+13
 0.38834326E+13
 0.38478161E+13
 0.38125263E+13
 0.37775602E+13
 0.37429150E+13
 0.37085876E+13
 0.36745750E+13
 0.36408745E+13
 0.36074832E+13
 0.35743982E+13
 0.35416167E+13
 0.35091359E+13
 0.34769530E+13
 0.34450655E+13
 0.34134704E+13
 0.33821651E+13
 0.33511471E+13
 0.33204135E+13
 0.32899619E+13
 0.32597897E+13
 0.32298942E+13
 0.32002730E+13
 0.31709234E+13
 0.31418431E+13
 0.31130296E+13
 0.30844804E+13
 0.30561930E+13
 0.30281651E+13
 0.30003943E+13
 0.29728783E+13
 0.29456147E+13
 0.29186011E+13
 0.28918354E+13
 0.28653151E+13
 0.28390381E+13
 0.28130022E+13
 0.27872050E+13
 0.27616445E+13
 0.27363185E+13
 0.27112247E+13
 0.26863611E+13
 0.26617256E+13
 0.26373161E+13
 0.26131304E+13
 0.25891666E+13
 0.25654226E+13
 0.25418964E+13
 0.25185860E+13
 0.24954893E+13
 0.24726046E+13
 0.24499297E+13
 0.24274628E+13
 0.24052020E+13
 0.23831454E+13
 0.23612910E+13
 0.23396371E+13
 0.23181819E+13
 0.22969234E+13
 0.22758599E+13
 0.22549896E+13
 0.22343107E+13
 0.22138215E+13
 0.21935202E+13
 0.21734051E+13
 0.21534744E+13
 0.21337266E+13
 0.21141600E+13
 0.20947727E+13
 0.20755633E+13
 0.20565301E+13
 0.20376714E+13
 0.20189857E+13
 0.20004714E+13
 0.19821269E+13
 0.19639506E+13
 0.19459411E+13
 0.19280967E+13
 0.19104160E+13
 0.18928974E+13
 0.18755395E+13
 0.18583408E+13
 0.18412998E+13
 0.18244151E+13
 0.18076853E+13
 0.17911089E+13
 0.17746846E+13
 0.17584109E+13
 0.17422864E+13
 0.17263098E+13
 0.17104797E+13
 0.16947948E+13
 0.16792538E+13
 0.16638553E+13
 0.16485980E+13
 0.16334806E+13
 0.16185019E+13
 0.16036605E+13
 0.15889553E+13
 0.15743849E+13
 0.15599482E+13
 0.15456438E+13
 0.15314707E+13
 0.15174275E+13
 0.15035131E+13
 0.14897263E+13
 0.14760659E+13
 0.14625309E+13
 0.14491199E+13
 0.14358319E+13
 0.14226658E+13
 0.14096205E+13
 0.13966948E+13
 0.13838876E+13
 0.13711979E+13
 0.13586245E+13
 0.13461665E+13
 0.13338227E+13
 0.13215921E+13
 0.13094736E+13
 0.12974663E+13
 0.12855692E+13
 0.12737811E+13
 0.12621011E+13
 0.12505282E+13
 0.12390615E+13
 0.12276999E+13
 0.12164425E+13
 0.12052884E+13
 0.11942365E+13
 0.11832860E+13
 0.11724359E+13
 0.11616853E+13
 0.11510333E+13
 0.11404790E+13
 0.11300214E+13
 0.11196598E+13
 0.11093932E+13
 0.10992207E+13
 0.10891415E+13
 0.10791548E+13
 0.10692596E+13
 0.10594552E+13
 0.10497406E+13
 0.10401152E+13
 0.10305780E+13
 0.10211283E+13
 0.10117653E+13
 0.10024881E+13
 0.99329594E+12
 0.98418811E+12
 0.97516380E+12
 0.96622224E+12
 0.95736268E+12
 0.94858437E+12
 0.93988655E+12
 0.93126849E+12
 0.92272946E+12
 0.91426873E+12
 0.90588559E+12
 0.89757932E+12
 0.88934922E+12
 0.88119459E+12
 0.87311473E+12
 0.86510897E+12
 0.85717663E+12
 0.84931702E+12
 0.84152948E+12
 0.83381336E+12
 0.82616799E+12
 0.81859273E+12
 0.81108693E+12
 0.80364996E+12
 0.79628118E+12
 0.78897998E+12
 0.78174573E+12
 0.77457781E+12
 0.76747562E+12
 0.76043856E+12
 0.75346603E+12
 0.74655743E+12
 0.73971218E+12
 0.73292971E+12
 0.72620942E+12
 0.71955076E+12
 0.71295316E+12
 0.70641606E+12
 0.69993890E+12
 0.69352113E+12
 0.68716221E+12
 0.68086160E+12
 0.67461877E+12
 0.66843318E+12
 0.66230431E+12
 0.65623164E+12
 0.65021465E+12
 0.64425284E+12
 0.63834569E+12
 0.63249271E+12
 0.62669340E+12
 0.62094727E+12
 0.61525383E+12
 0.60961259E+12
 0.60402308E+12
 0.59848482E+12
 0.59299735E+12
 0.58756020E+12
 0.58217290E+12
 0.57683500E+12
 0.57154604E+12
 0.56630558E+12
 0.56111318E+12
 0.55596838E+12
 0.55087076E+12
 0.54581989E+12
 0.54081532E+12
 0.53585665E+12
 0.53094345E+12
 0.52607529E+12
 0.52125177E+12
 0.51647249E+12
 0.51173702E+12
 0.50704498E+12
 0.50239596E+12
 0.49778957E+12
 0.49322541E+12
 0.48870311E+12
 0.48422227E+12
 0.47978252E+12
 0.47538348E+12
 0.47102477E+12
 0.46670604E+12
 0.46242690E+12
 0.45818699E+12
 0.45398597E+12
 0.44982346E+12
 0.44569913E+12
 0.44161260E+12
 0.43756355E+12
 0.43355163E+12
 0.42957649E+12
 0.42563780E+12
 0.42173523E+12
 0.41786844E+12
 0.41403710E+12
 0.41024090E+12
 0.40647950E+12
 0.40275260E+12
 0.39905986E+12
 0.39540099E+12
 0.39177566E+12
 0.38818357E+12
 0.38462442E+12
 0.38109791E+12
 0.37760373E+12
 0.37414159E+12
 0.37071119E+12
 0.36731225E+12
 0.36394447E+12
 0.36060758E+12
 0.35730128E+12
 0.35402529E+12
 0.35077934E+12
 0.34756316E+12
 0.34437646E+12
 0.34121898E+12
 0.33809046E+12
 0.33499062E+12
 0.33191920E+12
 0.32887595E+12
 0.32586059E+12
 0.32287289E+12
 0.31991258E+12
 0.31697941E+12
 0.31407314E+12
 0.31119352E+12
 0.30834030E+12
 0.30551324E+12
 0.30271210E+12
 0.29993664E+12
 0.29718664E+12
 0.29446184E+12
 0.29176203E+12
 0.28908698E+12
 0.28643645E+12
 0.28381023E+12
 0.28120809E+12
 0.27862980E+12
 0.27607515E+12
 0.27354393E+12
 0.27103592E+12
 0.26855090E+12
 0.26608867E+12
 0.26364901E+12
 0.26123172E+12
 0.25883660E+12
 0.25646344E+12
 0.25411203E+12
 0.25178219E+12
 0.24947371E+12
 0.24718639E+12
 0.24492005E+12
 0.24267448E+12
 0.24044951E+12
 0.23824493E+12
 0.23606057E+12
 0.23389624E+12
 0.23175175E+12
 0.22962693E+12
 0.22752158E+12
 0.22543554E+12
 0.22336863E+12
 0.22132067E+12
 0.21929148E+12
 0.21728090E+12
 0.21528876E+12
 0.21331488E+12
 0.21135910E+12
 0.20942125E+12
 0.20750117E+12
 0.20559869E+12
 0.20371366E+12
 0.20184591E+12
 0.19999528E+12
 0.19816162E+12
 0.19634478E+12
 0.19454459E+12
 0.19276091E+12
 0.19099359E+12
 0.18924246E+12
 0.18750740E+12
 0.18578824E+12
 0.18408484E+12
 0.18239706E+12
 0.18072476E+12
 0.17906779E+12
 0.17742601E+12
 0.17579929E+12
 0.17418748E+12
 0.17259045E+12
 0.17100806E+12
 0.16944018E+12
 0.16788667E+12
 0.16634741E+12
 0.16482226E+12
 0.16331110E+12
 0.16181379E+12
 0.16033020E+12
 0.15886023E+12
 0.15740372E+12
 0.15596058E+12
 0.15453066E+12
 0.15311386E+12
 0.15171004E+12
 0.15031910E+12
 0.14894091E+12
 0.14757536E+12
 0.14622232E+12
 0.14488169E+12
 0.14355336E+12
 0.14223720E+12
 0.14093311E+12
 0.13964098E+12
 0.13836069E+12
 0.13709214E+12
 0.13583522E+12
 0.13458983E+12
 0.13335586E+12
 0.13213320E+12
 0.13092175E+12
 0.12972140E+12
 0.12853207E+12
 0.12735363E+12
 0.12618600E+12
 0.12502908E+12
 0.12388277E+12
 0.12274696E+12
 0.12162157E+12
 0.12050649E+12
 0.11940164E+12
 0.11830692E+12
 0.11722224E+12
 0.11614750E+12
 0.11508262E+12
 0.11402750E+12
 0.11298205E+12
 0.11194619E+12
 0.11091983E+12
 0.10990287E+12
 0.10889524E+12
 0.10789685E+12
 0.10690761E+12
 0.10592745E+12
 0.10495626E+12
 0.10399399E+12
 0.10304053E+12
 0.10209582E+12
 0.10115977E+12
 0.10023230E+12
 0.99313337E+11
 0.98402797E+11
 0.97500606E+11
 0.96606687E+11
 0.95720963E+11
 0.94843361E+11
 0.93973804E+11
 0.93112220E+11
 0.92258536E+11
 0.91412678E+11
 0.90574576E+11
 0.89744158E+11
 0.88921354E+11
 0.88106093E+11
 0.87298308E+11
 0.86497928E+11
 0.85704887E+11
 0.84919116E+11
 0.84140550E+11
 0.83369123E+11
 0.82604768E+11
 0.81847421E+11
 0.81097017E+11
 0.80353494E+11
 0.79616788E+11
 0.78886836E+11
 0.78163577E+11
 0.77446949E+11
 0.76736891E+11
 0.76033344E+11
 0.75336247E+11
 0.74645541E+11
 0.73961168E+11
 0.73283069E+11
 0.72611188E+11
 0.71945466E+11
 0.71285849E+11
 0.70632279E+11
 0.69984701E+11
 0.69343061E+11
 0.68707303E+11
 0.68077374E+11
 0.67453221E+11
 0.66834790E+11
 0.66222029E+11
 0.65614887E+11
 0.65013311E+11
 0.64417250E+11
 0.63826654E+11
 0.63241473E+11
 0.62661658E+11
 0.62087158E+11
 0.61517925E+11
 0.60953912E+11
 0.60395069E+11
 0.59841351E+11
 0.59292709E+11
 0.58749097E+11
 0.58210469E+11
 0.57676779E+11
 0.57147983E+11
 0.56624035E+11
 0.56104891E+11
 0.55590506E+11
 0.55080837E+11
 0.54575841E+11
 0.54075476E+11
 0.53579697E+11
 0.53088465E+11
 0.52601736E+11
 0.52119469E+11
 0.51641625E+11
 0.51168161E+11
 0.50699038E+11
 0.50234216E+11
 0.49773656E+11
 0.49317318E+11
 0.48865165E+11
 0.48417157E+11
 0.47973256E+11
 0.47533425E+11
 0.47097627E+11
 0.46665824E+11
 0.46237980E+11
 0.45814059E+11
 0.45394025E+11
 0.44977841E+11
 0.44565473E+11
 0.44156886E+11
 0.43752045E+11
 0.43350916E+11
 0.42953464E+11
 0.42559657E+11
 0.42169460E+11
 0.41782840E+11
 0.41399765E+11
 0.41020202E+11
 0.40644120E+11
 0.40271485E+11
 0.39902266E+11
 0.39536433E+11
 0.39173954E+11
 0.38814798E+11
 0.38458935E+11
 0.38106335E+11
 0.37756968E+11
 0.37410803E+11
 0.37067812E+11
 0.36727966E+11
 0.36391236E+11
 0.36057593E+11
 0.35727009E+11
 0.35399456E+11
 0.35074906E+11
 0.34753332E+11
 0.34434706E+11
 0.34119001E+11
 0.33806190E+11
 0.33496248E+11
 0.33189147E+11
 0.32884862E+11
 0.32583366E+11
 0.32284635E+11
 0.31988643E+11
 0.31695364E+11
 0.31404774E+11
 0.31116849E+11
 0.30831563E+11
 0.30548893E+11
 0.30268814E+11
 0.29991304E+11
 0.29716337E+11
 0.29443892E+11
 0.29173944E+11
 0.28906471E+11
 0.28641451E+11
 0.28378860E+11
 0.28118677E+11
 0.27860880E+11
 0.27605445E+11
 0.27352353E+11
 0.27101581E+11
 0.26853109E+11
 0.26606914E+11
 0.26362977E+11
 0.26121276E+11
 0.25881791E+11
 0.25644502E+11
 0.25409388E+11
 0.25176430E+11
 0.24945607E+11
 0.24716901E+11
 0.24490292E+11
 0.24265760E+11
 0.24043287E+11
 0.23822854E+11
 0.23604441E+11
 0.23388032E+11
 0.23173606E+11
 0.22961146E+11
 0.22750634E+11
 0.22542052E+11
 0.22335382E+11
 0.22130607E+11
 0.21927710E+11
 0.21726672E+11
 0.21527478E+11
 0.21330111E+11
 0.21134552E+11
 0.20940787E+11
 0.20748798E+11
 0.20558569E+11
 0.20370085E+11
 0.20183328E+11
 0.19998284E+11
 0.19814936E+11
 0.19633269E+11
 0.19453268E+11
 0.19274917E+11
 0.19098201E+11
 0.18923106E+11
 0.18749615E+11
 0.18577716E+11
 0.18407392E+11
 0.18238630E+11
 0.18071415E+11
 0.17905733E+11
 0.17741570E+11
 0.17578913E+11
 0.17417746E+11
 0.17258057E+11
 0.17099833E+11
 0.16943059E+11
 0.16787722E+11
 0.16633809E+11
 0.16481308E+11
 0.16330204E+11
 0.16180486E+11
 0.16032141E+11
 0.15885156E+11
 0.15739518E+11
 0.15595216E+11
 0.15452236E+11
 0.15310568E+11
 0.15170198E+11
 0.15031115E+11
 0.14893307E+11
 0.14756763E+11
 0.14621471E+11
 0.14487419E+11
 0.14354596E+11
 0.14222991E+11
 0.14092592E+11
 0.13963389E+11
 0.13835371E+11
 0.13708526E+11
 0.13582844E+11
 0.13458314E+11
 0.13334926E+11
 0.13212670E+11
 0.13091534E+11
 0.12971509E+11
 0.12852584E+11
 0.12734750E+11
 0.12617996E+11
 0.12502312E+11
 0.12387689E+11
 0.12274117E+11
 0.12161586E+11
 0.12050087E+11
 0.11939610E+11
 0.11830145E+11
 0.11721685E+11
 0.11614219E+11
 0.11507738E+11
 0.11402233E+11
 0.11297696E+11
 0.11194117E+11
 0.11091488E+11
 0.10989800E+11
 0.10889043E+11
 0.10789211E+11
 0.10690294E+11
 0.10592284E+11
