 0.10904236E+15
 0.10956534E+15
 0.11009203E+15
 0.11062245E+15
 0.11115664E+15
 0.11169462E+15
 0.11223643E+15
 0.11278210E+15
 0.11333166E+15
 0.11388513E+15
 0.11444256E+15
 0.11500396E+15
 0.11556938E+15
 0.11613884E+15
 0.11671238E+15
 0.11729004E+15
 0.11787183E+15
 0.11845780E+15
 0.11904799E+15
 0.11964241E+15
 0.12024112E+15
 0.12084413E+15
 0.12145150E+15
 0.12206325E+15
 0.12267941E+15
 0.12330003E+15
 0.12392514E+15
 0.12455477E+15
 0.12518897E+15
 0.12582776E+15
 0.12647120E+15
 0.12711930E+15
 0.12777212E+15
 0.12842969E+15
 0.12909205E+15
 0.12975924E+15
 0.13043129E+15
 0.13110825E+15
 0.13179016E+15
 0.13247706E+15
 0.13316898E+15
 0.13386597E+15
 0.13456808E+15
 0.13527533E+15
 0.13598779E+15
 0.13670548E+15
 0.13742845E+15
 0.13815674E+15
 0.13889040E+15
 0.13962947E+15
 0.14037400E+15
 0.14112403E+15
 0.14187961E+15
 0.14264078E+15
 0.14340759E+15
 0.14418008E+15
 0.14495831E+15
 0.14574231E+15
 0.14653215E+15
 0.14732785E+15
 0.14812949E+15
 0.14893709E+15
 0.14975072E+15
 0.15057043E+15
 0.15139625E+15
 0.15222825E+15
 0.15306648E+15
 0.15391099E+15
 0.15476183E+15
 0.15561905E+15
 0.15648271E+15
 0.15735286E+15
 0.15822955E+15
 0.15911284E+15
 0.16000279E+15
 0.16089945E+15
 0.16180288E+15
 0.16271313E+15
 0.16363027E+15
 0.16455434E+15
 0.16548542E+15
 0.16642355E+15
 0.16736880E+15
 0.16832122E+15
 0.16928088E+15
 0.17024785E+15
 0.17122217E+15
 0.17220391E+15
 0.17319315E+15
 0.17418993E+15
 0.17519432E+15
 0.17620640E+15
 0.17722621E+15
 0.17825384E+15
 0.17928935E+15
 0.18033280E+15
 0.18138425E+15
 0.18244379E+15
 0.18351148E+15
 0.18458739E+15
 0.18567159E+15
 0.18676414E+15
 0.18786513E+15
 0.18897462E+15
 0.19009269E+15
 0.19121941E+15
 0.19235486E+15
 0.19349911E+15
 0.19465223E+15
 0.19581431E+15
 0.19698542E+15
 0.19816563E+15
 0.19935504E+15
 0.20055371E+15
 0.20176173E+15
 0.20297918E+15
 0.20420613E+15
 0.20544269E+15
 0.20668891E+15
 0.20794490E+15
 0.20921073E+15
 0.21048650E+15
 0.21177228E+15
 0.21306817E+15
 0.21437425E+15
 0.21569062E+15
 0.21701736E+15
 0.21835456E+15
 0.21970232E+15
 0.22106073E+15
 0.22242988E+15
 0.22380986E+15
 0.22520078E+15
 0.22660273E+15
 0.22801581E+15
 0.22944010E+15
 0.23087572E+15
 0.23232277E+15
 0.23378134E+15
 0.23525153E+15
 0.23673346E+15
 0.23822722E+15
 0.23973291E+15
 0.24125066E+15
 0.24278055E+15
 0.24432271E+15
 0.24587724E+15
 0.24744424E+15
 0.24902384E+15
 0.25061615E+15
 0.25222127E+15
 0.25383933E+15
 0.25547043E+15
 0.25711470E+15
 0.25877226E+15
 0.26044322E+15
 0.26212771E+15
 0.26382584E+15
 0.26553774E+15
 0.26726354E+15
 0.26900336E+15
 0.27075732E+15
 0.27252556E+15
 0.27430821E+15
 0.27610539E+15
 0.27791724E+15
 0.27974389E+15
 0.28158547E+15
 0.28344213E+15
 0.28531399E+15
 0.28720121E+15
 0.28910391E+15
 0.29102225E+15
 0.29295635E+15
 0.29490638E+15
 0.29687247E+15
 0.29885477E+15
 0.30085343E+15
 0.30286861E+15
 0.30490045E+15
 0.30694911E+15
 0.30901474E+15
 0.31109750E+15
 0.31319755E+15
 0.31531505E+15
 0.31745017E+15
 0.31960305E+15
 0.32177388E+15
 0.32396282E+15
 0.32617003E+15
 0.32839569E+15
 0.33063997E+15
 0.33290305E+15
 0.33518509E+15
 0.33748628E+15
 0.33980680E+15
 0.34214683E+15
 0.34450655E+15
 0.34688615E+15
 0.34928582E+15
 0.35170574E+15
 0.35414611E+15
 0.35660712E+15
 0.35908897E+15
 0.36159185E+15
 0.36411597E+15
 0.36666152E+15
 0.36922871E+15
 0.37181775E+15
 0.37442885E+15
 0.37706221E+15
 0.37971805E+15
 0.38239659E+15
 0.38509804E+15
 0.38782263E+15
 0.39057057E+15
 0.39334209E+15
 0.39613742E+15
 0.39895680E+15
 0.40180044E+15
 0.40466859E+15
 0.40756148E+15
 0.41047936E+15
 0.41342247E+15
 0.41639106E+15
 0.41938536E+15
 0.42240564E+15
 0.42545215E+15
 0.42852514E+15
 0.43162488E+15
 0.43475163E+15
 0.43790565E+15
 0.44108722E+15
 0.44429660E+15
 0.44753407E+15
 0.45079990E+15
 0.45409439E+15
 0.45741781E+15
 0.46077045E+15
 0.46415260E+15
 0.46756456E+15
 0.47100662E+15
 0.47447909E+15
 0.47798226E+15
 0.48151646E+15
 0.48508199E+15
 0.48867916E+15
 0.49230830E+15
 0.49596972E+15
 0.49966376E+15
 0.50339074E+15
 0.50715101E+15
 0.51094489E+15
 0.51477273E+15
 0.51863488E+15
 0.52253168E+15
 0.52646350E+15
 0.53043069E+15
 0.53443361E+15
 0.53847263E+15
 0.54254813E+15
 0.54666048E+15
 0.55081006E+15
 0.55499726E+15
 0.55922247E+15
 0.56348608E+15
 0.56778850E+15
 0.57213012E+15
 0.57651137E+15
 0.58093264E+15
 0.58539438E+15
 0.58989699E+15
 0.59444091E+15
 0.59902658E+15
 0.60365444E+15
 0.60832494E+15
 0.61303852E+15
 0.61779565E+15
 0.62259680E+15
 0.62744242E+15
 0.63233300E+15
 0.63726903E+15
 0.64225098E+15
 0.64727936E+15
 0.65235466E+15
 0.65747739E+15
 0.66264807E+15
 0.66786722E+15
 0.67313536E+15
 0.67845304E+15
 0.68382078E+15
 0.68923915E+15
 0.69470869E+15
 0.70022997E+15
 0.70580356E+15
 0.71143004E+15
 0.71711000E+15
 0.72284402E+15
 0.72863272E+15
 0.73447670E+15
 0.74037658E+15
 0.74633298E+15
 0.75234655E+15
 0.75841792E+15
 0.76454776E+15
 0.77073671E+15
 0.77698546E+15
 0.78329468E+15
 0.78966507E+15
 0.79609732E+15
 0.80259214E+15
 0.80915025E+15
 0.81577239E+15
 0.82245928E+15
 0.82921169E+15
 0.83603037E+15
 0.84291609E+15
 0.84986965E+15
 0.85689182E+15
 0.86398343E+15
 0.87114528E+15
 0.87837821E+15
 0.88568306E+15
 0.89306068E+15
 0.90051194E+15
 0.90803771E+15
 0.91563891E+15
 0.92331642E+15
 0.93107117E+15
 0.93890409E+15
 0.94681613E+15
 0.95480826E+15
 0.96288144E+15
 0.97103668E+15
 0.97927497E+15
 0.98759735E+15
 0.99600485E+15
 0.10044985E+16
 0.10130794E+16
 0.10217487E+16
 0.10305074E+16
 0.10393567E+16
 0.10482976E+16
 0.10573315E+16
 0.10664593E+16
 0.10756825E+16
 0.10850020E+16
 0.10944193E+16
 0.11039355E+16
 0.11135519E+16
 0.11232699E+16
 0.11330907E+16
 0.11430157E+16
 0.11530462E+16
 0.11631837E+16
 0.11734295E+16
 0.11837851E+16
 0.11942519E+16
 0.12048315E+16
 0.12155253E+16
 0.12263348E+16
 0.12372617E+16
 0.12483075E+16
 0.12594739E+16
 0.12707625E+16
 0.12821749E+16
 0.12937128E+16
 0.13053781E+16
 0.13171725E+16
 0.13290977E+16
 0.13411557E+16
 0.13533482E+16
 0.13656771E+16
 0.13781445E+16
 0.13907523E+16
 0.14035025E+16
 0.14163971E+16
 0.14294382E+16
 0.14426280E+16
 0.14559686E+16
 0.14694622E+16
 0.14831111E+16
 0.14969176E+16
 0.15108840E+16
 0.15250127E+16
 0.15393061E+16
 0.15537667E+16
 0.15683971E+16
 0.15831997E+16
 0.15981774E+16
 0.16133327E+16
 0.16286684E+16
 0.16441873E+16
 0.16598922E+16
 0.16757861E+16
 0.16918720E+16
 0.17081529E+16
 0.17246319E+16
 0.17413121E+16
 0.17581969E+16
 0.17752896E+16
 0.17925934E+16
 0.18101120E+16
 0.18278488E+16
 0.18458074E+16
 0.18639916E+16
 0.18824051E+16
 0.19010518E+16
 0.19199356E+16
 0.19390607E+16
 0.19584311E+16
 0.19780511E+16
 0.19979250E+16
 0.20180572E+16
 0.20384524E+16
 0.20591151E+16
 0.20800502E+16
 0.21012624E+16
 0.21227570E+16
 0.21445388E+16
 0.21666133E+16
 0.21889858E+16
 0.22116618E+16
 0.22346470E+16
 0.22579471E+16
 0.22815683E+16
 0.23055165E+16
 0.23297981E+16
 0.23544195E+16
 0.23793873E+16
 0.24047083E+16
 0.24303895E+16
 0.24564380E+16
 0.24828612E+16
 0.25096667E+16
 0.25368622E+16
 0.25644558E+16
 0.25924556E+16
 0.26208702E+16
 0.26497081E+16
 0.26789785E+16
 0.27086904E+16
 0.27388533E+16
 0.27694772E+16
 0.28005719E+16
 0.28321479E+16
 0.28642158E+16
 0.28967867E+16
 0.29298718E+16
 0.29634831E+16
 0.29976324E+16
 0.30323322E+16
 0.30675955E+16
 0.31034355E+16
 0.31398659E+16
 0.31769009E+16
 0.32145552E+16
 0.32528438E+16
 0.32917823E+16
 0.33313871E+16
 0.33716748E+16
 0.34126627E+16
 0.34543688E+16
 0.34968117E+16
 0.35400105E+16
 0.35839852E+16
 0.36287565E+16
 0.36743458E+16
 0.37207753E+16
 0.37680680E+16
 0.38162480E+16
 0.38653399E+16
 0.39153698E+16
 0.39663643E+16
 0.40183513E+16
 0.40713599E+16
 0.41254203E+16
 0.41805637E+16
 0.42368230E+16
 0.42942322E+16
 0.43528267E+16
 0.44126435E+16
 0.44737212E+16
 0.45361002E+16
 0.45998224E+16
 0.46649316E+16
 0.47314738E+16
 0.47994970E+16
 0.48690512E+16
 0.49401889E+16
 0.50129651E+16
 0.50874373E+16
 0.51636658E+16
 0.52417139E+16
 0.53216478E+16
 0.54035372E+16
 0.54874553E+16
 0.55734790E+16
 0.56616890E+16
 0.57521704E+16
 0.58450128E+16
 0.59403104E+16
 0.60381628E+16
 0.61386747E+16
 0.62419569E+16
 0.63481263E+16
 0.64573065E+16
 0.65696282E+16
 0.66852297E+16
 0.68042577E+16
 0.69268674E+16
 0.70532236E+16
 0.71835013E+16
 0.73178864E+16
 0.74565765E+16
 0.75997821E+16
 0.77477272E+16
 0.79006507E+16
 0.80588076E+16
 0.82224701E+16
 0.83919293E+16
 0.85674968E+16
 0.87495062E+16
 0.89383152E+16
 0.91343078E+16
 0.93378967E+16
 0.95495256E+16
 0.97696724E+16
 0.99988525E+16
 0.10237622E+17
 0.10486582E+17
 0.10746382E+17
 0.11017728E+17
 0.11301383E+17
 0.11598177E+17
 0.11909014E+17
 0.12234878E+17
 0.12576840E+17
 0.12936074E+17
 0.13313862E+17
 0.13711610E+17
 0.14130860E+17
 0.14573309E+17
 0.15040825E+17
 0.15535469E+17
 0.16059520E+17
 0.16615499E+17
 0.17206205E+17
 0.17834747E+17
 0.18504588E+17
 0.19219592E+17
 0.19984079E+17
 0.20802887E+17
 0.21681449E+17
 0.22625873E+17
 0.23643046E+17
 0.24740742E+17
 0.25927757E+17
 0.27214058E+17
 0.28610960E+17
 0.30131320E+17
 0.31789768E+17
 0.33602956E+17
 0.35589838E+17
 0.37771965E+17
 0.40173793E+17
 0.42822964E+17
 0.45750532E+17
 0.48991051E+17
 0.52582410E+17
 0.56565221E+17
 0.60981479E+17
 0.65872057E+17
 0.71272437E+17
 0.77205928E+17
 0.83673557E+17
 0.90640257E+17
 0.98018267E+17
 0.10565187E+18
 0.11331277E+18
 0.12072031E+18
 0.12759620E+18
 0.13373592E+18
 0.13904309E+18
 0.14349497E+18
 0.14709074E+18
 0.14983178E+18
 0.15171953E+18
 0.15275543E+18
 0.15294103E+18
 0.15227783E+18
 0.15076739E+18
 0.14841132E+18
 0.14521122E+18
 0.14116878E+18
 0.13628666E+18
 0.13058131E+18
 0.12412795E+18
 0.11710576E+18
 0.10978032E+18
 0.10243592E+18
 0.95314206E+17
 0.88586341E+17
 0.82353259E+17
 0.76659556E+17
 0.71510310E+17
 0.66885707E+17
 0.62751977E+17
 0.59068852E+17
 0.55794318E+17
 0.52887434E+17
 0.50309884E+17
 0.48026701E+17
 0.46006500E+17
 0.44221430E+17
 0.42646961E+17
 0.41261608E+17
 0.40046624E+17
 0.38985698E+17
 0.38064678E+17
 0.37271312E+17
 0.36595022E+17
 0.36026704E+17
 0.35558557E+17
 0.35183935E+17
 0.34897221E+17
 0.34693722E+17
 0.34569578E+17
 0.34521694E+17
 0.34547675E+17
 0.34645786E+17
 0.34814914E+17
 0.35054543E+17
 0.35364742E+17
 0.35746163E+17
 0.36200039E+17
 0.36728205E+17
 0.37333121E+17
 0.38017907E+17
 0.38786389E+17
 0.39643157E+17
 0.40593639E+17
 0.41644187E+17
 0.42802178E+17
 0.44076140E+17
 0.45475895E+17
 0.47012719E+17
 0.48699541E+17
 0.50551150E+17
 0.52584441E+17
 0.54818672E+17
 0.57275745E+17
 0.59980480E+17
 0.62960868E+17
 0.66248266E+17
 0.69877484E+17
 0.73886697E+17
 0.78317126E+17
 0.83212397E+17
 0.88617451E+17
 0.94576614E+17
 0.10112986E+18
 0.10830574E+18
 0.11610991E+18
 0.12450944E+18
 0.13341448E+18
 0.14266106E+18
 0.15200522E+18
 0.16114340E+18
 0.16977203E+18
 0.17766601E+18
 0.18472050E+18
 0.19091577E+18
 0.19625923E+18
 0.20076228E+18
 0.20443794E+18
 0.20730169E+18
 0.20937202E+18
 0.21067038E+18
 0.21122055E+18
 0.21104825E+18
 0.21018122E+18
 0.20864960E+18
 0.20648734E+18
 0.20374572E+18
 0.20054192E+18
 0.19711121E+18
 0.19379086E+18
 0.19094558E+18
 0.18889665E+18
 0.18788683E+18
 0.18807628E+18
 0.18955377E+18
 0.19235242E+18
 0.19646504E+18
 0.20185678E+18
 0.20846942E+18
 0.21620921E+18
 0.22491975E+18
 0.23435460E+18
 0.24416358E+18
 0.25390782E+18
 0.26312024E+18
 0.27140443E+18
 0.27851830E+18
 0.28436493E+18
 0.28891532E+18
 0.29215468E+18
 0.29407098E+18
 0.29465451E+18
 0.29390102E+18
 0.29181944E+18
 0.28843415E+18
 0.28378113E+18
 0.27789499E+18
 0.27080301E+18
 0.26252303E+18
 0.25307027E+18
 0.24249820E+18
 0.23097916E+18
 0.21884058E+18
 0.20650346E+18
 0.19438040E+18
 0.18280201E+18
 0.17199057E+18
 0.16207639E+18
 0.15307010E+18
 0.14498300E+18
 0.13774968E+18
 0.13129277E+18
 0.12552644E+18
 0.12036698E+18
 0.11573955E+18
 0.11157956E+18
 0.10783071E+18
 0.10444339E+18
 0.10137418E+18
 0.98585206E+17
 0.96043373E+17
 0.93727383E+17
 0.91588013E+17
 0.89625856E+17
 0.87812905E+17
 0.86131250E+17
 0.84565119E+17
 0.83100663E+17
 0.81725799E+17
 0.80430370E+17
 0.79207672E+17
 0.78057494E+17
 0.76987712E+17
 0.76012223E+17
 0.75146820E+17
 0.74405661E+17
 0.73799476E+17
 0.73335305E+17
 0.73017104E+17
 0.72846669E+17
 0.72824556E+17
 0.72950857E+17
 0.73225804E+17
 0.73650229E+17
 0.74225893E+17
 0.74955737E+17
 0.75844066E+17
 0.76896684E+17
 0.78120981E+17
 0.79525956E+17
 0.81122143E+17
 0.82921388E+17
 0.84936368E+17
 0.87179727E+17
 0.89662609E+17
 0.92392350E+17
 0.95369057E+17
 0.98580941E+17
 0.10199875E+18
 0.10557069E+18
 0.10922104E+18
 0.11285716E+18
 0.11638803E+18
 0.11974803E+18
 0.12290777E+18
 0.12586211E+18
 0.12861308E+18
 0.13116370E+18
 0.13351730E+18
 0.13567750E+18
 0.13764830E+18
 0.13943401E+18
 0.14103931E+18
 0.14246934E+18
 0.14372959E+18
 0.14482604E+18
 0.14576552E+18
 0.14656025E+18
 0.14724329E+18
 0.14788335E+18
 0.14857835E+18
 0.14943255E+18
 0.15053637E+18
 0.15195739E+18
 0.15374068E+18
 0.15591360E+18
 0.15849150E+18
 0.16148273E+18
 0.16489234E+18
 0.16872472E+18
 0.17298531E+18
 0.17768175E+18
 0.18282453E+18
 0.18842749E+18
 0.19450811E+18
 0.20108782E+18
 0.20819222E+18
 0.21585134E+18
 0.22409994E+18
 0.23297789E+18
 0.24253056E+18
 0.25280933E+18
 0.26387215E+18
 0.27578420E+18
 0.28861865E+18
 0.30245746E+18
 0.31739232E+18
 0.33352563E+18
 0.35097151E+18
 0.36985685E+18
 0.39032231E+18
 0.41252315E+18
 0.43663006E+18
 0.46282965E+18
 0.49132515E+18
 0.52233754E+18
 0.55610811E+18
 0.59290343E+18
 0.63302321E+18
 0.67680883E+18
 0.72464739E+18
 0.77696646E+18
 0.83422000E+18
 0.89686855E+18
 0.96535198E+18
 0.10400483E+19
 0.11212124E+19
 0.12088896E+19
 0.13027999E+19
 0.14022024E+19
 0.15057551E+19
 0.16114275E+19
 0.17165480E+19
 0.18180826E+19
 0.19131666E+19
 0.19996962E+19
 0.20765928E+19
 0.21435379E+19
 0.22005129E+19
 0.22475410E+19
 0.22846178E+19
 0.23116948E+19
 0.23286726E+19
 0.23354026E+19
 0.23317018E+19
 0.23173855E+19
 0.22923067E+19
 0.22563814E+19
 0.22095800E+19
 0.21518994E+19
 0.20833718E+19
 0.20042276E+19
 0.19153016E+19
 0.18184100E+19
 0.17162394E+19
 0.16119075E+19
 0.15082022E+19
 0.14073999E+19
 0.13110641E+19
 0.12201211E+19
 0.11349897E+19
 0.10557231E+19
 0.98213724E+18
 0.91392530E+18
 0.85075610E+18
 0.79232957E+18
 0.73838244E+18
 0.68866806E+18
 0.64293720E+18
 0.60092992E+18
 0.56237732E+18
 0.52700794E+18
 0.49455507E+18
 0.46476283E+18
 0.43739037E+18
 0.41221429E+18
 0.38902962E+18
 0.36764978E+18
 0.34790591E+18
 0.32964574E+18
 0.31273231E+18
 0.29704264E+18
 0.28246633E+18
 0.26890432E+18
 0.25626768E+18
 0.24447653E+18
 0.23345904E+18
 0.22315055E+18
 0.21349279E+18
 0.20443316E+18
 0.19592413E+18
 0.18792269E+18
 0.18038984E+18
 0.17329020E+18
 0.16659158E+18
 0.16026469E+18
 0.15428284E+18
 0.14862162E+18
 0.14325875E+18
 0.13817380E+18
 0.13334807E+18
 0.12876436E+18
 0.12440687E+18
 0.12026108E+18
 0.11631356E+18
 0.11255197E+18
 0.10896486E+18
 0.10554169E+18
 0.10227265E+18
 0.99148696E+17
 0.96161397E+17
 0.93302940E+17
 0.90566054E+17
 0.87943974E+17
 0.85430394E+17
 0.83019437E+17
 0.80705613E+17
 0.78483795E+17
 0.76349187E+17
 0.74297304E+17
 0.72323939E+17
 0.70425153E+17
 0.68597249E+17
 0.66836753E+17
 0.65140405E+17
 0.63505135E+17
 0.61928058E+17
 0.60406453E+17
 0.58937759E+17
 0.57519559E+17
 0.56149574E+17
 0.54825649E+17
 0.53545751E+17
 0.52307956E+17
 0.51110443E+17
 0.49951491E+17
 0.48829467E+17
 0.47742826E+17
 0.46690100E+17
 0.45669899E+17
 0.44680902E+17
 0.43721854E+17
 0.42791563E+17
 0.41888897E+17
 0.41012776E+17
 0.40162176E+17
 0.39336118E+17
 0.38533672E+17
 0.37753952E+17
 0.36996112E+17
 0.36259344E+17
 0.35542879E+17
 0.34845982E+17
 0.34167950E+17
 0.33508114E+17
 0.32865831E+17
 0.32240488E+17
 0.31631499E+17
 0.31038302E+17
 0.30460359E+17
 0.29897155E+17
 0.29348198E+17
 0.28813013E+17
 0.28291149E+17
 0.27782169E+17
 0.27285657E+17
 0.26801212E+17
 0.26328449E+17
 0.25867000E+17
 0.25416509E+17
 0.24976635E+17
 0.24547051E+17
 0.24127441E+17
 0.23717502E+17
 0.23316942E+17
 0.22925481E+17
 0.22542847E+17
 0.22168781E+17
 0.21803032E+17
 0.21445357E+17
 0.21095524E+17
 0.20753308E+17
 0.20418493E+17
 0.20090869E+17
 0.19770235E+17
 0.19456395E+17
 0.19149164E+17
 0.18848357E+17
 0.18553802E+17
 0.18265328E+17
 0.17982771E+17
 0.17705974E+17
 0.17434783E+17
 0.17169052E+17
 0.16908636E+17
 0.16653398E+17
 0.16403204E+17
 0.16157923E+17
 0.15917432E+17
 0.15681608E+17
 0.15450334E+17
 0.15223496E+17
 0.15000984E+17
 0.14782690E+17
 0.14568511E+17
 0.14358347E+17
 0.14152100E+17
 0.13949676E+17
 0.13750982E+17
 0.13555931E+17
 0.13364436E+17
 0.13176413E+17
 0.12991781E+17
 0.12810461E+17
 0.12632376E+17
 0.12457453E+17
 0.12285618E+17
 0.12116801E+17
 0.11950935E+17
 0.11787952E+17
 0.11627790E+17
 0.11470384E+17
 0.11315674E+17
 0.11163600E+17
 0.11014106E+17
 0.10867134E+17
 0.10722631E+17
 0.10580543E+17
 0.10440819E+17
 0.10303408E+17
 0.10168262E+17
 0.10035333E+17
 0.99045733E+16
 0.97759393E+16
 0.96493864E+16
 0.95248717E+16
 0.94023534E+16
 0.92817908E+16
 0.91631442E+16
 0.90463749E+16
 0.89314451E+16
 0.88183182E+16
 0.87069582E+16
 0.85973301E+16
 0.84893999E+16
 0.83831342E+16
 0.82785007E+16
 0.81754675E+16
 0.80740038E+16
 0.79740794E+16
 0.78756649E+16
 0.77787314E+16
 0.76832510E+16
 0.75891962E+16
 0.74965403E+16
 0.74052570E+16
 0.73153209E+16
 0.72267070E+16
 0.71393909E+16
 0.70533488E+16
 0.69685575E+16
 0.68849942E+16
 0.68026366E+16
 0.67214630E+16
 0.66414522E+16
 0.65625834E+16
 0.64848363E+16
 0.64081910E+16
 0.63326281E+16
 0.62581285E+16
 0.61846737E+16
 0.61122456E+16
 0.60408261E+16
 0.59703981E+16
 0.59009444E+16
 0.58324484E+16
 0.57648936E+16
 0.56982642E+16
 0.56325445E+16
 0.55677192E+16
 0.55037732E+16
 0.54406919E+16
 0.53784609E+16
 0.53170660E+16
 0.52564936E+16
 0.51967300E+16
 0.51377621E+16
 0.50795767E+16
 0.50221614E+16
 0.49655034E+16
 0.49095907E+16
 0.48544113E+16
 0.47999534E+16
 0.47462056E+16
 0.46931565E+16
 0.46407951E+16
 0.45891105E+16
 0.45380922E+16
 0.44877296E+16
 0.44380127E+16
 0.43889312E+16
 0.43404755E+16
 0.42926358E+16
 0.42454027E+16
 0.41987669E+16
 0.41527193E+16
 0.41072509E+16
 0.40623530E+16
 0.40180168E+16
 0.39742341E+16
 0.39309965E+16
 0.38882958E+16
 0.38461240E+16
 0.38044733E+16
 0.37633360E+16
 0.37227045E+16
 0.36825713E+16
 0.36429293E+16
 0.36037711E+16
 0.35650898E+16
 0.35268784E+16
 0.34891301E+16
 0.34518384E+16
 0.34149965E+16
 0.33785981E+16
 0.33426369E+16
 0.33071065E+16
 0.32720010E+16
 0.32373142E+16
 0.32030404E+16
 0.31691736E+16
 0.31357082E+16
 0.31026386E+16
 0.30699592E+16
 0.30376647E+16
 0.30057497E+16
 0.29742089E+16
 0.29430373E+16
 0.29122297E+16
 0.28817812E+16
 0.28516869E+16
 0.28219419E+16
 0.27925416E+16
 0.27634812E+16
 0.27347561E+16
 0.27063619E+16
 0.26782942E+16
 0.26505484E+16
 0.26231205E+16
 0.25960060E+16
 0.25692009E+16
 0.25427011E+16
 0.25165026E+16
 0.24906013E+16
 0.24649933E+16
 0.24396750E+16
 0.24146423E+16
 0.23898917E+16
 0.23654195E+16
 0.23412221E+16
 0.23172958E+16
 0.22936373E+16
 0.22702430E+16
 0.22471096E+16
 0.22242338E+16
 0.22016122E+16
 0.21792417E+16
 0.21571190E+16
 0.21352410E+16
 0.21136046E+16
 0.20922067E+16
 0.20710444E+16
 0.20501147E+16
 0.20294147E+16
 0.20089415E+16
 0.19886923E+16
 0.19686644E+16
 0.19488549E+16
 0.19292611E+16
 0.19098805E+16
 0.18907103E+16
 0.18717481E+16
 0.18529911E+16
 0.18344370E+16
 0.18160833E+16
 0.17979275E+16
 0.17799671E+16
 0.17621999E+16
 0.17446236E+16
 0.17272357E+16
 0.17100340E+16
 0.16930163E+16
 0.16761804E+16
 0.16595240E+16
 0.16430452E+16
 0.16267416E+16
 0.16106113E+16
 0.15946522E+16
 0.15788623E+16
 0.15632395E+16
 0.15477819E+16
 0.15324875E+16
 0.15173545E+16
 0.15023809E+16
 0.14875648E+16
 0.14729044E+16
 0.14583980E+16
 0.14440436E+16
 0.14298396E+16
 0.14157842E+16
 0.14018756E+16
 0.13881122E+16
 0.13744923E+16
 0.13610143E+16
 0.13476764E+16
 0.13344772E+16
 0.13214149E+16
 0.13084881E+16
 0.12956952E+16
 0.12830347E+16
 0.12705050E+16
 0.12581048E+16
 0.12458324E+16
 0.12336865E+16
 0.12216656E+16
 0.12097683E+16
 0.11979933E+16
 0.11863391E+16
 0.11748044E+16
 0.11633879E+16
 0.11520882E+16
 0.11409040E+16
 0.11298341E+16
 0.11188771E+16
 0.11080319E+16
 0.10972971E+16
 0.10866716E+16
 0.10761541E+16
 0.10657434E+16
 0.10554384E+16
 0.10452379E+16
 0.10351407E+16
 0.10251458E+16
 0.10152519E+16
 0.10054580E+16
 0.99576303E+15
 0.98616585E+15
 0.97666540E+15
 0.96726063E+15
 0.95795052E+15
 0.94873401E+15
 0.93961011E+15
 0.93057781E+15
 0.92163611E+15
 0.91278403E+15
 0.90402062E+15
 0.89534491E+15
 0.88675596E+15
 0.87825284E+15
 0.86983463E+15
 0.86150041E+15
 0.85324929E+15
 0.84508037E+15
 0.83699279E+15
 0.82898567E+15
 0.82105815E+15
 0.81320940E+15
 0.80543856E+15
 0.79774482E+15
 0.79012735E+15
 0.78258535E+15
 0.77511803E+15
 0.76772458E+15
 0.76040424E+15
 0.75315623E+15
 0.74597979E+15
 0.73887417E+15
 0.73183862E+15
 0.72487242E+15
 0.71797482E+15
 0.71114512E+15
 0.70438260E+15
 0.69768656E+15
 0.69105631E+15
 0.68449117E+15
 0.67799045E+15
 0.67155348E+15
 0.66517961E+15
 0.65886817E+15
 0.65261853E+15
 0.64643003E+15
 0.64030205E+15
 0.63423397E+15
 0.62822515E+15
 0.62227500E+15
 0.61638291E+15
 0.61054827E+15
 0.60477051E+15
 0.59904902E+15
 0.59338325E+15
 0.58777261E+15
 0.58221653E+15
 0.57671447E+15
 0.57126587E+15
 0.56587018E+15
 0.56052686E+15
 0.55523538E+15
 0.54999521E+15
 0.54480583E+15
 0.53966672E+15
 0.53457737E+15
 0.52953727E+15
 0.52454593E+15
 0.51960284E+15
 0.51470753E+15
 0.50985951E+15
 0.50505829E+15
 0.50030341E+15
 0.49559440E+15
 0.49093080E+15
 0.48631215E+15
 0.48173799E+15
 0.47720788E+15
 0.47272137E+15
 0.46827804E+15
 0.46387743E+15
 0.45951913E+15
 0.45520271E+15
 0.45092776E+15
 0.44669384E+15
 0.44250057E+15
 0.43834752E+15
 0.43423430E+15
 0.43016052E+15
 0.42612577E+15
 0.42212966E+15
 0.41817182E+15
 0.41425187E+15
 0.41036941E+15
 0.40652410E+15
 0.40271554E+15
 0.39894339E+15
 0.39520727E+15
 0.39150683E+15
 0.38784172E+15
 0.38421159E+15
 0.38061610E+15
 0.37705489E+15
 0.37352763E+15
 0.37003399E+15
 0.36657363E+15
 0.36314623E+15
 0.35975146E+15
 0.35638900E+15
 0.35305853E+15
 0.34975974E+15
 0.34649232E+15
 0.34325595E+15
 0.34005033E+15
 0.33687517E+15
 0.33373016E+15
 0.33061500E+15
 0.32752941E+15
 0.32447310E+15
 0.32144577E+15
 0.31844715E+15
 0.31547695E+15
 0.31253490E+15
 0.30962072E+15
 0.30673414E+15
 0.30387490E+15
 0.30104271E+15
 0.29823733E+15
 0.29545849E+15
 0.29270593E+15
 0.28997939E+15
 0.28727863E+15
 0.28460339E+15
 0.28195342E+15
 0.27932849E+15
 0.27672834E+15
 0.27415274E+15
 0.27160144E+15
 0.26907422E+15
 0.26657083E+15
 0.26409106E+15
 0.26163466E+15
 0.25920142E+15
 0.25679111E+15
 0.25440351E+15
 0.25203840E+15
 0.24969556E+15
 0.24737477E+15
 0.24507584E+15
 0.24279853E+15
 0.24054265E+15
 0.23830800E+15
 0.23609435E+15
 0.23390152E+15
 0.23172930E+15
 0.22957750E+15
 0.22744591E+15
 0.22533435E+15
 0.22324262E+15
 0.22117053E+15
 0.21911789E+15
 0.21708452E+15
 0.21507023E+15
 0.21307484E+15
 0.21109817E+15
 0.20914003E+15
 0.20720025E+15
 0.20527866E+15
 0.20337508E+15
 0.20148934E+15
 0.19962127E+15
 0.19777070E+15
 0.19593745E+15
 0.19412138E+15
 0.19232231E+15
 0.19054007E+15
 0.18877452E+15
 0.18702549E+15
 0.18529282E+15
 0.18357636E+15
 0.18187595E+15
 0.18019144E+15
 0.17852268E+15
 0.17686952E+15
 0.17523181E+15
 0.17360940E+15
 0.17200215E+15
 0.17040991E+15
 0.16883255E+15
 0.16726991E+15
 0.16572187E+15
 0.16418827E+15
 0.16266899E+15
 0.16116389E+15
 0.15967283E+15
 0.15819569E+15
 0.15673232E+15
 0.15528260E+15
 0.15384640E+15
 0.15242359E+15
 0.15101404E+15
 0.14961764E+15
 0.14823424E+15
 0.14686374E+15
 0.14550601E+15
 0.14416093E+15
 0.14282837E+15
 0.14150823E+15
 0.14020037E+15
 0.13890470E+15
 0.13762109E+15
 0.13634942E+15
 0.13508960E+15
 0.13384149E+15
 0.13260500E+15
 0.13138001E+15
 0.13016642E+15
 0.12896412E+15
 0.12777299E+15
 0.12659294E+15
 0.12542387E+15
 0.12426566E+15
 0.12311822E+15
 0.12198144E+15
 0.12085523E+15
 0.11973948E+15
 0.11863410E+15
 0.11753899E+15
 0.11645405E+15
 0.11537919E+15
 0.11431431E+15
 0.11325931E+15
 0.11221412E+15
 0.11117862E+15
 0.11015274E+15
 0.10913638E+15
 0.10812945E+15
 0.10713187E+15
 0.10614355E+15
 0.10516439E+15
 0.10419431E+15
 0.10323324E+15
 0.10228108E+15
 0.10133775E+15
 0.10040316E+15
 0.99477247E+14
 0.98559915E+14
 0.97651086E+14
 0.96750682E+14
 0.95858623E+14
 0.94974832E+14
 0.94099231E+14
 0.93231743E+14
 0.92372293E+14
 0.91520805E+14
 0.90677205E+14
 0.89841419E+14
 0.89013374E+14
 0.88192998E+14
 0.87380219E+14
 0.86574965E+14
 0.85777168E+14
 0.84986756E+14
 0.84203661E+14
 0.83427815E+14
 0.82659150E+14
 0.81897599E+14
 0.81143095E+14
 0.80395573E+14
 0.79654968E+14
 0.78921215E+14
 0.78194250E+14
 0.77474010E+14
 0.76760432E+14
 0.76053453E+14
 0.75353014E+14
 0.74659051E+14
 0.73971506E+14
 0.73290318E+14
 0.72615429E+14
 0.71946778E+14
 0.71284309E+14
 0.70627963E+14
 0.69977685E+14
 0.69333416E+14
 0.68695101E+14
 0.68062686E+14
 0.67436114E+14
 0.66815331E+14
 0.66200285E+14
 0.65590920E+14
 0.64987185E+14
 0.64389027E+14
 0.63796393E+14
 0.63209234E+14
 0.62627498E+14
 0.62051133E+14
 0.61480092E+14
 0.60914323E+14
 0.60353779E+14
 0.59798409E+14
 0.59248168E+14
 0.58703005E+14
 0.58162876E+14
 0.57627732E+14
 0.57097528E+14
 0.56572217E+14
 0.56051754E+14
 0.55536095E+14
 0.55025194E+14
 0.54519007E+14
 0.54017492E+14
 0.53520603E+14
 0.53028299E+14
 0.52540536E+14
 0.52057273E+14
 0.51578468E+14
 0.51104080E+14
 0.50634067E+14
 0.50168389E+14
 0.49707006E+14
 0.49249878E+14
 0.48796966E+14
 0.48348230E+14
 0.47903632E+14
 0.47463133E+14
 0.47026695E+14
 0.46594282E+14
 0.46165854E+14
 0.45741377E+14
 0.45320812E+14
 0.44904124E+14
 0.44491277E+14
 0.44082235E+14
 0.43676962E+14
 0.43275425E+14
 0.42877589E+14
 0.42483419E+14
 0.42092881E+14
 0.41705941E+14
 0.41322567E+14
 0.40942725E+14
 0.40566383E+14
 0.40193508E+14
 0.39824069E+14
 0.39458032E+14
 0.39095368E+14
 0.38736044E+14
 0.38380030E+14
 0.38027295E+14
 0.37677810E+14
 0.37331542E+14
 0.36988464E+14
 0.36648546E+14
 0.36311758E+14
 0.35978071E+14
 0.35647457E+14
 0.35319887E+14
 0.34995333E+14
 0.34673768E+14
 0.34355163E+14
 0.34039492E+14
 0.33726727E+14
 0.33416841E+14
 0.33109808E+14
 0.32805601E+14
 0.32504194E+14
 0.32205562E+14
 0.31909679E+14
 0.31616519E+14
 0.31326057E+14
 0.31038269E+14
 0.30753129E+14
 0.30470613E+14
 0.30190698E+14
 0.29913358E+14
 0.29638570E+14
 0.29366311E+14
 0.29096557E+14
 0.28829285E+14
 0.28564472E+14
 0.28302096E+14
 0.28042134E+14
 0.27784563E+14
 0.27529362E+14
 0.27276509E+14
 0.27025982E+14
 0.26777760E+14
 0.26531821E+14
 0.26288144E+14
 0.26046709E+14
 0.25807495E+14
 0.25570480E+14
 0.25335646E+14
 0.25102972E+14
 0.24872437E+14
 0.24644023E+14
 0.24417710E+14
 0.24193477E+14
 0.23971307E+14
 0.23751180E+14
 0.23533077E+14
 0.23316980E+14
 0.23102870E+14
 0.22890728E+14
 0.22680538E+14
 0.22472279E+14
 0.22265936E+14
 0.22061490E+14
 0.21858923E+14
 0.21658219E+14
 0.21459360E+14
 0.21262329E+14
 0.21067110E+14
 0.20873685E+14
 0.20682038E+14
 0.20492153E+14
 0.20304014E+14
 0.20117604E+14
 0.19932907E+14
 0.19749908E+14
 0.19568591E+14
 0.19388941E+14
 0.19210942E+14
 0.19034579E+14
 0.18859836E+14
 0.18686700E+14
 0.18515155E+14
 0.18345187E+14
 0.18176780E+14
 0.18009921E+14
 0.17844596E+14
 0.17680790E+14
 0.17518489E+14
 0.17357679E+14
 0.17198348E+14
 0.17040480E+14
 0.16884063E+14
 0.16729083E+14
 0.16575527E+14
 0.16423382E+14
 0.16272635E+14
 0.16123273E+14
 0.15975283E+14
 0.15828653E+14
 0.15683370E+14
 0.15539422E+14
 0.15396796E+14
 0.15255481E+14
 0.15115464E+14
 0.14976733E+14
 0.14839277E+14
 0.14703083E+14
 0.14568140E+14
 0.14434437E+14
 0.14301962E+14
 0.14170704E+14
 0.14040652E+14
 0.13911795E+14
 0.13784120E+14
 0.13657619E+14
 0.13532280E+14
 0.13408091E+14
 0.13285044E+14
 0.13163126E+14
 0.13042329E+14
 0.12922641E+14
 0.12804052E+14
 0.12686552E+14
 0.12570131E+14
 0.12454780E+14
 0.12340487E+14
 0.12227245E+14
 0.12115042E+14
 0.12003870E+14
 0.11893719E+14
 0.11784579E+14
 0.11676442E+14
 0.11569297E+14
 0.11463137E+14
 0.11357951E+14
 0.11253731E+14
 0.11150468E+14
 0.11048153E+14
 0.10946778E+14
 0.10846334E+14
 0.10746812E+14
 0.10648203E+14
 0.10550501E+14
 0.10453695E+14
 0.10357778E+14
 0.10262741E+14
 0.10168578E+14
 0.10075278E+14
 0.99828357E+13
 0.98912418E+13
 0.98004888E+13
 0.97105690E+13
 0.96214747E+13
 0.95331983E+13
 0.94457324E+13
 0.93590695E+13
 0.92732021E+13
 0.91881230E+13
 0.91038250E+13
 0.90203008E+13
 0.89375434E+13
 0.88555456E+13
 0.87743006E+13
 0.86938014E+13
 0.86140412E+13
 0.85350131E+13
 0.84567104E+13
 0.83791265E+13
 0.83022548E+13
 0.82260887E+13
 0.81506217E+13
 0.80758474E+13
 0.80017595E+13
 0.79283516E+13
 0.78556175E+13
 0.77835510E+13
 0.77121459E+13
 0.76413963E+13
 0.75712960E+13
 0.75018391E+13
 0.74330198E+13
 0.73648320E+13
 0.72972701E+13
 0.72303283E+13
 0.71640008E+13
 0.70982821E+13
 0.70331666E+13
 0.69686486E+13
 0.69047228E+13
 0.68413837E+13
 0.67786258E+13
 0.67164440E+13
 0.66548327E+13
 0.65937869E+13
 0.65333014E+13
 0.64733709E+13
 0.64139904E+13
 0.63551548E+13
 0.62968592E+13
 0.62390985E+13
 0.61818679E+13
 0.61251625E+13
 0.60689774E+13
 0.60133080E+13
 0.59581493E+13
 0.59034969E+13
 0.58493460E+13
 0.57956919E+13
 0.57425302E+13
 0.56898564E+13
 0.56376658E+13
 0.55859542E+13
 0.55347171E+13
 0.54839501E+13
 0.54336490E+13
 0.53838094E+13
 0.53344272E+13
 0.52854980E+13
 0.52370179E+13
 0.51889825E+13
 0.51413879E+13
 0.50942300E+13
 0.50475048E+13
 0.50012084E+13
 0.49553367E+13
 0.49098859E+13
 0.48648521E+13
 0.48202315E+13
 0.47760203E+13
 0.47322148E+13
 0.46888111E+13
 0.46458057E+13
 0.46031949E+13
 0.45609750E+13
 0.45191425E+13
 0.44776937E+13
 0.44366253E+13
 0.43959336E+13
 0.43556153E+13
 0.43156669E+13
 0.42760850E+13
 0.42368662E+13
 0.41980072E+13
 0.41595048E+13
 0.41213555E+13
 0.40835563E+13
 0.40461039E+13
 0.40089950E+13
 0.39722266E+13
 0.39357955E+13
 0.38996986E+13
 0.38639329E+13
 0.38284953E+13
 0.37933827E+13
 0.37585924E+13
 0.37241211E+13
 0.36899661E+13
 0.36561244E+13
 0.36225932E+13
 0.35893696E+13
 0.35564508E+13
 0.35238339E+13
 0.34915163E+13
 0.34594951E+13
 0.34277677E+13
 0.33963313E+13
 0.33651833E+13
 0.33343210E+13
 0.33037419E+13
 0.32734432E+13
 0.32434225E+13
 0.32136772E+13
 0.31842047E+13
 0.31550026E+13
 0.31260684E+13
 0.30973996E+13
 0.30689937E+13
 0.30408484E+13
 0.30129613E+13
 0.29853300E+13
 0.29579522E+13
 0.29308255E+13
 0.29039476E+13
 0.28773163E+13
 0.28509292E+13
 0.28247842E+13
 0.27988790E+13
 0.27732114E+13
 0.27477793E+13
 0.27225804E+13
 0.26976127E+13
 0.26728740E+13
 0.26483622E+13
 0.26240752E+13
 0.26000110E+13
 0.25761676E+13
 0.25525428E+13
 0.25291347E+13
 0.25059414E+13
 0.24829608E+13
 0.24601909E+13
 0.24376299E+13
 0.24152758E+13
 0.23931268E+13
 0.23711809E+13
 0.23494364E+13
 0.23278912E+13
 0.23065437E+13
 0.22853920E+13
 0.22644342E+13
 0.22436687E+13
 0.22230937E+13
 0.22027073E+13
 0.21825080E+13
 0.21624939E+13
 0.21426634E+13
 0.21230147E+13
 0.21035463E+13
 0.20842564E+13
 0.20651435E+13
 0.20462058E+13
 0.20274419E+13
 0.20088500E+13
 0.19904286E+13
 0.19721762E+13
 0.19540912E+13
 0.19361721E+13
 0.19184173E+13
 0.19008254E+13
 0.18833948E+13
 0.18661240E+13
 0.18490117E+13
 0.18320563E+13
 0.18152564E+13
 0.17986106E+13
 0.17821174E+13
 0.17657755E+13
 0.17495835E+13
 0.17335400E+13
 0.17176436E+13
 0.17018931E+13
 0.16862869E+13
 0.16708239E+13
 0.16555027E+13
 0.16403220E+13
 0.16252806E+13
 0.16103771E+13
 0.15956102E+13
 0.15809788E+13
 0.15664816E+13
 0.15521173E+13
 0.15378848E+13
 0.15237828E+13
 0.15098101E+13
 0.14959656E+13
 0.14822480E+13
 0.14686563E+13
 0.14551891E+13
 0.14418455E+13
 0.14286243E+13
 0.14155243E+13
 0.14025444E+13
 0.13896836E+13
 0.13769407E+13
 0.13643147E+13
 0.13518045E+13
 0.13394090E+13
 0.13271272E+13
 0.13149580E+13
 0.13029004E+13
 0.12909534E+13
 0.12791159E+13
 0.12673870E+13
 0.12557657E+13
 0.12442509E+13
 0.12328417E+13
 0.12215372E+13
 0.12103363E+13
 0.11992382E+13
 0.11882418E+13
 0.11773463E+13
 0.11665506E+13
 0.11558540E+13
 0.11452555E+13
 0.11347542E+13
 0.11243491E+13
 0.11140395E+13
 0.11038244E+13
 0.10937030E+13
 0.10836744E+13
 0.10737378E+13
 0.10638923E+13
 0.10541371E+13
 0.10444714E+13
 0.10348943E+13
 0.10254050E+13
 0.10160027E+13
 0.10066866E+13
 0.99745602E+12
 0.98831004E+12
 0.97924794E+12
 0.97026893E+12
 0.96137227E+12
 0.95255718E+12
 0.94382294E+12
 0.93516878E+12
 0.92659399E+12
 0.91809782E+12
 0.90967957E+12
 0.90133851E+12
 0.89307394E+12
 0.88488516E+12
 0.87677146E+12
 0.86873217E+12
 0.86076660E+12
 0.85287408E+12
 0.84505392E+12
 0.83730548E+12
 0.82962809E+12
 0.82202110E+12
 0.81448387E+12
 0.80701575E+12
 0.79961611E+12
 0.79228433E+12
 0.78501978E+12
 0.77782184E+12
 0.77068991E+12
 0.76362338E+12
 0.75662164E+12
 0.74968411E+12
 0.74281019E+12
 0.73599931E+12
 0.72925088E+12
 0.72256433E+12
 0.71593910E+12
 0.70937461E+12
 0.70287032E+12
 0.69642568E+12
 0.69004013E+12
 0.68371313E+12
 0.67744415E+12
 0.67123265E+12
 0.66507811E+12
 0.65898001E+12
 0.65293782E+12
 0.64695104E+12
 0.64101915E+12
 0.63514166E+12
 0.62931806E+12
 0.62354786E+12
 0.61783058E+12
 0.61216571E+12
 0.60655279E+12
 0.60099134E+12
 0.59548089E+12
 0.59002096E+12
 0.58461110E+12
 0.57925084E+12
 0.57393973E+12
 0.56867733E+12
 0.56346318E+12
 0.55829683E+12
 0.55317787E+12
 0.54810584E+12
 0.54308031E+12
 0.53810087E+12
 0.53316709E+12
 0.52827854E+12
 0.52343483E+12
 0.51863552E+12
 0.51388023E+12
 0.50916853E+12
 0.50450004E+12
 0.49987436E+12
 0.49529109E+12
 0.49074984E+12
 0.48625024E+12
 0.48179189E+12
 0.47737443E+12
 0.47299747E+12
 0.46866064E+12
 0.46436358E+12
 0.46010592E+12
 0.45588730E+12
 0.45170736E+12
 0.44756575E+12
 0.44346212E+12
 0.43939611E+12
 0.43536738E+12
 0.43137559E+12
 0.42742041E+12
 0.42350149E+12
 0.41961851E+12
 0.41577113E+12
 0.41195902E+12
 0.40818187E+12
 0.40443936E+12
 0.40073116E+12
 0.39705696E+12
 0.39341645E+12
 0.38980932E+12
 0.38623526E+12
 0.38269398E+12
 0.37918516E+12
 0.37570852E+12
 0.37226376E+12
 0.36885058E+12
 0.36546870E+12
 0.36211783E+12
 0.35879768E+12
 0.35550797E+12
 0.35224843E+12
 0.34901878E+12
 0.34581873E+12
 0.34264803E+12
 0.33950641E+12
 0.33639358E+12
 0.33330930E+12
 0.33025330E+12
 0.32722532E+12
 0.32422510E+12
 0.32125240E+12
 0.31830695E+12
 0.31538850E+12
 0.31249682E+12
 0.30963165E+12
 0.30679275E+12
 0.30397988E+12
 0.30119280E+12
 0.29843127E+12
 0.29569507E+12
 0.29298395E+12
 0.29029770E+12
 0.28763607E+12
 0.28499885E+12
 0.28238580E+12
 0.27979672E+12
 0.27723137E+12
 0.27468955E+12
 0.27217103E+12
 0.26967561E+12
 0.26720306E+12
 0.26475319E+12
 0.26232578E+12
 0.25992062E+12
 0.25753752E+12
 0.25517627E+12
 0.25283667E+12
 0.25051852E+12
 0.24822162E+12
 0.24594579E+12
 0.24369082E+12
 0.24145653E+12
 0.23924272E+12
 0.23704921E+12
 0.23487581E+12
 0.23272234E+12
 0.23058862E+12
 0.22847446E+12
 0.22637968E+12
 0.22430411E+12
 0.22224757E+12
 0.22020989E+12
 0.21819089E+12
 0.21619040E+12
 0.21420825E+12
 0.21224428E+12
 0.21029832E+12
 0.20837019E+12
 0.20645975E+12
 0.20456682E+12
 0.20269125E+12
 0.20083287E+12
 0.19899154E+12
 0.19716708E+12
 0.19535936E+12
 0.19356821E+12
 0.19179348E+12
 0.19003502E+12
 0.18829269E+12
 0.18656633E+12
 0.18485580E+12
 0.18316095E+12
 0.18148165E+12
 0.17981774E+12
 0.17816908E+12
 0.17653554E+12
 0.17491698E+12
 0.17331326E+12
 0.17172425E+12
 0.17014980E+12
 0.16858979E+12
 0.16704408E+12
 0.16551254E+12
 0.16399505E+12
 0.16249147E+12
 0.16100168E+12
 0.15952554E+12
 0.15806294E+12
 0.15661375E+12
 0.15517784E+12
 0.15375511E+12
 0.15234541E+12
 0.15094864E+12
 0.14956468E+12
 0.14819341E+12
 0.14683471E+12
 0.14548847E+12
 0.14415457E+12
 0.14283290E+12
 0.14152334E+12
 0.14022580E+12
 0.13894015E+12
 0.13766629E+12
 0.13640411E+12
 0.13515350E+12
 0.13391436E+12
 0.13268658E+12
 0.13147005E+12
 0.13026468E+12
 0.12907036E+12
 0.12788700E+12
 0.12671448E+12
 0.12555271E+12
 0.12440159E+12
 0.12326103E+12
 0.12213092E+12
 0.12101118E+12
 0.11990170E+12
 0.11880240E+12
 0.11771317E+12
 0.11663393E+12
 0.11556459E+12
 0.11450505E+12
 0.11345523E+12
 0.11241503E+12
 0.11138436E+12
 0.11036315E+12
 0.10935130E+12
 0.10834873E+12
 0.10735535E+12
 0.10637107E+12
 0.10539583E+12
 0.10442952E+12
 0.10347207E+12
 0.10252340E+12
 0.10158343E+12
 0.10065208E+12
 0.99729265E+11
 0.98814912E+11
 0.97908942E+11
 0.97011279E+11
 0.96121846E+11
 0.95240568E+11
 0.94367370E+11
 0.93502178E+11
 0.92644918E+11
 0.91795518E+11
 0.90953906E+11
 0.90120010E+11
 0.89293760E+11
 0.88475085E+11
 0.87663916E+11
 0.86860185E+11
 0.86063822E+11
 0.85274761E+11
 0.84492934E+11
 0.83718276E+11
 0.82950720E+11
 0.82190201E+11
 0.81436655E+11
 0.80690018E+11
 0.79950226E+11
 0.79217217E+11
 0.78490929E+11
 0.77771300E+11
 0.77058268E+11
 0.76351774E+11
 0.75651758E+11
 0.74958159E+11
 0.74270920E+11
 0.73589981E+11
 0.72915286E+11
 0.72246777E+11
 0.71584397E+11
 0.70928089E+11
 0.70277800E+11
 0.69633472E+11
 0.68995052E+11
 0.68362485E+11
 0.67735717E+11
 0.67114697E+11
 0.66499370E+11
 0.65889684E+11
 0.65285589E+11
 0.64687032E+11
 0.64093962E+11
 0.63506331E+11
 0.62924087E+11
 0.62347181E+11
 0.61775565E+11
 0.61209189E+11
 0.60648006E+11
 0.60091968E+11
 0.59541028E+11
 0.58995140E+11
 0.58454256E+11
 0.57918332E+11
 0.57387321E+11
 0.56861178E+11
 0.56339860E+11
 0.55823321E+11
 0.55311518E+11
 0.54804407E+11
 0.54301946E+11
 0.53804091E+11
 0.53310801E+11
 0.52822034E+11
 0.52337747E+11
 0.51857901E+11
 0.51382455E+11
 0.50911367E+11
 0.50444599E+11
 0.49982110E+11
 0.49523861E+11
 0.49069814E+11
 0.48619929E+11
 0.48174170E+11
 0.47732497E+11
 0.47294873E+11
 0.46861262E+11
 0.46431627E+11
 0.46005930E+11
 0.45584136E+11
 0.45166210E+11
 0.44752115E+11
 0.44341817E+11
 0.43935280E+11
 0.43532471E+11
 0.43133355E+11
 0.42737898E+11
 0.42346067E+11
 0.41957828E+11
 0.41573149E+11
 0.41191996E+11
 0.40814338E+11
 0.40440143E+11
 0.40069378E+11
 0.39702013E+11
 0.39338016E+11
 0.38977356E+11
 0.38620003E+11
 0.38265926E+11
 0.37915095E+11
 0.37567481E+11
 0.37223054E+11
 0.36881784E+11
 0.36543644E+11
 0.36208604E+11
 0.35876635E+11
 0.35547710E+11
 0.35221801E+11
 0.34898880E+11
 0.34578919E+11
 0.34261892E+11
 0.33947772E+11
 0.33636531E+11
 0.33328144E+11
 0.33022585E+11
 0.32719827E+11
 0.32419844E+11
 0.32122612E+11
 0.31828105E+11
 0.31536299E+11
 0.31247167E+11
 0.30960687E+11
 0.30676833E+11
 0.30395581E+11
 0.30116908E+11
 0.29840790E+11
 0.29567204E+11
 0.29296125E+11
 0.29027533E+11
 0.28761402E+11
 0.28497712E+11
 0.28236439E+11
 0.27977562E+11
 0.27721058E+11
 0.27466906E+11
 0.27215084E+11
 0.26965570E+11
 0.26718345E+11
 0.26473386E+11
 0.26230673E+11
 0.25990185E+11
 0.25751902E+11
 0.25515803E+11
 0.25281869E+11
 0.25050080E+11
 0.24820416E+11
 0.24592858E+11
 0.24367386E+11
 0.24143981E+11
 0.23922625E+11
 0.23703298E+11
 0.23485981E+11
 0.23270657E+11
 0.23057308E+11
 0.22845914E+11
 0.22636458E+11
 0.22428923E+11
 0.22223291E+11
 0.22019544E+11
 0.21817664E+11
 0.21617636E+11
 0.21419442E+11
 0.21223064E+11
 0.21028488E+11
 0.20835695E+11
 0.20644669E+11
 0.20455395E+11
 0.20267857E+11
 0.20082037E+11
 0.19897922E+11
 0.19715494E+11
 0.19534739E+11
 0.19355641E+11
 0.19178185E+11
 0.19002356E+11
 0.18828139E+11
 0.18655520E+11
 0.18484483E+11
 0.18315014E+11
 0.18147099E+11
 0.17980723E+11
 0.17815873E+11
 0.17652534E+11
 0.17490692E+11
 0.17330335E+11
 0.17171447E+11
 0.17014017E+11
 0.16858029E+11
 0.16703472E+11
 0.16550332E+11
 0.16398596E+11
 0.16248251E+11
 0.16099284E+11
 0.15951683E+11
 0.15805436E+11
 0.15660529E+11
 0.15516951E+11
 0.15374689E+11
 0.15233731E+11
 0.15094066E+11
 0.14955681E+11
 0.14818565E+11
 0.14682706E+11
 0.14548093E+11
 0.14414713E+11
 0.14282557E+11
 0.14151612E+11
 0.14021868E+11
 0.13893314E+11
 0.13765938E+11
 0.13639729E+11
 0.13514678E+11
 0.13390774E+11
 0.13268005E+11
 0.13146362E+11
 0.13025834E+11
 0.12906411E+11
 0.12788083E+11
 0.12670840E+11
 0.12554672E+11
 0.12439569E+11
 0.12325521E+11
 0.12212519E+11
 0.12100553E+11
 0.11989613E+11
 0.11879690E+11
 0.11770776E+11
 0.11662860E+11
 0.11555933E+11
 0.11449986E+11
 0.11345011E+11
 0.11240998E+11
 0.11137939E+11
 0.11035825E+11
 0.10934647E+11
 0.10834397E+11
 0.10735065E+11
 0.10636645E+11
