 0.17686400E+14
 0.17780406E+14
 0.17875149E+14
 0.17970620E+14
 0.18066811E+14
 0.18163707E+14
 0.18261316E+14
 0.18359590E+14
 0.18458608E+14
 0.18558403E+14
 0.18658981E+14
 0.18760349E+14
 0.18862511E+14
 0.18965450E+14
 0.19069116E+14
 0.19173616E+14
 0.19278962E+14
 0.19385161E+14
 0.19492226E+14
 0.19600167E+14
 0.19708988E+14
 0.19818667E+14
 0.19929218E+14
 0.20040638E+14
 0.20152924E+14
 0.20266080E+14
 0.20380113E+14
 0.20494993E+14
 0.20610710E+14
 0.20727276E+14
 0.20844674E+14
 0.20962912E+14
 0.21082015E+14
 0.21202022E+14
 0.21322967E+14
 0.21444854E+14
 0.21567670E+14
 0.21691324E+14
 0.21815927E+14
 0.21941458E+14
 0.22067903E+14
 0.22195295E+14
 0.22323663E+14
 0.22453033E+14
 0.22583382E+14
 0.22714715E+14
 0.22847064E+14
 0.22980438E+14
 0.23114797E+14
 0.23250165E+14
 0.23386561E+14
 0.23523994E+14
 0.23662506E+14
 0.23802150E+14
 0.23942942E+14
 0.24084915E+14
 0.24228073E+14
 0.24372363E+14
 0.24517771E+14
 0.24664325E+14
 0.24812013E+14
 0.24960843E+14
 0.25110823E+14
 0.25261967E+14
 0.25414319E+14
 0.25567883E+14
 0.25722672E+14
 0.25878688E+14
 0.26035947E+14
 0.26194459E+14
 0.26354029E+14
 0.26514838E+14
 0.26676997E+14
 0.26840461E+14
 0.27005327E+14
 0.27171575E+14
 0.27339170E+14
 0.27508140E+14
 0.27678478E+14
 0.27850131E+14
 0.28023114E+14
 0.28197450E+14
 0.28373146E+14
 0.28550237E+14
 0.28728834E+14
 0.28908848E+14
 0.29090292E+14
 0.29273186E+14
 0.29457555E+14
 0.29643430E+14
 0.29830834E+14
 0.30019793E+14
 0.30210314E+14
 0.30402377E+14
 0.30596018E+14
 0.30791259E+14
 0.30988189E+14
 0.31186869E+14
 0.31387371E+14
 0.31589716E+14
 0.31793919E+14
 0.31999965E+14
 0.32207752E+14
 0.32417368E+14
 0.32628772E+14
 0.32842054E+14
 0.33057252E+14
 0.33274356E+14
 0.33493545E+14
 0.33714863E+14
 0.33938348E+14
 0.34163986E+14
 0.34391804E+14
 0.34621779E+14
 0.34853898E+14
 0.35088183E+14
 0.35324642E+14
 0.35563301E+14
 0.35804118E+14
 0.36047169E+14
 0.36292498E+14
 0.36539989E+14
 0.36789821E+14
 0.37042197E+14
 0.37297083E+14
 0.37554442E+14
 0.37814406E+14
 0.38076997E+14
 0.38342234E+14
 0.38610163E+14
 0.38880800E+14
 0.39154132E+14
 0.39430090E+14
 0.39708660E+14
 0.39989788E+14
 0.40273418E+14
 0.40559592E+14
 0.40848664E+14
 0.41140453E+14
 0.41434992E+14
 0.41732274E+14
 0.42032233E+14
 0.42335039E+14
 0.42640760E+14
 0.42949434E+14
 0.43261054E+14
 0.43575628E+14
 0.43893203E+14
 0.44213768E+14
 0.44537319E+14
 0.44863843E+14
 0.45193405E+14
 0.45526077E+14
 0.45862395E+14
 0.46202533E+14
 0.46545977E+14
 0.46892410E+14
 0.47242306E+14
 0.47595631E+14
 0.47952536E+14
 0.48313159E+14
 0.48677510E+14
 0.49045733E+14
 0.49417866E+14
 0.49793915E+14
 0.50173928E+14
 0.50557796E+14
 0.50945446E+14
 0.51337003E+14
 0.51732428E+14
 0.52131812E+14
 0.52535606E+14
 0.52943885E+14
 0.53356479E+14
 0.53773434E+14
 0.54194820E+14
 0.54620659E+14
 0.55050986E+14
 0.55485892E+14
 0.55925198E+14
 0.56368916E+14
 0.56817021E+14
 0.57269588E+14
 0.57726565E+14
 0.58188114E+14
 0.58654146E+14
 0.59124543E+14
 0.59599544E+14
 0.60079477E+14
 0.60564280E+14
 0.61054017E+14
 0.61548644E+14
 0.62047682E+14
 0.62551094E+14
 0.63059047E+14
 0.63573571E+14
 0.64093883E+14
 0.64619651E+14
 0.65150923E+14
 0.65687673E+14
 0.66229957E+14
 0.66777799E+14
 0.67330918E+14
 0.67889489E+14
 0.68454138E+14
 0.69025059E+14
 0.69602329E+14
 0.70186092E+14
 0.70776400E+14
 0.71373073E+14
 0.71976462E+14
 0.72586797E+14
 0.73204115E+14
 0.73829093E+14
 0.74461447E+14
 0.75101016E+14
 0.75748280E+14
 0.76402478E+14
 0.77063439E+14
 0.77731917E+14
 0.78408336E+14
 0.79092615E+14
 0.79784791E+14
 0.80484846E+14
 0.81192824E+14
 0.81909334E+14
 0.82634572E+14
 0.83368157E+14
 0.84109887E+14
 0.84859793E+14
 0.85617716E+14
 0.86383841E+14
 0.87158400E+14
 0.87941370E+14
 0.88733121E+14
 0.89534253E+14
 0.90344646E+14
 0.91164295E+14
 0.91993615E+14
 0.92832020E+14
 0.93679691E+14
 0.94537468E+14
 0.95405447E+14
 0.96283036E+14
 0.97170052E+14
 0.98066491E+14
 0.98972885E+14
 0.99889631E+14
 0.10081599E+15
 0.10175779E+15
 0.10271451E+15
 0.10368098E+15
 0.10465176E+15
 0.10563464E+15
 0.10662933E+15
 0.10763564E+15
 0.10865345E+15
 0.10968215E+15
 0.11072245E+15
 0.11177552E+15
 0.11284034E+15
 0.11391684E+15
 0.11500525E+15
 0.11610585E+15
 0.11721887E+15
 0.11834470E+15
 0.11948419E+15
 0.12063797E+15
 0.12180532E+15
 0.12298561E+15
 0.12418010E+15
 0.12538778E+15
 0.12661004E+15
 0.12784562E+15
 0.12909411E+15
 0.13035662E+15
 0.13163361E+15
 0.13292582E+15
 0.13423277E+15
 0.13555508E+15
 0.13689247E+15
 0.13824513E+15
 0.13961331E+15
 0.14099893E+15
 0.14240070E+15
 0.14381795E+15
 0.14525262E+15
 0.14670266E+15
 0.14816781E+15
 0.14964920E+15
 0.15114674E+15
 0.15266043E+15
 0.15419137E+15
 0.15574503E+15
 0.15731786E+15
 0.15890863E+15
 0.16051986E+15
 0.16215231E+15
 0.16380473E+15
 0.16547660E+15
 0.16716397E+15
 0.16886622E+15
 0.17059161E+15
 0.17234189E+15
 0.17411110E+15
 0.17589880E+15
 0.17770579E+15
 0.17953532E+15
 0.18138930E+15
 0.18326963E+15
 0.18517455E+15
 0.18710279E+15
 0.18905451E+15
 0.19103021E+15
 0.19302983E+15
 0.19505235E+15
 0.19709783E+15
 0.19916758E+15
 0.20126133E+15
 0.20338144E+15
 0.20552999E+15
 0.20770717E+15
 0.20991340E+15
 0.21214950E+15
 0.21441460E+15
 0.21670890E+15
 0.21903337E+15
 0.22138783E+15
 0.22377157E+15
 0.22618679E+15
 0.22863532E+15
 0.23111746E+15
 0.23363408E+15
 0.23618687E+15
 0.23878542E+15
 0.24141716E+15
 0.24407273E+15
 0.24676802E+15
 0.24950371E+15
 0.25227061E+15
 0.25506790E+15
 0.25790838E+15
 0.26079367E+15
 0.26372085E+15
 0.26668846E+15
 0.26969756E+15
 0.27274792E+15
 0.27584108E+15
 0.27897756E+15
 0.28215874E+15
 0.28538438E+15
 0.28865333E+15
 0.29196541E+15
 0.29532158E+15
 0.29872473E+15
 0.30217601E+15
 0.30567852E+15
 0.30923438E+15
 0.31284354E+15
 0.31650673E+15
 0.32022678E+15
 0.32400394E+15
 0.32783830E+15
 0.33173120E+15
 0.33568171E+15
 0.33969026E+15
 0.34375857E+15
 0.34788483E+15
 0.35207304E+15
 0.35632400E+15
 0.36063685E+15
 0.36501442E+15
 0.36944436E+15
 0.37393662E+15
 0.37849544E+15
 0.38312140E+15
 0.38782679E+15
 0.39260278E+15
 0.39746080E+15
 0.40239996E+15
 0.40741944E+15
 0.41252072E+15
 0.41769962E+15
 0.42295477E+15
 0.42828835E+15
 0.43370241E+15
 0.43919849E+15
 0.44478083E+15
 0.45045343E+15
 0.45621712E+15
 0.46207760E+15
 0.46803769E+15
 0.47409482E+15
 0.48025513E+15
 0.48651311E+15
 0.49286240E+15
 0.49930292E+15
 0.50583986E+15
 0.51247655E+15
 0.51921310E+15
 0.52605289E+15
 0.53300120E+15
 0.54006630E+15
 0.54725421E+15
 0.55456514E+15
 0.56200388E+15
 0.56957913E+15
 0.57729895E+15
 0.58512989E+15
 0.59309890E+15
 0.60120102E+15
 0.60945882E+15
 0.61787613E+15
 0.62643009E+15
 0.63511821E+15
 0.64391527E+15
 0.65284415E+15
 0.66193046E+15
 0.67118428E+15
 0.68060596E+15
 0.69020431E+15
 0.69998170E+15
 0.70993954E+15
 0.72008608E+15
 0.73042827E+15
 0.74095960E+15
 0.75167718E+15
 0.76259059E+15
 0.77372116E+15
 0.78507387E+15
 0.79664829E+15
 0.80844091E+15
 0.82045351E+15
 0.83269068E+15
 0.84514846E+15
 0.85782993E+15
 0.87075061E+15
 0.88391667E+15
 0.89737775E+15
 0.91109717E+15
 0.92508460E+15
 0.93934108E+15
 0.95387579E+15
 0.96870021E+15
 0.98385573E+15
 0.99932423E+15
 0.10150921E+16
 0.10311819E+16
 0.10476119E+16
 0.10643741E+16
 0.10814488E+16
 0.10988571E+16
 0.11167043E+16
 0.11349614E+16
 0.11536271E+16
 0.11727213E+16
 0.11922446E+16
 0.12122273E+16
 0.12327199E+16
 0.12537022E+16
 0.12751662E+16
 0.12970431E+16
 0.13193615E+16
 0.13421693E+16
 0.13655085E+16
 0.13894052E+16
 0.14138659E+16
 0.14388707E+16
 0.14644740E+16
 0.14907079E+16
 0.15176211E+16
 0.15452329E+16
 0.15735249E+16
 0.16025492E+16
 0.16323375E+16
 0.16628351E+16
 0.16940496E+16
 0.17260760E+16
 0.17589814E+16
 0.17928236E+16
 0.18275581E+16
 0.18632393E+16
 0.18999053E+16
 0.19377616E+16
 0.19767480E+16
 0.20168958E+16
 0.20580730E+16
 0.21003837E+16
 0.21441258E+16
 0.21893486E+16
 0.22359441E+16
 0.22839182E+16
 0.23333461E+16
 0.23843193E+16
 0.24369365E+16
 0.24913005E+16
 0.25474094E+16
 0.26054467E+16
 0.26655802E+16
 0.27278101E+16
 0.27919967E+16
 0.28583355E+16
 0.29270159E+16
 0.29981593E+16
 0.30721826E+16
 0.31487583E+16
 0.32280225E+16
 0.33102904E+16
 0.33957575E+16
 0.34844704E+16
 0.35765612E+16
 0.36721801E+16
 0.37715713E+16
 0.38748132E+16
 0.39818472E+16
 0.40936403E+16
 0.42103483E+16
 0.43319561E+16
 0.44586068E+16
 0.45905400E+16
 0.47283672E+16
 0.48727781E+16
 0.50238320E+16
 0.51816803E+16
 0.53469075E+16
 0.55195623E+16
 0.57003396E+16
 0.58892856E+16
 0.60868363E+16
 0.62936782E+16
 0.65106498E+16
 0.67383787E+16
 0.69771602E+16
 0.72277244E+16
 0.74912933E+16
 0.77692435E+16
 0.80624020E+16
 0.83717368E+16
 0.86986339E+16
 0.90445925E+16
 0.94103569E+16
 0.97974930E+16
 0.10207804E+17
 0.10643952E+17
 0.11106898E+17
 0.11597912E+17
 0.12122398E+17
 0.12681796E+17
 0.13279532E+17
 0.13918753E+17
 0.14603123E+17
 0.15336083E+17
 0.16125931E+17
 0.16979082E+17
 0.17894443E+17
 0.18884329E+17
 0.19955957E+17
 0.21116650E+17
 0.22377515E+17
 0.23744379E+17
 0.25239220E+17
 0.26871491E+17
 0.28660772E+17
 0.30625690E+17
 0.32788813E+17
 0.35174062E+17
 0.37810590E+17
 0.40727237E+17
 0.43960103E+17
 0.47550046E+17
 0.51535915E+17
 0.55971653E+17
 0.60888647E+17
 0.66321654E+17
 0.72287614E+17
 0.78802741E+17
 0.85837242E+17
 0.93302713E+17
 0.10103066E+18
 0.10879837E+18
 0.11632685E+18
 0.12331506E+18
 0.12953307E+18
 0.13492234E+18
 0.13941867E+18
 0.14306402E+18
 0.14580917E+18
 0.14768659E+18
 0.14867610E+18
 0.14883599E+18
 0.14810617E+18
 0.14649931E+18
 0.14404900E+18
 0.14072337E+18
 0.13652815E+18
 0.13147652E+18
 0.12559281E+18
 0.11894008E+18
 0.11169523E+18
 0.10416574E+18
 0.96630296E+17
 0.89323134E+17
 0.82422804E+17
 0.76044153E+17
 0.70220892E+17
 0.64941710E+17
 0.60194190E+17
 0.55942771E+17
 0.52158865E+17
 0.48789841E+17
 0.45796797E+17
 0.43135741E+17
 0.40771187E+17
 0.38674084E+17
 0.36814138E+17
 0.35168423E+17
 0.33713124E+17
 0.32430850E+17
 0.31302173E+17
 0.30317335E+17
 0.29457789E+17
 0.28714419E+17
 0.28078945E+17
 0.27545129E+17
 0.27107449E+17
 0.26756223E+17
 0.26489119E+17
 0.26306448E+17
 0.26199776E+17
 0.26167135E+17
 0.26207085E+17
 0.26319848E+17
 0.26503373E+17
 0.26757409E+17
 0.27084202E+17
 0.27482763E+17
 0.27957911E+17
 0.28511105E+17
 0.29144942E+17
 0.29861475E+17
 0.30669242E+17
 0.31576362E+17
 0.32580120E+17
 0.33694171E+17
 0.34926794E+17
 0.36285986E+17
 0.37782943E+17
 0.39425126E+17
 0.41237315E+17
 0.43230938E+17
 0.45428058E+17
 0.47850647E+17
 0.50524091E+17
 0.53476590E+17
 0.56740199E+17
 0.60348236E+17
 0.64341369E+17
 0.68762264E+17
 0.73653799E+17
 0.79074555E+17
 0.85060336E+17
 0.91646488E+17
 0.98856815E+17
 0.10671093E+18
 0.11518213E+18
 0.12418415E+18
 0.13353370E+18
 0.14299692E+18
 0.15226820E+18
 0.16102596E+18
 0.16901150E+18
 0.17616118E+18
 0.18241149E+18
 0.18781367E+18
 0.19233202E+18
 0.19600883E+18
 0.19885815E+18
 0.20095641E+18
 0.20211569E+18
 0.20257453E+18
 0.20231841E+18
 0.20133146E+18
 0.19965058E+18
 0.19732373E+18
 0.19441604E+18
 0.19102683E+18
 0.18739026E+18
 0.18388778E+18
 0.18087989E+18
 0.17868759E+18
 0.17756044E+18
 0.17767926E+18
 0.17911095E+18
 0.18188039E+18
 0.18598806E+18
 0.19138628E+18
 0.19803970E+18
 0.20584875E+18
 0.21466354E+18
 0.22421702E+18
 0.23416506E+18
 0.24406769E+18
 0.25344608E+18
 0.26186215E+18
 0.26907440E+18
 0.27500906E+18
 0.27961585E+18
 0.28285260E+18
 0.28474881E+18
 0.28527068E+18
 0.28443783E+18
 0.28220511E+18
 0.27868463E+18
 0.27383533E+18
 0.26774301E+18
 0.26038358E+18
 0.25183157E+18
 0.24208212E+18
 0.23119680E+18
 0.21932320E+18
 0.20682651E+18
 0.19414883E+18
 0.18171079E+18
 0.16982425E+18
 0.15875016E+18
 0.14859285E+18
 0.13936506E+18
 0.13106942E+18
 0.12363246E+18
 0.11699310E+18
 0.11106079E+18
 0.10573641E+18
 0.10095550E+18
 0.96649950E+17
 0.92755697E+17
 0.89223889E+17
 0.86011925E+17
 0.83085364E+17
 0.80407004E+17
 0.77939938E+17
 0.75670177E+17
 0.73573071E+17
 0.71619589E+17
 0.69797921E+17
 0.68090741E+17
 0.66482877E+17
 0.64963484E+17
 0.63520845E+17
 0.62155153E+17
 0.60860264E+17
 0.59643963E+17
 0.58528496E+17
 0.57521634E+17
 0.56639593E+17
 0.55894049E+17
 0.55292039E+17
 0.54840906E+17
 0.54535834E+17
 0.54378187E+17
 0.54370482E+17
 0.54511879E+17
 0.54803127E+17
 0.55248483E+17
 0.55851322E+17
 0.56612307E+17
 0.57540396E+17
 0.58641944E+17
 0.59923823E+17
 0.61399422E+17
 0.63080420E+17
 0.64985362E+17
 0.67120596E+17
 0.69499082E+17
 0.72121952E+17
 0.75000687E+17
 0.78126200E+17
 0.81467315E+17
 0.84967006E+17
 0.88544768E+17
 0.92120628E+17
 0.95585893E+17
 0.98875653E+17
 0.10196910E+18
 0.10484369E+18
 0.10751895E+18
 0.10998825E+18
 0.11225134E+18
 0.11431816E+18
 0.11619876E+18
 0.11789608E+18
 0.11939885E+18
 0.12072749E+18
 0.12188484E+18
 0.12287124E+18
 0.12369174E+18
 0.12436763E+18
 0.12492280E+18
 0.12543788E+18
 0.12601873E+18
 0.12676416E+18
 0.12776419E+18
 0.12909268E+18
 0.13079826E+18
 0.13290391E+18
 0.13541648E+18
 0.13834791E+18
 0.14169840E+18
 0.14548194E+18
 0.14970538E+18
 0.15436932E+18
 0.15948688E+18
 0.16507103E+18
 0.17113954E+18
 0.17771359E+18
 0.18482093E+18
 0.19248890E+18
 0.20075576E+18
 0.20966230E+18
 0.21925118E+18
 0.22957416E+18
 0.24069029E+18
 0.25266926E+18
 0.26558384E+18
 0.27951385E+18
 0.29457087E+18
 0.31082394E+18
 0.32841464E+18
 0.34742791E+18
 0.36805595E+18
 0.39044942E+18
 0.41477355E+18
 0.44121038E+18
 0.46998068E+18
 0.50130475E+18
 0.53541857E+18
 0.57260173E+18
 0.61315996E+18
 0.65743157E+18
 0.70580832E+18
 0.75873794E+18
 0.81668506E+18
 0.88013348E+18
 0.94952111E+18
 0.10252297E+19
 0.11075447E+19
 0.11965361E+19
 0.12919404E+19
 0.13930137E+19
 0.14984349E+19
 0.16061292E+19
 0.17133837E+19
 0.18171019E+19
 0.19143314E+19
 0.20028308E+19
 0.20814689E+19
 0.21499715E+19
 0.22082571E+19
 0.22563555E+19
 0.22942858E+19
 0.23219842E+19
 0.23393854E+19
 0.23463240E+19
 0.23425120E+19
 0.23278765E+19
 0.23022545E+19
 0.22655417E+19
 0.22176698E+19
 0.21586648E+19
 0.20885912E+19
 0.20076539E+19
 0.19167370E+19
 0.18177416E+19
 0.17134861E+19
 0.16071424E+19
 0.15015502E+19
 0.13990389E+19
 0.13011568E+19
 0.12088388E+19
 0.11224950E+19
 0.10421284E+19
 0.96756507E+18
 0.89845549E+18
 0.83449295E+18
 0.77535808E+18
 0.72079089E+18
 0.67051798E+18
 0.62429509E+18
 0.58186247E+18
 0.54293637E+18
 0.50725013E+18
 0.47451060E+18
 0.44447227E+18
 0.41688219E+18
 0.39151563E+18
 0.36817392E+18
 0.34668522E+18
 0.32681818E+18
 0.30845768E+18
 0.29143815E+18
 0.27567682E+18
 0.26104444E+18
 0.24743651E+18
 0.23477077E+18
 0.22296228E+18
 0.21193796E+18
 0.20162868E+18
 0.19198519E+18
 0.18294486E+18
 0.17445984E+18
 0.16649095E+18
 0.15899404E+18
 0.15193615E+18
 0.14528450E+18
 0.13901391E+18
 0.13309315E+18
 0.12749819E+18
 0.12220677E+18
 0.11719543E+18
 0.11245090E+18
 0.10794993E+18
 0.10367910E+18
 0.99624918E+17
 0.95771098E+17
 0.92107094E+17
 0.88622759E+17
 0.85305577E+17
 0.82145813E+17
 0.79144744E+17
 0.76270040E+17
 0.73526993E+17
 0.70908685E+17
 0.68407154E+17
 0.66017032E+17
 0.63729085E+17
 0.61545467E+17
 0.59457933E+17
 0.57461872E+17
 0.55550024E+17
 0.53719801E+17
 0.51966387E+17
 0.50283245E+17
 0.48669422E+17
 0.47121640E+17
 0.45636753E+17
 0.44211889E+17
 0.42844342E+17
 0.41531822E+17
 0.40271783E+17
 0.39061274E+17
 0.37898066E+17
 0.36780087E+17
 0.35705652E+17
 0.34671712E+17
 0.33676726E+17
 0.32718324E+17
 0.31794707E+17
 0.30905636E+17
 0.30049086E+17
 0.29223032E+17
 0.28426286E+17
 0.27657216E+17
 0.26915338E+17
 0.26199865E+17
 0.25508518E+17
 0.24841720E+17
 0.24196792E+17
 0.23573587E+17
 0.22971325E+17
 0.22389388E+17
 0.21826626E+17
 0.21282194E+17
 0.20755506E+17
 0.20245296E+17
 0.19752247E+17
 0.19274905E+17
 0.18812732E+17
 0.18365056E+17
 0.17931353E+17
 0.17511208E+17
 0.17104103E+17
 0.16709592E+17
 0.16327007E+17
 0.15956009E+17
 0.15596080E+17
 0.15246600E+17
 0.14907483E+17
 0.14578037E+17
 0.14258155E+17
 0.13947535E+17
 0.13645441E+17
 0.13351576E+17
 0.13067113E+17
 0.12790326E+17
 0.12520389E+17
 0.12258089E+17
 0.12002436E+17
 0.11753646E+17
 0.11511337E+17
 0.11275459E+17
 0.11045762E+17
 0.10821902E+17
 0.10603808E+17
 0.10391554E+17
 0.10184565E+17
 0.99823941E+16
 0.97852751E+16
 0.95932145E+16
 0.94058490E+16
 0.92232896E+16
 0.90450711E+16
 0.88710437E+16
 0.87009978E+16
 0.85350619E+16
 0.83731218E+16
 0.82149644E+16
 0.80602582E+16
 0.79094373E+16
 0.77622802E+16
 0.76184657E+16
 0.74778516E+16
 0.73405192E+16
 0.72063225E+16
 0.70751112E+16
 0.69466980E+16
 0.68213361E+16
 0.66988569E+16
 0.65790793E+16
 0.64619157E+16
 0.63473904E+16
 0.62354231E+16
 0.61258311E+16
 0.60186243E+16
 0.59138201E+16
 0.58113668E+16
 0.57111331E+16
 0.56130810E+16
 0.55170446E+16
 0.54234217E+16
 0.53321350E+16
 0.52420316E+16
 0.51537505E+16
 0.50674794E+16
 0.49835390E+16
 0.49007601E+16
 0.48195950E+16
 0.47401849E+16
 0.46623196E+16
 0.45861969E+16
 0.45116270E+16
 0.44385003E+16
 0.43668480E+16
 0.42966181E+16
 0.42277092E+16
 0.41601819E+16
 0.40938832E+16
 0.40288151E+16
 0.39652009E+16
 0.39028181E+16
 0.38416018E+16
 0.37814752E+16
 0.37225285E+16
 0.36647644E+16
 0.36080770E+16
 0.35524086E+16
 0.34977929E+16
 0.34441923E+16
 0.33915128E+16
 0.33397895E+16
 0.32890107E+16
 0.32391917E+16
 0.31902408E+16
 0.31421303E+16
 0.30948714E+16
 0.30484485E+16
 0.30028002E+16
 0.29580092E+16
 0.29138782E+16
 0.28702548E+16
 0.28276118E+16
 0.27858647E+16
 0.27448048E+16
 0.27043983E+16
 0.26646898E+16
 0.26256453E+16
 0.25872503E+16
 0.25494896E+16
 0.25124056E+16
 0.24759303E+16
 0.24400305E+16
 0.24047298E+16
 0.23700888E+16
 0.23360631E+16
 0.23026262E+16
 0.22697419E+16
 0.22374210E+16
 0.22056148E+16
 0.21743384E+16
 0.21436087E+16
 0.21133346E+16
 0.20834781E+16
 0.20540649E+16
 0.20251277E+16
 0.19966603E+16
 0.19686932E+16
 0.19412369E+16
 0.19141963E+16
 0.18874691E+16
 0.18611508E+16
 0.18352488E+16
 0.18097332E+16
 0.17845981E+16
 0.17598450E+16
 0.17354474E+16
 0.17114599E+16
 0.16878502E+16
 0.16645911E+16
 0.16419919E+16
 0.16193784E+16
 0.15971443E+16
 0.15752553E+16
 0.15537315E+16
 0.15325293E+16
 0.15116163E+16
 0.14910147E+16
 0.14706866E+16
 0.14506515E+16
 0.14308790E+16
 0.14113788E+16
 0.13921383E+16
 0.13732023E+16
 0.13545358E+16
 0.13361384E+16
 0.13180052E+16
 0.13001611E+16
 0.12825841E+16
 0.12652566E+16
 0.12481764E+16
 0.12313751E+16
 0.12147990E+16
 0.11984397E+16
 0.11823436E+16
 0.11665058E+16
 0.11508794E+16
 0.11354568E+16
 0.11202695E+16
 0.11053013E+16
 0.10905705E+16
 0.10760735E+16
 0.10617801E+16
 0.10477126E+16
 0.10338367E+16
 0.10201357E+16
 0.10066300E+16
 0.99329028E+15
 0.98013629E+15
 0.96715727E+15
 0.95439160E+15
 0.94183090E+15
 0.92934159E+15
 0.91703809E+15
 0.90488342E+15
 0.89289358E+15
 0.88109323E+15
 0.86944724E+15
 0.85795206E+15
 0.84661211E+15
 0.83542755E+15
 0.82442735E+15
 0.81360000E+15
 0.80290814E+15
 0.79236202E+15
 0.78195366E+15
 0.77167757E+15
 0.76155448E+15
 0.75157007E+15
 0.74171966E+15
 0.73198891E+15
 0.72240725E+15
 0.71296989E+15
 0.70368107E+15
 0.69453881E+15
 0.68551066E+15
 0.67658751E+15
 0.66775192E+15
 0.65902143E+15
 0.65039383E+15
 0.64188247E+15
 0.63351075E+15
 0.62524989E+15
 0.61709879E+15
 0.60906260E+15
 0.60114147E+15
 0.59333209E+15
 0.58563562E+15
 0.57805569E+15
 0.57058878E+15
 0.56322360E+15
 0.55596251E+15
 0.54878099E+15
 0.54174258E+15
 0.53490379E+15
 0.52813579E+15
 0.52129659E+15
 0.51453436E+15
 0.50785190E+15
 0.50126705E+15
 0.49478316E+15
 0.48838804E+15
 0.48208507E+15
 0.47587889E+15
 0.46975434E+15
 0.46368766E+15
 0.45770286E+15
 0.45177237E+15
 0.44589625E+15
 0.44009841E+15
 0.43437368E+15
 0.42871655E+15
 0.42315452E+15
 0.41766604E+15
 0.41225183E+15
 0.40691929E+15
 0.40165916E+15
 0.39647638E+15
 0.39136582E+15
 0.38631652E+15
 0.38132197E+15
 0.37637953E+15
 0.37149289E+15
 0.36665191E+15
 0.36188307E+15
 0.35719294E+15
 0.35256621E+15
 0.34800985E+15
 0.34354369E+15
 0.33914022E+15
 0.33479663E+15
 0.33049498E+15
 0.32623143E+15
 0.32202432E+15
 0.31787608E+15
 0.31378599E+15
 0.30975337E+15
 0.30577365E+15
 0.30184249E+15
 0.29795897E+15
 0.29411977E+15
 0.29032238E+15
 0.28657392E+15
 0.28287948E+15
 0.27923807E+15
 0.27564118E+15
 0.27209226E+15
 0.26859444E+15
 0.26514625E+15
 0.26175106E+15
 0.25836920E+15
 0.25503871E+15
 0.25176701E+15
 0.24855176E+15
 0.24537887E+15
 0.24224549E+15
 0.23914595E+15
 0.23607926E+15
 0.23304687E+15
 0.23005741E+15
 0.22711210E+15
 0.22421073E+15
 0.22135577E+15
 0.21854634E+15
 0.21577774E+15
 0.21305060E+15
 0.21036289E+15
 0.20770706E+15
 0.20508614E+15
 0.20249995E+15
 0.19994511E+15
 0.19742355E+15
 0.19493233E+15
 0.19246946E+15
 0.19003442E+15
 0.18762931E+15
 0.18526246E+15
 0.18292954E+15
 0.18062931E+15
 0.17836512E+15
 0.17613208E+15
 0.17393118E+15
 0.17176258E+15
 0.16961862E+15
 0.16749913E+15
 0.16540547E+15
 0.16333986E+15
 0.16130273E+15
 0.15929196E+15
 0.15731821E+15
 0.15537334E+15
 0.15345058E+15
 0.15153869E+15
 0.14965447E+15
 0.14779621E+15
 0.14596404E+15
 0.14415814E+15
 0.14237802E+15
 0.14062264E+15
 0.13889294E+15
 0.13718946E+15
 0.13551044E+15
 0.13385399E+15
 0.13221876E+15
 0.13060562E+15
 0.12901342E+15
 0.12743958E+15
 0.12588464E+15
 0.12434999E+15
 0.12283591E+15
 0.12134335E+15
 0.11987256E+15
 0.11842269E+15
 0.11699340E+15
 0.11558490E+15
 0.11419654E+15
 0.11282658E+15
 0.11147484E+15
 0.11013976E+15
 0.10882291E+15
 0.10752258E+15
 0.10623849E+15
 0.10496959E+15
 0.10371749E+15
 0.10248637E+15
 0.10127680E+15
 0.10008521E+15
 0.98912580E+14
 0.97756864E+14
 0.96617790E+14
 0.95495313E+14
 0.94389234E+14
 0.93299025E+14
 0.92223771E+14
 0.91163123E+14
 0.90117060E+14
 0.89085186E+14
 0.88067124E+14
 0.87065184E+14
 0.86079793E+14
 0.85110548E+14
 0.84156585E+14
 0.83217263E+14
 0.82291539E+14
 0.81378654E+14
 0.80478886E+14
 0.79591969E+14
 0.78717333E+14
 0.77855001E+14
 0.77005364E+14
 0.76168178E+14
 0.75344055E+14
 0.74532785E+14
 0.73733822E+14
 0.72947161E+14
 0.72171945E+14
 0.71408240E+14
 0.70655721E+14
 0.69913713E+14
 0.69181546E+14
 0.68459225E+14
 0.67746608E+14
 0.67043716E+14
 0.66351343E+14
 0.65669251E+14
 0.64997287E+14
 0.64335284E+14
 0.63683083E+14
 0.63040627E+14
 0.62407419E+14
 0.61782712E+14
 0.61164307E+14
 0.60553680E+14
 0.59950217E+14
 0.59353787E+14
 0.58768714E+14
 0.58191488E+14
 0.57621933E+14
 0.57059725E+14
 0.56504925E+14
 0.55957544E+14
 0.55417444E+14
 0.54884665E+14
 0.54358845E+14
 0.53839757E+14
 0.53327160E+14
 0.52821112E+14
 0.52321394E+14
 0.51827615E+14
 0.51339302E+14
 0.50856313E+14
 0.50378729E+14
 0.49906028E+14
 0.49438108E+14
 0.48975348E+14
 0.48517805E+14
 0.48065230E+14
 0.47617499E+14
 0.47174775E+14
 0.46736506E+14
 0.46302693E+14
 0.45873508E+14
 0.45448248E+14
 0.45026904E+14
 0.44609639E+14
 0.44196266E+14
 0.43787059E+14
 0.43382117E+14
 0.42981667E+14
 0.42585376E+14
 0.42192099E+14
 0.41801487E+14
 0.41413641E+14
 0.41029207E+14
 0.40648221E+14
 0.40270746E+14
 0.39896762E+14
 0.39526147E+14
 0.39158838E+14
 0.38794820E+14
 0.38434227E+14
 0.38076896E+14
 0.37722724E+14
 0.37371606E+14
 0.37023630E+14
 0.36678705E+14
 0.36336681E+14
 0.35997544E+14
 0.35661307E+14
 0.35327854E+14
 0.34997038E+14
 0.34669377E+14
 0.34344989E+14
 0.34023048E+14
 0.33703551E+14
 0.33386540E+14
 0.33071897E+14
 0.32759653E+14
 0.32450982E+14
 0.32145254E+14
 0.31842490E+14
 0.31542521E+14
 0.31245153E+14
 0.30950288E+14
 0.30657854E+14
 0.30367775E+14
 0.30080005E+14
 0.29794706E+14
 0.29511910E+14
 0.29231470E+14
 0.28953410E+14
 0.28677787E+14
 0.28404626E+14
 0.28133820E+14
 0.27865395E+14
 0.27599439E+14
 0.27335853E+14
 0.27074592E+14
 0.26816039E+14
 0.26559862E+14
 0.26305980E+14
 0.26054452E+14
 0.25805274E+14
 0.25558404E+14
 0.25313753E+14
 0.25071341E+14
 0.24830979E+14
 0.24592726E+14
 0.24356604E+14
 0.24122033E+14
 0.23889657E+14
 0.23659505E+14
 0.23431531E+14
 0.23205595E+14
 0.22981680E+14
 0.22759716E+14
 0.22539557E+14
 0.22321206E+14
 0.22104129E+14
 0.21888972E+14
 0.21675683E+14
 0.21464325E+14
 0.21255003E+14
 0.21047694E+14
 0.20842360E+14
 0.20638970E+14
 0.20437462E+14
 0.20237843E+14
 0.20040096E+14
 0.19844115E+14
 0.19649814E+14
 0.19457228E+14
 0.19266465E+14
 0.19077518E+14
 0.18890394E+14
 0.18705065E+14
 0.18521518E+14
 0.18339741E+14
 0.18159834E+14
 0.17981761E+14
 0.17805567E+14
 0.17631235E+14
 0.17458710E+14
 0.17287994E+14
 0.17119037E+14
 0.16951739E+14
 0.16786066E+14
 0.16622022E+14
 0.16459554E+14
 0.16298633E+14
 0.16139250E+14
 0.15981382E+14
 0.15825002E+14
 0.15670118E+14
 0.15516716E+14
 0.15364783E+14
 0.15214343E+14
 0.15065402E+14
 0.14917856E+14
 0.14771679E+14
 0.14626845E+14
 0.14483318E+14
 0.14341078E+14
 0.14200128E+14
 0.14060457E+14
 0.13922051E+14
 0.13784901E+14
 0.13649002E+14
 0.13514335E+14
 0.13380891E+14
 0.13248672E+14
 0.13117680E+14
 0.12987890E+14
 0.12859282E+14
 0.12731822E+14
 0.12605504E+14
 0.12480370E+14
 0.12356417E+14
 0.12233604E+14
 0.12111972E+14
 0.11991549E+14
 0.11872332E+14
 0.11754322E+14
 0.11637523E+14
 0.11521942E+14
 0.11407569E+14
 0.11294382E+14
 0.11182381E+14
 0.11071555E+14
 0.10961887E+14
 0.10853362E+14
 0.10745971E+14
 0.10639708E+14
 0.10534557E+14
 0.10430504E+14
 0.10327527E+14
 0.10225608E+14
 0.10124727E+14
 0.10024870E+14
 0.99260207E+13
 0.98281632E+13
 0.97312897E+13
 0.96353840E+13
 0.95404235E+13
 0.94463991E+13
 0.93532975E+13
 0.92610983E+13
 0.91697698E+13
 0.90792953E+13
 0.89896526E+13
 0.89008270E+13
 0.88128067E+13
 0.87255779E+13
 0.86391362E+13
 0.85534693E+13
 0.84685588E+13
 0.83843823E+13
 0.83009323E+13
 0.82181987E+13
 0.81361657E+13
 0.80548586E+13
 0.79742864E+13
 0.78944409E+13
 0.78153265E+13
 0.77369715E+13
 0.76593711E+13
 0.75825373E+13
 0.75064741E+13
 0.74311809E+13
 0.73566483E+13
 0.72828659E+13
 0.72098154E+13
 0.71374923E+13
 0.70658894E+13
 0.69950028E+13
 0.69248255E+13
 0.68553537E+13
 0.67865857E+13
 0.67185230E+13
 0.66511580E+13
 0.65844855E+13
 0.65184979E+13
 0.64531911E+13
 0.63885563E+13
 0.63245859E+13
 0.62612747E+13
 0.61986208E+13
 0.61366147E+13
 0.60752511E+13
 0.60145231E+13
 0.59544170E+13
 0.58949225E+13
 0.58360327E+13
 0.57777371E+13
 0.57200435E+13
 0.56629407E+13
 0.56064247E+13
 0.55504997E+13
 0.54951564E+13
 0.54403827E+13
 0.53861640E+13
 0.53324844E+13
 0.52793348E+13
 0.52267031E+13
 0.51745765E+13
 0.51229584E+13
 0.50718548E+13
 0.50212564E+13
 0.49711590E+13
 0.49215571E+13
 0.48724466E+13
 0.48238233E+13
 0.47756840E+13
 0.47280227E+13
 0.46808369E+13
 0.46341370E+13
 0.45879204E+13
 0.45421784E+13
 0.44969086E+13
 0.44521051E+13
 0.44077636E+13
 0.43638763E+13
 0.43204382E+13
 0.42774506E+13
 0.42349041E+13
 0.41928152E+13
 0.41511809E+13
 0.41099948E+13
 0.40692534E+13
 0.40289514E+13
 0.39890814E+13
 0.39496389E+13
 0.39106176E+13
 0.38720135E+13
 0.38338191E+13
 0.37960267E+13
 0.37586292E+13
 0.37216209E+13
 0.36849949E+13
 0.36487455E+13
 0.36128690E+13
 0.35773722E+13
 0.35422534E+13
 0.35075077E+13
 0.34731302E+13
 0.34391138E+13
 0.34054507E+13
 0.33721356E+13
 0.33391630E+13
 0.33065348E+13
 0.32742477E+13
 0.32422979E+13
 0.32106807E+13
 0.31793906E+13
 0.31484252E+13
 0.31177791E+13
 0.30874452E+13
 0.30574268E+13
 0.30277216E+13
 0.29983263E+13
 0.29692373E+13
 0.29404502E+13
 0.29119615E+13
 0.28837702E+13
 0.28558709E+13
 0.28282587E+13
 0.28009267E+13
 0.27738713E+13
 0.27470927E+13
 0.27205888E+13
 0.26943581E+13
 0.26684048E+13
 0.26427249E+13
 0.26173150E+13
 0.25921727E+13
 0.25672967E+13
 0.25426835E+13
 0.25183291E+13
 0.24942297E+13
 0.24703817E+13
 0.24467821E+13
 0.24234266E+13
 0.24003121E+13
 0.23774350E+13
 0.23547919E+13
 0.23323798E+13
 0.23101963E+13
 0.22882381E+13
 0.22665022E+13
 0.22449857E+13
 0.22236850E+13
 0.22025964E+13
 0.21817172E+13
 0.21610494E+13
 0.21405914E+13
 0.21203432E+13
 0.21003039E+13
 0.20804710E+13
 0.20608413E+13
 0.20414106E+13
 0.20221764E+13
 0.20031371E+13
 0.19842896E+13
 0.19656316E+13
 0.19471614E+13
 0.19288765E+13
 0.19107746E+13
 0.18928543E+13
 0.18751126E+13
 0.18575463E+13
 0.18401521E+13
 0.18229272E+13
 0.18058687E+13
 0.17889737E+13
 0.17722405E+13
 0.17556682E+13
 0.17392549E+13
 0.17229998E+13
 0.17069010E+13
 0.16909570E+13
 0.16751662E+13
 0.16595286E+13
 0.16440427E+13
 0.16287092E+13
 0.16135271E+13
 0.15984948E+13
 0.15836105E+13
 0.15688718E+13
 0.15542769E+13
 0.15398243E+13
 0.15255125E+13
 0.15113396E+13
 0.14973047E+13
 0.14834058E+13
 0.14696405E+13
 0.14560064E+13
 0.14425016E+13
 0.14291241E+13
 0.14158723E+13
 0.14027448E+13
 0.13897407E+13
 0.13768586E+13
 0.13640974E+13
 0.13514562E+13
 0.13389343E+13
 0.13265298E+13
 0.13142419E+13
 0.13020702E+13
 0.12900142E+13
 0.12780729E+13
 0.12662455E+13
 0.12545310E+13
 0.12429278E+13
 0.12314357E+13
 0.12200542E+13
 0.12087827E+13
 0.11976198E+13
 0.11865641E+13
 0.11756139E+13
 0.11647684E+13
 0.11540261E+13
 0.11433859E+13
 0.11328461E+13
 0.11224054E+13
 0.11120622E+13
 0.11018156E+13
 0.10916646E+13
 0.10816085E+13
 0.10716469E+13
 0.10617788E+13
 0.10520030E+13
 0.10423191E+13
 0.10327264E+13
 0.10232241E+13
 0.10138114E+13
 0.10044874E+13
 0.99525073E+12
 0.98610070E+12
 0.97703611E+12
 0.96805631E+12
 0.95916071E+12
 0.95034842E+12
 0.94161849E+12
 0.93297017E+12
 0.92440286E+12
 0.91591544E+12
 0.90750693E+12
 0.89917638E+12
 0.89092300E+12
 0.88274627E+12
 0.87464551E+12
 0.86661995E+12
 0.85866869E+12
 0.85079076E+12
 0.84298523E+12
 0.83525107E+12
 0.82758740E+12
 0.81999354E+12
 0.81246871E+12
 0.80501245E+12
 0.79762404E+12
 0.79030302E+12
 0.78304900E+12
 0.77586160E+12
 0.76873993E+12
 0.76168333E+12
 0.75469085E+12
 0.74776182E+12
 0.74089548E+12
 0.73409136E+12
 0.72734903E+12
 0.72066814E+12
 0.71404800E+12
 0.70748789E+12
 0.70098731E+12
 0.69454636E+12
 0.68816482E+12
 0.68184216E+12
 0.67557767E+12
 0.66937110E+12
 0.66322202E+12
 0.65712980E+12
 0.65109366E+12
 0.64511311E+12
 0.63918806E+12
 0.63331810E+12
 0.62750265E+12
 0.62174134E+12
 0.61603369E+12
 0.61037917E+12
 0.60477743E+12
 0.59922780E+12
 0.59372970E+12
 0.58828291E+12
 0.58288744E+12
 0.57754268E+12
 0.57224811E+12
 0.56700311E+12
 0.56180727E+12
 0.55666000E+12
 0.55156070E+12
 0.54650875E+12
 0.54150400E+12
 0.53654593E+12
 0.53163393E+12
 0.52676747E+12
 0.52194606E+12
 0.51716932E+12
 0.51243687E+12
 0.50774833E+12
 0.50310305E+12
 0.49850067E+12
 0.49394087E+12
 0.48942330E+12
 0.48494743E+12
 0.48051275E+12
 0.47611872E+12
 0.47176471E+12
 0.46745021E+12
 0.46317470E+12
 0.45893779E+12
 0.45473901E+12
 0.45057787E+12
 0.44645393E+12
 0.44236702E+12
 0.43831712E+12
 0.43430390E+12
 0.43032698E+12
 0.42638620E+12
 0.42248132E+12
 0.41861201E+12
 0.41477818E+12
 0.41097952E+12
 0.40721568E+12
 0.40348664E+12
 0.39979240E+12
 0.39613268E+12
 0.39250710E+12
 0.38891536E+12
 0.38535709E+12
 0.38183193E+12
 0.37833955E+12
 0.37487964E+12
 0.37145186E+12
 0.36805589E+12
 0.36469132E+12
 0.36135781E+12
 0.35805510E+12
 0.35478272E+12
 0.35154049E+12
 0.34832814E+12
 0.34514527E+12
 0.34199161E+12
 0.33886677E+12
 0.33577042E+12
 0.33270227E+12
 0.32966206E+12
 0.32664947E+12
 0.32366426E+12
 0.32070622E+12
 0.31777508E+12
 0.31487077E+12
 0.31199315E+12
 0.30914205E+12
 0.30631726E+12
 0.30351861E+12
 0.30074572E+12
 0.29799821E+12
 0.29527577E+12
 0.29257825E+12
 0.28990542E+12
 0.28725701E+12
 0.28463289E+12
 0.28203281E+12
 0.27945644E+12
 0.27690350E+12
 0.27437365E+12
 0.27186656E+12
 0.26938206E+12
 0.26691997E+12
 0.26448012E+12
 0.26206246E+12
 0.25966688E+12
 0.25729318E+12
 0.25494119E+12
 0.25261075E+12
 0.25030170E+12
 0.24801387E+12
 0.24574705E+12
 0.24350096E+12
 0.24127546E+12
 0.23907047E+12
 0.23688579E+12
 0.23472127E+12
 0.23257668E+12
 0.23045182E+12
 0.22834650E+12
 0.22626065E+12
 0.22419401E+12
 0.22214638E+12
 0.22011752E+12
 0.21810721E+12
 0.21611523E+12
 0.21414145E+12
 0.21218562E+12
 0.21024770E+12
 0.20832751E+12
 0.20642479E+12
 0.20453936E+12
 0.20267104E+12
 0.20081959E+12
 0.19898488E+12
 0.19716687E+12
 0.19536545E+12
 0.19358041E+12
 0.19181160E+12
 0.19005891E+12
 0.18832216E+12
 0.18660119E+12
 0.18489599E+12
 0.18320640E+12
 0.18153224E+12
 0.17987341E+12
 0.17822982E+12
 0.17660129E+12
 0.17498766E+12
 0.17338877E+12
 0.17180448E+12
 0.17023466E+12
 0.16867918E+12
 0.16713792E+12
 0.16561072E+12
 0.16409743E+12
 0.16259790E+12
 0.16111210E+12
 0.15963988E+12
 0.15818108E+12
 0.15673554E+12
 0.15530312E+12
 0.15388367E+12
 0.15247709E+12
 0.15108325E+12
 0.14970213E+12
 0.14833359E+12
 0.14697745E+12
 0.14563356E+12
 0.14430190E+12
 0.14298239E+12
 0.14167489E+12
 0.14037933E+12
 0.13909570E+12
 0.13782383E+12
 0.13656360E+12
 0.13531491E+12
 0.13407755E+12
 0.13285141E+12
 0.13163647E+12
 0.13043267E+12
 0.12923989E+12
 0.12805800E+12
 0.12688691E+12
 0.12572648E+12
 0.12457656E+12
 0.12343704E+12
 0.12230779E+12
 0.12118871E+12
 0.12007971E+12
 0.11898070E+12
 0.11789157E+12
 0.11681223E+12
 0.11574258E+12
 0.11468254E+12
 0.11363200E+12
 0.11259094E+12
 0.11155935E+12
 0.11053723E+12
 0.10952451E+12
 0.10852112E+12
 0.10752693E+12
 0.10654186E+12
 0.10556581E+12
 0.10459866E+12
 0.10364031E+12
 0.10269066E+12
 0.10174961E+12
 0.10081707E+12
 0.99892992E+11
 0.98977292E+11
 0.98069865E+11
 0.97170596E+11
 0.96279390E+11
 0.95396150E+11
 0.94520879E+11
 0.93653550E+11
 0.92794160E+11
 0.91942694E+11
 0.91099081E+11
 0.90263261E+11
 0.89435151E+11
 0.88614674E+11
 0.87801817E+11
 0.86996501E+11
 0.86198648E+11
 0.85408188E+11
 0.84625056E+11
 0.83849215E+11
 0.83080654E+11
 0.82319313E+11
 0.81565160E+11
 0.80818105E+11
 0.80078064E+11
 0.79344965E+11
 0.78618717E+11
 0.77899234E+11
 0.77186438E+11
 0.76480233E+11
 0.75780527E+11
 0.75087254E+11
 0.74400365E+11
 0.73719854E+11
 0.73045668E+11
 0.72377737E+11
 0.71716014E+11
 0.71060508E+11
 0.70411205E+11
 0.69768049E+11
 0.69130964E+11
 0.68499879E+11
 0.67874713E+11
 0.67255387E+11
 0.66641841E+11
 0.66034004E+11
 0.65431809E+11
 0.64835193E+11
 0.64244113E+11
 0.63658500E+11
 0.63078274E+11
 0.62503370E+11
 0.61933723E+11
 0.61369253E+11
 0.60809911E+11
 0.60255694E+11
 0.59706554E+11
 0.59162432E+11
 0.58623290E+11
 0.58089103E+11
 0.57559822E+11
 0.57035385E+11
 0.56515731E+11
 0.56000792E+11
 0.55490535E+11
 0.54984906E+11
 0.54483882E+11
 0.53987426E+11
 0.53495513E+11
 0.53008113E+11
 0.52525214E+11
 0.52046796E+11
 0.51572810E+11
 0.51103190E+11
 0.50637886E+11
 0.50176844E+11
 0.49720010E+11
 0.49267367E+11
 0.48818863E+11
 0.48374449E+11
 0.47934064E+11
 0.47497661E+11
 0.47065202E+11
 0.46636691E+11
 0.46212108E+11
 0.45791411E+11
 0.45374569E+11
 0.44961535E+11
 0.44552256E+11
 0.44146701E+11
 0.43744819E+11
 0.43346562E+11
 0.42951897E+11
 0.42560832E+11
 0.42173330E+11
 0.41789359E+11
 0.41408879E+11
 0.41031840E+11
 0.40658199E+11
 0.40287939E+11
 0.39921045E+11
 0.39557479E+11
 0.39197219E+11
 0.38840262E+11
 0.38486580E+11
 0.38136133E+11
 0.37788886E+11
 0.37444803E+11
 0.37103844E+11
 0.36765969E+11
 0.36431135E+11
 0.36099307E+11
 0.35770449E+11
 0.35444524E+11
 0.35121504E+11
 0.34801355E+11
 0.34484050E+11
 0.34169561E+11
 0.33857865E+11
 0.33548914E+11
 0.33242685E+11
 0.32939143E+11
 0.32638265E+11
 0.32340021E+11
 0.32044383E+11
 0.31751325E+11
 0.31460814E+11
 0.31172826E+11
 0.30887336E+11
 0.30604318E+11
 0.30323751E+11
 0.30045644E+11
 0.29770020E+11
 0.29496865E+11
 0.29226160E+11
 0.28957884E+11
 0.28692038E+11
 0.28428600E+11
 0.28167543E+11
 0.27908857E+11
 0.27652586E+11
 0.27398722E+11
 0.27147231E+11
 0.26898120E+11
 0.26651404E+11
 0.26407075E+11
 0.26165105E+11
 0.25925468E+11
 0.25688145E+11
 0.25453112E+11
 0.25220345E+11
 0.24989831E+11
 0.24761542E+11
 0.24535422E+11
 0.24311432E+11
 0.24089570E+11
 0.23869812E+11
 0.23652135E+11
 0.23436518E+11
 0.23222952E+11
 0.23011409E+11
 0.22801864E+11
 0.22594295E+11
 0.22388702E+11
 0.22185068E+11
 0.21983367E+11
 0.21783574E+11
 0.21585667E+11
 0.21389628E+11
 0.21195441E+11
 0.21003085E+11
 0.20812537E+11
 0.20623765E+11
 0.20436737E+11
 0.20251432E+11
 0.20067820E+11
 0.19885881E+11
 0.19705603E+11
 0.19526960E+11
 0.19349925E+11
 0.19174471E+11
 0.19000579E+11
 0.18828227E+11
 0.18657386E+11
 0.18488037E+11
 0.18320169E+11
 0.18153770E+11
 0.17988821E+11
 0.17825312E+11
 0.17663240E+11
 0.17502605E+11
 0.17343398E+11
 0.17185610E+11
 0.17029229E+11
 0.16874245E+11
 0.16720647E+11
 0.16568427E+11
 0.16417582E+11
 0.16268107E+11
 0.16119987E+11
 0.15973339E+11
 0.15828047E+11
 0.15684070E+11
 0.15541396E+11
 0.15400008E+11
 0.15259897E+11
 0.15121065E+11
 0.14983499E+11
 0.14847189E+11
 0.14712123E+11
 0.14578281E+11
 0.14445654E+11
 0.14314234E+11
 0.14184025E+11
 0.14055027E+11
 0.13927221E+11
 0.13800593E+11
 0.13675132E+11
 0.13550823E+11
 0.13427658E+11
 0.13305618E+11
 0.13184689E+11
 0.13064858E+11
 0.12946121E+11
 0.12828459E+11
 0.12711861E+11
 0.12596336E+11
 0.12481889E+11
 0.12368499E+11
 0.12256151E+11
 0.12144833E+11
 0.12034538E+11
 0.11925244E+11
 0.11816940E+11
 0.11709621E+11
 0.11603266E+11
 0.11497870E+11
 0.11393425E+11
 0.11289927E+11
 0.11187367E+11
 0.11085734E+11
 0.10985015E+11
 0.10885199E+11
 0.10786264E+11
 0.10688216E+11
 0.10591053E+11
 0.10494763E+11
 0.10399335E+11
 0.10304758E+11
 0.10211022E+11
 0.10118118E+11
 0.10026042E+11
 0.99348097E+10
 0.98444143E+10
 0.97548446E+10
 0.96660910E+10
 0.95781410E+10
 0.94909917E+10
 0.94046353E+10
 0.93190624E+10
 0.92342659E+10
 0.91502381E+10
 0.90669701E+10
 0.89844553E+10
 0.89026861E+10
 0.88216584E+10
 0.87413751E+10
 0.86618271E+10
 0.85830013E+10
 0.85048877E+10
 0.84274788E+10
 0.83507694E+10
 0.82748026E+10
 0.81995444E+10
 0.81249760E+10
 0.80510913E+10
 0.79778828E+10
 0.79053438E+10
 0.78334672E+10
 0.77622482E+10
 0.76916822E+10
 0.76217624E+10
 0.75524788E+10
 0.74838277E+10
 0.74158041E+10
 0.73484048E+10
 0.72816297E+10
 0.72154671E+10
 0.71499103E+10
 0.70849542E+10
 0.70205927E+10
 0.69568243E+10
 0.68936395E+10
 0.68310312E+10
 0.67689935E+10
 0.67075206E+10
 0.66466119E+10
 0.65862616E+10
 0.65264653E+10
 0.64672206E+10
 0.64085221E+10
 0.63503629E+10
 0.62927421E+10
 0.62356560E+10
 0.61790962E+10
 0.61230562E+10
 0.60675328E+10
 0.60125154E+10
 0.59579976E+10
 0.59039767E+10
 0.58504546E+10
 0.57974261E+10
 0.57448839E+10
 0.56928254E+10
 0.56412457E+10
 0.55901372E+10
 0.55395000E+10
 0.54893342E+10
 0.54396357E+10
 0.53903984E+10
 0.53416170E+10
 0.52932864E+10
 0.52454014E+10
 0.51979565E+10
 0.51509468E+10
 0.51043671E+10
 0.50582117E+10
 0.50124794E+10
 0.49671675E+10
 0.49222715E+10
 0.48777869E+10
 0.48337077E+10
 0.47900296E+10
 0.47467488E+10
 0.47038602E+10
 0.46613586E+10
 0.46192415E+10
 0.45775080E+10
 0.45361527E+10
 0.44951701E+10
 0.44545556E+10
 0.44143055E+10
 0.43744156E+10
 0.43348813E+10
 0.42956983E+10
 0.42568630E+10
 0.42183717E+10
 0.41802249E+10
 0.41424213E+10
 0.41049564E+10
 0.40678250E+10
 0.40309926E+10
 0.39944970E+10
 0.39583334E+10
 0.39224982E+10
 0.38869888E+10
 0.38518017E+10
 0.38169324E+10
 0.37823770E+10
 0.37481324E+10
 0.37141963E+10
 0.36805685E+10
 0.36472474E+10
 0.36142306E+10
 0.35815166E+10
 0.35491026E+10
 0.35169881E+10
 0.34851696E+10
 0.34536440E+10
 0.34224066E+10
 0.33914531E+10
 0.33607827E+10
 0.33303914E+10
 0.33002759E+10
 0.32704313E+10
 0.32408574E+10
 0.32115513E+10
 0.31825143E+10
 0.31537447E+10
 0.31252414E+10
 0.30970010E+10
 0.30690194E+10
 0.30412947E+10
 0.30138245E+10
 0.29866053E+10
 0.29596337E+10
 0.29329093E+10
 0.29064272E+10
 0.28801852E+10
 0.28541798E+10
 0.28284024E+10
 0.28028111E+10
 0.27774565E+10
 0.27523347E+10
 0.27274443E+10
 0.27027793E+10
 0.26783362E+10
 0.26541142E+10
 0.26301132E+10
 0.26063283E+10
 0.25827605E+10
 0.25594080E+10
 0.25362657E+10
 0.25133339E+10
 0.24906095E+10
 0.24680893E+10
 0.24457755E+10
 0.24236650E+10
 0.24017556E+10
 0.23800438E+10
 0.23585265E+10
 0.23372049E+10
 0.23160770E+10
 0.22951408E+10
 0.22743916E+10
 0.22538325E+10
 0.22334617E+10
 0.22132770E+10
 0.21932722E+10
 0.21734490E+10
 0.21538043E+10
 0.21343344E+10
 0.21150411E+10
 0.20959269E+10
 0.20769880E+10
 0.20582229E+10
 0.20396351E+10
 0.20212205E+10
 0.20029783E+10
 0.19849055E+10
 0.19670031E+10
 0.19492680E+10
 0.19317000E+10
 0.19142973E+10
 0.18970598E+10
 0.18799796E+10
 0.18630539E+10
 0.18462826E+10
 0.18296638E+10
 0.18131957E+10
 0.17968776E+10
 0.17807084E+10
 0.17646873E+10
 0.17488122E+10
 0.17330816E+10
 0.17174942E+10
 0.17020481E+10
 0.16867414E+10
 0.16715739E+10
