# ea  1 ds-3.14.05-beta18   
 0.17686391E+14
 0.17780398E+14
 0.17875141E+14
 0.17970611E+14
 0.18066802E+14
 0.18163697E+14
 0.18261307E+14
 0.18359581E+14
 0.18458599E+14
 0.18558394E+14
 0.18658971E+14
 0.18760339E+14
 0.18862500E+14
 0.18965440E+14
 0.19069106E+14
 0.19173605E+14
 0.19278952E+14
 0.19385150E+14
 0.19492215E+14
 0.19600156E+14
 0.19708977E+14
 0.19818655E+14
 0.19929206E+14
 0.20040626E+14
 0.20152912E+14
 0.20266068E+14
 0.20380101E+14
 0.20494980E+14
 0.20610697E+14
 0.20727263E+14
 0.20844661E+14
 0.20962899E+14
 0.21082001E+14
 0.21202008E+14
 0.21322953E+14
 0.21444840E+14
 0.21567656E+14
 0.21691309E+14
 0.21815912E+14
 0.21941443E+14
 0.22067888E+14
 0.22195279E+14
 0.22323647E+14
 0.22453017E+14
 0.22583366E+14
 0.22714698E+14
 0.22847047E+14
 0.22980421E+14
 0.23114780E+14
 0.23250147E+14
 0.23386543E+14
 0.23523975E+14
 0.23662487E+14
 0.23802131E+14
 0.23942923E+14
 0.24084896E+14
 0.24228053E+14
 0.24372343E+14
 0.24517751E+14
 0.24664304E+14
 0.24811993E+14
 0.24960822E+14
 0.25110802E+14
 0.25261945E+14
 0.25414297E+14
 0.25567860E+14
 0.25722649E+14
 0.25878664E+14
 0.26035923E+14
 0.26194435E+14
 0.26354004E+14
 0.26514813E+14
 0.26676971E+14
 0.26840435E+14
 0.27005301E+14
 0.27171548E+14
 0.27339143E+14
 0.27508113E+14
 0.27678451E+14
 0.27850103E+14
 0.28023086E+14
 0.28197421E+14
 0.28373117E+14
 0.28550207E+14
 0.28728804E+14
 0.28908817E+14
 0.29090260E+14
 0.29273153E+14
 0.29457523E+14
 0.29643397E+14
 0.29830801E+14
 0.30019759E+14
 0.30210279E+14
 0.30402342E+14
 0.30595983E+14
 0.30791223E+14
 0.30988152E+14
 0.31186831E+14
 0.31387334E+14
 0.31589676E+14
 0.31793879E+14
 0.31999926E+14
 0.32207712E+14
 0.32417327E+14
 0.32628730E+14
 0.32842012E+14
 0.33057209E+14
 0.33274313E+14
 0.33493501E+14
 0.33714818E+14
 0.33938303E+14
 0.34163940E+14
 0.34391757E+14
 0.34621731E+14
 0.34853849E+14
 0.35088133E+14
 0.35324592E+14
 0.35563250E+14
 0.35804066E+14
 0.36047116E+14
 0.36292445E+14
 0.36539935E+14
 0.36789765E+14
 0.37042140E+14
 0.37297025E+14
 0.37554383E+14
 0.37814346E+14
 0.38076937E+14
 0.38342172E+14
 0.38610101E+14
 0.38880736E+14
 0.39154067E+14
 0.39430025E+14
 0.39708593E+14
 0.39989721E+14
 0.40273349E+14
 0.40559522E+14
 0.40848593E+14
 0.41140381E+14
 0.41434919E+14
 0.41732200E+14
 0.42032157E+14
 0.42334962E+14
 0.42640682E+14
 0.42949354E+14
 0.43260973E+14
 0.43575545E+14
 0.43893119E+14
 0.44213682E+14
 0.44537233E+14
 0.44863755E+14
 0.45193315E+14
 0.45525986E+14
 0.45862302E+14
 0.46202438E+14
 0.46545882E+14
 0.46892312E+14
 0.47242207E+14
 0.47595530E+14
 0.47952434E+14
 0.48313055E+14
 0.48677404E+14
 0.49045625E+14
 0.49417757E+14
 0.49793804E+14
 0.50173814E+14
 0.50557681E+14
 0.50945329E+14
 0.51336883E+14
 0.51732307E+14
 0.52131688E+14
 0.52535480E+14
 0.52943758E+14
 0.53356349E+14
 0.53773302E+14
 0.54194686E+14
 0.54620522E+14
 0.55050846E+14
 0.55485750E+14
 0.55925054E+14
 0.56368769E+14
 0.56816872E+14
 0.57269437E+14
 0.57726411E+14
 0.58187957E+14
 0.58653989E+14
 0.59124381E+14
 0.59599379E+14
 0.60079309E+14
 0.60564109E+14
 0.61053843E+14
 0.61548467E+14
 0.62047502E+14
 0.62550911E+14
 0.63058860E+14
 0.63573381E+14
 0.64093689E+14
 0.64619454E+14
 0.65150723E+14
 0.65687469E+14
 0.66229750E+14
 0.66777588E+14
 0.67330703E+14
 0.67889270E+14
 0.68453916E+14
 0.69024832E+14
 0.69602099E+14
 0.70185857E+14
 0.70776161E+14
 0.71372830E+14
 0.71976215E+14
 0.72586546E+14
 0.73203859E+14
 0.73828832E+14
 0.74461182E+14
 0.75100745E+14
 0.75748005E+14
 0.76402198E+14
 0.77063154E+14
 0.77731626E+14
 0.78408040E+14
 0.79092314E+14
 0.79784485E+14
 0.80484534E+14
 0.81192506E+14
 0.81909010E+14
 0.82634243E+14
 0.83367823E+14
 0.84109546E+14
 0.84859445E+14
 0.85617361E+14
 0.86383480E+14
 0.87158032E+14
 0.87940995E+14
 0.88732740E+14
 0.89533865E+14
 0.90344250E+14
 0.91163892E+14
 0.91993204E+14
 0.92831602E+14
 0.93679266E+14
 0.94537035E+14
 0.95405005E+14
 0.96282585E+14
 0.97169593E+14
 0.98066024E+14
 0.98972410E+14
 0.99889146E+14
 0.10081549E+15
 0.10175729E+15
 0.10271400E+15
 0.10368046E+15
 0.10465123E+15
 0.10563410E+15
 0.10662878E+15
 0.10763508E+15
 0.10865288E+15
 0.10968156E+15
 0.11072186E+15
 0.11177492E+15
 0.11283972E+15
 0.11391621E+15
 0.11500461E+15
 0.11610520E+15
 0.11721820E+15
 0.11834402E+15
 0.11948350E+15
 0.12063726E+15
 0.12180460E+15
 0.12298488E+15
 0.12417935E+15
 0.12538702E+15
 0.12660926E+15
 0.12784483E+15
 0.12909330E+15
 0.13035579E+15
 0.13163277E+15
 0.13292496E+15
 0.13423190E+15
 0.13555419E+15
 0.13689157E+15
 0.13824421E+15
 0.13961237E+15
 0.14099797E+15
 0.14239973E+15
 0.14381696E+15
 0.14525160E+15
 0.14670163E+15
 0.14816675E+15
 0.14964812E+15
 0.15114565E+15
 0.15265931E+15
 0.15419023E+15
 0.15574386E+15
 0.15731668E+15
 0.15890742E+15
 0.16051862E+15
 0.16215105E+15
 0.16380344E+15
 0.16547529E+15
 0.16716263E+15
 0.16886486E+15
 0.17059022E+15
 0.17234047E+15
 0.17410966E+15
 0.17589732E+15
 0.17770429E+15
 0.17953379E+15
 0.18138774E+15
 0.18326804E+15
 0.18517292E+15
 0.18710113E+15
 0.18905282E+15
 0.19102849E+15
 0.19302807E+15
 0.19505056E+15
 0.19709600E+15
 0.19916571E+15
 0.20125942E+15
 0.20337949E+15
 0.20552800E+15
 0.20770514E+15
 0.20991133E+15
 0.21214739E+15
 0.21441244E+15
 0.21670670E+15
 0.21903112E+15
 0.22138554E+15
 0.22376923E+15
 0.22618440E+15
 0.22863288E+15
 0.23111497E+15
 0.23363153E+15
 0.23618428E+15
 0.23878277E+15
 0.24141445E+15
 0.24406997E+15
 0.24676520E+15
 0.24950083E+15
 0.25226766E+15
 0.25506489E+15
 0.25790530E+15
 0.26079053E+15
 0.26371765E+15
 0.26668518E+15
 0.26969421E+15
 0.27274450E+15
 0.27583758E+15
 0.27897399E+15
 0.28215509E+15
 0.28538065E+15
 0.28864952E+15
 0.29196151E+15
 0.29531760E+15
 0.29872066E+15
 0.30217185E+15
 0.30567426E+15
 0.30923003E+15
 0.31283909E+15
 0.31650218E+15
 0.32022213E+15
 0.32399918E+15
 0.32783343E+15
 0.33172623E+15
 0.33567662E+15
 0.33968505E+15
 0.34375324E+15
 0.34787938E+15
 0.35206746E+15
 0.35631830E+15
 0.36063100E+15
 0.36500844E+15
 0.36943824E+15
 0.37393036E+15
 0.37848903E+15
 0.38311484E+15
 0.38782008E+15
 0.39259591E+15
 0.39745376E+15
 0.40239276E+15
 0.40741206E+15
 0.41251316E+15
 0.41769188E+15
 0.42294685E+15
 0.42828023E+15
 0.43369409E+15
 0.43918997E+15
 0.44477210E+15
 0.45044448E+15
 0.45620795E+15
 0.46206821E+15
 0.46802806E+15
 0.47408496E+15
 0.48024502E+15
 0.48650275E+15
 0.49285179E+15
 0.49929203E+15
 0.50582870E+15
 0.51246511E+15
 0.51920137E+15
 0.52604086E+15
 0.53298886E+15
 0.54005366E+15
 0.54724124E+15
 0.55455184E+15
 0.56199024E+15
 0.56956513E+15
 0.57728459E+15
 0.58511516E+15
 0.59308378E+15
 0.60118551E+15
 0.60944290E+15
 0.61785979E+15
 0.62641332E+15
 0.63510099E+15
 0.64389759E+15
 0.65282599E+15
 0.66191182E+15
 0.67116514E+15
 0.68058630E+15
 0.69018412E+15
 0.69996096E+15
 0.70991823E+15
 0.72006419E+15
 0.73040578E+15
 0.74093648E+15
 0.75165342E+15
 0.76256616E+15
 0.77369605E+15
 0.78504806E+15
 0.79662174E+15
 0.80841360E+15
 0.82042542E+15
 0.83266178E+15
 0.84511873E+15
 0.85779933E+15
 0.87071912E+15
 0.88388426E+15
 0.89734439E+15
 0.91106282E+15
 0.92504924E+15
 0.93930466E+15
 0.95383827E+15
 0.96866156E+15
 0.98381593E+15
 0.99928320E+15
 0.10150498E+16
 0.10311384E+16
 0.10475669E+16
 0.10643277E+16
 0.10814010E+16
 0.10988078E+16
 0.11166534E+16
 0.11349089E+16
 0.11535730E+16
 0.11726654E+16
 0.11921869E+16
 0.12121678E+16
 0.12326583E+16
 0.12536386E+16
 0.12751004E+16
 0.12969751E+16
 0.13192912E+16
 0.13420966E+16
 0.13654333E+16
 0.13893274E+16
 0.14137854E+16
 0.14387874E+16
 0.14643878E+16
 0.14906186E+16
 0.15175286E+16
 0.15451371E+16
 0.15734256E+16
 0.16024462E+16
 0.16322307E+16
 0.16627243E+16
 0.16939346E+16
 0.17259566E+16
 0.17588574E+16
 0.17926948E+16
 0.18274243E+16
 0.18631001E+16
 0.18997605E+16
 0.19376111E+16
 0.19765914E+16
 0.20167327E+16
 0.20579032E+16
 0.21002067E+16
 0.21439413E+16
 0.21891561E+16
 0.22357432E+16
 0.22837085E+16
 0.23331271E+16
 0.23840904E+16
 0.24366972E+16
 0.24910500E+16
 0.25471471E+16
 0.26051720E+16
 0.26652923E+16
 0.27275081E+16
 0.27916799E+16
 0.28580030E+16
 0.29266667E+16
 0.29977922E+16
 0.30717965E+16
 0.31483521E+16
 0.32275948E+16
 0.33098396E+16
 0.33952823E+16
 0.34839689E+16
 0.35760316E+16
 0.36716207E+16
 0.37709797E+16
 0.38741873E+16
 0.39811844E+16
 0.40929393E+16
 0.42096057E+16
 0.43311667E+16
 0.44577682E+16
 0.45896482E+16
 0.47274182E+16
 0.48717666E+16
 0.50227535E+16
 0.51805293E+16
 0.53456792E+16
 0.55182468E+16
 0.56989321E+16
 0.58877779E+16
 0.60852199E+16
 0.62919441E+16
 0.65087871E+16
 0.67363759E+16
 0.69750043E+16
 0.72254011E+16
 0.74887868E+16
 0.77665360E+16
 0.80594735E+16
 0.83685651E+16
 0.86951949E+16
 0.90408582E+16
 0.94062954E+16
 0.97930693E+16
 0.10202978E+17
 0.10638679E+17
 0.11101127E+17
 0.11591582E+17
 0.12115444E+17
 0.12674141E+17
 0.13271090E+17
 0.13909423E+17
 0.14592787E+17
 0.15324609E+17
 0.16113157E+17
 0.16964829E+17
 0.17878494E+17
 0.18866434E+17
 0.19935818E+17
 0.21093917E+17
 0.22351768E+17
 0.23715122E+17
 0.25205850E+17
 0.26833289E+17
 0.28616864E+17
 0.30575017E+17
 0.32730079E+17
 0.35105676E+17
 0.37730594E+17
 0.40633209E+17
 0.43849035E+17
 0.47418191E+17
 0.51378602E+17
 0.55783053E+17
 0.60661502E+17
 0.66047006E+17
 0.71954513E+17
 0.78398060E+17
 0.85345767E+17
 0.92707718E+17
 0.10031545E+18
 0.10794863E+18
 0.11533419E+18
 0.12217991E+18
 0.12826492E+18
 0.13353647E+18
 0.13793232E+18
 0.14149498E+18
 0.14417551E+18
 0.14600653E+18
 0.14696822E+18
 0.14711870E+18
 0.14639848E+18
 0.14482040E+18
 0.14241836E+18
 0.13916035E+18
 0.13505261E+18
 0.13010850E+18
 0.12435102E+18
 0.11783881E+18
 0.11073982E+18
 0.10335164E+18
 0.95945451E+17
 0.88751595E+17
 0.81947636E+17
 0.75649356E+17
 0.69892311E+17
 0.64667366E+17
 0.59964119E+17
 0.55748830E+17
 0.51994446E+17
 0.48649600E+17
 0.45676424E+17
 0.43031752E+17
 0.40680750E+17
 0.38594896E+17
 0.36744308E+17
 0.35106400E+17
 0.33657626E+17
 0.32380805E+17
 0.31256685E+17
 0.30275646E+17
 0.29419251E+17
 0.28678473E+17
 0.28045109E+17
 0.27512978E+17
 0.27076602E+17
 0.26726337E+17
 0.26459883E+17
 0.26277565E+17
 0.26170963E+17
 0.26138123E+17
 0.26177608E+17
 0.26289631E+17
 0.26472139E+17
 0.26724865E+17
 0.27050039E+17
 0.27446650E+17
 0.27919481E+17
 0.28469953E+17
 0.29100618E+17
 0.29813468E+17
 0.30616968E+17
 0.31519153E+17
 0.32517216E+17
 0.33624669E+17
 0.34849648E+17
 0.36199966E+17
 0.37686592E+17
 0.39316715E+17
 0.41114773E+17
 0.43091779E+17
 0.45269287E+17
 0.47668624E+17
 0.50314382E+17
 0.53233790E+17
 0.56457669E+17
 0.60017823E+17
 0.63953066E+17
 0.68303776E+17
 0.73110064E+17
 0.78427093E+17
 0.84286541E+17
 0.90718744E+17
 0.97741470E+17
 0.10536781E+18
 0.11356441E+18
 0.12224049E+18
 0.13121260E+18
 0.14025461E+18
 0.14907826E+18
 0.15738891E+18
 0.16495610E+18
 0.17173338E+18
 0.17766406E+18
 0.18280018E+18
 0.18710721E+18
 0.19062711E+18
 0.19337500E+18
 0.19542367E+18
 0.19659246E+18
 0.19711397E+18
 0.19697491E+18
 0.19615916E+18
 0.19470298E+18
 0.19265402E+18
 0.19007220E+18
 0.18704192E+18
 0.18376811E+18
 0.18059846E+18
 0.17786537E+18
 0.17587225E+18
 0.17485923E+18
 0.17500321E+18
 0.17637022E+18
 0.17898491E+18
 0.18284749E+18
 0.18790912E+18
 0.19413027E+18
 0.20140501E+18
 0.20957702E+18
 0.21838006E+18
 0.22748295E+18
 0.23647748E+18
 0.24493507E+18
 0.25247671E+18
 0.25890696E+18
 0.26417291E+18
 0.26823120E+18
 0.27104108E+18
 0.27263427E+18
 0.27297951E+18
 0.27204904E+18
 0.26993475E+18
 0.26660711E+18
 0.26206787E+18
 0.25640010E+18
 0.24958021E+18
 0.24168384E+18
 0.23270540E+18
 0.22269561E+18
 0.21176386E+18
 0.20021689E+18
 0.18843941E+18
 0.17681203E+18
 0.16562598E+18
 0.15513839E+18
 0.14545961E+18
 0.13661323E+18
 0.12861641E+18
 0.12140861E+18
 0.11494247E+18
 0.10914061E+18
 0.10391562E+18
 0.99212462E+17
 0.94969069E+17
 0.91126527E+17
 0.87639232E+17
 0.84466904E+17
 0.81577237E+17
 0.78934786E+17
 0.76511702E+17
 0.74271310E+17
 0.72214944E+17
 0.70305504E+17
 0.68532104E+17
 0.66878047E+17
 0.65329162E+17
 0.63874662E+17
 0.62503241E+17
 0.61214565E+17
 0.60000351E+17
 0.58864696E+17
 0.57826035E+17
 0.56889057E+17
 0.56068204E+17
 0.55374348E+17
 0.54814506E+17
 0.54396489E+17
 0.54116071E+17
 0.53975263E+17
 0.53976976E+17
 0.54120834E+17
 0.54407705E+17
 0.54841661E+17
 0.55425766E+17
 0.56159983E+17
 0.57052407E+17
 0.58108038E+17
 0.59331814E+17
 0.60734937E+17
 0.62326028E+17
 0.64119843E+17
 0.66118074E+17
 0.68328242E+17
 0.70745081E+17
 0.73373818E+17
 0.76198464E+17
 0.79184918E+17
 0.82277718E+17
 0.85406158E+17
 0.88510576E+17
 0.91510411E+17
 0.94367428E+17
 0.97076187E+17
 0.99619657E+17
 0.10201835E+18
 0.10426560E+18
 0.10636065E+18
 0.10831881E+18
 0.11014437E+18
 0.11184640E+18
 0.11341043E+18
 0.11485942E+18
 0.11619278E+18
 0.11741518E+18
 0.11853058E+18
 0.11955713E+18
 0.12050515E+18
 0.12143020E+18
 0.12240670E+18
 0.12350858E+18
 0.12481144E+18
 0.12638392E+18
 0.12827558E+18
 0.13051395E+18
 0.13311155E+18
 0.13608544E+18
 0.13944065E+18
 0.14319459E+18
 0.14735772E+18
 0.15193070E+18
 0.15692958E+18
 0.16236630E+18
 0.16825852E+18
 0.17462591E+18
 0.18149456E+18
 0.18888849E+18
 0.19684282E+18
 0.20539402E+18
 0.21457982E+18
 0.22444525E+18
 0.23504227E+18
 0.24643076E+18
 0.25867293E+18
 0.27183743E+18
 0.28601931E+18
 0.30127496E+18
 0.31771686E+18
 0.33541011E+18
 0.35451650E+18
 0.37515059E+18
 0.39743791E+18
 0.42151366E+18
 0.44754544E+18
 0.47569362E+18
 0.50612431E+18
 0.53904077E+18
 0.57465189E+18
 0.61317811E+18
 0.65485714E+18
 0.69994148E+18
 0.74865544E+18
 0.80119871E+18
 0.85767733E+18
 0.91810289E+18
 0.98233784E+18
 0.10500781E+19
 0.11206747E+19
 0.11931699E+19
 0.12662999E+19
 0.13384481E+19
 0.14078986E+19
 0.14730707E+19
 0.15327482E+19
 0.15862140E+19
 0.16332240E+19
 0.16738215E+19
 0.17079711E+19
 0.17357142E+19
 0.17570594E+19
 0.17719952E+19
 0.17805445E+19
 0.17825781E+19
 0.17780205E+19
 0.17669307E+19
 0.17492745E+19
 0.17251009E+19
 0.16943969E+19
 0.16572449E+19
 0.16137109E+19
 0.15638384E+19
 0.15078340E+19
 0.14462498E+19
 0.13794209E+19
 0.13108121E+19
 0.12399111E+19
 0.11689764E+19
 0.10992725E+19
 0.10318040E+19
 0.96724168E+18
 0.90594304E+18
 0.84813320E+18
 0.79380385E+18
 0.74291752E+18
 0.69533981E+18
 0.65094911E+18
 0.60958054E+18
 0.57110218E+18
 0.53537416E+18
 0.50223335E+18
 0.47152929E+18
 0.44307992E+18
 0.41673759E+18
 0.39233661E+18
 0.36972736E+18
 0.34877546E+18
 0.32936069E+18
 0.31130406E+18
 0.29452306E+18
 0.27889158E+18
 0.26435151E+18
 0.25079669E+18
 0.23814131E+18
 0.22631989E+18
 0.21526220E+18
 0.20490743E+18
 0.19519677E+18
 0.18608976E+18
 0.17753125E+18
 0.16948038E+18
 0.16190292E+18
 0.15476027E+18
 0.14802331E+18
 0.14166314E+18
 0.13565764E+18
 0.12997852E+18
 0.12460402E+18
 0.11951431E+18
 0.11468744E+18
 0.11011217E+18
 0.10576676E+18
 0.10163919E+18
 0.97716767E+17
 0.93984748E+17
 0.90432959E+17
 0.87051634E+17
 0.83831445E+17
 0.80761567E+17
 0.77843489E+17
 0.75045601E+17
 0.72374029E+17
 0.69822112E+17
 0.67382347E+17
 0.65049795E+17
 0.62815360E+17
 0.60681598E+17
 0.58641098E+17
 0.56689212E+17
 0.54818566E+17
 0.53026928E+17
 0.51309623E+17
 0.49660182E+17
 0.48078370E+17
 0.46560466E+17
 0.45103614E+17
 0.43705129E+17
 0.42362409E+17
 0.41073208E+17
 0.39835182E+17
 0.38645415E+17
 0.37501681E+17
 0.36402239E+17
 0.35345139E+17
 0.34327620E+17
 0.33348062E+17
 0.32404245E+17
 0.31494569E+17
 0.30618546E+17
 0.29774466E+17
 0.28960205E+17
 0.28174554E+17
 0.27416017E+17
 0.26684186E+17
 0.25978221E+17
 0.25295904E+17
 0.24637698E+17
 0.24000926E+17
 0.23385512E+17
 0.22790641E+17
 0.22215738E+17
 0.21659680E+17
 0.21121630E+17
 0.20601025E+17
 0.20096621E+17
 0.19609103E+17
 0.19137037E+17
 0.18679877E+17
 0.18237005E+17
 0.17807898E+17
 0.17392133E+17
 0.16989222E+17
 0.16598715E+17
 0.16219944E+17
 0.15852600E+17
 0.15496172E+17
 0.15150048E+17
 0.14814130E+17
 0.14487737E+17
 0.14170828E+17
 0.13863040E+17
 0.13563662E+17
 0.13272397E+17
 0.12990364E+17
 0.12716043E+17
 0.12448419E+17
 0.12188324E+17
 0.11934808E+17
 0.11688080E+17
 0.11447746E+17
 0.11213755E+17
 0.10985902E+17
 0.10763801E+17
 0.10547419E+17
 0.10336787E+17
 0.10131384E+17
 0.99307352E+16
 0.97350770E+16
 0.95444306E+16
 0.93584360E+16
 0.91771985E+16
 0.90002497E+16
 0.88274525E+16
 0.86585961E+16
 0.84938150E+16
 0.83329962E+16
 0.81759113E+16
 0.80221898E+16
 0.78724166E+16
 0.77262562E+16
 0.75833722E+16
 0.74436769E+16
 0.73072063E+16
 0.71738821E+16
 0.70434973E+16
 0.69158903E+16
 0.67913179E+16
 0.66695865E+16
 0.65505472E+16
 0.64341011E+16
 0.63202455E+16
 0.62088702E+16
 0.60999953E+16
 0.59934161E+16
 0.58892192E+16
 0.57873535E+16
 0.56876891E+16
 0.55901931E+16
 0.54946889E+16
 0.54015906E+16
 0.53108103E+16
 0.52211917E+16
 0.51333941E+16
 0.50475828E+16
 0.49640933E+16
 0.48817526E+16
 0.48010160E+16
 0.47220149E+16
 0.46445533E+16
 0.45688149E+16
 0.44946281E+16
 0.44218667E+16
 0.43505749E+16
 0.42806914E+16
 0.42121233E+16
 0.41449251E+16
 0.40789514E+16
 0.40141959E+16
 0.39508854E+16
 0.38887966E+16
 0.38278698E+16
 0.37680261E+16
 0.37093534E+16
 0.36518554E+16
 0.35954290E+16
 0.35400162E+16
 0.34856362E+16
 0.34322862E+16
 0.33798420E+16
 0.33283484E+16
 0.32777933E+16
 0.32281932E+16
 0.31794526E+16
 0.31315529E+16
 0.30844941E+16
 0.30382714E+16
 0.29928202E+16
 0.29482150E+16
 0.29042697E+16
 0.28608292E+16
 0.28183621E+16
 0.27767882E+16
 0.27358962E+16
 0.26956529E+16
 0.26561073E+16
 0.26172224E+16
 0.25789805E+16
 0.25413707E+16
 0.25044334E+16
 0.24681024E+16
 0.24323437E+16
 0.23971845E+16
 0.23626741E+16
 0.23287809E+16
 0.22954653E+16
 0.22627137E+16
 0.22305182E+16
 0.21988317E+16
 0.21676727E+16
 0.21370598E+16
 0.21068989E+16
 0.20771511E+16
 0.20478467E+16
 0.20190173E+16
 0.19906547E+16
 0.19627729E+16
 0.19354333E+16
 0.19084894E+16
 0.18818585E+16
 0.18556348E+16
 0.18298244E+16
 0.18044000E+16
 0.17793532E+16
 0.17546870E+16
 0.17303762E+16
 0.17064720E+16
 0.16829398E+16
 0.16597646E+16
 0.16372491E+16
 0.16147083E+16
 0.15925504E+16
 0.15707335E+16
 0.15492878E+16
 0.15281547E+16
 0.15073115E+16
 0.14867872E+16
 0.14665208E+16
 0.14465522E+16
 0.14268448E+16
 0.14074141E+16
 0.13882344E+16
 0.13693569E+16
 0.13507518E+16
 0.13324142E+16
 0.13143397E+16
 0.12965530E+16
 0.12790324E+16
 0.12617606E+16
 0.12447373E+16
 0.12279875E+16
 0.12114641E+16
 0.11951572E+16
 0.11791102E+16
 0.11633223E+16
 0.11477447E+16
 0.11323705E+16
 0.11172298E+16
 0.11023076E+16
 0.10876203E+16
 0.10731630E+16
 0.10589191E+16
 0.10448957E+16
 0.10310642E+16
 0.10174058E+16
 0.10039417E+16
 0.99064473E+15
 0.97753075E+15
 0.96459115E+15
 0.95186342E+15
 0.93934045E+15
 0.92689002E+15
 0.91462387E+15
 0.90250547E+15
 0.89055102E+15
 0.87878540E+15
 0.86717401E+15
 0.85571269E+15
 0.84440617E+15
 0.83325453E+15
 0.82228647E+15
 0.81149083E+15
 0.80083020E+15
 0.79031491E+15
 0.77993441E+15
 0.76968805E+15
 0.75959414E+15
 0.74963809E+15
 0.73981893E+15
 0.73011619E+15
 0.72056194E+15
 0.71115156E+15
 0.70188928E+15
 0.69277306E+15
 0.68377207E+15
 0.67487491E+15
 0.66606506E+15
 0.65736010E+15
 0.64875682E+15
 0.64026579E+15
 0.63191749E+15
 0.62367983E+15
 0.61555150E+15
 0.60753767E+15
 0.59963859E+15
 0.59185090E+15
 0.58417575E+15
 0.57661673E+15
 0.56917050E+15
 0.56182279E+15
 0.55458188E+15
 0.54742026E+15
 0.54040040E+15
 0.53358066E+15
 0.52683190E+15
 0.52001193E+15
 0.51326843E+15
 0.50660419E+15
 0.50003744E+15
 0.49357098E+15
 0.48719355E+15
 0.48090784E+15
 0.47471819E+15
 0.46861029E+15
 0.46256273E+15
 0.45659415E+15
 0.45067972E+15
 0.44481944E+15
 0.43903691E+15
 0.43332659E+15
 0.42768370E+15
 0.42213594E+15
 0.41666153E+15
 0.41126093E+15
 0.40594209E+15
 0.40069699E+15
 0.39552793E+15
 0.39043089E+15
 0.38539480E+15
 0.38041214E+15
 0.37548417E+15
 0.37061039E+15
 0.36578211E+15
 0.36102550E+15
 0.35634762E+15
 0.35173298E+15
 0.34718838E+15
 0.34273392E+15
 0.33834195E+15
 0.33400969E+15
 0.32971935E+15
 0.32546687E+15
 0.32127086E+15
 0.31713316E+15
 0.31305364E+15
 0.30903142E+15
 0.30506194E+15
 0.30114088E+15
 0.29726734E+15
 0.29343800E+15
 0.28965032E+15
 0.28591148E+15
 0.28222648E+15
 0.27859436E+15
 0.27500664E+15
 0.27146677E+15
 0.26797785E+15
 0.26453848E+15
 0.26115185E+15
 0.25777844E+15
 0.25445635E+15
 0.25119293E+15
 0.24798584E+15
 0.24482095E+15
 0.24169549E+15
 0.23860375E+15
 0.23554475E+15
 0.23252005E+15
 0.22953809E+15
 0.22660014E+15
 0.22370601E+15
 0.22085818E+15
 0.21805576E+15
 0.21529407E+15
 0.21257374E+15
 0.20989272E+15
 0.20724349E+15
 0.20462909E+15
 0.20204930E+15
 0.19950080E+15
 0.19698549E+15
 0.19450042E+15
 0.19204363E+15
 0.18961458E+15
 0.18721540E+15
 0.18485437E+15
 0.18252719E+15
 0.18023261E+15
 0.17797400E+15
 0.17574641E+15
 0.17355091E+15
 0.17138762E+15
 0.16924889E+15
 0.16713455E+15
 0.16504598E+15
 0.16298540E+15
 0.16095321E+15
 0.15894732E+15
 0.15697838E+15
 0.15503820E+15
 0.15312003E+15
 0.15121276E+15
 0.14933309E+15
 0.14747930E+15
 0.14565155E+15
 0.14384999E+15
 0.14207416E+15
 0.14032300E+15
 0.13859745E+15
 0.13689805E+15
 0.13522305E+15
 0.13357056E+15
 0.13193923E+15
 0.13032995E+15
 0.12874153E+15
 0.12717143E+15
 0.12562020E+15
 0.12408919E+15
 0.12257870E+15
 0.12108967E+15
 0.11962236E+15
 0.11817592E+15
 0.11675000E+15
 0.11534482E+15
 0.11395973E+15
 0.11259298E+15
 0.11124442E+15
 0.10991246E+15
 0.10859869E+15
 0.10730139E+15
 0.10602029E+15
 0.10475434E+15
 0.10350516E+15
 0.10227691E+15
 0.10107014E+15
 0.99881294E+14
 0.98711348E+14
 0.97558307E+14
 0.96421851E+14
 0.95301947E+14
 0.94198403E+14
 0.93110686E+14
 0.92037885E+14
 0.90979649E+14
 0.89935966E+14
 0.88906433E+14
 0.87890675E+14
 0.86890994E+14
 0.85907823E+14
 0.84940754E+14
 0.83988927E+14
 0.83051705E+14
 0.82128045E+14
 0.81217191E+14
 0.80319421E+14
 0.79434467E+14
 0.78561764E+14
 0.77701330E+14
 0.76853561E+14
 0.76018212E+14
 0.75195890E+14
 0.74386387E+14
 0.73589158E+14
 0.72804199E+14
 0.72030651E+14
 0.71268590E+14
 0.70517678E+14
 0.69777262E+14
 0.69046655E+14
 0.68325871E+14
 0.67614766E+14
 0.66913359E+14
 0.66222443E+14
 0.65541783E+14
 0.64871224E+14
 0.64210600E+14
 0.63559753E+14
 0.62918628E+14
 0.62286727E+14
 0.61663306E+14
 0.61046169E+14
 0.60436788E+14
 0.59834556E+14
 0.59239331E+14
 0.58655436E+14
 0.58079375E+14
 0.57510967E+14
 0.56949889E+14
 0.56396200E+14
 0.55849911E+14
 0.55310886E+14
 0.54779164E+14
 0.54254386E+14
 0.53736321E+14
 0.53224732E+14
 0.52719676E+14
 0.52220939E+14
 0.51728121E+14
 0.51240759E+14
 0.50758710E+14
 0.50282053E+14
 0.49810267E+14
 0.49343253E+14
 0.48881384E+14
 0.48424723E+14
 0.47973017E+14
 0.47526144E+14
 0.47084269E+14
 0.46646839E+14
 0.46213854E+14
 0.45785497E+14
 0.45361041E+14
 0.44940500E+14
 0.44524029E+14
 0.44111443E+14
 0.43703013E+14
 0.43298840E+14
 0.42899150E+14
 0.42503610E+14
 0.42111081E+14
 0.41721210E+14
 0.41334102E+14
 0.40950395E+14
 0.40570130E+14
 0.40193370E+14
 0.39820095E+14
 0.39450182E+14
 0.39083570E+14
 0.38720241E+14
 0.38360332E+14
 0.38003679E+14
 0.37650179E+14
 0.37299728E+14
 0.36952412E+14
 0.36608141E+14
 0.36266767E+14
 0.35928274E+14
 0.35592675E+14
 0.35259857E+14
 0.34929669E+14
 0.34602633E+14
 0.34278861E+14
 0.33957533E+14
 0.33638645E+14
 0.33322237E+14
 0.33008193E+14
 0.32696544E+14
 0.32388463E+14
 0.32083317E+14
 0.31781131E+14
 0.31481734E+14
 0.31184933E+14
 0.30890631E+14
 0.30598755E+14
 0.30309231E+14
 0.30022011E+14
 0.29737257E+14
 0.29455003E+14
 0.29175100E+14
 0.28897571E+14
 0.28622476E+14
 0.28349838E+14
 0.28079551E+14
 0.27811640E+14
 0.27546193E+14
 0.27283113E+14
 0.27022352E+14
 0.26764296E+14
 0.26508611E+14
 0.26255216E+14
 0.26004172E+14
 0.25755471E+14
 0.25509076E+14
 0.25264896E+14
 0.25022948E+14
 0.24783048E+14
 0.24545252E+14
 0.24309587E+14
 0.24075490E+14
 0.23843537E+14
 0.23613828E+14
 0.23386293E+14
 0.23160792E+14
 0.22937308E+14
 0.22715772E+14
 0.22496037E+14
 0.22278103E+14
 0.22061446E+14
 0.21846703E+14
 0.21633824E+14
 0.21422875E+14
 0.21213957E+14
 0.21007043E+14
 0.20802111E+14
 0.20599113E+14
 0.20397993E+14
 0.20198758E+14
 0.20001394E+14
 0.19805793E+14
 0.19611867E+14
 0.19419653E+14
 0.19229259E+14
 0.19040678E+14
 0.18853917E+14
 0.18668946E+14
 0.18485755E+14
 0.18304329E+14
 0.18124771E+14
 0.17947044E+14
 0.17771191E+14
 0.17597198E+14
 0.17425007E+14
 0.17254622E+14
 0.17085993E+14
 0.16919020E+14
 0.16753668E+14
 0.16589942E+14
 0.16427789E+14
 0.16267180E+14
 0.16108106E+14
 0.15950545E+14
 0.15794468E+14
 0.15639885E+14
 0.15486780E+14
 0.15335143E+14
 0.15184996E+14
 0.15036344E+14
 0.14889085E+14
 0.14743191E+14
 0.14598638E+14
 0.14455389E+14
 0.14313425E+14
 0.14172749E+14
 0.14033349E+14
 0.13895211E+14
 0.13758327E+14
 0.13622691E+14
 0.13488286E+14
 0.13355100E+14
 0.13223137E+14
 0.13092400E+14
 0.12962861E+14
 0.12834502E+14
 0.12707289E+14
 0.12581215E+14
 0.12456324E+14
 0.12332611E+14
 0.12210036E+14
 0.12088640E+14
 0.11968451E+14
 0.11849465E+14
 0.11731684E+14
 0.11615112E+14
 0.11499754E+14
 0.11385603E+14
 0.11272636E+14
 0.11160852E+14
 0.11050241E+14
 0.10940785E+14
 0.10832471E+14
 0.10725289E+14
 0.10619231E+14
 0.10514285E+14
 0.10410433E+14
 0.10307656E+14
 0.10205934E+14
 0.10105250E+14
 0.10005586E+14
 0.99069286E+13
 0.98092608E+13
 0.97125753E+13
 0.96168556E+13
 0.95220793E+13
 0.94282374E+13
 0.93353164E+13
 0.92432962E+13
 0.91521448E+13
 0.90618460E+13
 0.89723773E+13
 0.88837241E+13
 0.87958747E+13
 0.87088153E+13
 0.86225415E+13
 0.85370410E+13
 0.84522955E+13
 0.83682826E+13
 0.82849948E+13
 0.82024220E+13
 0.81205485E+13
 0.80393994E+13
 0.79589840E+13
 0.78792938E+13
 0.78003333E+13
 0.77221308E+13
 0.76446814E+13
 0.75679966E+13
 0.74920821E+13
 0.74169355E+13
 0.73425481E+13
 0.72689094E+13
 0.71960013E+13
 0.71238192E+13
 0.70523558E+13
 0.69816073E+13
 0.69115669E+13
 0.68422306E+13
 0.67735967E+13
 0.67056668E+13
 0.66384332E+13
 0.65718908E+13
 0.65060319E+13
 0.64408526E+13
 0.63763440E+13
 0.63124984E+13
 0.62493107E+13
 0.61867791E+13
 0.61248940E+13
 0.60636502E+13
 0.60030406E+13
 0.59430519E+13
 0.58836734E+13
 0.58248985E+13
 0.57667167E+13
 0.57091356E+13
 0.56521441E+13
 0.55957384E+13
 0.55399224E+13
 0.54846870E+13
 0.54300201E+13
 0.53759071E+13
 0.53223322E+13
 0.52692862E+13
 0.52167571E+13
 0.51647321E+13
 0.51132146E+13
 0.50622106E+13
 0.50117108E+13
 0.49617110E+13
 0.49122058E+13
 0.48631910E+13
 0.48146625E+13
 0.47666169E+13
 0.47190484E+13
 0.46719545E+13
 0.46253455E+13
 0.45792189E+13
 0.45335660E+13
 0.44883843E+13
 0.44436680E+13
 0.43994127E+13
 0.43556107E+13
 0.43122572E+13
 0.42693525E+13
 0.42268893E+13
 0.41848822E+13
 0.41433288E+13
 0.41022227E+13
 0.40615603E+13
 0.40213365E+13
 0.39815439E+13
 0.39421779E+13
 0.39032322E+13
 0.38647030E+13
 0.38265826E+13
 0.37888633E+13
 0.37515383E+13
 0.37146016E+13
 0.36780464E+13
 0.36418671E+13
 0.36060600E+13
 0.35706318E+13
 0.35355808E+13
 0.35009022E+13
 0.34665912E+13
 0.34326404E+13
 0.33990422E+13
 0.33657914E+13
 0.33328824E+13
 0.33003170E+13
 0.32680922E+13
 0.32362038E+13
 0.32046475E+13
 0.31734177E+13
 0.31425118E+13
 0.31119246E+13
 0.30816490E+13
 0.30516883E+13
 0.30220401E+13
 0.29927013E+13
 0.29636680E+13
 0.29349361E+13
 0.29065021E+13
 0.28783647E+13
 0.28505189E+13
 0.28229595E+13
 0.27956799E+13
 0.27686762E+13
 0.27419489E+13
 0.27154956E+13
 0.26893151E+13
 0.26634113E+13
 0.26377805E+13
 0.26124191E+13
 0.25873247E+13
 0.25624962E+13
 0.25379299E+13
 0.25136219E+13
 0.24895684E+13
 0.24657658E+13
 0.24422111E+13
 0.24189001E+13
 0.23958294E+13
 0.23729958E+13
 0.23503957E+13
 0.23280263E+13
 0.23058848E+13
 0.22839684E+13
 0.22622736E+13
 0.22407980E+13
 0.22195376E+13
 0.21984890E+13
 0.21776493E+13
 0.21570206E+13
 0.21366014E+13
 0.21163915E+13
 0.20963901E+13
 0.20765947E+13
 0.20570021E+13
 0.20376081E+13
 0.20184102E+13
 0.19994069E+13
 0.19805949E+13
 0.19619721E+13
 0.19435368E+13
 0.19252863E+13
 0.19072185E+13
 0.18893320E+13
 0.18716236E+13
 0.18540904E+13
 0.18367290E+13
 0.18195365E+13
 0.18025101E+13
 0.17856469E+13
 0.17689450E+13
 0.17524039E+13
 0.17360215E+13
 0.17197968E+13
 0.17037283E+13
 0.16878142E+13
 0.16720531E+13
 0.16564448E+13
 0.16409879E+13
 0.16256832E+13
 0.16105296E+13
 0.15955255E+13
 0.15806690E+13
 0.15659579E+13
 0.15513903E+13
 0.15369648E+13
 0.15226798E+13
 0.15085334E+13
 0.14945247E+13
 0.14806518E+13
 0.14669122E+13
 0.14533036E+13
 0.14398241E+13
 0.14264716E+13
 0.14132445E+13
 0.14001416E+13
 0.13871617E+13
 0.13743037E+13
 0.13615662E+13
 0.13489487E+13
 0.13364501E+13
 0.13240688E+13
 0.13118038E+13
 0.12996547E+13
 0.12876212E+13
 0.12757022E+13
 0.12638969E+13
 0.12522041E+13
 0.12406226E+13
 0.12291519E+13
 0.12177916E+13
 0.12065411E+13
 0.11953990E+13
 0.11843638E+13
 0.11734341E+13
 0.11626087E+13
 0.11518864E+13
 0.11412660E+13
 0.11307458E+13
 0.11203245E+13
 0.11100006E+13
 0.10997730E+13
 0.10896409E+13
 0.10796035E+13
 0.10696604E+13
 0.10598106E+13
 0.10500531E+13
 0.10403871E+13
 0.10308123E+13
 0.10213276E+13
 0.10119325E+13
 0.10026257E+13
 0.99340627E+12
 0.98427324E+12
 0.97522550E+12
 0.96626238E+12
 0.95738331E+12
 0.94858739E+12
 0.93987367E+12
 0.93124141E+12
 0.92269001E+12
 0.91421835E+12
 0.90582546E+12
 0.89751037E+12
 0.88927231E+12
 0.88111076E+12
 0.87302503E+12
 0.86501437E+12
 0.85707787E+12
 0.84921456E+12
 0.84142351E+12
 0.83370370E+12
 0.82605425E+12
 0.81847447E+12
 0.81096361E+12
 0.80352117E+12
 0.79614647E+12
 0.78883903E+12
 0.78159846E+12
 0.77442439E+12
 0.76731593E+12
 0.76027240E+12
 0.75329289E+12
 0.74637670E+12
 0.73952309E+12
 0.73273158E+12
 0.72600175E+12
 0.71933325E+12
 0.71272537E+12
 0.70617742E+12
 0.69968889E+12
 0.69325988E+12
 0.68689016E+12
 0.68057922E+12
 0.67432634E+12
 0.66813126E+12
 0.66199358E+12
 0.65591265E+12
 0.64988770E+12
 0.64391822E+12
 0.63800416E+12
 0.63214507E+12
 0.62634040E+12
 0.62058977E+12
 0.61489269E+12
 0.60924866E+12
 0.60365730E+12
 0.59811795E+12
 0.59263005E+12
 0.58719335E+12
 0.58180788E+12
 0.57647303E+12
 0.57118827E+12
 0.56595300E+12
 0.56076679E+12
 0.55562906E+12
 0.55053922E+12
 0.54549663E+12
 0.54050115E+12
 0.53555228E+12
 0.53064939E+12
 0.52579195E+12
 0.52097948E+12
 0.51621159E+12
 0.51148792E+12
 0.50680807E+12
 0.50217140E+12
 0.49757755E+12
 0.49302621E+12
 0.48851702E+12
 0.48404944E+12
 0.47962298E+12
 0.47523710E+12
 0.47089116E+12
 0.46658466E+12
 0.46231707E+12
 0.45808801E+12
 0.45389701E+12
 0.44974358E+12
 0.44562728E+12
 0.44154795E+12
 0.43750555E+12
 0.43349977E+12
 0.42953022E+12
 0.42559674E+12
 0.42169909E+12
 0.41783695E+12
 0.41401023E+12
 0.41021860E+12
 0.40646173E+12
 0.40273960E+12
 0.39905221E+12
 0.39539927E+12
 0.39178041E+12
 0.38819532E+12
 0.38464365E+12
 0.38112502E+12
 0.37763911E+12
 0.37418561E+12
 0.37076419E+12
 0.36737451E+12
 0.36401617E+12
 0.36068884E+12
 0.35739225E+12
 0.35412594E+12
 0.35088972E+12
 0.34768332E+12
 0.34450635E+12
 0.34135853E+12
 0.33823949E+12
 0.33514887E+12
 0.33208641E+12
 0.32905183E+12
 0.32604483E+12
 0.32306514E+12
 0.32011258E+12
 0.31718688E+12
 0.31428795E+12
 0.31141566E+12
 0.30856984E+12
 0.30575029E+12
 0.30295682E+12
 0.30018907E+12
 0.29744665E+12
 0.29472925E+12
 0.29203673E+12
 0.28936885E+12
 0.28672535E+12
 0.28410609E+12
 0.28151082E+12
 0.27893922E+12
 0.27639101E+12
 0.27386585E+12
 0.27136341E+12
 0.26888351E+12
 0.26642598E+12
 0.26399065E+12
 0.26157747E+12
 0.25918632E+12
 0.25681703E+12
 0.25446939E+12
 0.25214326E+12
 0.24983850E+12
 0.24755491E+12
 0.24529228E+12
 0.24305035E+12
 0.24082898E+12
 0.23862807E+12
 0.23644745E+12
 0.23428693E+12
 0.23214631E+12
 0.23002538E+12
 0.22792396E+12
 0.22584197E+12
 0.22377916E+12
 0.22173532E+12
 0.21971022E+12
 0.21770364E+12
 0.21571535E+12
 0.21374522E+12
 0.21179302E+12
 0.20985869E+12
 0.20794205E+12
 0.20604285E+12
 0.20416091E+12
 0.20229605E+12
 0.20044803E+12
 0.19861672E+12
 0.19680208E+12
 0.19500399E+12
 0.19322225E+12
 0.19145672E+12
 0.18970727E+12
 0.18797374E+12
 0.18625596E+12
 0.18455392E+12
 0.18286746E+12
 0.18119639E+12
 0.17954064E+12
 0.17790009E+12
 0.17627457E+12
 0.17466393E+12
 0.17306801E+12
 0.17148665E+12
 0.16991974E+12
 0.16836714E+12
 0.16682873E+12
 0.16530436E+12
 0.16379387E+12
 0.16229712E+12
 0.16081407E+12
 0.15934457E+12
 0.15788847E+12
 0.15644561E+12
 0.15501585E+12
 0.15359902E+12
 0.15219504E+12
 0.15080378E+12
 0.14942522E+12
 0.14805921E+12
 0.14670558E+12
 0.14536418E+12
 0.14403498E+12
 0.14271792E+12
 0.14141284E+12
 0.14011968E+12
 0.13883842E+12
 0.13756891E+12
 0.13631101E+12
 0.13506463E+12
 0.13382956E+12
 0.13260569E+12
 0.13139299E+12
 0.13019143E+12
 0.12900086E+12
 0.12782116E+12
 0.12665223E+12
 0.12549395E+12
 0.12434616E+12
 0.12320874E+12
 0.12208158E+12
 0.12096458E+12
 0.11985763E+12
 0.11876065E+12
 0.11767354E+12
 0.11659619E+12
 0.11552852E+12
 0.11447044E+12
 0.11342185E+12
 0.11238271E+12
 0.11135303E+12
 0.11033280E+12
 0.10932196E+12
 0.10832042E+12
 0.10732807E+12
 0.10634482E+12
 0.10537058E+12
 0.10440522E+12
 0.10344864E+12
 0.10250074E+12
 0.10156144E+12
 0.10063062E+12
 0.99708254E+11
 0.98794248E+11
 0.97888499E+11
 0.96990893E+11
 0.96101336E+11
 0.95219729E+11
 0.94346077E+11
 0.93480352E+11
 0.92622551E+11
 0.91772660E+11
 0.90930608E+11
 0.90096334E+11
 0.89269755E+11
 0.88450796E+11
 0.87639442E+11
 0.86835615E+11
 0.86039239E+11
 0.85250241E+11
 0.84468557E+11
 0.83694151E+11
 0.82927012E+11
 0.82167080E+11
 0.81414322E+11
 0.80668650E+11
 0.79929978E+11
 0.79198235E+11
 0.78473331E+11
 0.77755179E+11
 0.77043703E+11
 0.76338804E+11
 0.75640393E+11
 0.74948403E+11
 0.74262786E+11
 0.73583534E+11
 0.72910597E+11
 0.72243902E+11
 0.71583403E+11
 0.70929111E+11
 0.70281009E+11
 0.69639044E+11
 0.69003139E+11
 0.68373222E+11
 0.67749213E+11
 0.67131034E+11
 0.66518624E+11
 0.65911912E+11
 0.65310832E+11
 0.64715320E+11
 0.64125334E+11
 0.63540806E+11
 0.62961654E+11
 0.62387814E+11
 0.61819221E+11
 0.61255797E+11
 0.60697489E+11
 0.60144299E+11
 0.59596175E+11
 0.59053061E+11
 0.58514917E+11
 0.57981719E+11
 0.57453418E+11
 0.56929952E+11
 0.56411257E+11
 0.55897274E+11
 0.55387961E+11
 0.54883268E+11
 0.54383172E+11
 0.53887636E+11
 0.53396633E+11
 0.52910135E+11
 0.52428130E+11
 0.51950598E+11
 0.51477488E+11
 0.51008738E+11
 0.50544295E+11
 0.50084106E+11
 0.49628118E+11
 0.49176313E+11
 0.48728639E+11
 0.48285047E+11
 0.47845477E+11
 0.47409882E+11
 0.46978223E+11
 0.46550505E+11
 0.46126709E+11
 0.45706790E+11
 0.45290719E+11
 0.44878449E+11
 0.44469928E+11
 0.44065123E+11
 0.43663986E+11
 0.43266466E+11
 0.42872531E+11
 0.42482190E+11
 0.42095405E+11
 0.41712145E+11
 0.41332369E+11
 0.40956028E+11
 0.40583078E+11
 0.40213503E+11
 0.39847289E+11
 0.39484395E+11
 0.39124801E+11
 0.38768505E+11
 0.38415477E+11
 0.38065679E+11
 0.37719074E+11
 0.37375627E+11
 0.37035300E+11
 0.36698049E+11
 0.36363835E+11
 0.36032621E+11
 0.35704371E+11
 0.35379049E+11
 0.35056626E+11
 0.34737069E+11
 0.34420351E+11
 0.34106443E+11
 0.33795323E+11
 0.33486944E+11
 0.33181281E+11
 0.32878300E+11
 0.32577978E+11
 0.32280286E+11
 0.31985194E+11
 0.31692678E+11
 0.31402703E+11
 0.31115248E+11
 0.30830285E+11
 0.30547790E+11
 0.30267742E+11
 0.29990148E+11
 0.29715033E+11
 0.29442383E+11
 0.29172179E+11
 0.28904398E+11
 0.28639043E+11
 0.28376091E+11
 0.28115517E+11
 0.27857309E+11
 0.27601512E+11
 0.27348117E+11
 0.27097091E+11
 0.26848441E+11
 0.26602180E+11
 0.26358303E+11
 0.26116780E+11
 0.25877586E+11
 0.25640703E+11
 0.25406104E+11
 0.25173768E+11
 0.24943680E+11
 0.24715814E+11
 0.24490112E+11
 0.24266536E+11
 0.24045084E+11
 0.23825732E+11
 0.23608459E+11
 0.23393241E+11
 0.23180070E+11
 0.22968918E+11
 0.22759758E+11
 0.22552576E+11
 0.22347364E+11
 0.22144107E+11
 0.21942778E+11
 0.21743355E+11
 0.21545816E+11
 0.21350138E+11
 0.21156311E+11
 0.20964311E+11
 0.20774115E+11
 0.20585693E+11
 0.20399010E+11
 0.20214047E+11
 0.20030775E+11
 0.19849173E+11
 0.19669228E+11
 0.19490916E+11
 0.19314208E+11
 0.19139078E+11
 0.18965508E+11
 0.18793474E+11
 0.18622949E+11
 0.18453913E+11
 0.18286355E+11
 0.18120264E+11
 0.17955620E+11
 0.17792413E+11
 0.17630641E+11
 0.17470303E+11
 0.17311390E+11
 0.17153894E+11
 0.16997802E+11
 0.16843104E+11
 0.16689790E+11
 0.16537852E+11
 0.16387285E+11
 0.16238086E+11
 0.16090240E+11
 0.15943862E+11
 0.15798838E+11
 0.15655128E+11
 0.15512717E+11
 0.15371590E+11
 0.15231738E+11
 0.15093163E+11
 0.14955852E+11
 0.14819794E+11
 0.14684977E+11
 0.14551383E+11
 0.14419001E+11
 0.14287824E+11
 0.14157853E+11
 0.14029096E+11
 0.13901526E+11
 0.13775133E+11
 0.13649903E+11
 0.13525824E+11
 0.13402887E+11
 0.13281072E+11
 0.13160367E+11
 0.13040757E+11
 0.12922240E+11
 0.12804795E+11
 0.12688413E+11
 0.12573102E+11
 0.12458866E+11
 0.12345686E+11
 0.12233545E+11
 0.12122433E+11
 0.12012342E+11
 0.11903250E+11
 0.11795146E+11
 0.11688026E+11
 0.11581867E+11
 0.11476666E+11
 0.11372414E+11
 0.11269107E+11
 0.11166737E+11
 0.11065292E+11
 0.10964759E+11
 0.10865127E+11
 0.10766376E+11
 0.10668508E+11
 0.10571525E+11
 0.10475413E+11
 0.10380161E+11
 0.10285759E+11
 0.10192196E+11
 0.10099464E+11
 0.10007558E+11
 0.99164936E+10
 0.98262651E+10
 0.97368608E+10
 0.96482712E+10
 0.95604836E+10
 0.94734952E+10
 0.93872982E+10
 0.93018833E+10
 0.92172435E+10
 0.91333708E+10
 0.90502566E+10
 0.89678941E+10
 0.88862759E+10
 0.88053979E+10
 0.87252628E+10
 0.86458616E+10
 0.85671814E+10
 0.84892120E+10
 0.84119461E+10
 0.83353783E+10
 0.82595519E+10
 0.81844327E+10
 0.81100020E+10
 0.80362538E+10
 0.79631804E+10
 0.78907754E+10
 0.78190315E+10
 0.77479440E+10
 0.76775084E+10
 0.76077177E+10
 0.75385621E+10
 0.74700377E+10
 0.74021397E+10
 0.73348648E+10
 0.72682133E+10
 0.72021726E+10
 0.71367370E+10
 0.70719008E+10
 0.70076581E+10
 0.69440075E+10
 0.68809392E+10
 0.68184465E+10
 0.67565234E+10
 0.66951641E+10
 0.66343678E+10
 0.65741290E+10
 0.65144430E+10
 0.64553077E+10
 0.63967175E+10
 0.63386657E+10
 0.62811513E+10
 0.62241706E+10
 0.61677153E+10
 0.61117786E+10
 0.60563579E+10
 0.60014420E+10
 0.59470252E+10
 0.58931037E+10
 0.58396804E+10
 0.57867497E+10
 0.57343048E+10
 0.56823422E+10
 0.56308578E+10
 0.55798436E+10
 0.55293000E+10
 0.54792268E+10
 0.54296201E+10
 0.53804738E+10
 0.53317825E+10
 0.52835411E+10
 0.52357445E+10
 0.51883873E+10
 0.51414644E+10
 0.50949707E+10
 0.50489005E+10
 0.50032527E+10
 0.49580244E+10
 0.49132113E+10
 0.48688088E+10
 0.48248110E+10
 0.47812136E+10
 0.47380127E+10
 0.46952033E+10
 0.46527801E+10
 0.46107408E+10
 0.45690843E+10
 0.45278054E+10
 0.44868984E+10
 0.44463588E+10
 0.44061831E+10
 0.43663667E+10
 0.43269054E+10
 0.42877948E+10
 0.42490312E+10
 0.42106108E+10
 0.41725344E+10
 0.41348005E+10
 0.40974048E+10
 0.40603420E+10
 0.40235776E+10
 0.39871492E+10
 0.39510524E+10
 0.39152833E+10
 0.38798394E+10
 0.38447172E+10
 0.38099122E+10
 0.37754205E+10
 0.37412391E+10
 0.37073655E+10
 0.36737997E+10
 0.36405401E+10
 0.36075843E+10
 0.35749306E+10
 0.35425764E+10
 0.35105211E+10
 0.34787613E+10
 0.34472938E+10
 0.34161140E+10
 0.33852176E+10
 0.33546038E+10
 0.33242685E+10
 0.32942085E+10
 0.32644190E+10
 0.32348996E+10
 0.32056475E+10
 0.31766641E+10
 0.31479475E+10
 0.31194966E+10
 0.30913084E+10
 0.30633783E+10
 0.30357049E+10
 0.30082852E+10
 0.29811163E+10
 0.29541944E+10
 0.29275192E+10
 0.29010860E+10
 0.28748924E+10
 0.28489349E+10
 0.28232045E+10
 0.27976603E+10
 0.27723525E+10
 0.27472769E+10
 0.27224323E+10
 0.26978128E+10
 0.26734147E+10
 0.26492374E+10
 0.26252806E+10
 0.26015395E+10
 0.25780152E+10
 0.25547057E+10
 0.25316060E+10
 0.25087164E+10
 0.24860339E+10
 0.24635554E+10
 0.24412825E+10
 0.24192127E+10
 0.23973438E+10
 0.23756719E+10
 0.23541942E+10
 0.23329120E+10
 0.23118231E+10
 0.22909254E+10
 0.22702143E+10
 0.22496932E+10
 0.22293600E+10
 0.22092125E+10
 0.21892445E+10
 0.21694578E+10
 0.21498494E+10
 0.21304154E+10
 0.21111576E+10
 0.20920786E+10
 0.20731747E+10
 0.20544441E+10
 0.20358906E+10
 0.20175099E+10
 0.19993014E+10
 0.19812619E+10
 0.19633925E+10
 0.19456901E+10
 0.19281546E+10
 0.19107840E+10
 0.18935783E+10
 0.18765296E+10
 0.18596351E+10
 0.18428947E+10
 0.18263065E+10
 0.18098687E+10
 0.17935806E+10
 0.17774413E+10
 0.17614497E+10
 0.17456039E+10
 0.17299022E+10
 0.17143435E+10
 0.16989259E+10
 0.16836474E+10
 0.16685078E+10
