#......tp...... ...t_diff....
 0.10000000E-01 0.40722777E+01
 0.10471285E-01 0.41381287E+01
 0.10964782E-01 0.42029466E+01
 0.11481536E-01 0.42662256E+01
 0.12022644E-01 0.43286098E+01
 0.12589254E-01 0.43895894E+01
 0.13182567E-01 0.44490574E+01
 0.13803843E-01 0.45065051E+01
 0.14454398E-01 0.45626171E+01
 0.15135612E-01 0.46168952E+01
 0.15848932E-01 0.46688375E+01
 0.16595869E-01 0.47191806E+01
 0.17378008E-01 0.47674260E+01
 0.18197009E-01 0.48134990E+01
 0.19054607E-01 0.48569101E+01
 0.19952623E-01 0.48984517E+01
 0.20892961E-01 0.49376392E+01
 0.21877616E-01 0.49744266E+01
 0.22908677E-01 0.50087751E+01
 0.23988329E-01 0.50402224E+01
 0.25118864E-01 0.50696159E+01
 0.26302680E-01 0.50964980E+01
 0.27542287E-01 0.51208586E+01
 0.28840315E-01 0.51426947E+01
 0.30199517E-01 0.51615680E+01
 0.31622777E-01 0.51783819E+01
 0.33113112E-01 0.51927010E+01
 0.34673685E-01 0.52045474E+01
 0.36307805E-01 0.52139492E+01
 0.38018940E-01 0.52209396E+01
 0.39810717E-01 0.52251089E+01
 0.41686938E-01 0.52274062E+01
 0.43651583E-01 0.52274212E+01
 0.45708819E-01 0.52252059E+01
 0.47863009E-01 0.52208158E+01
 0.50118723E-01 0.52143103E+01
 0.52480746E-01 0.52057518E+01
 0.54954087E-01 0.51952056E+01
 0.57543994E-01 0.51822999E+01
 0.60255959E-01 0.51679933E+01
 0.63095734E-01 0.51519090E+01
 0.66069345E-01 0.51341207E+01
 0.69183097E-01 0.51147038E+01
 0.72443596E-01 0.50937344E+01
 0.75857758E-01 0.50712900E+01
 0.79432823E-01 0.50474482E+01
 0.83176377E-01 0.50222874E+01
 0.87096359E-01 0.49958860E+01
 0.91201084E-01 0.49683224E+01
 0.95499259E-01 0.49392623E+01
 0.10000000E+00 0.49096160E+01
 0.10471285E+00 0.48790400E+01
 0.10964782E+00 0.48476107E+01
 0.11481536E+00 0.48154032E+01
 0.12022644E+00 0.47824917E+01
 0.12589254E+00 0.47489495E+01
 0.13182567E+00 0.47148480E+01
 0.13803843E+00 0.46802575E+01
 0.14454398E+00 0.46452468E+01
 0.15135612E+00 0.46098827E+01
 0.15848932E+00 0.45742307E+01
 0.16595869E+00 0.45383542E+01
 0.17378008E+00 0.45023148E+01
 0.18197009E+00 0.44661723E+01
 0.19054607E+00 0.44296156E+01
 0.19952623E+00 0.43934442E+01
 0.20892961E+00 0.43573366E+01
 0.21877616E+00 0.43213442E+01
 0.22908677E+00 0.42855166E+01
 0.23988329E+00 0.42499010E+01
 0.25118864E+00 0.42145425E+01
 0.26302680E+00 0.41794842E+01
 0.27542287E+00 0.41447670E+01
 0.28840315E+00 0.41104293E+01
 0.30199517E+00 0.40765078E+01
 0.31622777E+00 0.40430368E+01
 0.33113112E+00 0.40100483E+01
 0.34673685E+00 0.39775726E+01
 0.36307805E+00 0.39456375E+01
 0.38018940E+00 0.39142689E+01
 0.39810717E+00 0.38834904E+01
 0.41686938E+00 0.38533238E+01
 0.43651583E+00 0.38237887E+01
 0.45708819E+00 0.37949029E+01
 0.47863009E+00 0.37666821E+01
 0.50118723E+00 0.37391399E+01
 0.52480746E+00 0.37122885E+01
 0.54954087E+00 0.36861377E+01
 0.57543994E+00 0.36606959E+01
 0.60255959E+00 0.36359696E+01
 0.63095734E+00 0.36119636E+01
 0.66069345E+00 0.35886810E+01
 0.69183097E+00 0.35661233E+01
 0.72443596E+00 0.35442906E+01
 0.75857758E+00 0.35231813E+01
 0.79432823E+00 0.35027925E+01
 0.83176377E+00 0.34831199E+01
 0.87096359E+00 0.34638709E+01
 0.91201084E+00 0.34456147E+01
 0.95499259E+00 0.34280542E+01
 0.10000000E+01 0.34111800E+01
 0.10471285E+01 0.33949819E+01
 0.10964782E+01 0.33794489E+01
 0.11481536E+01 0.33645688E+01
 0.12022644E+01 0.33503288E+01
 0.12589254E+01 0.33367152E+01
 0.13182567E+01 0.33237137E+01
 0.13803843E+01 0.33113093E+01
 0.14454398E+01 0.32994866E+01
 0.15135612E+01 0.32882296E+01
 0.15848932E+01 0.32775219E+01
 0.16595869E+01 0.32673469E+01
 0.17378008E+01 0.32576877E+01
 0.18197009E+01 0.32485272E+01
 0.19054607E+01 0.32398480E+01
 0.19952623E+01 0.32316328E+01
 0.20892961E+01 0.32238644E+01
 0.21877616E+01 0.32165253E+01
 0.22908677E+01 0.32095985E+01
 0.23988329E+01 0.32030668E+01
 0.25118864E+01 0.31969134E+01
 0.26302680E+01 0.31911217E+01
 0.27542287E+01 0.31856752E+01
 0.28840315E+01 0.31805580E+01
 0.30199517E+01 0.31757543E+01
 0.31622777E+01 0.31712489E+01
 0.33113112E+01 0.31454811E+01
 0.34673685E+01 0.31179706E+01
 0.36307805E+01 0.30900147E+01
 0.38018940E+01 0.30616190E+01
 0.39810717E+01 0.30327898E+01
 0.41686938E+01 0.30035348E+01
 0.43651583E+01 0.29738623E+01
 0.45708819E+01 0.29437819E+01
 0.47863009E+01 0.29133043E+01
 0.50118723E+01 0.28824410E+01
 0.52480746E+01 0.28509724E+01
 0.54954087E+01 0.28193824E+01
 0.57543994E+01 0.27874475E+01
 0.60255959E+01 0.27551832E+01
 0.63095734E+01 0.27212711E+01
 0.66069345E+01 0.26884315E+01
 0.69183097E+01 0.26553134E+01
 0.72443596E+01 0.26219357E+01
 0.75857758E+01 0.25883176E+01
 0.79432823E+01 0.25544791E+01
 0.83176377E+01 0.25204408E+01
 0.87096359E+01 0.24862233E+01
 0.91201084E+01 0.24518481E+01
 0.95499259E+01 0.24173365E+01
 0.10000000E+02 0.23827103E+01
 0.10471285E+02 0.23479913E+01
 0.10964782E+02 0.23132014E+01
 0.11481536E+02 0.22783625E+01
 0.12022644E+02 0.22434965E+01
 0.12589254E+02 0.22086250E+01
 0.13182567E+02 0.21737694E+01
 0.13803843E+02 0.21389512E+01
 0.14454398E+02 0.21041910E+01
 0.15135612E+02 0.20695095E+01
 0.15848932E+02 0.20349269E+01
 0.16595869E+02 0.20004628E+01
 0.17378008E+02 0.19661363E+01
 0.18197009E+02 0.19319662E+01
 0.19054607E+02 0.18979705E+01
 0.19952623E+02 0.18641667E+01
 0.20892961E+02 0.18305716E+01
 0.21877616E+02 0.17972015E+01
 0.22908677E+02 0.17640720E+01
 0.23988329E+02 0.17311979E+01
 0.25118864E+02 0.16985934E+01
 0.26302680E+02 0.16662720E+01
 0.27542287E+02 0.16342465E+01
 0.28840315E+02 0.16025289E+01
 0.30199517E+02 0.15711307E+01
 0.31622777E+02 0.15400626E+01
 0.33113112E+02 0.15093344E+01
 0.34673685E+02 0.14789555E+01
 0.36307805E+02 0.14489345E+01
 0.38018940E+02 0.14192792E+01
 0.39810717E+02 0.13899969E+01
 0.41686938E+02 0.13610943E+01
 0.43651583E+02 0.13325771E+01
 0.45708819E+02 0.13044509E+01
 0.47863009E+02 0.12767203E+01
 0.50118723E+02 0.12493895E+01
 0.52480746E+02 0.12224620E+01
 0.54954087E+02 0.11959408E+01
 0.57543994E+02 0.11698284E+01
 0.60255959E+02 0.11441269E+01
 0.63095734E+02 0.11188375E+01
 0.66069345E+02 0.10939615E+01
 0.69183097E+02 0.10694992E+01
 0.72443596E+02 0.10454509E+01
 0.75857758E+02 0.10218161E+01
 0.79432823E+02 0.99859432E+00
 0.83176377E+02 0.97578433E+00
 0.87096359E+02 0.95338476E+00
 0.91201084E+02 0.93139384E+00
 0.95499259E+02 0.90980949E+00
 0.10000000E+03 0.88862933E+00
 0.10471285E+03 0.86785070E+00
 0.10964782E+03 0.84747068E+00
 0.11481536E+03 0.82748609E+00
 0.12022644E+03 0.80789355E+00
 0.12589254E+03 0.78868944E+00
 0.13182567E+03 0.76986995E+00
 0.13803843E+03 0.75143109E+00
 0.14454398E+03 0.73336871E+00
 0.15135612E+03 0.71567849E+00
 0.15848932E+03 0.69835598E+00
 0.16595869E+03 0.68139662E+00
 0.17378008E+03 0.66479569E+00
 0.18197009E+03 0.64854843E+00
 0.19054607E+03 0.63264992E+00
 0.19952623E+03 0.61709523E+00
 0.20892961E+03 0.60187930E+00
 0.21877616E+03 0.58699705E+00
 0.22908677E+03 0.57244334E+00
 0.23988329E+03 0.55821299E+00
 0.25118864E+03 0.54430076E+00
 0.26302680E+03 0.53070143E+00
 0.27542287E+03 0.51740975E+00
 0.28840315E+03 0.50442043E+00
 0.30199517E+03 0.49172821E+00
 0.31622777E+03 0.47932783E+00
 0.33113112E+03 0.46721402E+00
 0.34673685E+03 0.45538155E+00
 0.36307805E+03 0.44382519E+00
 0.38018940E+03 0.43253974E+00
 0.39810717E+03 0.42152004E+00
 0.41686938E+03 0.41076096E+00
 0.43651583E+03 0.40025739E+00
 0.45708819E+03 0.39000428E+00
 0.47863009E+03 0.37999662E+00
 0.50118723E+03 0.37022945E+00
 0.52480746E+03 0.36069785E+00
 0.54954087E+03 0.35139698E+00
 0.57543994E+03 0.34232201E+00
 0.60255959E+03 0.33346821E+00
 0.63095734E+03 0.32483088E+00
 0.66069345E+03 0.31640541E+00
 0.69183097E+03 0.30818722E+00
 0.72443596E+03 0.30017182E+00
 0.75857758E+03 0.29235478E+00
 0.79432823E+03 0.28473171E+00
 0.83176377E+03 0.27729833E+00
 0.87096359E+03 0.27005039E+00
 0.91201084E+03 0.26298374E+00
 0.95499259E+03 0.25609426E+00
 0.10000000E+04 0.24937794E+00
