#......tp...... ...t_diff....
 0.10000000E-01 0.10769813E+02
 0.10471285E-01 0.11250480E+02
 0.10964782E-01 0.11732478E+02
 0.11481536E-01 0.12214694E+02
 0.12022644E-01 0.12707785E+02
 0.12589254E-01 0.13186497E+02
 0.13182567E-01 0.13675295E+02
 0.13803843E-01 0.14160229E+02
 0.14454398E-01 0.14654356E+02
 0.15135612E-01 0.15128772E+02
 0.15848932E-01 0.15611104E+02
 0.16595869E-01 0.16086128E+02
 0.17378008E-01 0.10265299E+02
 0.18197009E-01 0.10895139E+02
 0.19054607E-01 0.17438879E+02
 0.19952623E-01 0.17891295E+02
 0.20892961E-01 0.18297005E+02
 0.21877616E-01 0.18725604E+02
 0.22908677E-01 0.19122799E+02
 0.23988329E-01 0.19524956E+02
 0.25118864E-01 0.19893491E+02
 0.26302680E-01 0.20266617E+02
 0.27542287E-01 0.20624702E+02
 0.28840315E-01 0.20967431E+02
 0.30199517E-01 0.21273891E+02
 0.31622777E-01 0.21584722E+02
 0.33113112E-01 0.21879142E+02
 0.34673685E-01 0.22157192E+02
 0.36307805E-01 0.22418768E+02
 0.38018940E-01 0.22663486E+02
 0.39810717E-01 0.22913672E+02
 0.41686938E-01 0.23125244E+02
 0.43651583E-01 0.23320208E+02
 0.45708819E-01 0.23498804E+02
 0.47863009E-01 0.23661041E+02
 0.50118723E-01 0.23830227E+02
 0.52480746E-01 0.23960639E+02
 0.54954087E-01 0.24098414E+02
 0.57543994E-01 0.24198072E+02
 0.60255959E-01 0.24282768E+02
 0.63095734E-01 0.24376219E+02
 0.66069345E-01 0.24432223E+02
 0.69183097E-01 0.24497704E+02
 0.72443596E-01 0.24526463E+02
 0.75857758E-01 0.24565692E+02
 0.79432823E-01 0.24569034E+02
 0.83176377E-01 0.24583801E+02
 0.87096359E-01 0.24563335E+02
 0.91201084E-01 0.24555412E+02
 0.95499259E-01 0.24536618E+02
 0.10000000E+00 0.24484518E+02
 0.10471285E+00 0.24446105E+02
 0.10964782E+00 0.24398342E+02
 0.11481536E+00 0.24318868E+02
 0.12022644E+00 0.24254376E+02
 0.12589254E+00 0.24182022E+02
 0.13182567E+00 0.24079570E+02
 0.13803843E+00 0.23993368E+02
 0.14454398E+00 0.23900799E+02
 0.15135612E+00 0.23802236E+02
 0.15848932E+00 0.23675988E+02
 0.16595869E+00 0.23567326E+02
 0.17378008E+00 0.23454078E+02
 0.18197009E+00 0.23336642E+02
 0.19054607E+00 0.23193692E+02
 0.19952623E+00 0.23069653E+02
 0.20892961E+00 0.22942672E+02
 0.21877616E+00 0.22813154E+02
 0.22908677E+00 0.22681489E+02
 0.23988329E+00 0.22526830E+02
 0.25118864E+00 0.22392289E+02
 0.26302680E+00 0.22256649E+02
 0.27542287E+00 0.22120217E+02
 0.28840315E+00 0.21983312E+02
 0.30199517E+00 0.21846251E+02
 0.31622777E+00 0.21709306E+02
 0.33113112E+00 0.21552562E+02
 0.34673685E+00 0.21416938E+02
 0.36307805E+00 0.21282177E+02
 0.38018940E+00 0.21148513E+02
 0.39810717E+00 0.21016165E+02
 0.41686938E+00 0.20885347E+02
 0.43651583E+00 0.20756225E+02
 0.45708819E+00 0.20628983E+02
 0.47863009E+00 0.20484531E+02
 0.50118723E+00 0.20361733E+02
 0.52480746E+00 0.20241246E+02
 0.54954087E+00 0.20123193E+02
 0.57543994E+00 0.20007681E+02
 0.60255959E+00 0.19894817E+02
 0.63095734E+00 0.19784694E+02
 0.66069345E+00 0.19677364E+02
 0.69183097E+00 0.19572904E+02
 0.72443596E+00 0.19471370E+02
 0.75857758E+00 0.19372794E+02
 0.79432823E+00 0.19277222E+02
 0.83176377E+00 0.19184671E+02
 0.87096359E+00 0.19095152E+02
 0.91201084E+00 0.18990893E+02
 0.95499259E+00 0.18907598E+02
 0.10000000E+01 0.18827327E+02
 0.10471285E+01 0.18750059E+02
 0.10964782E+01 0.18675772E+02
 0.11481536E+01 0.18604429E+02
 0.12022644E+01 0.18535996E+02
 0.12589254E+01 0.18470434E+02
 0.13182567E+01 0.18407691E+02
 0.13803843E+01 0.18347717E+02
 0.14454398E+01 0.18290447E+02
 0.15135612E+01 0.18235822E+02
 0.15848932E+01 0.18183779E+02
 0.16595869E+01 0.18134249E+02
 0.17378008E+01 0.18087164E+02
 0.18197009E+01 0.18042447E+02
 0.19054607E+01 0.18000025E+02
 0.19952623E+01 0.17959824E+02
 0.20892961E+01 0.17921746E+02
 0.21877616E+01 0.17885753E+02
 0.22908677E+01 0.17851748E+02
 0.23988329E+01 0.17819654E+02
 0.25118864E+01 0.17789425E+02
 0.26302680E+01 0.17760918E+02
 0.27542287E+01 0.17734087E+02
 0.28840315E+01 0.17708862E+02
 0.30199517E+01 0.17685168E+02
 0.31622777E+01 0.17662930E+02
 0.33113112E+01 0.17611860E+02
 0.34673685E+01 0.17571174E+02
 0.36307805E+01 0.17524693E+02
 0.38018940E+01 0.17472388E+02
 0.39810717E+01 0.17398432E+02
 0.41686938E+01 0.17335045E+02
 0.43651583E+01 0.17265875E+02
 0.45708819E+01 0.17175239E+02
 0.47863009E+01 0.17095209E+02
 0.50118723E+01 0.17009533E+02
 0.52480746E+01 0.16918356E+02
 0.54954087E+01 0.16806343E+02
 0.57543994E+01 0.16704762E+02
 0.60255959E+01 0.16597926E+02
 0.63095734E+01 0.16485966E+02
 0.66069345E+01 0.16353900E+02
 0.69183097E+01 0.16232372E+02
 0.72443596E+01 0.16105982E+02
 0.75857758E+01 0.15974959E+02
 0.79432823E+01 0.15839421E+02
 0.83176377E+01 0.15685191E+02
 0.87096359E+01 0.15541464E+02
 0.91201084E+01 0.15393697E+02
 0.95499259E+01 0.15242109E+02
 0.10000000E+02 0.15086783E+02
 0.10471285E+02 0.14927939E+02
 0.10964782E+02 0.14752418E+02
 0.11481536E+02 0.14587458E+02
 0.12022644E+02 0.14419554E+02
 0.12589254E+02 0.14248895E+02
 0.13182567E+02 0.14075637E+02
 0.13803843E+02 0.13900012E+02
 0.14454398E+02 0.13709710E+02
 0.15135612E+02 0.13530201E+02
 0.15848932E+02 0.13348906E+02
 0.16595869E+02 0.13165980E+02
 0.17378008E+02 0.12981627E+02
 0.18197009E+02 0.12796016E+02
 0.19054607E+02 0.12609364E+02
 0.19952623E+02 0.12421815E+02
 0.20892961E+02 0.12222463E+02
 0.21877616E+02 0.12033958E+02
 0.22908677E+02 0.11845071E+02
 0.23988329E+02 0.11655969E+02
 0.25118864E+02 0.11466813E+02
 0.26302680E+02 0.11277749E+02
 0.27542287E+02 0.11088927E+02
 0.28840315E+02 0.10900506E+02
 0.30199517E+02 0.10712615E+02
 0.31622777E+02 0.10525383E+02
 0.33113112E+02 0.10338950E+02
 0.34673685E+02 0.10144312E+02
 0.36307805E+02 0.99600457E+01
 0.38018940E+02 0.97769250E+01
 0.39810717E+02 0.95950304E+01
 0.41686938E+02 0.94144736E+01
 0.43651583E+02 0.92353509E+01
 0.45708819E+02 0.90577488E+01
 0.47863009E+02 0.88817500E+01
 0.50118723E+02 0.87074314E+01
 0.52480746E+02 0.85348675E+01
 0.54954087E+02 0.83641234E+01
 0.57543994E+02 0.81952622E+01
 0.60255959E+02 0.80283415E+01
 0.63095734E+02 0.78634173E+01
 0.66069345E+02 0.77005347E+01
 0.69183097E+02 0.75330187E+01
 0.72443596E+02 0.73745382E+01
 0.75857758E+02 0.72182091E+01
 0.79432823E+02 0.70640632E+01
 0.83176377E+02 0.69121445E+01
 0.87096359E+02 0.67624602E+01
 0.91201084E+02 0.66150317E+01
 0.95499259E+02 0.64698910E+01
 0.10000000E+03 0.63270340E+01
 0.10471285E+03 0.61864812E+01
 0.10964782E+03 0.60482354E+01
 0.11481536E+03 0.59123026E+01
 0.12022644E+03 0.57786847E+01
 0.12589254E+03 0.56473809E+01
 0.13182567E+03 0.55183878E+01
 0.13803843E+03 0.53917008E+01
 0.14454398E+03 0.52673110E+01
 0.15135612E+03 0.51452102E+01
 0.15848932E+03 0.50253853E+01
 0.16595869E+03 0.49078244E+01
 0.17378008E+03 0.47925103E+01
 0.18197009E+03 0.46794302E+01
 0.19054607E+03 0.45685617E+01
 0.19952623E+03 0.44598892E+01
 0.20892961E+03 0.43533895E+01
 0.21877616E+03 0.42490417E+01
 0.22908677E+03 0.41431437E+01
 0.23988329E+03 0.40431301E+01
 0.25118864E+03 0.39451962E+01
 0.26302680E+03 0.38493108E+01
 0.27542287E+03 0.37554534E+01
 0.28840315E+03 0.36635980E+01
 0.30199517E+03 0.35737136E+01
 0.31622777E+03 0.34857755E+01
 0.33113112E+03 0.33997502E+01
 0.34673685E+03 0.33156134E+01
 0.36307805E+03 0.32333385E+01
 0.38018940E+03 0.31528915E+01
 0.39810717E+03 0.30742444E+01
 0.41686938E+03 0.29973680E+01
 0.43651583E+03 0.29222337E+01
 0.45708819E+03 0.28488098E+01
 0.47863009E+03 0.27770669E+01
 0.50118723E+03 0.27069741E+01
 0.52480746E+03 0.26385074E+01
 0.54954087E+03 0.25716317E+01
 0.57543994E+03 0.25063160E+01
 0.60255959E+03 0.24425333E+01
 0.63095734E+03 0.23802581E+01
 0.66069345E+03 0.23194567E+01
 0.69183097E+03 0.22600989E+01
 0.72443596E+03 0.22021592E+01
 0.75857758E+03 0.21456096E+01
 0.79432823E+03 0.20904208E+01
 0.83176377E+03 0.20365629E+01
 0.87096359E+03 0.19840106E+01
 0.91201084E+03 0.19327382E+01
 0.95499259E+03 0.18827168E+01
 0.10000000E+04 0.18339181E+01
