#......tp...... ...t_diff....
 0.10000000E-01 0.29774498E+01
 0.10471285E-01 0.30014124E+01
 0.10964782E-01 0.30242770E+01
 0.11481536E-01 0.30460059E+01
 0.12022644E-01 0.30665643E+01
 0.12589254E-01 0.30859202E+01
 0.13182567E-01 0.31040449E+01
 0.13803843E-01 0.31209127E+01
 0.14454398E-01 0.31365012E+01
 0.15135612E-01 0.31507912E+01
 0.15848932E-01 0.31637670E+01
 0.16595869E-01 0.31754158E+01
 0.17378008E-01 0.31857285E+01
 0.18197009E-01 0.31946990E+01
 0.19054607E-01 0.32023245E+01
 0.19952623E-01 0.32086055E+01
 0.20892961E-01 0.32135454E+01
 0.21877616E-01 0.32171507E+01
 0.22908677E-01 0.32194310E+01
 0.23988329E-01 0.32203985E+01
 0.25118864E-01 0.32200682E+01
 0.26302680E-01 0.32184579E+01
 0.27542287E-01 0.32155875E+01
 0.28840315E-01 0.32114797E+01
 0.30199517E-01 0.32061590E+01
 0.31622777E-01 0.31996524E+01
 0.33113112E-01 0.31919884E+01
 0.34673685E-01 0.31831976E+01
 0.36307805E-01 0.31733122E+01
 0.38018940E-01 0.31623659E+01
 0.39810717E-01 0.31503936E+01
 0.41686938E-01 0.31374316E+01
 0.43651583E-01 0.31235172E+01
 0.45708819E-01 0.31086888E+01
 0.47863009E-01 0.30929853E+01
 0.50118723E-01 0.30764465E+01
 0.52480746E-01 0.30591127E+01
 0.54954087E-01 0.30410246E+01
 0.57543994E-01 0.30222232E+01
 0.60255959E-01 0.30027497E+01
 0.63095734E-01 0.29826455E+01
 0.66069345E-01 0.29619516E+01
 0.69183097E-01 0.29407094E+01
 0.72443596E-01 0.29189597E+01
 0.75857758E-01 0.28967432E+01
 0.79432823E-01 0.28741001E+01
 0.83176377E-01 0.28510702E+01
 0.87096359E-01 0.28276928E+01
 0.91201084E-01 0.28040065E+01
 0.95499259E-01 0.27800494E+01
 0.10000000E+00 0.27558588E+01
 0.10471285E+00 0.27314713E+01
 0.10964782E+00 0.27069225E+01
 0.11481536E+00 0.26822475E+01
 0.12022644E+00 0.26574801E+01
 0.12589254E+00 0.26326536E+01
 0.13182567E+00 0.26078000E+01
 0.13803843E+00 0.25829506E+01
 0.14454398E+00 0.25581354E+01
 0.15135612E+00 0.25333837E+01
 0.15848932E+00 0.25087235E+01
 0.16595869E+00 0.24841821E+01
 0.17378008E+00 0.24597853E+01
 0.18197009E+00 0.24355582E+01
 0.19054607E+00 0.24115246E+01
 0.19952623E+00 0.23877073E+01
 0.20892961E+00 0.23641282E+01
 0.21877616E+00 0.23408078E+01
 0.22908677E+00 0.23177657E+01
 0.23988329E+00 0.22950206E+01
 0.25118864E+00 0.22725897E+01
 0.26302680E+00 0.22504896E+01
 0.27542287E+00 0.22287355E+01
 0.28840315E+00 0.22073419E+01
 0.30199517E+00 0.21863218E+01
 0.31622777E+00 0.21656877E+01
 0.33113112E+00 0.21454506E+01
 0.34673685E+00 0.21256210E+01
 0.36307805E+00 0.21062079E+01
 0.38018940E+00 0.20872198E+01
 0.39810717E+00 0.20686638E+01
 0.41686938E+00 0.20505465E+01
 0.43651583E+00 0.20328732E+01
 0.45708819E+00 0.20156486E+01
 0.47863009E+00 0.19988763E+01
 0.50118723E+00 0.19825591E+01
 0.52480746E+00 0.19666989E+01
 0.54954087E+00 0.19512969E+01
 0.57543994E+00 0.19363534E+01
 0.60255959E+00 0.19218680E+01
 0.63095734E+00 0.19078394E+01
 0.66069345E+00 0.18942656E+01
 0.69183097E+00 0.18811441E+01
 0.72443596E+00 0.18684714E+01
 0.75857758E+00 0.18562435E+01
 0.79432823E+00 0.18444559E+01
 0.83176377E+00 0.18331033E+01
 0.87096359E+00 0.18221799E+01
 0.91201084E+00 0.18116793E+01
 0.95499259E+00 0.18015948E+01
 0.10000000E+01 0.17919190E+01
 0.10471285E+01 0.17826442E+01
 0.10964782E+01 0.17737621E+01
 0.11481536E+01 0.17652644E+01
 0.12022644E+01 0.17571420E+01
 0.12589254E+01 0.17493860E+01
 0.13182567E+01 0.17419866E+01
 0.13803843E+01 0.17349345E+01
 0.14454398E+01 0.17282195E+01
 0.15135612E+01 0.17218318E+01
 0.15848932E+01 0.17157611E+01
 0.16595869E+01 0.17099972E+01
 0.17378008E+01 0.17045296E+01
 0.18197009E+01 0.16993482E+01
 0.19054607E+01 0.16944424E+01
 0.19952623E+01 0.16898019E+01
 0.20892961E+01 0.16854164E+01
 0.21877616E+01 0.16812757E+01
 0.22908677E+01 0.16773697E+01
 0.23988329E+01 0.16736884E+01
 0.25118864E+01 0.16702219E+01
 0.26302680E+01 0.16669606E+01
 0.27542287E+01 0.16638951E+01
 0.28840315E+01 0.16610160E+01
 0.30199517E+01 0.16583143E+01
 0.31622777E+01 0.16557812E+01
 0.33113112E+01 0.16367485E+01
 0.34673685E+01 0.16166541E+01
 0.36307805E+01 0.15965101E+01
 0.38018940E+01 0.15763197E+01
 0.39810717E+01 0.15560862E+01
 0.41686938E+01 0.15358137E+01
 0.43651583E+01 0.15155063E+01
 0.45708819E+01 0.14951687E+01
 0.47863009E+01 0.14748062E+01
 0.50118723E+01 0.14544243E+01
 0.52480746E+01 0.14340288E+01
 0.54954087E+01 0.14136260E+01
 0.57543994E+01 0.13932224E+01
 0.60255959E+01 0.13728251E+01
 0.63095734E+01 0.13524411E+01
 0.66069345E+01 0.13320779E+01
 0.69183097E+01 0.13117429E+01
 0.72443596E+01 0.12914441E+01
 0.75857758E+01 0.12711894E+01
 0.79432823E+01 0.12509868E+01
 0.83176377E+01 0.12308443E+01
 0.87096359E+01 0.12107703E+01
 0.91201084E+01 0.11907729E+01
 0.95499259E+01 0.11708602E+01
 0.10000000E+02 0.11510403E+01
 0.10471285E+02 0.11313214E+01
 0.10964782E+02 0.11117113E+01
 0.11481536E+02 0.10922180E+01
 0.12022644E+02 0.10728490E+01
 0.12589254E+02 0.10536118E+01
 0.13182567E+02 0.10345139E+01
 0.13803843E+02 0.10155622E+01
 0.14454398E+02 0.99676363E+00
 0.15135612E+02 0.97812486E+00
 0.15848932E+02 0.95965224E+00
 0.16595869E+02 0.94135188E+00
 0.17378008E+02 0.92322959E+00
 0.18197009E+02 0.90529092E+00
 0.19054607E+02 0.88754111E+00
 0.19952623E+02 0.86998512E+00
 0.20892961E+02 0.85262758E+00
 0.21877616E+02 0.83547285E+00
 0.22908677E+02 0.81852496E+00
 0.23988329E+02 0.80178763E+00
 0.25118864E+02 0.78526430E+00
 0.26302680E+02 0.76895809E+00
 0.27542287E+02 0.75287182E+00
 0.28840315E+02 0.73700803E+00
 0.30199517E+02 0.72136895E+00
 0.31622777E+02 0.70595655E+00
 0.33113112E+02 0.69077249E+00
 0.34673685E+02 0.67581818E+00
 0.36307805E+02 0.66109477E+00
 0.38018940E+02 0.64660314E+00
 0.39810717E+02 0.63234394E+00
 0.41686938E+02 0.61831755E+00
 0.43651583E+02 0.60452414E+00
 0.45708819E+02 0.59096366E+00
 0.47863009E+02 0.57763584E+00
 0.50118723E+02 0.56454021E+00
 0.52480746E+02 0.55167610E+00
 0.54954087E+02 0.53904266E+00
 0.57543994E+02 0.52663885E+00
 0.60255959E+02 0.51446348E+00
 0.63095734E+02 0.50251520E+00
 0.66069345E+02 0.49079249E+00
 0.69183097E+02 0.47929372E+00
 0.72443596E+02 0.46801710E+00
 0.75857758E+02 0.45696074E+00
 0.79432823E+02 0.44612262E+00
 0.83176377E+02 0.43550062E+00
 0.87096359E+02 0.42509251E+00
 0.91201084E+02 0.41489598E+00
 0.95499259E+02 0.40490863E+00
 0.10000000E+03 0.39512799E+00
 0.10471285E+03 0.38555151E+00
 0.10964782E+03 0.37617658E+00
 0.11481536E+03 0.36700054E+00
 0.12022644E+03 0.35802067E+00
 0.12589254E+03 0.34923421E+00
 0.13182567E+03 0.34063835E+00
 0.13803843E+03 0.33223027E+00
 0.14454398E+03 0.32400710E+00
 0.15135612E+03 0.31596595E+00
 0.15848932E+03 0.30810391E+00
 0.16595869E+03 0.30041806E+00
 0.17378008E+03 0.29290548E+00
 0.18197009E+03 0.28556322E+00
 0.19054607E+03 0.27838834E+00
 0.19952623E+03 0.27137790E+00
 0.20892961E+03 0.26452896E+00
 0.21877616E+03 0.25783859E+00
 0.22908677E+03 0.25130388E+00
 0.23988329E+03 0.24492192E+00
 0.25118864E+03 0.23868980E+00
 0.26302680E+03 0.23260467E+00
 0.27542287E+03 0.22666367E+00
 0.28840315E+03 0.22086397E+00
 0.30199517E+03 0.21520275E+00
 0.31622777E+03 0.20967724E+00
 0.33113112E+03 0.20428468E+00
 0.34673685E+03 0.19902234E+00
 0.36307805E+03 0.19388754E+00
 0.38018940E+03 0.18887760E+00
 0.39810717E+03 0.18398990E+00
 0.41686938E+03 0.17922183E+00
 0.43651583E+03 0.17457083E+00
 0.45708819E+03 0.17003438E+00
 0.47863009E+03 0.16560998E+00
 0.50118723E+03 0.16129517E+00
 0.52480746E+03 0.15708753E+00
 0.54954087E+03 0.15298468E+00
 0.57543994E+03 0.14898429E+00
 0.60255959E+03 0.14508403E+00
 0.63095734E+03 0.14128164E+00
 0.66069345E+03 0.13757490E+00
 0.69183097E+03 0.13396161E+00
 0.72443596E+03 0.13043962E+00
 0.75857758E+03 0.12700681E+00
 0.79432823E+03 0.12366111E+00
 0.83176377E+03 0.12040048E+00
 0.87096359E+03 0.11722292E+00
 0.91201084E+03 0.11412648E+00
 0.95499259E+03 0.11110922E+00
 0.10000000E+04 0.10816926E+00
