#......tp...... ...t_diff....
 0.10000000E-01 0.11448273E+02
 0.10471285E-01 0.11871620E+02
 0.10964782E-01 0.12296619E+02
 0.11481536E-01 0.12722795E+02
 0.12022644E-01 0.13149217E+02
 0.12589254E-01 0.13577251E+02
 0.13182567E-01 0.14001265E+02
 0.13803843E-01 0.14422706E+02
 0.14454398E-01 0.14840660E+02
 0.15135612E-01 0.15254225E+02
 0.15848932E-01 0.15662549E+02
 0.16595869E-01 0.16064280E+02
 0.17378008E-01 0.16459567E+02
 0.18197009E-01 0.16847198E+02
 0.19054607E-01 0.17226393E+02
 0.19952623E-01 0.17593677E+02
 0.20892961E-01 0.17954035E+02
 0.21877616E-01 0.18304001E+02
 0.22908677E-01 0.18643017E+02
 0.23988329E-01 0.18970572E+02
 0.25118864E-01 0.19286168E+02
 0.26302680E-01 0.19589420E+02
 0.27542287E-01 0.19879940E+02
 0.28840315E-01 0.20157413E+02
 0.30199517E-01 0.20421562E+02
 0.31622777E-01 0.20677866E+02
 0.33113112E-01 0.20914621E+02
 0.34673685E-01 0.21132514E+02
 0.36307805E-01 0.21341583E+02
 0.38018940E-01 0.21536662E+02
 0.39810717E-01 0.21717752E+02
 0.41686938E-01 0.21884885E+02
 0.43651583E-01 0.22041205E+02
 0.45708819E-01 0.22180620E+02
 0.47863009E-01 0.22306417E+02
 0.50118723E-01 0.22418768E+02
 0.52480746E-01 0.22517883E+02
 0.54954087E-01 0.22603995E+02
 0.57543994E-01 0.22677368E+02
 0.60255959E-01 0.22738291E+02
 0.63095734E-01 0.22787060E+02
 0.66069345E-01 0.22824013E+02
 0.69183097E-01 0.22849483E+02
 0.72443596E-01 0.22863836E+02
 0.75857758E-01 0.22867444E+02
 0.79432823E-01 0.22860700E+02
 0.83176377E-01 0.22843996E+02
 0.87096359E-01 0.22812003E+02
 0.91201084E-01 0.22776731E+02
 0.95499259E-01 0.22732703E+02
 0.10000000E+00 0.22680368E+02
 0.10471285E+00 0.22620147E+02
 0.10964782E+00 0.22552464E+02
 0.11481536E+00 0.22477743E+02
 0.12022644E+00 0.22396408E+02
 0.12589254E+00 0.22308882E+02
 0.13182567E+00 0.22215581E+02
 0.13803843E+00 0.22119494E+02
 0.14454398E+00 0.22017615E+02
 0.15135612E+00 0.21909361E+02
 0.15848932E+00 0.21796949E+02
 0.16595869E+00 0.21680765E+02
 0.17378008E+00 0.21561185E+02
 0.18197009E+00 0.21438585E+02
 0.19054607E+00 0.21313321E+02
 0.19952623E+00 0.21185745E+02
 0.20892961E+00 0.21056196E+02
 0.21877616E+00 0.20925013E+02
 0.22908677E+00 0.20789852E+02
 0.23988329E+00 0.20656361E+02
 0.25118864E+00 0.20522147E+02
 0.26302680E+00 0.20387497E+02
 0.27542287E+00 0.20252683E+02
 0.28840315E+00 0.20117967E+02
 0.30199517E+00 0.19983596E+02
 0.31622777E+00 0.19849810E+02
 0.33113112E+00 0.19716834E+02
 0.34673685E+00 0.19584877E+02
 0.36307805E+00 0.19454144E+02
 0.38018940E+00 0.19324821E+02
 0.39810717E+00 0.19197087E+02
 0.41686938E+00 0.19071107E+02
 0.43651583E+00 0.18947034E+02
 0.45708819E+00 0.18825011E+02
 0.47863009E+00 0.18705165E+02
 0.50118723E+00 0.18587621E+02
 0.52480746E+00 0.18472485E+02
 0.54954087E+00 0.18359855E+02
 0.57543994E+00 0.18249815E+02
 0.60255959E+00 0.18142443E+02
 0.63095734E+00 0.18037805E+02
 0.66069345E+00 0.17935959E+02
 0.69183097E+00 0.17836949E+02
 0.72443596E+00 0.17740815E+02
 0.75857758E+00 0.17647584E+02
 0.79432823E+00 0.17557278E+02
 0.83176377E+00 0.17469907E+02
 0.87096359E+00 0.17385475E+02
 0.91201084E+00 0.17303979E+02
 0.95499259E+00 0.17225407E+02
 0.10000000E+01 0.17149740E+02
 0.10471285E+01 0.17076942E+02
 0.10964782E+01 0.17007013E+02
 0.11481536E+01 0.16939900E+02
 0.12022644E+01 0.16875561E+02
 0.12589254E+01 0.16813953E+02
 0.13182567E+01 0.16755023E+02
 0.13803843E+01 0.16698717E+02
 0.14454398E+01 0.16644976E+02
 0.15135612E+01 0.16593742E+02
 0.15848932E+01 0.16544947E+02
 0.16595869E+01 0.16498527E+02
 0.17378008E+01 0.16454412E+02
 0.18197009E+01 0.16412531E+02
 0.19054607E+01 0.16372814E+02
 0.19952623E+01 0.16335185E+02
 0.20892961E+01 0.16299572E+02
 0.21877616E+01 0.16265900E+02
 0.22908677E+01 0.16234096E+02
 0.23988329E+01 0.16204085E+02
 0.25118864E+01 0.16175794E+02
 0.26302680E+01 0.16149148E+02
 0.27542287E+01 0.16124077E+02
 0.28840315E+01 0.16100509E+02
 0.30199517E+01 0.16078372E+02
 0.31622777E+01 0.16057601E+02
 0.33113112E+01 0.16007635E+02
 0.34673685E+01 0.15951380E+02
 0.36307805E+01 0.15890522E+02
 0.38018940E+01 0.15825064E+02
 0.39810717E+01 0.15755022E+02
 0.41686938E+01 0.15680388E+02
 0.43651583E+01 0.15601214E+02
 0.45708819E+01 0.15517522E+02
 0.47863009E+01 0.15432677E+02
 0.50118723E+01 0.15339993E+02
 0.52480746E+01 0.15242938E+02
 0.54954087E+01 0.15141574E+02
 0.57543994E+01 0.15035975E+02
 0.60255959E+01 0.14926219E+02
 0.63095734E+01 0.14812396E+02
 0.66069345E+01 0.14693095E+02
 0.69183097E+01 0.14571469E+02
 0.72443596E+01 0.14446084E+02
 0.75857758E+01 0.14317057E+02
 0.79432823E+01 0.14184510E+02
 0.83176377E+01 0.14048574E+02
 0.87096359E+01 0.13909381E+02
 0.91201084E+01 0.13767074E+02
 0.95499259E+01 0.13621794E+02
 0.10000000E+02 0.13473691E+02
 0.10471285E+02 0.13322915E+02
 0.10964782E+02 0.13169619E+02
 0.11481536E+02 0.13013962E+02
 0.12022644E+02 0.12855264E+02
 0.12589254E+02 0.12695380E+02
 0.13182567E+02 0.12533615E+02
 0.13803843E+02 0.12370125E+02
 0.14454398E+02 0.12205073E+02
 0.15135612E+02 0.12038620E+02
 0.15848932E+02 0.11870924E+02
 0.16595869E+02 0.11702145E+02
 0.17378008E+02 0.11533684E+02
 0.18197009E+02 0.11363171E+02
 0.19054607E+02 0.11192036E+02
 0.19952623E+02 0.11020428E+02
 0.20892961E+02 0.10848492E+02
 0.21877616E+02 0.10676372E+02
 0.22908677E+02 0.10504204E+02
 0.23988329E+02 0.10332125E+02
 0.25118864E+02 0.10160265E+02
 0.26302680E+02 0.99887500E+01
 0.27542287E+02 0.98177023E+01
 0.28840315E+02 0.96472397E+01
 0.30199517E+02 0.94774749E+01
 0.31622777E+02 0.93085168E+01
 0.33113112E+02 0.91404699E+01
 0.34673685E+02 0.89734323E+01
 0.36307805E+02 0.88075057E+01
 0.38018940E+02 0.86427656E+01
 0.39810717E+02 0.84793034E+01
 0.41686938E+02 0.83171994E+01
 0.43651583E+02 0.81565296E+01
 0.45708819E+02 0.79973648E+01
 0.47863009E+02 0.78397705E+01
 0.50118723E+02 0.76838091E+01
 0.52480746E+02 0.75295379E+01
 0.54954087E+02 0.73770099E+01
 0.57543994E+02 0.72262741E+01
 0.60255959E+02 0.70773753E+01
 0.63095734E+02 0.69303542E+01
 0.66069345E+02 0.67852481E+01
 0.69183097E+02 0.66420898E+01
 0.72443596E+02 0.65009089E+01
 0.75857758E+02 0.63617316E+01
 0.79432823E+02 0.62245807E+01
 0.83176377E+02 0.60894757E+01
 0.87096359E+02 0.59564329E+01
 0.91201084E+02 0.58254650E+01
 0.95499259E+02 0.56965837E+01
 0.10000000E+03 0.55697961E+01
 0.10471285E+03 0.54451075E+01
 0.10964782E+03 0.53225207E+01
 0.11481536E+03 0.52020358E+01
 0.12022644E+03 0.50836510E+01
 0.12589254E+03 0.49673624E+01
 0.13182567E+03 0.48531640E+01
 0.13803843E+03 0.47410478E+01
 0.14454398E+03 0.46310043E+01
 0.15135612E+03 0.45230221E+01
 0.15848932E+03 0.44170885E+01
 0.16595869E+03 0.43131891E+01
 0.17378008E+03 0.42113082E+01
 0.18197009E+03 0.41114290E+01
 0.19054607E+03 0.40135333E+01
 0.19952623E+03 0.39176021E+01
 0.20892961E+03 0.38236151E+01
 0.21877616E+03 0.37315514E+01
 0.22908677E+03 0.36413889E+01
 0.23988329E+03 0.35531052E+01
 0.25118864E+03 0.34666767E+01
 0.26302680E+03 0.33820797E+01
 0.27542287E+03 0.32992895E+01
 0.28840315E+03 0.32182813E+01
 0.30199517E+03 0.31390296E+01
 0.31622777E+03 0.30615086E+01
 0.33113112E+03 0.29856922E+01
 0.34673685E+03 0.29115538E+01
 0.36307805E+03 0.28390674E+01
 0.38018940E+03 0.27682059E+01
 0.39810717E+03 0.26989424E+01
 0.41686938E+03 0.26312499E+01
 0.43651583E+03 0.25651015E+01
 0.45708819E+03 0.25004700E+01
 0.47863009E+03 0.24373285E+01
 0.50118723E+03 0.23756500E+01
 0.52480746E+03 0.23154076E+01
 0.54954087E+03 0.22565744E+01
 0.57543994E+03 0.21991238E+01
 0.60255959E+03 0.21430294E+01
 0.63095734E+03 0.20882647E+01
 0.66069345E+03 0.20348037E+01
 0.69183097E+03 0.19826204E+01
 0.72443596E+03 0.19316891E+01
 0.75857758E+03 0.18819844E+01
 0.79432823E+03 0.18334812E+01
 0.83176377E+03 0.17861545E+01
 0.87096359E+03 0.17399797E+01
 0.91201084E+03 0.16949326E+01
 0.95499259E+03 0.16509890E+01
 0.10000000E+04 0.16081253E+01
