# Velocity distribution DF(v) for a Burkert profile, by Piero Ullio
# v [km/s]      DF(v) [(km/s)^-3]
 0.00000000E+00 0.51007333E-08
 0.52802411E+00 0.51007555E-08
 0.10560482E+01 0.51008221E-08
 0.15840723E+01 0.51009331E-08
 0.21120965E+01 0.51010884E-08
 0.26401205E+01 0.51012883E-08
 0.31681447E+01 0.51015325E-08
 0.36961688E+01 0.51018213E-08
 0.42241928E+01 0.51021543E-08
 0.47522171E+01 0.51025314E-08
 0.52802411E+01 0.51029531E-08
 0.58082652E+01 0.51034190E-08
 0.63362892E+01 0.51039298E-08
 0.68643135E+01 0.51044845E-08
 0.73923375E+01 0.51050836E-08
 0.79203616E+01 0.51057266E-08
 0.84483859E+01 0.51064152E-08
 0.89764099E+01 0.51071460E-08
 0.95044339E+01 0.51079222E-08
 0.10032458E+02 0.51087423E-08
 0.10560482E+02 0.51096071E-08
 0.11088506E+02 0.51105156E-08
 0.11616530E+02 0.51114684E-08
 0.12144555E+02 0.51124654E-08
 0.12672579E+02 0.51135065E-08
 0.13200603E+02 0.51145915E-08
 0.13728627E+02 0.51157204E-08
 0.14256651E+02 0.51168939E-08
 0.14784675E+02 0.51181104E-08
 0.15312699E+02 0.51193714E-08
 0.15840723E+02 0.51206761E-08
 0.16368747E+02 0.51220248E-08
 0.16896771E+02 0.51234171E-08
 0.17424796E+02 0.51248533E-08
 0.17952820E+02 0.51263313E-08
 0.18480844E+02 0.51278567E-08
 0.19008868E+02 0.51294241E-08
 0.19536892E+02 0.51310337E-08
 0.20064916E+02 0.51326887E-08
 0.20592940E+02 0.51343865E-08
 0.21120965E+02 0.51361278E-08
 0.21648989E+02 0.51379121E-08
 0.22177013E+02 0.51397400E-08
 0.22705037E+02 0.51416111E-08
 0.23233061E+02 0.51435252E-08
 0.23761085E+02 0.51454817E-08
 0.24289109E+02 0.51474826E-08
 0.24817133E+02 0.51495257E-08
 0.25345157E+02 0.51516119E-08
 0.25873181E+02 0.51537408E-08
 0.26401205E+02 0.51559130E-08
 0.26929230E+02 0.51581272E-08
 0.27457254E+02 0.51603843E-08
 0.27985278E+02 0.51626837E-08
 0.28513302E+02 0.51650261E-08
 0.29041326E+02 0.51674098E-08
 0.29569350E+02 0.51698364E-08
 0.30097375E+02 0.51723053E-08
 0.30625398E+02 0.51748157E-08
 0.31153421E+02 0.51773684E-08
 0.31681447E+02 0.51799630E-08
 0.32209471E+02 0.51825992E-08
 0.32737494E+02 0.51852770E-08
 0.33265520E+02 0.51879965E-08
 0.33793543E+02 0.51907571E-08
 0.34321566E+02 0.51935582E-08
 0.34849592E+02 0.51964023E-08
 0.35377615E+02 0.51992864E-08
 0.35905638E+02 0.52022114E-08
 0.36433665E+02 0.52051771E-08
 0.36961688E+02 0.52081834E-08
 0.37489711E+02 0.52112304E-08
 0.38017737E+02 0.52143162E-08
 0.38545760E+02 0.52174442E-08
 0.39073783E+02 0.52206111E-08
 0.39601809E+02 0.52238178E-08
 0.40129832E+02 0.52270642E-08
 0.40657856E+02 0.52303466E-08
 0.41185882E+02 0.52336742E-08
 0.41713905E+02 0.52370376E-08
 0.42241928E+02 0.52404397E-08
 0.42769954E+02 0.52438799E-08
 0.43297977E+02 0.52473580E-08
 0.43826000E+02 0.52508735E-08
 0.44354026E+02 0.52544262E-08
 0.44882050E+02 0.52580168E-08
 0.45410073E+02 0.52616441E-08
 0.45938099E+02 0.52653085E-08
 0.46466122E+02 0.52690091E-08
 0.46994145E+02 0.52727472E-08
 0.47522171E+02 0.52765212E-08
 0.48050194E+02 0.52803314E-08
 0.48578217E+02 0.52841780E-08
 0.49106244E+02 0.52880600E-08
 0.49634267E+02 0.52919778E-08
 0.50162290E+02 0.52959311E-08
 0.50690316E+02 0.52999198E-08
 0.51218339E+02 0.53039440E-08
 0.51746362E+02 0.53080027E-08
 0.52274388E+02 0.53120955E-08
 0.52802411E+02 0.53162268E-08
 0.53330435E+02 0.53203877E-08
 0.53858461E+02 0.53245850E-08
 0.54386484E+02 0.53288162E-08
 0.54914507E+02 0.53330817E-08
 0.55442533E+02 0.53373806E-08
 0.55970556E+02 0.53417138E-08
 0.56498579E+02 0.53460801E-08
 0.57026605E+02 0.53504802E-08
 0.57554629E+02 0.53549132E-08
 0.58082652E+02 0.53593793E-08
 0.58610678E+02 0.53638787E-08
 0.59138701E+02 0.53684111E-08
 0.59666724E+02 0.53729760E-08
 0.60194747E+02 0.53775735E-08
 0.60722773E+02 0.53822036E-08
 0.61250796E+02 0.53868672E-08
 0.61778820E+02 0.53915629E-08
 0.62306846E+02 0.53962913E-08
 0.62834869E+02 0.54010532E-08
 0.63362892E+02 0.54058484E-08
 0.63890918E+02 0.54106768E-08
 0.64418941E+02 0.54155383E-08
 0.64946964E+02 0.54204323E-08
 0.65474990E+02 0.54253591E-08
 0.66003014E+02 0.54303179E-08
 0.66531037E+02 0.54353085E-08
 0.67059063E+02 0.54403309E-08
 0.67587086E+02 0.54453843E-08
 0.68115109E+02 0.54504690E-08
 0.68643135E+02 0.54555846E-08
 0.69171158E+02 0.54607304E-08
 0.69699181E+02 0.54659057E-08
 0.70227208E+02 0.54711112E-08
 0.70755231E+02 0.54763456E-08
 0.71283254E+02 0.54816090E-08
 0.71811280E+02 0.54869009E-08
 0.72339303E+02 0.54922206E-08
 0.72867326E+02 0.54975689E-08
 0.73395352E+02 0.55029441E-08
 0.73923375E+02 0.55083456E-08
 0.74451399E+02 0.55137736E-08
 0.74979425E+02 0.55192275E-08
 0.75507448E+02 0.55247064E-08
 0.76035471E+02 0.55302104E-08
 0.76563497E+02 0.55357381E-08
 0.77091520E+02 0.55412915E-08
 0.77619543E+02 0.55468624E-08
 0.78147569E+02 0.55524567E-08
 0.78675593E+02 0.55580712E-08
 0.79203616E+02 0.55637051E-08
 0.79731642E+02 0.55693599E-08
 0.80259665E+02 0.55750337E-08
 0.80787688E+02 0.55807270E-08
 0.81315714E+02 0.55864380E-08
 0.81843737E+02 0.55921690E-08
 0.82371760E+02 0.55979164E-08
 0.82899787E+02 0.56036830E-08
 0.83427810E+02 0.56094670E-08
 0.83955833E+02 0.56152688E-08
 0.84483859E+02 0.56210872E-08
 0.85011882E+02 0.56269233E-08
 0.85539905E+02 0.56327760E-08
 0.86067931E+02 0.56386449E-08
 0.86595954E+02 0.56445302E-08
 0.87123977E+02 0.56504325E-08
 0.87652004E+02 0.56563504E-08
 0.88180027E+02 0.56622840E-08
 0.88708050E+02 0.56682344E-08
 0.89236076E+02 0.56741995E-08
 0.89764099E+02 0.56801821E-08
 0.90292122E+02 0.56861808E-08
 0.90820148E+02 0.56921979E-08
 0.91348171E+02 0.56982308E-08
 0.91876195E+02 0.57042814E-08
 0.92404221E+02 0.57103489E-08
 0.92932244E+02 0.57164306E-08
 0.93460267E+02 0.57225283E-08
 0.93988293E+02 0.57286402E-08
 0.94516316E+02 0.57347664E-08
 0.95044339E+02 0.57409053E-08
 0.95572365E+02 0.57470573E-08
 0.96100389E+02 0.57532209E-08
 0.96628412E+02 0.57593980E-08
 0.97156438E+02 0.57655808E-08
 0.97684461E+02 0.57717753E-08
 0.98212484E+02 0.57779785E-08
 0.98740510E+02 0.57841897E-08
 0.99268533E+02 0.57904076E-08
 0.99796556E+02 0.57966313E-08
 0.10032458E+03 0.58028597E-08
 0.10085261E+03 0.58090913E-08
 0.10138063E+03 0.58153244E-08
 0.10190865E+03 0.58215563E-08
 0.10243668E+03 0.58277864E-08
 0.10296470E+03 0.58340146E-08
 0.10349272E+03 0.58402401E-08
 0.10402075E+03 0.58464627E-08
 0.10454877E+03 0.58526824E-08
 0.10507680E+03 0.58588979E-08
 0.10560482E+03 0.58651108E-08
 0.10613285E+03 0.58713191E-08
 0.10666087E+03 0.58775236E-08
 0.10718890E+03 0.58837235E-08
 0.10771692E+03 0.58899184E-08
 0.10824494E+03 0.58961088E-08
 0.10877297E+03 0.59022947E-08
 0.10930099E+03 0.59084755E-08
 0.10982901E+03 0.59146516E-08
 0.11035704E+03 0.59208233E-08
 0.11088506E+03 0.59269907E-08
 0.11141309E+03 0.59331548E-08
 0.11194111E+03 0.59393173E-08
 0.11246914E+03 0.59454777E-08
 0.11299716E+03 0.59516352E-08
 0.11352518E+03 0.59577890E-08
 0.11405321E+03 0.59639386E-08
 0.11458123E+03 0.59700833E-08
 0.11510926E+03 0.59762217E-08
 0.11563728E+03 0.59823538E-08
 0.11616530E+03 0.59884784E-08
 0.11669333E+03 0.59945946E-08
 0.11722135E+03 0.60007021E-08
 0.11774938E+03 0.60067996E-08
 0.11827740E+03 0.60128861E-08
 0.11880542E+03 0.60189610E-08
 0.11933345E+03 0.60250234E-08
 0.11986147E+03 0.60310714E-08
 0.12038950E+03 0.60371057E-08
 0.12091752E+03 0.60431234E-08
 0.12144555E+03 0.60491240E-08
 0.12197357E+03 0.60551071E-08
 0.12250159E+03 0.60610712E-08
 0.12302962E+03 0.60670155E-08
 0.12355764E+03 0.60729395E-08
 0.12408567E+03 0.60788418E-08
 0.12461369E+03 0.60847220E-08
 0.12514171E+03 0.60905788E-08
 0.12566974E+03 0.60964113E-08
 0.12619776E+03 0.61022182E-08
 0.12672579E+03 0.61079987E-08
 0.12725381E+03 0.61137515E-08
 0.12778184E+03 0.61194750E-08
 0.12830986E+03 0.61251686E-08
 0.12883788E+03 0.61308292E-08
 0.12936591E+03 0.61364559E-08
 0.12989393E+03 0.61420446E-08
 0.13042195E+03 0.61475974E-08
 0.13094998E+03 0.61531122E-08
 0.13147800E+03 0.61585895E-08
 0.13200603E+03 0.61640288E-08
 0.13253405E+03 0.61694305E-08
 0.13306208E+03 0.61747940E-08
 0.13359010E+03 0.61801195E-08
 0.13411813E+03 0.61854077E-08
 0.13464615E+03 0.61906577E-08
 0.13517417E+03 0.61958707E-08
 0.13570220E+03 0.62010471E-08
 0.13623022E+03 0.62061867E-08
 0.13675824E+03 0.62112920E-08
 0.13728627E+03 0.62163655E-08
 0.13781429E+03 0.62214099E-08
 0.13834232E+03 0.62264245E-08
 0.13887034E+03 0.62314070E-08
 0.13939837E+03 0.62363563E-08
 0.13992639E+03 0.62412706E-08
 0.14045441E+03 0.62461477E-08
 0.14098244E+03 0.62509877E-08
 0.14151046E+03 0.62557866E-08
 0.14203848E+03 0.62605438E-08
 0.14256651E+03 0.62652565E-08
 0.14309453E+03 0.62699226E-08
 0.14362256E+03 0.62745393E-08
 0.14415058E+03 0.62791019E-08
 0.14467861E+03 0.62836114E-08
 0.14520663E+03 0.62880554E-08
 0.14573466E+03 0.62924350E-08
 0.14626268E+03 0.62967496E-08
 0.14679070E+03 0.63009990E-08
 0.14731873E+03 0.63051843E-08
 0.14784675E+03 0.63093044E-08
 0.14837477E+03 0.63133606E-08
 0.14890280E+03 0.63173518E-08
 0.14943082E+03 0.63212800E-08
 0.14995885E+03 0.63251447E-08
 0.15048687E+03 0.63289480E-08
 0.15101490E+03 0.63326885E-08
 0.15154292E+03 0.63363708E-08
 0.15207094E+03 0.63399972E-08
 0.15259897E+03 0.63435709E-08
 0.15312699E+03 0.63470945E-08
 0.15365502E+03 0.63505624E-08
 0.15418304E+03 0.63539742E-08
 0.15471106E+03 0.63573273E-08
 0.15523909E+03 0.63606206E-08
 0.15576711E+03 0.63638521E-08
 0.15629514E+03 0.63670189E-08
 0.15682316E+03 0.63701192E-08
 0.15735119E+03 0.63731506E-08
 0.15787921E+03 0.63761088E-08
 0.15840723E+03 0.63789925E-08
 0.15893526E+03 0.63817950E-08
 0.15946328E+03 0.63845116E-08
 0.15999131E+03 0.63871405E-08
 0.16051933E+03 0.63896814E-08
 0.16104735E+03 0.63921345E-08
 0.16157538E+03 0.63944985E-08
 0.16210340E+03 0.63967749E-08
 0.16263143E+03 0.63989620E-08
 0.16315945E+03 0.64010607E-08
 0.16368747E+03 0.64030684E-08
 0.16421550E+03 0.64049916E-08
 0.16474352E+03 0.64068248E-08
 0.16527155E+03 0.64085709E-08
 0.16579957E+03 0.64102330E-08
 0.16632760E+03 0.64118120E-08
 0.16685562E+03 0.64133045E-08
 0.16738364E+03 0.64147132E-08
 0.16791167E+03 0.64160318E-08
 0.16843969E+03 0.64172609E-08
 0.16896771E+03 0.64183963E-08
 0.16949574E+03 0.64194409E-08
 0.17002376E+03 0.64203817E-08
 0.17055179E+03 0.64212263E-08
 0.17107981E+03 0.64219685E-08
 0.17160784E+03 0.64226056E-08
 0.17213586E+03 0.64231326E-08
 0.17266389E+03 0.64235455E-08
 0.17319191E+03 0.64238427E-08
 0.17371993E+03 0.64240233E-08
 0.17424796E+03 0.64240848E-08
 0.17477598E+03 0.64240263E-08
 0.17530400E+03 0.64238454E-08
 0.17583203E+03 0.64235408E-08
 0.17636005E+03 0.64231107E-08
 0.17688808E+03 0.64225509E-08
 0.17741610E+03 0.64218601E-08
 0.17794413E+03 0.64210379E-08
 0.17847215E+03 0.64200811E-08
 0.17900018E+03 0.64189893E-08
 0.17952820E+03 0.64177517E-08
 0.18005622E+03 0.64163676E-08
 0.18058424E+03 0.64148238E-08
 0.18111227E+03 0.64131123E-08
 0.18164029E+03 0.64112225E-08
 0.18216832E+03 0.64091413E-08
 0.18269634E+03 0.64068537E-08
 0.18322437E+03 0.64043396E-08
 0.18375239E+03 0.64015736E-08
 0.18428042E+03 0.63985264E-08
 0.18480844E+03 0.63951527E-08
 0.18533646E+03 0.63913963E-08
 0.18586449E+03 0.63871862E-08
 0.18639251E+03 0.63823801E-08
 0.18692053E+03 0.63767776E-08
 0.18744856E+03 0.63699188E-08
 0.18797658E+03 0.63605614E-08
 0.18850461E+03 0.63429164E-08
 0.18903263E+03 0.63416524E-08
 0.18956066E+03 0.63411848E-08
 0.19008868E+03 0.63418522E-08
 0.19061670E+03 0.63427855E-08
 0.19114473E+03 0.63431495E-08
 0.19167275E+03 0.63430086E-08
 0.19220078E+03 0.63425850E-08
 0.19272880E+03 0.63421364E-08
 0.19325682E+03 0.63416559E-08
 0.19378485E+03 0.63410845E-08
 0.19431287E+03 0.63403467E-08
 0.19484090E+03 0.63394401E-08
 0.19536892E+03 0.63383796E-08
 0.19589695E+03 0.63371859E-08
 0.19642497E+03 0.63358597E-08
 0.19695299E+03 0.63343966E-08
 0.19748102E+03 0.63327898E-08
 0.19800904E+03 0.63310386E-08
 0.19853707E+03 0.63291436E-08
 0.19906509E+03 0.63271060E-08
 0.19959311E+03 0.63249256E-08
 0.20012114E+03 0.63226014E-08
 0.20064916E+03 0.63201328E-08
 0.20117719E+03 0.63175192E-08
 0.20170521E+03 0.63147605E-08
 0.20223323E+03 0.63118564E-08
 0.20276126E+03 0.63088066E-08
 0.20328928E+03 0.63056106E-08
 0.20381731E+03 0.63022681E-08
 0.20434533E+03 0.62987791E-08
 0.20487336E+03 0.62951430E-08
 0.20540138E+03 0.62913596E-08
 0.20592940E+03 0.62874287E-08
 0.20645743E+03 0.62833502E-08
 0.20698545E+03 0.62791238E-08
 0.20751347E+03 0.62747493E-08
 0.20804150E+03 0.62702265E-08
 0.20856952E+03 0.62655554E-08
 0.20909755E+03 0.62607356E-08
 0.20962557E+03 0.62557673E-08
 0.21015360E+03 0.62506502E-08
 0.21068162E+03 0.62453841E-08
 0.21120965E+03 0.62399691E-08
 0.21173767E+03 0.62344053E-08
 0.21226569E+03 0.62286924E-08
 0.21279372E+03 0.62228305E-08
 0.21332174E+03 0.62168195E-08
 0.21384976E+03 0.62106597E-08
 0.21437779E+03 0.62043509E-08
 0.21490581E+03 0.61978931E-08
 0.21543384E+03 0.61912866E-08
 0.21596186E+03 0.61845314E-08
 0.21648989E+03 0.61776275E-08
 0.21701791E+03 0.61705752E-08
 0.21754594E+03 0.61633745E-08
 0.21807396E+03 0.61560257E-08
 0.21860198E+03 0.61485288E-08
 0.21913000E+03 0.61408843E-08
 0.21965803E+03 0.61330922E-08
 0.22018605E+03 0.61251526E-08
 0.22071408E+03 0.61170661E-08
 0.22124210E+03 0.61088327E-08
 0.22177013E+03 0.61004529E-08
 0.22229815E+03 0.60919268E-08
 0.22282618E+03 0.60832548E-08
 0.22335420E+03 0.60744374E-08
 0.22388222E+03 0.60654747E-08
 0.22441025E+03 0.60563672E-08
 0.22493827E+03 0.60471154E-08
 0.22546629E+03 0.60377195E-08
 0.22599432E+03 0.60281801E-08
 0.22652234E+03 0.60184975E-08
 0.22705037E+03 0.60086723E-08
 0.22757839E+03 0.59987050E-08
 0.22810642E+03 0.59885960E-08
 0.22863444E+03 0.59783458E-08
 0.22916246E+03 0.59679551E-08
 0.22969049E+03 0.59574242E-08
 0.23021851E+03 0.59467538E-08
 0.23074654E+03 0.59359445E-08
 0.23127456E+03 0.59249969E-08
 0.23180258E+03 0.59139115E-08
 0.23233061E+03 0.59026891E-08
 0.23285863E+03 0.58913302E-08
 0.23338666E+03 0.58798357E-08
 0.23391468E+03 0.58682060E-08
 0.23444271E+03 0.58564418E-08
 0.23497073E+03 0.58445441E-08
 0.23549875E+03 0.58325133E-08
 0.23602678E+03 0.58203504E-08
 0.23655480E+03 0.58080560E-08
 0.23708283E+03 0.57956309E-08
 0.23761085E+03 0.57830760E-08
 0.23813887E+03 0.57703919E-08
 0.23866690E+03 0.57575795E-08
 0.23919492E+03 0.57446396E-08
 0.23972295E+03 0.57315732E-08
 0.24025097E+03 0.57183810E-08
 0.24077899E+03 0.57050639E-08
 0.24130702E+03 0.56916229E-08
 0.24183504E+03 0.56780587E-08
 0.24236307E+03 0.56643724E-08
 0.24289109E+03 0.56505649E-08
 0.24341912E+03 0.56366370E-08
 0.24394714E+03 0.56225897E-08
 0.24447516E+03 0.56084241E-08
 0.24500319E+03 0.55941410E-08
 0.24553121E+03 0.55797415E-08
 0.24605923E+03 0.55652266E-08
 0.24658726E+03 0.55505972E-08
 0.24711528E+03 0.55358544E-08
 0.24764331E+03 0.55209993E-08
 0.24817133E+03 0.55060330E-08
 0.24869936E+03 0.54909563E-08
 0.24922738E+03 0.54757704E-08
 0.24975541E+03 0.54604765E-08
 0.25028343E+03 0.54450755E-08
 0.25081145E+03 0.54295686E-08
 0.25133948E+03 0.54139570E-08
 0.25186750E+03 0.53982416E-08
 0.25239552E+03 0.53824237E-08
 0.25292355E+03 0.53665043E-08
 0.25345157E+03 0.53504848E-08
 0.25397960E+03 0.53343660E-08
 0.25450762E+03 0.53181494E-08
 0.25503565E+03 0.53018359E-08
 0.25556367E+03 0.52854269E-08
 0.25609170E+03 0.52689234E-08
 0.25661972E+03 0.52523268E-08
 0.25714774E+03 0.52356380E-08
 0.25767577E+03 0.52188586E-08
 0.25820379E+03 0.52019896E-08
 0.25873181E+03 0.51850322E-08
 0.25925984E+03 0.51679877E-08
 0.25978786E+03 0.51508573E-08
 0.26031589E+03 0.51336422E-08
 0.26084391E+03 0.51163438E-08
 0.26137194E+03 0.50989633E-08
 0.26189996E+03 0.50815019E-08
 0.26242798E+03 0.50639608E-08
 0.26295601E+03 0.50463415E-08
 0.26348403E+03 0.50286450E-08
 0.26401205E+03 0.50108728E-08
 0.26454008E+03 0.49930261E-08
 0.26506810E+03 0.49751061E-08
 0.26559613E+03 0.49571143E-08
 0.26612415E+03 0.49390518E-08
 0.26665218E+03 0.49209199E-08
 0.26718020E+03 0.49027202E-08
 0.26770822E+03 0.48844535E-08
 0.26823625E+03 0.48661216E-08
 0.26876427E+03 0.48477254E-08
 0.26929230E+03 0.48292665E-08
 0.26982032E+03 0.48107461E-08
 0.27034834E+03 0.47921655E-08
 0.27087637E+03 0.47735261E-08
 0.27140439E+03 0.47548290E-08
 0.27193242E+03 0.47360758E-08
 0.27246044E+03 0.47172676E-08
 0.27298847E+03 0.46984060E-08
 0.27351649E+03 0.46794919E-08
 0.27404451E+03 0.46605270E-08
 0.27457254E+03 0.46415123E-08
 0.27510056E+03 0.46224494E-08
 0.27562859E+03 0.46033394E-08
 0.27615661E+03 0.45841838E-08
 0.27668463E+03 0.45649838E-08
 0.27721266E+03 0.45457408E-08
 0.27774068E+03 0.45264560E-08
 0.27826871E+03 0.45071308E-08
 0.27879673E+03 0.44877664E-08
 0.27932475E+03 0.44683642E-08
 0.27985278E+03 0.44489255E-08
 0.28038080E+03 0.44294517E-08
 0.28090883E+03 0.44099439E-08
 0.28143685E+03 0.43904034E-08
 0.28196488E+03 0.43708317E-08
 0.28249290E+03 0.43512299E-08
 0.28302092E+03 0.43315994E-08
 0.28354895E+03 0.43119414E-08
 0.28407697E+03 0.42922574E-08
 0.28460499E+03 0.42725483E-08
 0.28513302E+03 0.42528156E-08
 0.28566104E+03 0.42330606E-08
 0.28618907E+03 0.42132845E-08
 0.28671709E+03 0.41934886E-08
 0.28724512E+03 0.41736740E-08
 0.28777314E+03 0.41538421E-08
 0.28830117E+03 0.41339942E-08
 0.28882919E+03 0.41141314E-08
 0.28935721E+03 0.40942550E-08
 0.28988524E+03 0.40743661E-08
 0.29041326E+03 0.40544662E-08
 0.29094128E+03 0.40345562E-08
 0.29146931E+03 0.40146375E-08
 0.29199733E+03 0.39947113E-08
 0.29252536E+03 0.39747788E-08
 0.29305338E+03 0.39548411E-08
 0.29358141E+03 0.39348995E-08
 0.29410943E+03 0.39149550E-08
 0.29463746E+03 0.38950089E-08
 0.29516548E+03 0.38750624E-08
 0.29569350E+03 0.38551166E-08
 0.29622153E+03 0.38351726E-08
 0.29674955E+03 0.38152316E-08
 0.29727757E+03 0.37952948E-08
 0.29780560E+03 0.37753632E-08
 0.29833362E+03 0.37554381E-08
 0.29886165E+03 0.37355203E-08
 0.29938967E+03 0.37156112E-08
 0.29991768E+03 0.36957118E-08
 0.30044573E+03 0.36758231E-08
 0.30097375E+03 0.36559463E-08
 0.30150177E+03 0.36360825E-08
 0.30202979E+03 0.36162326E-08
 0.30255781E+03 0.35963978E-08
 0.30308583E+03 0.35765790E-08
 0.30361385E+03 0.35567773E-08
 0.30414190E+03 0.35369939E-08
 0.30466992E+03 0.35172296E-08
 0.30519794E+03 0.34974855E-08
 0.30572596E+03 0.34777626E-08
 0.30625398E+03 0.34580618E-08
 0.30678200E+03 0.34383842E-08
 0.30731002E+03 0.34187308E-08
 0.30783804E+03 0.33991024E-08
 0.30836609E+03 0.33795001E-08
 0.30889411E+03 0.33599247E-08
 0.30942213E+03 0.33403774E-08
 0.30995015E+03 0.33208589E-08
 0.31047817E+03 0.33013701E-08
 0.31100619E+03 0.32819121E-08
 0.31153421E+03 0.32624857E-08
 0.31206226E+03 0.32430917E-08
 0.31259028E+03 0.32237311E-08
 0.31311830E+03 0.32044047E-08
 0.31364632E+03 0.31851134E-08
 0.31417434E+03 0.31658580E-08
 0.31470236E+03 0.31466394E-08
 0.31523038E+03 0.31274584E-08
 0.31575840E+03 0.31083159E-08
 0.31628645E+03 0.30892125E-08
 0.31681447E+03 0.30701492E-08
 0.31734249E+03 0.30511267E-08
 0.31787051E+03 0.30321459E-08
 0.31839853E+03 0.30132073E-08
 0.31892656E+03 0.29943120E-08
 0.31945458E+03 0.29754605E-08
 0.31998263E+03 0.29566536E-08
 0.32051065E+03 0.29378921E-08
 0.32103867E+03 0.29191767E-08
 0.32156669E+03 0.29005081E-08
 0.32209471E+03 0.28818869E-08
 0.32262273E+03 0.28633139E-08
 0.32315075E+03 0.28447899E-08
 0.32367877E+03 0.28263152E-08
 0.32420682E+03 0.28078908E-08
 0.32473484E+03 0.27895173E-08
 0.32526286E+03 0.27711951E-08
 0.32579088E+03 0.27529251E-08
 0.32631890E+03 0.27347078E-08
 0.32684692E+03 0.27165439E-08
 0.32737494E+03 0.26984339E-08
 0.32790299E+03 0.26803784E-08
 0.32843101E+03 0.26623780E-08
 0.32895903E+03 0.26444333E-08
 0.32948705E+03 0.26265447E-08
 0.33001507E+03 0.26087130E-08
 0.33054309E+03 0.25909386E-08
 0.33107111E+03 0.25732220E-08
 0.33159913E+03 0.25555639E-08
 0.33212718E+03 0.25379646E-08
 0.33265520E+03 0.25204247E-08
 0.33318322E+03 0.25029446E-08
 0.33371124E+03 0.24855250E-08
 0.33423926E+03 0.24681661E-08
 0.33476728E+03 0.24508686E-08
 0.33529530E+03 0.24336328E-08
 0.33582335E+03 0.24164592E-08
 0.33635137E+03 0.23993482E-08
 0.33687939E+03 0.23823003E-08
 0.33740741E+03 0.23653158E-08
 0.33793543E+03 0.23483953E-08
 0.33846345E+03 0.23315389E-08
 0.33899147E+03 0.23147472E-08
 0.33951949E+03 0.22980206E-08
 0.34004754E+03 0.22813593E-08
 0.34057556E+03 0.22647639E-08
 0.34110358E+03 0.22482346E-08
 0.34163160E+03 0.22317717E-08
 0.34215962E+03 0.22153756E-08
 0.34268764E+03 0.21990466E-08
 0.34321566E+03 0.21827850E-08
 0.34374371E+03 0.21665913E-08
 0.34427173E+03 0.21504655E-08
 0.34479975E+03 0.21344081E-08
 0.34532777E+03 0.21184193E-08
 0.34585579E+03 0.21024994E-08
 0.34638381E+03 0.20866486E-08
 0.34691183E+03 0.20708672E-08
 0.34743985E+03 0.20551555E-08
 0.34796790E+03 0.20395137E-08
 0.34849592E+03 0.20239420E-08
 0.34902394E+03 0.20084407E-08
 0.34955196E+03 0.19930099E-08
 0.35007998E+03 0.19776499E-08
 0.35060800E+03 0.19623608E-08
 0.35113602E+03 0.19471430E-08
 0.35166407E+03 0.19319965E-08
 0.35219209E+03 0.19169214E-08
 0.35272011E+03 0.19019181E-08
 0.35324813E+03 0.18869867E-08
 0.35377615E+03 0.18721271E-08
 0.35430417E+03 0.18573399E-08
 0.35483219E+03 0.18426248E-08
 0.35536021E+03 0.18279822E-08
 0.35588826E+03 0.18134121E-08
 0.35641628E+03 0.17989147E-08
 0.35694430E+03 0.17844901E-08
 0.35747232E+03 0.17701383E-08
 0.35800034E+03 0.17558595E-08
 0.35852836E+03 0.17416537E-08
 0.35905638E+03 0.17275211E-08
 0.35958440E+03 0.17134617E-08
 0.36011245E+03 0.16994756E-08
 0.36064047E+03 0.16855629E-08
 0.36116849E+03 0.16717234E-08
 0.36169652E+03 0.16579575E-08
 0.36222454E+03 0.16442651E-08
 0.36275256E+03 0.16306461E-08
 0.36328058E+03 0.16171007E-08
 0.36380863E+03 0.16036289E-08
 0.36433665E+03 0.15902307E-08
 0.36486467E+03 0.15769060E-08
 0.36539269E+03 0.15636550E-08
 0.36592071E+03 0.15504776E-08
 0.36644873E+03 0.15373739E-08
 0.36697675E+03 0.15243436E-08
 0.36750477E+03 0.15113870E-08
 0.36803282E+03 0.14985038E-08
 0.36856084E+03 0.14856943E-08
 0.36908886E+03 0.14729582E-08
 0.36961688E+03 0.14602955E-08
 0.37014490E+03 0.14477063E-08
 0.37067292E+03 0.14351904E-08
 0.37120094E+03 0.14227477E-08
 0.37172899E+03 0.14103783E-08
 0.37225701E+03 0.13980821E-08
 0.37278503E+03 0.13858589E-08
 0.37331305E+03 0.13737088E-08
 0.37384107E+03 0.13616316E-08
 0.37436909E+03 0.13496273E-08
 0.37489711E+03 0.13376957E-08
 0.37542513E+03 0.13258368E-08
 0.37595318E+03 0.13140504E-08
 0.37648120E+03 0.13023364E-08
 0.37700922E+03 0.12906949E-08
 0.37753724E+03 0.12791256E-08
 0.37806526E+03 0.12676284E-08
 0.37859328E+03 0.12562032E-08
 0.37912130E+03 0.12448499E-08
 0.37964935E+03 0.12335683E-08
 0.38017737E+03 0.12223583E-08
 0.38070539E+03 0.12112197E-08
 0.38123341E+03 0.12001526E-08
 0.38176143E+03 0.11891566E-08
 0.38228945E+03 0.11782316E-08
 0.38281747E+03 0.11673775E-08
 0.38334549E+03 0.11565941E-08
 0.38387354E+03 0.11458813E-08
 0.38440156E+03 0.11352389E-08
 0.38492958E+03 0.11246667E-08
 0.38545760E+03 0.11141646E-08
 0.38598562E+03 0.11037324E-08
 0.38651364E+03 0.10933699E-08
 0.38704166E+03 0.10830768E-08
 0.38756971E+03 0.10728531E-08
 0.38809773E+03 0.10626986E-08
 0.38862575E+03 0.10526131E-08
 0.38915377E+03 0.10425964E-08
 0.38968179E+03 0.10326482E-08
 0.39020981E+03 0.10227683E-08
 0.39073783E+03 0.10129567E-08
 0.39126585E+03 0.10032130E-08
 0.39179390E+03 0.99353710E-09
 0.39232192E+03 0.98392875E-09
 0.39284994E+03 0.97438773E-09
 0.39337796E+03 0.96491384E-09
 0.39390598E+03 0.95550687E-09
 0.39443400E+03 0.94616657E-09
 0.39496202E+03 0.93689275E-09
 0.39549007E+03 0.92768517E-09
 0.39601809E+03 0.91854360E-09
 0.39654611E+03 0.90946781E-09
 0.39707413E+03 0.90045758E-09
 0.39760215E+03 0.89151268E-09
 0.39813017E+03 0.88263286E-09
 0.39865819E+03 0.87381788E-09
 0.39918621E+03 0.86506751E-09
 0.39971426E+03 0.85638152E-09
 0.40024228E+03 0.84775964E-09
 0.40077030E+03 0.83920165E-09
 0.40129832E+03 0.83070728E-09
 0.40182634E+03 0.82227630E-09
 0.40235436E+03 0.81390846E-09
 0.40288238E+03 0.80560350E-09
 0.40341043E+03 0.79736117E-09
 0.40393846E+03 0.78918121E-09
 0.40446648E+03 0.78106336E-09
 0.40499450E+03 0.77300738E-09
 0.40552252E+03 0.76501301E-09
 0.40605054E+03 0.75707996E-09
 0.40657856E+03 0.74920800E-09
 0.40710658E+03 0.74139685E-09
 0.40763463E+03 0.73364625E-09
 0.40816265E+03 0.72595595E-09
 0.40869067E+03 0.71832564E-09
 0.40921869E+03 0.71075511E-09
 0.40974671E+03 0.70324405E-09
 0.41027473E+03 0.69579220E-09
 0.41080275E+03 0.68839929E-09
 0.41133080E+03 0.68106506E-09
 0.41185882E+03 0.67378922E-09
 0.41238684E+03 0.66657150E-09
 0.41291486E+03 0.65941164E-09
 0.41344288E+03 0.65230935E-09
 0.41397090E+03 0.64526436E-09
 0.41449892E+03 0.63827639E-09
 0.41502694E+03 0.63134516E-09
 0.41555499E+03 0.62447040E-09
 0.41608301E+03 0.61765183E-09
 0.41661103E+03 0.61088917E-09
 0.41713905E+03 0.60418213E-09
 0.41766707E+03 0.59753045E-09
 0.41819509E+03 0.59093383E-09
 0.41872311E+03 0.58439200E-09
 0.41925116E+03 0.57790468E-09
 0.41977918E+03 0.57147159E-09
 0.42030720E+03 0.56509243E-09
 0.42083522E+03 0.55876693E-09
 0.42136324E+03 0.55249481E-09
 0.42189126E+03 0.54627579E-09
 0.42241928E+03 0.54010957E-09
 0.42294730E+03 0.53399589E-09
 0.42347535E+03 0.52793445E-09
 0.42400337E+03 0.52192496E-09
 0.42453139E+03 0.51596715E-09
 0.42505941E+03 0.51006074E-09
 0.42558743E+03 0.50420543E-09
 0.42611545E+03 0.49840094E-09
 0.42664347E+03 0.49264699E-09
 0.42717152E+03 0.48694331E-09
 0.42769954E+03 0.48128959E-09
 0.42822756E+03 0.47568555E-09
 0.42875558E+03 0.47013093E-09
 0.42928360E+03 0.46462543E-09
 0.42981162E+03 0.45916875E-09
 0.43033964E+03 0.45376063E-09
 0.43086766E+03 0.44840079E-09
 0.43139571E+03 0.44308893E-09
 0.43192373E+03 0.43782478E-09
 0.43245175E+03 0.43260804E-09
 0.43297977E+03 0.42743845E-09
 0.43350779E+03 0.42231571E-09
 0.43403581E+03 0.41723955E-09
 0.43456383E+03 0.41220969E-09
 0.43509188E+03 0.40722583E-09
 0.43561990E+03 0.40228771E-09
 0.43614792E+03 0.39739505E-09
 0.43667594E+03 0.39254756E-09
 0.43720396E+03 0.38774496E-09
 0.43773198E+03 0.38298698E-09
 0.43826000E+03 0.37827334E-09
 0.43878802E+03 0.37360376E-09
 0.43931607E+03 0.36897796E-09
 0.43984409E+03 0.36439567E-09
 0.44037211E+03 0.35985660E-09
 0.44090013E+03 0.35536049E-09
 0.44142815E+03 0.35090706E-09
 0.44195617E+03 0.34649603E-09
 0.44248419E+03 0.34212713E-09
 0.44301221E+03 0.33780010E-09
 0.44354026E+03 0.33351464E-09
 0.44406828E+03 0.32927050E-09
 0.44459630E+03 0.32506740E-09
 0.44512432E+03 0.32090508E-09
 0.44565234E+03 0.31678326E-09
 0.44618036E+03 0.31270166E-09
 0.44670839E+03 0.30866003E-09
 0.44723644E+03 0.30465810E-09
 0.44776446E+03 0.30069560E-09
 0.44829248E+03 0.29677225E-09
 0.44882050E+03 0.29288781E-09
 0.44934852E+03 0.28904200E-09
 0.44987654E+03 0.28523456E-09
 0.45040456E+03 0.28146523E-09
 0.45093258E+03 0.27773374E-09
 0.45146063E+03 0.27403984E-09
 0.45198865E+03 0.27038326E-09
 0.45251667E+03 0.26676375E-09
 0.45304469E+03 0.26318103E-09
 0.45357271E+03 0.25963487E-09
 0.45410073E+03 0.25612500E-09
 0.45462875E+03 0.25265116E-09
 0.45515680E+03 0.24921310E-09
 0.45568482E+03 0.24581056E-09
 0.45621284E+03 0.24244330E-09
 0.45674086E+03 0.23911106E-09
 0.45726888E+03 0.23581358E-09
 0.45779690E+03 0.23255063E-09
 0.45832492E+03 0.22932194E-09
 0.45885294E+03 0.22612727E-09
 0.45938099E+03 0.22296638E-09
 0.45990901E+03 0.21983901E-09
 0.46043703E+03 0.21674493E-09
 0.46096505E+03 0.21368388E-09
 0.46149307E+03 0.21065562E-09
 0.46202109E+03 0.20765991E-09
 0.46254911E+03 0.20469651E-09
 0.46307716E+03 0.20176518E-09
 0.46360518E+03 0.19886569E-09
 0.46413320E+03 0.19599779E-09
 0.46466122E+03 0.19316124E-09
 0.46518924E+03 0.19035581E-09
 0.46571726E+03 0.18758126E-09
 0.46624528E+03 0.18483737E-09
 0.46677330E+03 0.18212388E-09
 0.46730135E+03 0.17944059E-09
 0.46782937E+03 0.17678725E-09
 0.46835739E+03 0.17416364E-09
 0.46888541E+03 0.17156953E-09
 0.46941343E+03 0.16900469E-09
 0.46994145E+03 0.16646889E-09
 0.47046947E+03 0.16396191E-09
 0.47099752E+03 0.16148354E-09
 0.47152554E+03 0.15903352E-09
 0.47205356E+03 0.15661167E-09
 0.47258158E+03 0.15421775E-09
 0.47310960E+03 0.15185154E-09
 0.47363762E+03 0.14951282E-09
 0.47416564E+03 0.14720138E-09
 0.47469366E+03 0.14491701E-09
 0.47522171E+03 0.14265949E-09
 0.47574973E+03 0.14042860E-09
 0.47627775E+03 0.13822414E-09
 0.47680577E+03 0.13604589E-09
 0.47733379E+03 0.13389366E-09
 0.47786181E+03 0.13176721E-09
 0.47838983E+03 0.12966636E-09
 0.47891788E+03 0.12759090E-09
 0.47944590E+03 0.12554062E-09
 0.47997392E+03 0.12351531E-09
 0.48050194E+03 0.12151478E-09
 0.48102996E+03 0.11953884E-09
 0.48155798E+03 0.11758727E-09
 0.48208600E+03 0.11565989E-09
 0.48261402E+03 0.11375650E-09
 0.48314207E+03 0.11187690E-09
 0.48367009E+03 0.11002090E-09
 0.48419811E+03 0.10818831E-09
 0.48472613E+03 0.10637893E-09
 0.48525415E+03 0.10459260E-09
 0.48578217E+03 0.10282911E-09
 0.48631019E+03 0.10108827E-09
 0.48683824E+03 0.99369911E-10
 0.48736626E+03 0.97673848E-10
 0.48789428E+03 0.95999899E-10
 0.48842230E+03 0.94347886E-10
 0.48895033E+03 0.92717632E-10
 0.48947835E+03 0.91108963E-10
 0.49000637E+03 0.89521706E-10
 0.49053439E+03 0.87955689E-10
 0.49106244E+03 0.86410745E-10
 0.49159046E+03 0.84886705E-10
 0.49211848E+03 0.83383405E-10
 0.49264650E+03 0.81900682E-10
 0.49317452E+03 0.80438376E-10
 0.49370254E+03 0.78996328E-10
 0.49423056E+03 0.77574383E-10
 0.49475861E+03 0.76172389E-10
 0.49528663E+03 0.74790195E-10
 0.49581465E+03 0.73427652E-10
 0.49634267E+03 0.72084619E-10
 0.49687069E+03 0.70760950E-10
 0.49739871E+03 0.69456509E-10
 0.49792673E+03 0.68171161E-10
 0.49845475E+03 0.66904776E-10
 0.49898280E+03 0.65657226E-10
 0.49951082E+03 0.64428387E-10
 0.50003884E+03 0.63218143E-10
 0.50056686E+03 0.62026376E-10
 0.50109488E+03 0.60852982E-10
 0.50162290E+03 0.59697854E-10
 0.50215092E+03 0.58560896E-10
 0.50267897E+03 0.57442017E-10
 0.50320699E+03 0.56341134E-10
 0.50373501E+03 0.55258170E-10
 0.50426303E+03 0.54193058E-10
 0.50479105E+03 0.53145736E-10
 0.50531907E+03 0.52116158E-10
 0.50584709E+03 0.51104285E-10
 0.50637511E+03 0.50110090E-10
 0.50690316E+03 0.49133562E-10
 0.50743118E+03 0.48174704E-10
 0.50795920E+03 0.47233533E-10
 0.50848722E+03 0.46310091E-10
 0.50901524E+03 0.45404434E-10
 0.50954326E+03 0.44516647E-10
 0.51007128E+03 0.43646839E-10
 0.51059933E+03 0.42795152E-10
 0.51112735E+03 0.41961763E-10
 0.51165537E+03 0.41146886E-10
 0.51218339E+03 0.40350787E-10
 0.51271141E+03 0.39573782E-10
 0.51323943E+03 0.38816250E-10
 0.51376745E+03 0.38078647E-10
 0.51429547E+03 0.37361513E-10
 0.51482352E+03 0.36665490E-10
 0.51535154E+03 0.35991348E-10
 0.51587956E+03 0.35339996E-10
 0.51640758E+03 0.34712529E-10
 0.51693560E+03 0.34110254E-10
 0.51746362E+03 0.33534752E-10
 0.51799164E+03 0.32987930E-10
 0.51851966E+03 0.32472118E-10
 0.51904771E+03 0.31990175E-10
 0.51957573E+03 0.31545644E-10
 0.52010375E+03 0.31142963E-10
 0.52063177E+03 0.30787751E-10
 0.52115979E+03 0.30487227E-10
 0.52168781E+03 0.30250818E-10
 0.52221583E+03 0.30091066E-10
 0.52274388E+03 0.30025037E-10
