   1.1183084e+04   0.0000000e+00
   1.1194482e+04   0.0000000e+00
   1.1228516e+04   0.0000000e+00
   1.1284982e+04   0.0000000e+00
   1.1363545e+04   0.0000000e+00
   1.1463750e+04   0.0000000e+00
   1.1585037e+04   0.0000000e+00
   1.1726752e+04   0.0000000e+00
   1.1888163e+04   0.0000000e+00
   1.2068480e+04   0.0000000e+00
   1.2266870e+04   0.0000000e+00
   1.2482471e+04   0.0000000e+00
   1.2714408e+04   0.0000000e+00
   1.2961803e+04   0.0000000e+00
   1.3223789e+04   0.0000000e+00
   1.3499517e+04   0.0000000e+00
   1.3788162e+04   0.0000000e+00
   1.4088930e+04   0.0000000e+00
   1.4401062e+04   0.0000000e+00
   1.4723835e+04   0.0000000e+00
   1.5056565e+04   0.0000000e+00
   1.5398606e+04   0.0000000e+00
   1.5749352e+04   0.0000000e+00
   1.6108233e+04   0.0000000e+00
   1.6474719e+04   0.0000000e+00
   1.6848313e+04   1.2798454e-11
   1.7228553e+04   6.0467162e-11
   1.7615008e+04   1.2482957e-10
   1.8007279e+04   2.5067356e-10
   1.8404992e+04   3.7555629e-10
   1.8807804e+04   5.1319503e-10
   1.9215394e+04   6.6816866e-10
   1.9627463e+04   8.6269495e-10
   2.0043735e+04   1.0734338e-09
   2.0463955e+04   1.2858389e-09
   2.0887883e+04   1.5426182e-09
   2.1315299e+04   1.8102157e-09
   2.1745997e+04   2.1053900e-09
   2.2179786e+04   2.4703365e-09
   2.2616487e+04   2.8329659e-09
   2.3055936e+04   3.2018274e-09
   2.3497977e+04   3.5751194e-09
   2.3942469e+04   3.9430271e-09
   2.4389276e+04   4.3283243e-09
   2.4838274e+04   4.7908957e-09
   2.5289345e+04   5.2974784e-09
   2.5742382e+04   5.8088747e-09
   2.6197282e+04   6.3034277e-09
   2.6653949e+04   6.8741245e-09
   2.7112295e+04   7.4587744e-09
   2.7572235e+04   8.0455124e-09
   2.8033691e+04   8.6432925e-09
   2.8496590e+04   9.3046012e-09
   2.8960862e+04   1.0025092e-08
   2.9426443e+04   1.0705879e-08
   2.9893270e+04   1.1473421e-08
   3.0361288e+04   1.2201702e-08
   3.0830440e+04   1.2956073e-08
   3.1300678e+04   1.3788066e-08
   3.1771951e+04   1.4669408e-08
   3.2244215e+04   1.5510421e-08
   3.2717427e+04   1.6480671e-08
   3.3191547e+04   1.7467712e-08
   3.3666536e+04   1.8426929e-08
   3.4142357e+04   1.9378778e-08
   3.4618977e+04   2.0435429e-08
   3.5096362e+04   2.1469985e-08
   3.5574483e+04   2.2525217e-08
   3.6053310e+04   2.3759653e-08
   3.6532814e+04   2.4954348e-08
   3.7012971e+04   2.6138731e-08
   3.7493754e+04   2.7367131e-08
   3.7975140e+04   2.8610026e-08
   3.8457106e+04   2.9872289e-08
   3.8939631e+04   3.1311238e-08
   3.9422694e+04   3.2710849e-08
   3.9906276e+04   3.4079679e-08
   4.0390357e+04   3.5499639e-08
   4.0874921e+04   3.6962600e-08
   4.1359950e+04   3.8497020e-08
   4.1845429e+04   4.0099740e-08
   4.2331341e+04   4.1947739e-08
   4.2817672e+04   4.3651124e-08
   4.3304407e+04   4.5323799e-08
   4.3791534e+04   4.7091487e-08
   4.4279040e+04   4.8812536e-08
   4.4766911e+04   5.0529627e-08
   4.5255137e+04   5.2312303e-08
   4.5743705e+04   5.4121703e-08
   4.6232605e+04   5.5915667e-08
   4.6721827e+04   5.7814268e-08
   4.7211360e+04   5.9801641e-08
   4.7701196e+04   6.1814815e-08
   4.8191324e+04   6.3825536e-08
   4.8681736e+04   6.6012569e-08
   4.9172423e+04   6.8410118e-08
   4.9663378e+04   7.0796780e-08
   5.0154592e+04   7.3213758e-08
   5.0646058e+04   7.5530306e-08
   5.1137769e+04   7.8082607e-08
   5.1235353e+04   7.8576470e-08
   6.0636126e+04   1.3466998e-07
   7.0089821e+04   2.0993989e-07
   7.9577580e+04   2.9779828e-07
   8.9088519e+04   3.9006177e-07
   9.8615933e+04   4.8991907e-07
   1.0815547e+05   5.9746360e-07
   1.1770417e+05   7.1229051e-07
   1.2725999e+05   8.3376782e-07
   1.3682143e+05   9.6110838e-07
   1.4638738e+05   1.0933982e-06
   1.5595702e+05   1.2296122e-06
   1.6552971e+05   1.3686270e-06
   1.7510494e+05   1.5092337e-06
   1.8468233e+05   1.6501523e-06
   1.9426155e+05   1.7900482e-06
   2.0384234e+05   1.9275505e-06
   2.1342450e+05   2.0612725e-06
   2.2300785e+05   2.1898330e-06
   2.3259223e+05   2.3118793e-06
   2.4217753e+05   2.4261100e-06
   2.5176364e+05   2.5312979e-06
   2.6135048e+05   2.6263117e-06
   2.7093796e+05   2.7101369e-06
   2.8052602e+05   2.7818936e-06
   2.9011461e+05   2.8408529e-06
   2.9970366e+05   2.8864496e-06
   3.0929315e+05   2.9182916e-06
   3.1888302e+05   2.9361659e-06
   3.2847325e+05   2.9400409e-06
   3.3806381e+05   2.9300645e-06
   3.4765466e+05   2.9065592e-06
   3.5724579e+05   2.8700129e-06
   3.6683717e+05   2.8210671e-06
   3.7642878e+05   2.7605021e-06
   3.8602061e+05   2.6892198e-06
   3.9561264e+05   2.6082242e-06
   4.0520485e+05   2.5186014e-06
   4.1479724e+05   2.4214980e-06
   4.2438979e+05   2.3180995e-06
   4.3398249e+05   2.2096092e-06
   4.4357534e+05   2.0972277e-06
   4.5316831e+05   1.9821334e-06
   4.6276141e+05   1.8654649e-06
   4.7235462e+05   1.7483053e-06
   4.8194795e+05   1.6316684e-06
   4.9154137e+05   1.5164877e-06
   5.0113489e+05   1.4036075e-06
   5.1072851e+05   1.2937762e-06
   5.2032221e+05   1.1876430e-06
   5.2991599e+05   1.0857556e-06
   5.3950985e+05   9.8856080e-07
   5.4910379e+05   8.9640714e-07
   5.5869779e+05   8.0954867e-07
   5.6829186e+05   7.2815058e-07
   5.7788599e+05   6.5229581e-07
   5.8748019e+05   5.8199260e-07
   5.9707443e+05   5.1718261e-07
   6.0666874e+05   4.5774945e-07
   6.1626309e+05   4.0352726e-07
   6.2585750e+05   3.5430931e-07
   6.3545195e+05   3.0985619e-07
   6.4504644e+05   2.6990374e-07
   6.5464098e+05   2.3417024e-07
   6.6423556e+05   2.0236315e-07
   6.7383018e+05   1.7418502e-07
   6.8342484e+05   1.4933872e-07
   6.9301953e+05   1.2753187e-07
   7.0261426e+05   1.0848060e-07
   7.1220902e+05   9.1912524e-08
   7.2180381e+05   7.7569098e-08
   7.3139863e+05   6.5207306e-08
   7.4099348e+05   5.4600825e-08
   7.5058836e+05   4.5540673e-08
   7.6018327e+05   3.7835438e-08
   7.6977821e+05   3.1311140e-08
   7.7937317e+05   2.5810798e-08
   7.8896815e+05   2.1193760e-08
   7.9856316e+05   1.7334850e-08
   8.0815819e+05   1.4123397e-08
   8.1775324e+05   1.1462163e-08
   8.2734831e+05   9.2662429e-09
   8.3694340e+05   7.4619401e-09
   8.4653852e+05   5.9856600e-09
   8.5613365e+05   4.7828385e-09
   8.6572880e+05   3.8069215e-09
   8.7532397e+05   3.0184066e-09
   8.8491915e+05   2.3839560e-09
   8.9451435e+05   1.8755837e-09
   9.0410957e+05   1.4699187e-09
   9.1370480e+05   1.1475452e-09
   9.2330005e+05   8.9241494e-10
   9.3289531e+05   6.9132978e-10
   9.4249059e+05   5.3348959e-10
   9.5208588e+05   4.1009994e-10
   9.6168119e+05   3.1403448e-10
   9.7127650e+05   2.3954636e-10
   9.8087183e+05   1.8202339e-10
   9.9046717e+05   1.3778149e-10
   1.0000625e+06   1.0389181e-10
   1.0100619e+06   7.7095601e-11
   1.0302648e+06   4.1662275e-11
   1.0504677e+06   2.2133520e-11
   1.0706706e+06   1.1559990e-11
   1.0908736e+06   5.9356583e-12
   1.1110767e+06   2.9963290e-12
   1.1312798e+06   1.4870434e-12
   1.1514829e+06   7.2556366e-13
   1.1716860e+06   3.4805589e-13
   1.1918892e+06   1.6415257e-13
   1.2120924e+06   7.6115853e-14
   1.2322956e+06   3.4700402e-14
   1.2524989e+06   1.5553529e-14
   1.2727022e+06   6.8542716e-15
   1.2929055e+06   2.9698491e-15
   1.3131088e+06   1.2651755e-15
   1.3333122e+06   5.2992318e-16
   1.3535156e+06   2.1823439e-16
   1.3737190e+06   8.8365712e-17
   1.3939224e+06   3.5180080e-17
   1.4141259e+06   1.3770963e-17
   1.4343293e+06   5.3001498e-18
   1.4545328e+06   2.0057193e-18
   1.4747363e+06   7.4629764e-19
   1.4949398e+06   2.7303324e-19
   1.5151433e+06   9.8215966e-20
   1.5353469e+06   3.4738677e-20
   1.5555504e+06   1.2081212e-20
   1.5757540e+06   4.1311897e-21
   1.5959575e+06   1.3890199e-21
   1.6161611e+06   4.5921048e-22
   1.6363647e+06   1.4927472e-22
   1.6565684e+06   4.7712592e-23
   1.6767720e+06   1.4995231e-23
   1.6969756e+06   4.6339114e-24
   1.7171793e+06   1.4080489e-24
   1.7373829e+06   4.2069189e-25
   1.7575866e+06   1.2359129e-25
   1.7777903e+06   3.5701773e-26
   1.7979940e+06   1.0140766e-26
   1.8181977e+06   2.8322500e-27
   1.8384014e+06   7.7780916e-28
   1.8586051e+06   2.1003705e-28
   1.8788088e+06   5.5770032e-29
   1.8990125e+06   1.4560915e-29
   1.9192163e+06   3.7381774e-30
   1.9394200e+06   9.4365939e-31
   1.9596237e+06   2.3423692e-31
   1.9798275e+06   5.7171652e-32
   2.0000313e+06   1.3721198e-32
