   1.0000000e+01   7.7969102e-15
   1.1000000e+02   9.4342605e-13
   2.1000000e+02   3.4384363e-12
   3.1000000e+02   7.4928257e-12
   4.1000000e+02   1.3106591e-11
   5.1000000e+02   2.0279727e-11
   6.1000000e+02   2.9012228e-11
   7.1000000e+02   3.9304088e-11
   8.1000000e+02   5.1155296e-11
   9.1000000e+02   6.4565845e-11
   1.0100000e+03   7.9535722e-11
   1.1100000e+03   9.6064915e-11
   1.2100000e+03   1.1415341e-10
   1.3100000e+03   1.3380119e-10
   1.4100000e+03   1.5500825e-10
   1.5100000e+03   1.7777456e-10
   1.6100000e+03   2.0210010e-10
   1.7100000e+03   2.2798486e-10
   1.8100000e+03   2.5542881e-10
   1.9100000e+03   2.8443193e-10
   2.0100000e+03   3.1499420e-10
   2.1100000e+03   3.4711559e-10
   2.2100000e+03   3.8079608e-10
   2.3100000e+03   4.1603563e-10
   2.4100000e+03   4.5283422e-10
   2.5100000e+03   4.9119182e-10
   2.6100000e+03   5.3110840e-10
   2.7100000e+03   5.7258392e-10
   2.8100000e+03   6.1561834e-10
   2.9100000e+03   6.6021164e-10
   3.0100000e+03   7.0636378e-10
   3.1100000e+03   7.5407471e-10
   3.2100000e+03   8.0334441e-10
   3.3100000e+03   8.5417282e-10
   3.4100000e+03   9.0655990e-10
   3.5100000e+03   9.6050562e-10
   3.6100000e+03   1.0160099e-09
   3.7100000e+03   1.0730728e-09
   3.8100000e+03   1.1316941e-09
   3.9100000e+03   1.1918739e-09
   4.0100000e+03   1.2536121e-09
   4.1100000e+03   1.3169086e-09
   4.2100000e+03   1.3817635e-09
   4.3100000e+03   1.4481765e-09
   4.4100000e+03   1.5161478e-09
   4.5100000e+03   1.5856772e-09
   4.6100000e+03   1.6567646e-09
   4.7100000e+03   1.7294101e-09
   4.8100000e+03   1.8036135e-09
   4.9100000e+03   1.8793748e-09
   5.0100000e+03   1.9566939e-09
   5.1100000e+03   2.0355708e-09
   5.2100000e+03   2.1160054e-09
   5.3100000e+03   2.1979977e-09
   5.4100000e+03   2.2815475e-09
   5.5100000e+03   2.3666547e-09
   5.6100000e+03   2.4533195e-09
   5.7100000e+03   2.5415415e-09
   5.8100000e+03   2.6313209e-09
   5.9100000e+03   2.7226574e-09
   6.0100000e+03   2.8155511e-09
   6.1100000e+03   2.9100019e-09
   6.2100000e+03   3.0060096e-09
   6.3100000e+03   3.1035742e-09
   6.4100000e+03   3.2026956e-09
   6.5100000e+03   3.3033738e-09
   6.6100000e+03   3.4056086e-09
   6.7100000e+03   3.5094000e-09
   6.8100000e+03   3.6147478e-09
   6.9100000e+03   3.7216521e-09
   7.0100000e+03   3.8301127e-09
   7.1100000e+03   3.9401294e-09
   7.2100000e+03   4.0517023e-09
   7.3100000e+03   4.1648313e-09
   7.4100000e+03   4.2795161e-09
   7.5100000e+03   4.3957568e-09
   7.6100000e+03   4.5135533e-09
   7.7100000e+03   4.6329054e-09
   7.8100000e+03   4.7538130e-09
   7.9100000e+03   4.8762761e-09
   8.0100000e+03   5.0002946e-09
   8.1100000e+03   5.1258683e-09
   8.2100000e+03   5.2529971e-09
   8.3100000e+03   5.3816810e-09
   8.4100000e+03   5.5119198e-09
   8.5100000e+03   5.6437135e-09
   8.6100000e+03   5.7770618e-09
   8.7100000e+03   5.9119647e-09
   8.8100000e+03   6.0484222e-09
   8.9100000e+03   6.1864340e-09
   9.0100000e+03   6.3260001e-09
   9.1100000e+03   6.4671203e-09
   9.2100000e+03   6.6097946e-09
   9.3100000e+03   6.7540228e-09
   9.4100000e+03   6.8998047e-09
   9.5100000e+03   7.0471404e-09
   9.6100000e+03   7.1960296e-09
   9.7100000e+03   7.3464722e-09
   9.8100000e+03   7.4984681e-09
   9.9100000e+03   7.6520172e-09
   1.0010000e+04   7.8071194e-09
   1.0110000e+04   7.9637745e-09
   1.0210000e+04   8.1219823e-09
   1.0310000e+04   8.2817429e-09
   1.0410000e+04   8.4430559e-09
   1.0510000e+04   8.6059214e-09
   1.0610000e+04   8.7703391e-09
   1.0710000e+04   8.9363089e-09
   1.0810000e+04   9.1038308e-09
   1.0910000e+04   9.2729044e-09
   1.1010000e+04   9.4435298e-09
   1.1110000e+04   9.6157068e-09
   1.1210000e+04   9.7894351e-09
   1.1310000e+04   9.9647148e-09
   1.1410000e+04   1.0141546e-08
   1.1510000e+04   1.0319927e-08
   1.1610000e+04   1.0499860e-08
   1.1710000e+04   1.0681343e-08
   1.1810000e+04   1.0864377e-08
   1.1910000e+04   1.1048961e-08
   1.2010000e+04   1.1235096e-08
   1.2110000e+04   1.1422780e-08
   1.2210000e+04   1.1612015e-08
   1.2310000e+04   1.1802799e-08
   1.2410000e+04   1.1995133e-08
   1.2510000e+04   1.2189016e-08
   1.2610000e+04   1.2384449e-08
   1.2710000e+04   1.2581430e-08
   1.2810000e+04   1.2779961e-08
   1.2910000e+04   1.2980041e-08
   1.3010000e+04   1.3181669e-08
   1.3110000e+04   1.3384845e-08
   1.3210000e+04   1.3589570e-08
   1.3310000e+04   1.3795843e-08
   1.3410000e+04   1.4003664e-08
   1.3510000e+04   1.4213033e-08
   1.3610000e+04   1.4423949e-08
   1.3710000e+04   1.4636413e-08
   1.3810000e+04   1.4850424e-08
   1.3910000e+04   1.5065982e-08
   1.4010000e+04   1.5283087e-08
   1.4110000e+04   1.5501739e-08
   1.4210000e+04   1.5721937e-08
   1.4310000e+04   1.5943682e-08
   1.4410000e+04   1.6166973e-08
   1.4510000e+04   1.6391810e-08
   1.4610000e+04   1.6618192e-08
   1.4710000e+04   1.6846120e-08
   1.4810000e+04   1.7075594e-08
   1.4910000e+04   1.7306613e-08
   1.5010000e+04   1.7539177e-08
   1.5110000e+04   1.7773286e-08
   1.5210000e+04   1.8008939e-08
   1.5310000e+04   1.8246137e-08
   1.5410000e+04   1.8484879e-08
   1.5510000e+04   1.8725165e-08
   1.5610000e+04   1.8966995e-08
   1.5710000e+04   1.9210369e-08
   1.5810000e+04   1.9455286e-08
   1.5910000e+04   1.9701747e-08
   1.6010000e+04   1.9949750e-08
   1.6110000e+04   2.0199296e-08
   1.6210000e+04   2.0450385e-08
   1.6310000e+04   2.0703017e-08
   1.6410000e+04   2.0957190e-08
   1.6510000e+04   2.1212906e-08
   1.6610000e+04   2.1470163e-08
   1.6710000e+04   2.1728962e-08
   1.6810000e+04   2.1989303e-08
   1.6910000e+04   2.2251184e-08
   1.7010000e+04   2.2514607e-08
   1.7110000e+04   2.2779570e-08
   1.7210000e+04   2.3046073e-08
   1.7310000e+04   2.3314117e-08
   1.7410000e+04   2.3583701e-08
   1.7510000e+04   2.3854825e-08
   1.7610000e+04   2.4127488e-08
   1.7710000e+04   2.4401691e-08
   1.7810000e+04   2.4677433e-08
   1.7910000e+04   2.4954714e-08
   1.8010000e+04   2.5233533e-08
   1.8110000e+04   2.5513891e-08
   1.8210000e+04   2.5795787e-08
   1.8310000e+04   2.6079221e-08
   1.8410000e+04   2.6364193e-08
   1.8510000e+04   2.6650702e-08
   1.8610000e+04   2.6938749e-08
   1.8710000e+04   2.7228332e-08
   1.8810000e+04   2.7519453e-08
   1.8910000e+04   2.7812110e-08
   1.9010000e+04   2.8106303e-08
   1.9110000e+04   2.8402032e-08
   1.9210000e+04   2.8699297e-08
   1.9310000e+04   2.8998098e-08
   1.9410000e+04   2.9298434e-08
   1.9510000e+04   2.9600305e-08
   1.9610000e+04   2.9903711e-08
   1.9710000e+04   3.0208651e-08
   1.9810000e+04   3.0515126e-08
   1.9910000e+04   3.0823135e-08
   2.0010000e+04   3.1132677e-08
   2.0110000e+04   3.1443753e-08
   2.0210000e+04   3.1756363e-08
   2.0310000e+04   3.2070505e-08
   2.0410000e+04   3.2386180e-08
   2.0510000e+04   3.2703388e-08
   2.0610000e+04   3.3022128e-08
   2.0710000e+04   3.3342399e-08
   2.0810000e+04   3.3664203e-08
   2.0910000e+04   3.3987538e-08
   2.1010000e+04   3.4312403e-08
   2.1110000e+04   3.4638800e-08
   2.1210000e+04   3.4966728e-08
   2.1310000e+04   3.5296186e-08
   2.1410000e+04   3.5627173e-08
   2.1510000e+04   3.5959691e-08
   2.1610000e+04   3.6293738e-08
   2.1710000e+04   3.6629315e-08
   2.1810000e+04   3.6966420e-08
   2.1910000e+04   3.7305054e-08
   2.2010000e+04   3.7645216e-08
   2.2110000e+04   3.7986906e-08
   2.2210000e+04   3.8330125e-08
   2.2310000e+04   3.8674870e-08
   2.2410000e+04   3.9021143e-08
   2.2510000e+04   3.9368943e-08
   2.2610000e+04   3.9718270e-08
   2.2710000e+04   4.0069123e-08
   2.2810000e+04   4.0421502e-08
   2.2910000e+04   4.0775406e-08
   2.3010000e+04   4.1130836e-08
   2.3110000e+04   4.1487792e-08
   2.3210000e+04   4.1846272e-08
   2.3310000e+04   4.2206277e-08
   2.3410000e+04   4.2567806e-08
   2.3510000e+04   4.2930859e-08
   2.3610000e+04   4.3295436e-08
   2.3710000e+04   4.3661536e-08
   2.3810000e+04   4.4029159e-08
   2.3910000e+04   4.4398305e-08
   2.4010000e+04   4.4768973e-08
   2.4110000e+04   4.5141164e-08
   2.4210000e+04   4.5514876e-08
   2.4310000e+04   4.5890110e-08
   2.4410000e+04   4.6266865e-08
   2.4510000e+04   4.6645141e-08
   2.4610000e+04   4.7024937e-08
   2.4710000e+04   4.7406254e-08
   2.4810000e+04   4.7789090e-08
   2.4910000e+04   4.8173446e-08
   2.5010000e+04   4.8559322e-08
   2.5110000e+04   4.8946716e-08
   2.5210000e+04   4.9335629e-08
   2.5310000e+04   4.9726060e-08
   2.5410000e+04   5.0118010e-08
   2.5510000e+04   5.0511476e-08
   2.5610000e+04   5.0906461e-08
   2.5710000e+04   5.1302962e-08
   2.5810000e+04   5.1700980e-08
   2.5910000e+04   5.2100514e-08
   2.6010000e+04   5.2501564e-08
   2.6110000e+04   5.2904130e-08
   2.6210000e+04   5.3308211e-08
   2.6310000e+04   5.3713807e-08
   2.6410000e+04   5.4120918e-08
   2.6510000e+04   5.4529543e-08
   2.6610000e+04   5.4939682e-08
   2.6710000e+04   5.5351334e-08
   2.6810000e+04   5.5764500e-08
   2.6910000e+04   5.6179178e-08
   2.7010000e+04   5.6595370e-08
   2.7110000e+04   5.7013073e-08
   2.7210000e+04   5.7432288e-08
   2.7310000e+04   5.7853015e-08
   2.7410000e+04   5.8275253e-08
   2.7510000e+04   5.8699002e-08
   2.7610000e+04   5.9124261e-08
   2.7710000e+04   5.9551030e-08
   2.7810000e+04   5.9979309e-08
   2.7910000e+04   6.0409097e-08
   2.8010000e+04   6.0840394e-08
   2.8110000e+04   6.1273200e-08
   2.8210000e+04   6.1707514e-08
   2.8310000e+04   6.2143336e-08
   2.8410000e+04   6.2580666e-08
   2.8510000e+04   6.3019503e-08
   2.8610000e+04   6.3459846e-08
   2.8710000e+04   6.3901696e-08
   2.8810000e+04   6.4345052e-08
   2.8910000e+04   6.4789914e-08
   2.9010000e+04   6.5236281e-08
   2.9110000e+04   6.5684153e-08
   2.9210000e+04   6.6133529e-08
   2.9310000e+04   6.6584410e-08
   2.9410000e+04   6.7036794e-08
   2.9510000e+04   6.7490682e-08
   2.9610000e+04   6.7946073e-08
   2.9710000e+04   6.8402967e-08
   2.9810000e+04   6.8861362e-08
   2.9910000e+04   6.9321260e-08
   3.0010000e+04   6.9782659e-08
   3.0110000e+04   7.0245559e-08
   3.0210000e+04   7.0709960e-08
   3.0310000e+04   7.1175862e-08
   3.0410000e+04   7.1643263e-08
   3.0510000e+04   7.2112163e-08
   3.0610000e+04   7.2582563e-08
   3.0710000e+04   7.3054462e-08
   3.0810000e+04   7.3527859e-08
   3.0910000e+04   7.4002753e-08
   3.1010000e+04   7.4479146e-08
   3.1110000e+04   7.4957035e-08
   3.1210000e+04   7.5436421e-08
   3.1310000e+04   7.5917304e-08
   3.1410000e+04   7.6399682e-08
   3.1510000e+04   7.6883556e-08
   3.1610000e+04   7.7368925e-08
   3.1710000e+04   7.7855789e-08
   3.1810000e+04   7.8344147e-08
   3.1910000e+04   7.8833998e-08
   3.2010000e+04   7.9325344e-08
   3.2110000e+04   7.9818182e-08
   3.2210000e+04   8.0312513e-08
   3.2310000e+04   8.0808336e-08
   3.2410000e+04   8.1305651e-08
   3.2510000e+04   8.1804457e-08
   3.2610000e+04   8.2304754e-08
   3.2710000e+04   8.2806542e-08
   3.2810000e+04   8.3309819e-08
   3.2910000e+04   8.3814587e-08
   3.3010000e+04   8.4320843e-08
   3.3110000e+04   8.4828588e-08
   3.3210000e+04   8.5337822e-08
   3.3310000e+04   8.5848544e-08
   3.3410000e+04   8.6360753e-08
   3.3510000e+04   8.6874449e-08
   3.3610000e+04   8.7389632e-08
   3.3710000e+04   8.7906301e-08
   3.3810000e+04   8.8424456e-08
   3.3910000e+04   8.8944096e-08
   3.4010000e+04   8.9465221e-08
   3.4110000e+04   8.9987830e-08
   3.4210000e+04   9.0511924e-08
   3.4310000e+04   9.1037501e-08
   3.4410000e+04   9.1564561e-08
   3.4510000e+04   9.2093103e-08
   3.4610000e+04   9.2623128e-08
   3.4710000e+04   9.3154635e-08
   3.4810000e+04   9.3687623e-08
   3.4910000e+04   9.4222092e-08
   3.5010000e+04   9.4758041e-08
   3.5110000e+04   9.5295470e-08
   3.5210000e+04   9.5834378e-08
   3.5310000e+04   9.6374766e-08
   3.5410000e+04   9.6916632e-08
   3.5510000e+04   9.7459976e-08
   3.5610000e+04   9.8004798e-08
   3.5710000e+04   9.8551097e-08
   3.5810000e+04   9.9098873e-08
   3.5910000e+04   9.9648125e-08
   3.6010000e+04   1.0019885e-07
   3.6110000e+04   1.0075106e-07
   3.6210000e+04   1.0130473e-07
   3.6310000e+04   1.0185989e-07
   3.6410000e+04   1.0241651e-07
   3.6510000e+04   1.0297461e-07
   3.6610000e+04   1.0353418e-07
   3.6710000e+04   1.0409523e-07
   3.6810000e+04   1.0465775e-07
   3.6910000e+04   1.0522173e-07
   3.7010000e+04   1.0578719e-07
   3.7110000e+04   1.0635412e-07
   3.7210000e+04   1.0692252e-07
   3.7310000e+04   1.0749239e-07
   3.7410000e+04   1.0806373e-07
   3.7510000e+04   1.0863654e-07
   3.7610000e+04   1.0921082e-07
   3.7710000e+04   1.0978656e-07
   3.7810000e+04   1.1036377e-07
   3.7910000e+04   1.1094245e-07
   3.8010000e+04   1.1152259e-07
   3.8110000e+04   1.1210420e-07
   3.8210000e+04   1.1268727e-07
   3.8310000e+04   1.1327181e-07
   3.8410000e+04   1.1385781e-07
   3.8510000e+04   1.1444528e-07
   3.8610000e+04   1.1503421e-07
   3.8710000e+04   1.1562460e-07
   3.8810000e+04   1.1621645e-07
   3.8910000e+04   1.1680977e-07
   3.9010000e+04   1.1740455e-07
   3.9110000e+04   1.1800078e-07
   3.9210000e+04   1.1859848e-07
   3.9310000e+04   1.1919764e-07
   3.9410000e+04   1.1979825e-07
   3.9510000e+04   1.2040033e-07
   3.9610000e+04   1.2100386e-07
   3.9710000e+04   1.2160885e-07
   3.9810000e+04   1.2221530e-07
   3.9910000e+04   1.2282320e-07
   4.0010000e+04   1.2343256e-07
   4.0110000e+04   1.2404338e-07
   4.0210000e+04   1.2465565e-07
   4.0310000e+04   1.2526937e-07
   4.0410000e+04   1.2588455e-07
   4.0510000e+04   1.2650118e-07
   4.0610000e+04   1.2711927e-07
   4.0710000e+04   1.2773881e-07
   4.0810000e+04   1.2835979e-07
   4.0910000e+04   1.2898223e-07
   4.1010000e+04   1.2960612e-07
   4.1110000e+04   1.3023147e-07
   4.1210000e+04   1.3085826e-07
   4.1310000e+04   1.3148650e-07
   4.1410000e+04   1.3211618e-07
   4.1510000e+04   1.3274732e-07
   4.1610000e+04   1.3337990e-07
   4.1710000e+04   1.3401393e-07
   4.1810000e+04   1.3464941e-07
   4.1910000e+04   1.3528633e-07
   4.2010000e+04   1.3592470e-07
   4.2110000e+04   1.3656451e-07
   4.2210000e+04   1.3720577e-07
   4.2310000e+04   1.3784847e-07
   4.2410000e+04   1.3849261e-07
   4.2510000e+04   1.3913820e-07
   4.2610000e+04   1.3978523e-07
   4.2710000e+04   1.4043370e-07
   4.2810000e+04   1.4108361e-07
   4.2910000e+04   1.4173496e-07
   4.3010000e+04   1.4238775e-07
   4.3110000e+04   1.4304198e-07
   4.3210000e+04   1.4369764e-07
   4.3310000e+04   1.4435475e-07
   4.3410000e+04   1.4501329e-07
   4.3510000e+04   1.4567327e-07
   4.3610000e+04   1.4633469e-07
   4.3710000e+04   1.4699754e-07
   4.3810000e+04   1.4766183e-07
   4.3910000e+04   1.4832755e-07
   4.4010000e+04   1.4899471e-07
   4.4110000e+04   1.4966330e-07
   4.4210000e+04   1.5033332e-07
   4.4310000e+04   1.5100477e-07
   4.4410000e+04   1.5167766e-07
   4.4510000e+04   1.5235198e-07
   4.4610000e+04   1.5302773e-07
   4.4710000e+04   1.5370490e-07
   4.4810000e+04   1.5438351e-07
   4.4910000e+04   1.5506355e-07
   4.5010000e+04   1.5574501e-07
   4.5110000e+04   1.5642790e-07
   4.5210000e+04   1.5711222e-07
   4.5310000e+04   1.5779797e-07
   4.5410000e+04   1.5848514e-07
   4.5510000e+04   1.5917374e-07
   4.5610000e+04   1.5986376e-07
   4.5710000e+04   1.6055520e-07
   4.5810000e+04   1.6124807e-07
   4.5910000e+04   1.6194236e-07
   4.6010000e+04   1.6263808e-07
   4.6110000e+04   1.6333521e-07
   4.6210000e+04   1.6403377e-07
   4.6310000e+04   1.6473375e-07
   4.6410000e+04   1.6543514e-07
   4.6510000e+04   1.6613796e-07
   4.6610000e+04   1.6684219e-07
   4.6710000e+04   1.6754785e-07
   4.6810000e+04   1.6825492e-07
   4.6910000e+04   1.6896340e-07
   4.7010000e+04   1.6967331e-07
   4.7110000e+04   1.7038462e-07
   4.7210000e+04   1.7109736e-07
   4.7310000e+04   1.7181151e-07
   4.7410000e+04   1.7252707e-07
   4.7510000e+04   1.7324404e-07
   4.7610000e+04   1.7396243e-07
   4.7710000e+04   1.7468223e-07
   4.7810000e+04   1.7540344e-07
   4.7910000e+04   1.7612606e-07
   4.8010000e+04   1.7685009e-07
   4.8110000e+04   1.7757553e-07
   4.8210000e+04   1.7830238e-07
   4.8310000e+04   1.7903063e-07
   4.8410000e+04   1.7976030e-07
   4.8510000e+04   1.8049137e-07
   4.8610000e+04   1.8122384e-07
   4.8710000e+04   1.8195772e-07
   4.8810000e+04   1.8269301e-07
   4.8910000e+04   1.8342970e-07
   4.9010000e+04   1.8416780e-07
   4.9110000e+04   1.8490730e-07
   4.9210000e+04   1.8564820e-07
   4.9310000e+04   1.8639050e-07
   4.9410000e+04   1.8713420e-07
   4.9510000e+04   1.8787930e-07
   4.9610000e+04   1.8862581e-07
   4.9710000e+04   1.8937371e-07
   4.9810000e+04   1.9012301e-07
   4.9910000e+04   1.9087370e-07
   5.1000000e+04   1.9914678e-07
   5.5000000e+04   2.3091474e-07
   5.9000000e+04   2.6486144e-07
   6.3000000e+04   3.0093867e-07
   6.7000000e+04   3.3909472e-07
   7.1000000e+04   3.7927440e-07
   7.5000000e+04   4.2141898e-07
   7.9000000e+04   4.6546625e-07
   8.3000000e+04   5.1135050e-07
   8.7000000e+04   5.5900258e-07
   9.1000000e+04   6.0834986e-07
   9.5000000e+04   6.5931634e-07
   9.9000000e+04   7.1182266e-07
   1.0300000e+05   7.6578615e-07
   1.0700000e+05   8.2112094e-07
   1.1100000e+05   8.7773801e-07
   1.1500000e+05   9.3554527e-07
   1.1900000e+05   9.9444773e-07
   1.2300000e+05   1.0543476e-06
   1.2700000e+05   1.1151442e-06
   1.3100000e+05   1.1767346e-06
   1.3500000e+05   1.2390134e-06
   1.3900000e+05   1.3018728e-06
   1.4300000e+05   1.3652033e-06
   1.4700000e+05   1.4288932e-06
   1.5100000e+05   1.4928296e-06
   1.5500000e+05   1.5568979e-06
   1.5900000e+05   1.6209825e-06
   1.6300000e+05   1.6849669e-06
   1.6700000e+05   1.7487338e-06
   1.7100000e+05   1.8121658e-06
   1.7500000e+05   1.8751452e-06
   1.7900000e+05   1.9375545e-06
   1.8300000e+05   1.9992768e-06
   1.8700000e+05   2.0601957e-06
   1.9100000e+05   2.1201963e-06
   1.9500000e+05   2.1791645e-06
   1.9900000e+05   2.2369885e-06
   2.0300000e+05   2.2935580e-06
   2.0700000e+05   2.3487652e-06
   2.1100000e+05   2.4025048e-06
   2.1500000e+05   2.4546744e-06
   2.1900000e+05   2.5051747e-06
   2.2300000e+05   2.5539101e-06
   2.2700000e+05   2.6007884e-06
   2.3100000e+05   2.6457215e-06
   2.3500000e+05   2.6886257e-06
   2.3900000e+05   2.7294216e-06
   2.4300000e+05   2.7680346e-06
   2.4700000e+05   2.8043950e-06
   2.5100000e+05   2.8384383e-06
   2.5500000e+05   2.8701053e-06
   2.5900000e+05   2.8993421e-06
   2.6300000e+05   2.9261007e-06
   2.6700000e+05   2.9503388e-06
   2.7100000e+05   2.9720198e-06
   2.7500000e+05   2.9911131e-06
   2.7900000e+05   3.0075943e-06
   2.8300000e+05   3.0214449e-06
   2.8700000e+05   3.0326524e-06
   2.9100000e+05   3.0412108e-06
   2.9500000e+05   3.0471196e-06
   2.9900000e+05   3.0503848e-06
   3.0300000e+05   3.0510181e-06
   3.0700000e+05   3.0490372e-06
   3.1100000e+05   3.0444657e-06
   3.1500000e+05   3.0373326e-06
   3.1900000e+05   3.0276726e-06
   3.2300000e+05   3.0155258e-06
   3.2700000e+05   3.0009373e-06
   3.3100000e+05   2.9839575e-06
   3.3500000e+05   2.9646413e-06
   3.3900000e+05   2.9430484e-06
   3.4300000e+05   2.9192425e-06
   3.4700000e+05   2.8932918e-06
   3.5100000e+05   2.8652680e-06
   3.5500000e+05   2.8352464e-06
   3.5900000e+05   2.8033058e-06
   3.6300000e+05   2.7695277e-06
   3.6700000e+05   2.7339964e-06
   3.7100000e+05   2.6967986e-06
   3.7500000e+05   2.6580231e-06
   3.7900000e+05   2.6177606e-06
   3.8300000e+05   2.5761032e-06
   3.8700000e+05   2.5331440e-06
   3.9100000e+05   2.4889774e-06
   3.9500000e+05   2.4436981e-06
   3.9900000e+05   2.3974012e-06
   4.0300000e+05   2.3501819e-06
   4.0700000e+05   2.3021351e-06
   4.1100000e+05   2.2533551e-06
   4.1500000e+05   2.2039355e-06
   4.1900000e+05   2.1539689e-06
   4.2300000e+05   2.1035465e-06
   4.2700000e+05   2.0527582e-06
   4.3100000e+05   2.0016919e-06
   4.3500000e+05   1.9504339e-06
   4.3900000e+05   1.8990680e-06
   4.4300000e+05   1.8476760e-06
   4.4700000e+05   1.7963371e-06
   4.5100000e+05   1.7451280e-06
   4.5500000e+05   1.6941224e-06
   4.5900000e+05   1.6433913e-06
   4.6300000e+05   1.5930028e-06
   4.6700000e+05   1.5430217e-06
   4.7100000e+05   1.4935097e-06
   4.7500000e+05   1.4445253e-06
   4.7900000e+05   1.3961238e-06
   4.8300000e+05   1.3483570e-06
   4.8700000e+05   1.3012735e-06
   4.9100000e+05   1.2549185e-06
   4.9500000e+05   1.2093338e-06
   4.9900000e+05   1.1645578e-06
   5.0300000e+05   1.1206258e-06
   5.0700000e+05   1.0775696e-06
   5.1100000e+05   1.0354179e-06
   5.1500000e+05   9.9419607e-07
   5.1900000e+05   9.5392641e-07
   5.2300000e+05   9.1462820e-07
   5.2700000e+05   8.7631771e-07
   5.3100000e+05   8.3900833e-07
   5.3500000e+05   8.0271066e-07
   5.3900000e+05   7.6743259e-07
   5.4300000e+05   7.3317941e-07
   5.4700000e+05   6.9995393e-07
   5.5100000e+05   6.6775659e-07
   5.5500000e+05   6.3658556e-07
   5.5900000e+05   6.0643686e-07
   5.6300000e+05   5.7730449e-07
   5.6700000e+05   5.4918054e-07
   5.7100000e+05   5.2205531e-07
   5.7500000e+05   4.9591743e-07
   5.7900000e+05   4.7075398e-07
   5.8300000e+05   4.4655063e-07
   5.8700000e+05   4.2329172e-07
   5.9100000e+05   4.0096041e-07
   5.9500000e+05   3.7953875e-07
   5.9900000e+05   3.5900784e-07
   6.0300000e+05   3.3934793e-07
   6.0700000e+05   3.2053850e-07
   6.1100000e+05   3.0255835e-07
   6.1500000e+05   2.8538577e-07
   6.1900000e+05   2.6899855e-07
   6.2300000e+05   2.5337412e-07
   6.2700000e+05   2.3848964e-07
   6.3100000e+05   2.2432203e-07
   6.3500000e+05   2.1084812e-07
   6.3900000e+05   1.9804467e-07
   6.4300000e+05   1.8588844e-07
   6.4700000e+05   1.7435630e-07
   6.5100000e+05   1.6342526e-07
   6.5500000e+05   1.5307249e-07
   6.5900000e+05   1.4327544e-07
   6.6300000e+05   1.3401186e-07
   6.6700000e+05   1.2525981e-07
   6.7100000e+05   1.1699774e-07
   6.7500000e+05   1.0920453e-07
   6.7900000e+05   1.0185947e-07
   6.8300000e+05   9.4942341e-08
   6.8700000e+05   8.8433422e-08
   6.9100000e+05   8.2313499e-08
   6.9500000e+05   7.6563891e-08
   6.9900000e+05   7.1166465e-08
   7.0300000e+05   6.6103648e-08
   7.0700000e+05   6.1358433e-08
   7.1100000e+05   5.6914385e-08
   7.1500000e+05   5.2755646e-08
   7.1900000e+05   4.8866936e-08
   7.2300000e+05   4.5233552e-08
   7.2700000e+05   4.1841364e-08
   7.3100000e+05   3.8676814e-08
   7.3500000e+05   3.5726906e-08
   7.3900000e+05   3.2979200e-08
   7.4300000e+05   3.0421804e-08
   7.4700000e+05   2.8043362e-08
   7.5100000e+05   2.5833045e-08
   7.5500000e+05   2.3780538e-08
   7.5900000e+05   2.1876025e-08
   7.6300000e+05   2.0110179e-08
   7.6700000e+05   1.8474147e-08
   7.7100000e+05   1.6959534e-08
   7.7500000e+05   1.5558388e-08
   7.7900000e+05   1.4263187e-08
   7.8300000e+05   1.3066821e-08
   7.8700000e+05   1.1962580e-08
   7.9100000e+05   1.0944134e-08
   7.9500000e+05   1.0005521e-08
   7.9900000e+05   9.1411302e-09
   8.0300000e+05   8.3456862e-09
   8.0700000e+05   7.6142352e-09
   8.1100000e+05   6.9421297e-09
   8.1500000e+05   6.3250134e-09
   8.1900000e+05   5.7588077e-09
   8.2300000e+05   5.2396975e-09
   8.2700000e+05   4.7641173e-09
   8.3100000e+05   4.3287389e-09
   8.3500000e+05   3.9304577e-09
   8.3900000e+05   3.5663812e-09
   8.4300000e+05   3.2338166e-09
   8.4700000e+05   2.9302596e-09
   8.5100000e+05   2.6533832e-09
   8.5500000e+05   2.4010275e-09
   8.5900000e+05   2.1711891e-09
   8.6300000e+05   1.9620117e-09
   8.6700000e+05   1.7717771e-09
   8.7100000e+05   1.5988959e-09
   8.7500000e+05   1.4418996e-09
   8.7900000e+05   1.2994322e-09
   8.8300000e+05   1.1702431e-09
   8.8700000e+05   1.0531797e-09
   8.9100000e+05   9.4718094e-10
   8.9500000e+05   8.5127035e-10
   8.9900000e+05   7.6455064e-10
   9.0300000e+05   6.8619772e-10
   9.0700000e+05   6.1545545e-10
   9.1100000e+05   5.5163065e-10
   9.1500000e+05   4.9408839e-10
   9.1900000e+05   4.4224759e-10
   9.2300000e+05   3.9557691e-10
   9.2700000e+05   3.5359092e-10
   9.3100000e+05   3.1584648e-10
   9.3500000e+05   2.8193944e-10
   9.3900000e+05   2.5150147e-10
   9.4300000e+05   2.2419722e-10
   9.4700000e+05   1.9972156e-10
   9.5100000e+05   1.7779715e-10
   9.5500000e+05   1.5817208e-10
   9.5900000e+05   1.4061774e-10
   9.6300000e+05   1.2492682e-10
   9.6700000e+05   1.1091151e-10
   9.7100000e+05   9.8401793e-11
   9.7500000e+05   8.7243863e-11
   9.7900000e+05   7.7298722e-11
   9.8300000e+05   6.8440844e-11
   9.8700000e+05   6.0556961e-11
   9.9100000e+05   5.3544949e-11
   9.9500000e+05   4.7312810e-11
   9.9900000e+05   4.1777728e-11
   1.0030000e+06   3.6865217e-11
   1.0070000e+06   3.2508335e-11
   1.0110000e+06   2.8646968e-11
   1.0150000e+06   2.5227178e-11
   1.0190000e+06   2.2200605e-11
   1.0230000e+06   1.9523923e-11
   1.0270000e+06   1.7158354e-11
   1.0310000e+06   1.5069207e-11
   1.0350000e+06   1.3225483e-11
   1.0390000e+06   1.1599494e-11
   1.0430000e+06   1.0166535e-11
   1.0470000e+06   8.9045782e-12
   1.0510000e+06   7.7939977e-12
   1.0550000e+06   6.8173214e-12
   1.0590000e+06   5.9590068e-12
   1.0630000e+06   5.2052389e-12
   1.0670000e+06   4.5437472e-12
   1.0710000e+06   3.9636420e-12
   1.0750000e+06   3.4552659e-12
   1.0790000e+06   3.0100616e-12
   1.0830000e+06   2.6204519e-12
   1.0870000e+06   2.2797328e-12
   1.0910000e+06   1.9819773e-12
   1.0950000e+06   1.7219495e-12
   1.0990000e+06   1.4950277e-12
   1.1030000e+06   1.2971350e-12
   1.1070000e+06   1.1246781e-12
   1.1110000e+06   9.7449254e-13
   1.1150000e+06   8.4379321e-13
   1.1190000e+06   7.3013104e-13
   1.1230000e+06   6.3135395e-13
   1.1270000e+06   5.4557235e-13
   1.1310000e+06   4.7112830e-13
   1.1350000e+06   4.0656825e-13
   1.1390000e+06   3.5061880e-13
   1.1430000e+06   3.0216520e-13
   1.1470000e+06   2.6023233e-13
   1.1510000e+06   2.2396782e-13
   1.1550000e+06   1.9262720e-13
   1.1590000e+06   1.6556070e-13
   1.1630000e+06   1.4220163e-13
   1.1670000e+06   1.2205614e-13
   1.1710000e+06   1.0469416e-13
   1.1750000e+06   8.9741451e-14
   1.1790000e+06   7.6872594e-14
   1.1830000e+06   6.5804842e-14
   1.1870000e+06   5.6292697e-14
   1.1910000e+06   4.8123167e-14
   1.1950000e+06   4.1111593e-14
   1.1990000e+06   3.5098003e-14
   1.2030000e+06   2.9943912e-14
   1.2070000e+06   2.5529525e-14
   1.2110000e+06   2.1751290e-14
   1.2150000e+06   1.8519763e-14
   1.2190000e+06   1.5757743e-14
   1.2230000e+06   1.3398641e-14
   1.2270000e+06   1.1385071e-14
   1.2310000e+06   9.6676062e-15
   1.2350000e+06   8.2037128e-15
   1.2390000e+06   6.9568118e-15
   1.2430000e+06   5.8954695e-15
   1.2470000e+06   4.9926935e-15
   1.2510000e+06   4.2253219e-15
   1.2550000e+06   3.5734946e-15
   1.2590000e+06   3.0201945e-15
   1.2630000e+06   2.5508514e-15
   1.2670000e+06   2.1529995e-15
   1.2710000e+06   1.8159807e-15
   1.2750000e+06   1.5306894e-15
   1.2790000e+06   1.2893521e-15
   1.2830000e+06   1.0853370e-15
   1.2870000e+06   9.1299058e-16
   1.2910000e+06   7.6749697e-16
   1.2950000e+06   6.4475651e-16
   1.2990000e+06   5.4128192e-16
   1.3030000e+06   4.5410894e-16
   1.3070000e+06   3.8071971e-16
   1.3110000e+06   3.1897706e-16
   1.3150000e+06   2.6706832e-16
   1.3190000e+06   2.2345709e-16
   1.3230000e+06   1.8684211e-16
   1.3270000e+06   1.5612207e-16
   1.3310000e+06   1.3036552e-16
   1.3350000e+06   1.0878528e-16
   1.3390000e+06   9.0716537e-17
   1.3430000e+06   7.5598259e-17
   1.3470000e+06   6.2957307e-17
   1.3510000e+06   5.2394961e-17
   1.3550000e+06   4.3575457e-17
   1.3590000e+06   3.6216249e-17
   1.3630000e+06   3.0079740e-17
   1.3670000e+06   2.4966279e-17
   1.3710000e+06   2.0708216e-17
   1.3750000e+06   1.7164879e-17
   1.3790000e+06   1.4218310e-17
   1.3830000e+06   1.1769674e-17
   1.3870000e+06   9.7362137e-18
   1.3910000e+06   8.0486867e-18
   1.3950000e+06   6.6491973e-18
   1.3990000e+06   5.4893726e-18
   1.4030000e+06   4.5288247e-18
   1.4070000e+06   3.7338567e-18
   1.4110000e+06   3.0763740e-18
   1.4150000e+06   2.5329697e-18
   1.4190000e+06   2.0841561e-18
   1.4230000e+06   1.7137202e-18
   1.4270000e+06   1.4081827e-18
   1.4310000e+06   1.1563454e-18
   1.4350000e+06   9.4891121e-19
   1.4390000e+06   7.7816750e-19
   1.4430000e+06   6.3772009e-19
   1.4470000e+06   5.2227188e-19
   1.4510000e+06   4.2743760e-19
   1.4550000e+06   3.4958950e-19
   1.4590000e+06   2.8572853e-19
   1.4630000e+06   2.3337720e-19
   1.4670000e+06   1.9049030e-19
   1.4710000e+06   1.5538066e-19
   1.4750000e+06   1.2665743e-19
   1.4790000e+06   1.0317491e-19
   1.4830000e+06   8.3989920e-20
   1.4870000e+06   6.8326623e-20
   1.4910000e+06   5.5547238e-20
   1.4950000e+06   4.5127857e-20
   1.4990000e+06   3.6638418e-20
