   0.0000000e+00   0.0000000e+00
   1.1480349e+04   0.0000000e+00
   1.1481349e+04   2.0472151e-17
   1.1578487e+04   1.3033314e-15
   1.1688514e+04   4.6312417e-15
   1.1811070e+04   9.9594692e-15
   1.1945768e+04   2.1902521e-14
   1.2092203e+04   4.6729597e-14
   1.2249954e+04   9.3754260e-14
   1.2418590e+04   1.7203852e-13
   1.2597673e+04   2.9693771e-13
   1.2786765e+04   8.2009246e-13
   1.2985429e+04   1.1766620e-12
   1.3193232e+04   1.5381324e-12
   1.3409749e+04   1.6783631e-12
   1.3634565e+04   2.1038169e-12
   1.3867277e+04   2.5234570e-12
   1.4107493e+04   3.2029116e-12
   1.4354838e+04   3.4894333e-11
   1.4608948e+04   9.5320635e-11
   1.4869478e+04   2.1955817e-10
   1.5136095e+04   2.6418610e-10
   1.5408484e+04   2.7645558e-10
   1.5686343e+04   2.7215234e-10
   1.5969388e+04   5.3041584e-10
   1.6257348e+04   3.6032132e-10
   1.6549966e+04   7.0997632e-10
   1.6846999e+04   3.3497869e-10
   1.7148218e+04   2.8167846e-10
   1.7453406e+04   1.3394916e-09
   1.7762358e+04   8.8309721e-10
   1.8074882e+04   1.4974335e-09
   1.8390796e+04   9.9743483e-10
   1.8709927e+04   8.0507179e-10
   1.9113120e+04   1.4373218e-09
   1.9520793e+04   1.1151485e-09
   1.9932671e+04   1.6302714e-09
   2.0348498e+04   1.7799191e-09
   2.0768037e+04   1.8776807e-09
   2.1191068e+04   2.2021876e-09
   2.2046800e+04   2.9234734e-09
   2.2914218e+04   3.5910925e-09
   2.3792044e+04   7.3871518e-09
   2.4679169e+04   5.2305163e-09
   2.5574624e+04   6.6034383e-09
   2.6477563e+04   7.1327136e-09
   2.8303028e+04   9.5416269e-09
   3.0150645e+04   1.2277888e-08
   3.2016580e+04   1.5936886e-08
   3.3897808e+04   1.9662832e-08
   3.6743181e+04   2.6448258e-08
   3.9611379e+04   3.4402042e-08
   4.2497781e+04   4.4332898e-08
   4.5398914e+04   5.4588982e-08
   4.8312124e+04   6.6505554e-08
   5.1235353e+04   8.0500032e-08
   5.4166977e+04   9.5836180e-08
   5.7105703e+04   1.1353915e-07
   6.0050490e+04   1.3191914e-07
   6.3000487e+04   1.5292299e-07
   6.5954995e+04   1.7527502e-07
   6.8913434e+04   1.9986162e-07
   7.1875318e+04   2.2599111e-07
   7.9577580e+04   2.9779828e-07
   8.9088519e+04   3.9006177e-07
   9.8615933e+04   4.8991907e-07
   1.0815547e+05   5.9746360e-07
   1.1770417e+05   7.1229051e-07
   1.2725999e+05   8.3376782e-07
   1.3682143e+05   9.6110838e-07
   1.4638738e+05   1.0933982e-06
   1.5595702e+05   1.2296122e-06
   1.6552971e+05   1.3686270e-06
   1.7510494e+05   1.5092337e-06
   1.8468233e+05   1.6501523e-06
   1.9426155e+05   1.7900482e-06
   2.0384234e+05   1.9275505e-06
   2.1342450e+05   2.0612725e-06
   2.2300785e+05   2.1898330e-06
   2.3259223e+05   2.3118793e-06
   2.4217753e+05   2.4261100e-06
   2.5176364e+05   2.5312979e-06
   2.6135048e+05   2.6263117e-06
   2.7093796e+05   2.7101369e-06
   2.8052602e+05   2.7818936e-06
   2.9011461e+05   2.8408529e-06
   2.9970366e+05   2.8864496e-06
   3.0929315e+05   2.9182916e-06
   3.1888302e+05   2.9361659e-06
   3.2847325e+05   2.9400409e-06
   3.3806381e+05   2.9300645e-06
   3.4765466e+05   2.9065592e-06
   3.5724579e+05   2.8700129e-06
   3.6683717e+05   2.8210671e-06
   3.7642878e+05   2.7605021e-06
   3.8602061e+05   2.6892198e-06
   3.9561264e+05   2.6082242e-06
   4.0520485e+05   2.5186014e-06
   4.1479724e+05   2.4214980e-06
   4.2438979e+05   2.3180995e-06
   4.3398249e+05   2.2096092e-06
   4.4357534e+05   2.0972277e-06
   4.5316831e+05   1.9821334e-06
   4.6276141e+05   1.8654649e-06
   4.7235462e+05   1.7483053e-06
   4.8194795e+05   1.6316684e-06
   4.9154137e+05   1.5164877e-06
   5.0113489e+05   1.4036075e-06
   5.1072851e+05   1.2937762e-06
   5.2032221e+05   1.1876430e-06
   5.2991599e+05   1.0857556e-06
   5.3950985e+05   9.8856080e-07
   5.4910379e+05   8.9640714e-07
   5.5869779e+05   8.0954867e-07
   5.6829186e+05   7.2815058e-07
   5.7788599e+05   6.5229581e-07
   5.8748019e+05   5.8199260e-07
   5.9707443e+05   5.1718261e-07
   6.0666874e+05   4.5774945e-07
   6.1626309e+05   4.0352726e-07
   6.2585750e+05   3.5430931e-07
   6.3545195e+05   3.0985619e-07
   6.4504644e+05   2.6990374e-07
   6.5464098e+05   2.3417024e-07
   6.6423556e+05   2.0236315e-07
   6.7383018e+05   1.7418502e-07
   6.8342484e+05   1.4933872e-07
   6.9301953e+05   1.2753187e-07
   7.0261426e+05   1.0848060e-07
   7.1220902e+05   9.1912524e-08
   7.2180381e+05   7.7569098e-08
   7.3139863e+05   6.5207306e-08
   7.4099348e+05   5.4600825e-08
   7.5058836e+05   4.5540673e-08
   7.6018327e+05   3.7835438e-08
   7.6977821e+05   3.1311140e-08
   7.7937317e+05   2.5810798e-08
   7.8896815e+05   2.1193760e-08
   7.9856316e+05   1.7334850e-08
   8.0815819e+05   1.4123397e-08
   8.1775324e+05   1.1462163e-08
   8.2734831e+05   9.2662429e-09
   8.3694340e+05   7.4619401e-09
   8.4653852e+05   5.9856600e-09
   8.5613365e+05   4.7828385e-09
   8.6572880e+05   3.8069215e-09
   8.7532397e+05   3.0184066e-09
   8.8491915e+05   2.3839560e-09
   8.9451435e+05   1.8755837e-09
   9.0410957e+05   1.4699187e-09
   9.1370480e+05   1.1475452e-09
   9.2330005e+05   8.9241494e-10
   9.3289531e+05   6.9132978e-10
   9.4249059e+05   5.3348959e-10
   9.5208588e+05   4.1009994e-10
   9.6168119e+05   3.1403448e-10
   9.7127650e+05   2.3954636e-10
   9.8087183e+05   1.8202339e-10
   9.9046717e+05   1.3778149e-10
   1.0000625e+06   1.0389181e-10
   1.0100619e+06   7.7095601e-11
   1.0302648e+06   4.1662275e-11
   1.0504677e+06   2.2133520e-11
   1.0706706e+06   1.1559990e-11
   1.0908736e+06   5.9356583e-12
   1.1110767e+06   2.9963290e-12
   1.1312798e+06   1.4870434e-12
   1.1514829e+06   7.2556366e-13
   1.1716860e+06   3.4805589e-13
   1.1918892e+06   1.6415257e-13
   1.2120924e+06   7.6115853e-14
   1.2322956e+06   3.4700402e-14
   1.2524989e+06   1.5553529e-14
   1.2727022e+06   6.8542716e-15
   1.2929055e+06   2.9698491e-15
   1.3131088e+06   1.2651755e-15
   1.3333122e+06   5.2992318e-16
   1.3535156e+06   2.1823439e-16
   1.3737190e+06   8.8365712e-17
   1.3939224e+06   3.5180080e-17
   1.4141259e+06   1.3770963e-17
   1.4343293e+06   5.3001498e-18
   1.4545328e+06   2.0057193e-18
   1.4747363e+06   7.4629764e-19
   1.4949398e+06   2.7303324e-19
   1.5151433e+06   9.8215966e-20
   1.5353469e+06   3.4738677e-20
   1.5555504e+06   1.2081212e-20
   1.5757540e+06   4.1311897e-21
   1.5959575e+06   1.3890199e-21
   1.6161611e+06   4.5921048e-22
   1.6363647e+06   1.4927472e-22
   1.6565684e+06   4.7712592e-23
   1.6767720e+06   1.4995231e-23
   1.6969756e+06   4.6339114e-24
   1.7171793e+06   1.4080489e-24
   1.7373829e+06   4.2069189e-25
   1.7575866e+06   1.2359129e-25
   1.7777903e+06   3.5701773e-26
   1.7979940e+06   1.0140766e-26
   1.8181977e+06   2.8322500e-27
   1.8384014e+06   7.7780916e-28
   1.8586051e+06   2.1003705e-28
   1.8788088e+06   5.5770032e-29
   1.8990125e+06   1.4560915e-29
   1.9192163e+06   3.7381774e-30
   1.9394200e+06   9.4365939e-31
   1.9596237e+06   2.3423692e-31
   1.9798275e+06   5.7171652e-32
   2.0000313e+06   1.3721198e-32
