#......tp...... ...t_diff....
 0.10000000E-01 0.23419150E+01
 0.10471285E-01 0.23694534E+01
 0.10964782E-01 0.23963808E+01
 0.11481536E-01 0.24228414E+01
 0.12022644E-01 0.24485091E+01
 0.12589254E-01 0.24734861E+01
 0.13182567E-01 0.24977407E+01
 0.13803843E-01 0.25212430E+01
 0.14454398E-01 0.25439647E+01
 0.15135612E-01 0.25658790E+01
 0.15848932E-01 0.25869610E+01
 0.16595869E-01 0.26071878E+01
 0.17378008E-01 0.26265382E+01
 0.18197009E-01 0.26449928E+01
 0.19054607E-01 0.26625345E+01
 0.19952623E-01 0.26791478E+01
 0.20892961E-01 0.26948194E+01
 0.21877616E-01 0.27095379E+01
 0.22908677E-01 0.27232939E+01
 0.23988329E-01 0.27360800E+01
 0.25118864E-01 0.27478908E+01
 0.26302680E-01 0.27587228E+01
 0.27542287E-01 0.27685744E+01
 0.28840315E-01 0.27774459E+01
 0.30199517E-01 0.27853394E+01
 0.31622777E-01 0.27922590E+01
 0.33113112E-01 0.27982104E+01
 0.34673685E-01 0.28032010E+01
 0.36307805E-01 0.28072400E+01
 0.38018940E-01 0.28103381E+01
 0.39810717E-01 0.28125076E+01
 0.41686938E-01 0.28137622E+01
 0.43651583E-01 0.28141172E+01
 0.45708819E-01 0.28135891E+01
 0.47863009E-01 0.28121957E+01
 0.50118723E-01 0.28099561E+01
 0.52480746E-01 0.28068905E+01
 0.54954087E-01 0.28030203E+01
 0.57543994E-01 0.27983677E+01
 0.60255959E-01 0.27929561E+01
 0.63095734E-01 0.27868095E+01
 0.66069345E-01 0.27799529E+01
 0.69183097E-01 0.27724120E+01
 0.72443596E-01 0.27642130E+01
 0.75857758E-01 0.27553830E+01
 0.79432823E-01 0.27459494E+01
 0.83176377E-01 0.27359399E+01
 0.87096359E-01 0.27253830E+01
 0.91201084E-01 0.27143073E+01
 0.95499259E-01 0.27027415E+01
 0.10000000E+00 0.26907148E+01
 0.10471285E+00 0.26782563E+01
 0.10964782E+00 0.26653953E+01
 0.11481536E+00 0.26521610E+01
 0.12022644E+00 0.26385828E+01
 0.12589254E+00 0.26246897E+01
 0.13182567E+00 0.26105107E+01
 0.13803843E+00 0.25960745E+01
 0.14454398E+00 0.25814098E+01
 0.15135612E+00 0.25665447E+01
 0.15848932E+00 0.25515070E+01
 0.16595869E+00 0.25363243E+01
 0.17378008E+00 0.25210235E+01
 0.18197009E+00 0.25056313E+01
 0.19054607E+00 0.24901736E+01
 0.19952623E+00 0.24746759E+01
 0.20892961E+00 0.24591631E+01
 0.21877616E+00 0.24436594E+01
 0.22908677E+00 0.24281885E+01
 0.23988329E+00 0.24127731E+01
 0.25118864E+00 0.23974355E+01
 0.26302680E+00 0.23821971E+01
 0.27542287E+00 0.23670786E+01
 0.28840315E+00 0.23520998E+01
 0.30199517E+00 0.23372796E+01
 0.31622777E+00 0.23226364E+01
 0.33113112E+00 0.23081875E+01
 0.34673685E+00 0.22939493E+01
 0.36307805E+00 0.22799373E+01
 0.38018940E+00 0.22661663E+01
 0.39810717E+00 0.22526500E+01
 0.41686938E+00 0.22394013E+01
 0.43651583E+00 0.22264320E+01
 0.45708819E+00 0.22137532E+01
 0.47863009E+00 0.22013748E+01
 0.50118723E+00 0.21893061E+01
 0.52480746E+00 0.21775552E+01
 0.54954087E+00 0.21661293E+01
 0.57543994E+00 0.21550349E+01
 0.60255959E+00 0.21442772E+01
 0.63095734E+00 0.21338609E+01
 0.66069345E+00 0.21237895E+01
 0.69183097E+00 0.21140659E+01
 0.72443596E+00 0.21046919E+01
 0.75857758E+00 0.20956685E+01
 0.79432823E+00 0.20869961E+01
 0.83176377E+00 0.20786741E+01
 0.87096359E+00 0.20707012E+01
 0.91201084E+00 0.20630753E+01
 0.95499259E+00 0.20557936E+01
 0.10000000E+01 0.20488528E+01
 0.10471285E+01 0.20422488E+01
 0.10964782E+01 0.20359768E+01
 0.11481536E+01 0.20300316E+01
 0.12022644E+01 0.20244074E+01
 0.12589254E+01 0.20190980E+01
 0.13182567E+01 0.20140965E+01
 0.13803843E+01 0.20093957E+01
 0.14454398E+01 0.20049883E+01
 0.15135612E+01 0.20008662E+01
 0.15848932E+01 0.19970212E+01
 0.16595869E+01 0.19934450E+01
 0.17378008E+01 0.19901288E+01
 0.18197009E+01 0.19870638E+01
 0.19054607E+01 0.19842411E+01
 0.19952623E+01 0.19816515E+01
 0.20892961E+01 0.19792859E+01
 0.21877616E+01 0.19771351E+01
 0.22908677E+01 0.19751899E+01
 0.23988329E+01 0.19734412E+01
 0.25118864E+01 0.19718799E+01
 0.26302680E+01 0.19704970E+01
 0.27542287E+01 0.19692835E+01
 0.28840315E+01 0.19682309E+01
 0.30199517E+01 0.19673304E+01
 0.31622777E+01 0.19665738E+01
 0.33113112E+01 0.19416115E+01
 0.34673685E+01 0.19151227E+01
 0.36307805E+01 0.18885312E+01
 0.38018940E+01 0.18618512E+01
 0.39810717E+01 0.18350970E+01
 0.41686938E+01 0.18082831E+01
 0.43651583E+01 0.17814239E+01
 0.45708819E+01 0.17545341E+01
 0.47863009E+01 0.17276282E+01
 0.50118723E+01 0.17007212E+01
 0.52480746E+01 0.16738275E+01
 0.54954087E+01 0.16469619E+01
 0.57543994E+01 0.16201391E+01
 0.60255959E+01 0.15933734E+01
 0.63095734E+01 0.15666793E+01
 0.66069345E+01 0.15400710E+01
 0.69183097E+01 0.15135624E+01
 0.72443596E+01 0.14871674E+01
 0.75857758E+01 0.14608994E+01
 0.79432823E+01 0.14347716E+01
 0.83176377E+01 0.14087969E+01
 0.87096359E+01 0.13829877E+01
 0.91201084E+01 0.13573561E+01
 0.95499259E+01 0.13319140E+01
 0.10000000E+02 0.13066724E+01
 0.10471285E+02 0.12816422E+01
 0.10964782E+02 0.12568338E+01
 0.11481536E+02 0.12322570E+01
 0.12022644E+02 0.12079211E+01
 0.12589254E+02 0.11838351E+01
 0.13182567E+02 0.11600072E+01
 0.13803843E+02 0.11364453E+01
 0.14454398E+02 0.11131567E+01
 0.15135612E+02 0.10901483E+01
 0.15848932E+02 0.10674262E+01
 0.16595869E+02 0.10449962E+01
 0.17378008E+02 0.10228636E+01
 0.18197009E+02 0.10010332E+01
 0.19054607E+02 0.97950915E+00
 0.19952623E+02 0.95829530E+00
 0.20892961E+02 0.93739493E+00
 0.21877616E+02 0.91681089E+00
 0.22908677E+02 0.89654559E+00
 0.23988329E+02 0.87660098E+00
 0.25118864E+02 0.85697860E+00
 0.26302680E+02 0.83767962E+00
 0.27542287E+02 0.81870476E+00
 0.28840315E+02 0.80005442E+00
 0.30199517E+02 0.78172861E+00
 0.31622777E+02 0.76372703E+00
 0.33113112E+02 0.74604901E+00
 0.34673685E+02 0.72869363E+00
 0.36307805E+02 0.71165962E+00
 0.38018940E+02 0.69494547E+00
 0.39810717E+02 0.67854941E+00
 0.41686938E+02 0.66246941E+00
 0.43651583E+02 0.64670321E+00
 0.45708819E+02 0.63124835E+00
 0.47863009E+02 0.61610216E+00
 0.50118723E+02 0.60126179E+00
 0.52480746E+02 0.58672422E+00
 0.54954087E+02 0.57248627E+00
 0.57543994E+02 0.55854460E+00
 0.60255959E+02 0.54489576E+00
 0.63095734E+02 0.53153618E+00
 0.66069345E+02 0.51846216E+00
 0.69183097E+02 0.50566992E+00
 0.72443596E+02 0.49315559E+00
 0.75857758E+02 0.48091522E+00
 0.79432823E+02 0.46894479E+00
 0.83176377E+02 0.45724024E+00
 0.87096359E+02 0.44579743E+00
 0.91201084E+02 0.43461220E+00
 0.95499259E+02 0.42368035E+00
 0.10000000E+03 0.41299767E+00
 0.10471285E+03 0.40255992E+00
 0.10964782E+03 0.39236283E+00
 0.11481536E+03 0.38240215E+00
 0.12022644E+03 0.37267361E+00
 0.12589254E+03 0.36317298E+00
 0.13182567E+03 0.35389599E+00
 0.13803843E+03 0.34483843E+00
 0.14454398E+03 0.33599608E+00
 0.15135612E+03 0.32736476E+00
 0.15848932E+03 0.31894032E+00
 0.16595869E+03 0.31071861E+00
 0.17378008E+03 0.30269556E+00
 0.18197009E+03 0.29486710E+00
 0.19054607E+03 0.28722921E+00
 0.19952623E+03 0.27977793E+00
 0.20892961E+03 0.27250933E+00
 0.21877616E+03 0.26541951E+00
 0.22908677E+03 0.25850464E+00
 0.23988329E+03 0.25176095E+00
 0.25118864E+03 0.24518469E+00
 0.26302680E+03 0.23877217E+00
 0.27542287E+03 0.23251979E+00
 0.28840315E+03 0.22642395E+00
 0.30199517E+03 0.22048114E+00
 0.31622777E+03 0.21468790E+00
 0.33113112E+03 0.20904083E+00
 0.34673685E+03 0.20353656E+00
 0.36307805E+03 0.19817182E+00
 0.38018940E+03 0.19294337E+00
 0.39810717E+03 0.18784802E+00
 0.41686938E+03 0.18288267E+00
 0.43651583E+03 0.17804425E+00
 0.45708819E+03 0.17332976E+00
 0.47863009E+03 0.16873624E+00
 0.50118723E+03 0.16426082E+00
 0.52480746E+03 0.15990066E+00
 0.54954087E+03 0.15565298E+00
 0.57543994E+03 0.15151506E+00
 0.60255959E+03 0.14748424E+00
 0.63095734E+03 0.14355790E+00
 0.66069345E+03 0.13973350E+00
 0.69183097E+03 0.13600853E+00
 0.72443596E+03 0.13238053E+00
 0.75857758E+03 0.12884713E+00
 0.79432823E+03 0.12540596E+00
 0.83176377E+03 0.12205475E+00
 0.87096359E+03 0.11879124E+00
 0.91201084E+03 0.11561324E+00
 0.95499259E+03 0.11251862E+00
 0.10000000E+04 0.10950526E+00
