#......tp...... ...t_diff....
 0.10000000E-01 0.63838504E+02
 0.10471285E-01 0.64007923E+02
 0.10964782E-01 0.64157691E+02
 0.11481536E-01 0.64287670E+02
 0.12022644E-01 0.64397760E+02
 0.12589254E-01 0.64488060E+02
 0.13182567E-01 0.64558203E+02
 0.13803843E-01 0.64608360E+02
 0.14454398E-01 0.64638569E+02
 0.15135612E-01 0.64648900E+02
 0.15848932E-01 0.64639459E+02
 0.16595869E-01 0.64610380E+02
 0.17378008E-01 0.64561832E+02
 0.18197009E-01 0.64494014E+02
 0.19054607E-01 0.64407153E+02
 0.19952623E-01 0.64301506E+02
 0.20892961E-01 0.64177358E+02
 0.21877616E-01 0.64035020E+02
 0.22908677E-01 0.63874828E+02
 0.23988329E-01 0.63697142E+02
 0.25118864E-01 0.63502345E+02
 0.26302680E-01 0.63290699E+02
 0.27542287E-01 0.63062916E+02
 0.28840315E-01 0.62819295E+02
 0.30199517E-01 0.62560296E+02
 0.31622777E-01 0.62286397E+02
 0.33113112E-01 0.61998088E+02
 0.34673685E-01 0.61695877E+02
 0.36307805E-01 0.61380279E+02
 0.38018940E-01 0.61051825E+02
 0.39810717E-01 0.60711052E+02
 0.41686938E-01 0.60358506E+02
 0.43651583E-01 0.59994743E+02
 0.45708819E-01 0.59620320E+02
 0.47863009E-01 0.59235803E+02
 0.50118723E-01 0.58841760E+02
 0.52480746E-01 0.58438762E+02
 0.54954087E-01 0.58027382E+02
 0.57543994E-01 0.57608191E+02
 0.60255959E-01 0.57181762E+02
 0.63095734E-01 0.56748665E+02
 0.66069345E-01 0.56309470E+02
 0.69183097E-01 0.55864741E+02
 0.72443596E-01 0.55415039E+02
 0.75857758E-01 0.54960920E+02
 0.79432823E-01 0.54502934E+02
 0.83176377E-01 0.54041626E+02
 0.87096359E-01 0.53577531E+02
 0.91201084E-01 0.53111179E+02
 0.95499259E-01 0.52643091E+02
 0.10000000E+00 0.52173779E+02
 0.10471285E+00 0.51703744E+02
 0.10964782E+00 0.51233479E+02
 0.11481536E+00 0.50763466E+02
 0.12022644E+00 0.50294176E+02
 0.12589254E+00 0.49826068E+02
 0.13182567E+00 0.49359590E+02
 0.13803843E+00 0.48895177E+02
 0.14454398E+00 0.48433254E+02
 0.15135612E+00 0.47974230E+02
 0.15848932E+00 0.47518504E+02
 0.16595869E+00 0.47066459E+02
 0.17378008E+00 0.46618467E+02
 0.18197009E+00 0.46174884E+02
 0.19054607E+00 0.45736113E+02
 0.19952623E+00 0.45302363E+02
 0.20892961E+00 0.44874011E+02
 0.21877616E+00 0.44451356E+02
 0.22908677E+00 0.44034683E+02
 0.23988329E+00 0.43624266E+02
 0.25118864E+00 0.43220360E+02
 0.26302680E+00 0.42823206E+02
 0.27542287E+00 0.42433033E+02
 0.28840315E+00 0.42050053E+02
 0.30199517E+00 0.41674462E+02
 0.31622777E+00 0.41306444E+02
 0.33113112E+00 0.40946165E+02
 0.34673685E+00 0.40593779E+02
 0.36307805E+00 0.40249423E+02
 0.38018940E+00 0.39913220E+02
 0.39810717E+00 0.39585278E+02
 0.41686938E+00 0.39265692E+02
 0.43651583E+00 0.38954540E+02
 0.45708819E+00 0.38651887E+02
 0.47863009E+00 0.38357783E+02
 0.50118723E+00 0.38072265E+02
 0.52480746E+00 0.37795356E+02
 0.54954087E+00 0.37527064E+02
 0.57543994E+00 0.37267384E+02
 0.60255959E+00 0.37016299E+02
 0.63095734E+00 0.36773778E+02
 0.66069345E+00 0.36539777E+02
 0.69183097E+00 0.36314241E+02
 0.72443596E+00 0.36097101E+02
 0.75857758E+00 0.35888280E+02
 0.79432823E+00 0.35687685E+02
 0.83176377E+00 0.35495218E+02
 0.87096359E+00 0.35310765E+02
 0.91201084E+00 0.35134206E+02
 0.95499259E+00 0.34965410E+02
 0.10000000E+01 0.34804239E+02
 0.10471285E+01 0.34650544E+02
 0.10964782E+01 0.34504172E+02
 0.11481536E+01 0.34364959E+02
 0.12022644E+01 0.34232738E+02
 0.12589254E+01 0.34107334E+02
 0.13182567E+01 0.33988568E+02
 0.13803843E+01 0.33876254E+02
 0.14454398E+01 0.33770206E+02
 0.15135612E+01 0.33670231E+02
 0.15848932E+01 0.33576136E+02
 0.16595869E+01 0.33487723E+02
 0.17378008E+01 0.33404795E+02
 0.18197009E+01 0.33327154E+02
 0.19054607E+01 0.33254599E+02
 0.19952623E+01 0.33186933E+02
 0.20892961E+01 0.33123957E+02
 0.21877616E+01 0.33065475E+02
 0.22908677E+01 0.33011291E+02
 0.23988329E+01 0.32961214E+02
 0.25118864E+01 0.32915053E+02
 0.26302680E+01 0.32872622E+02
 0.27542287E+01 0.32833738E+02
 0.28840315E+01 0.32798221E+02
 0.30199517E+01 0.32765897E+02
 0.31622777E+01 0.32736594E+02
 0.33113112E+01 0.32216207E+02
 0.34673685E+01 0.31670464E+02
 0.36307805E+01 0.31128238E+02
 0.38018940E+01 0.30589634E+02
 0.39810717E+01 0.30054763E+02
 0.41686938E+01 0.29523738E+02
 0.43651583E+01 0.28996673E+02
 0.45708819E+01 0.28473685E+02
 0.47863009E+01 0.27954893E+02
 0.50118723E+01 0.27440417E+02
 0.52480746E+01 0.26930375E+02
 0.54954087E+01 0.26424889E+02
 0.57543994E+01 0.25924077E+02
 0.60255959E+01 0.25428058E+02
 0.63095734E+01 0.24936947E+02
 0.66069345E+01 0.24450858E+02
 0.69183097E+01 0.23969904E+02
 0.72443596E+01 0.23494192E+02
 0.75857758E+01 0.23023826E+02
 0.79432823E+01 0.22558906E+02
 0.83176377E+01 0.22099529E+02
 0.87096359E+01 0.21645785E+02
 0.91201084E+01 0.21197761E+02
 0.95499259E+01 0.20755536E+02
 0.10000000E+02 0.20319185E+02
 0.10471285E+02 0.19888777E+02
 0.10964782E+02 0.19464374E+02
 0.11481536E+02 0.19046012E+02
 0.12022644E+02 0.18633786E+02
 0.12589254E+02 0.18227716E+02
 0.13182567E+02 0.17827842E+02
 0.13803843E+02 0.17434193E+02
 0.14454398E+02 0.17046796E+02
 0.15135612E+02 0.16665671E+02
 0.15848932E+02 0.16290828E+02
 0.16595869E+02 0.15922277E+02
 0.17378008E+02 0.15560018E+02
 0.18197009E+02 0.15204047E+02
 0.19054607E+02 0.14854353E+02
 0.19952623E+02 0.14510921E+02
 0.20892961E+02 0.14173732E+02
 0.21877616E+02 0.13842758E+02
 0.22908677E+02 0.13517971E+02
 0.23988329E+02 0.13199335E+02
 0.25118864E+02 0.12886812E+02
 0.26302680E+02 0.12580357E+02
 0.27542287E+02 0.12279925E+02
 0.28840315E+02 0.11985465E+02
 0.30199517E+02 0.11696923E+02
 0.31622777E+02 0.11414241E+02
 0.33113112E+02 0.11137359E+02
 0.34673685E+02 0.10866215E+02
 0.36307805E+02 0.10600742E+02
 0.38018940E+02 0.10340875E+02
 0.39810717E+02 0.10086541E+02
 0.41686938E+02 0.98376705E+01
 0.43651583E+02 0.95941890E+01
 0.45708819E+02 0.93560215E+01
 0.47863009E+02 0.91230917E+01
 0.50118723E+02 0.88953219E+01
 0.52480746E+02 0.86726336E+01
 0.54954087E+02 0.84549470E+01
 0.57543994E+02 0.82421821E+01
 0.60255959E+02 0.80342580E+01
 0.63095734E+02 0.78310932E+01
 0.66069345E+02 0.76326064E+01
 0.69183097E+02 0.74387156E+01
 0.72443596E+02 0.72493389E+01
 0.75857758E+02 0.70643945E+01
 0.79432823E+02 0.68838006E+01
 0.83176377E+02 0.67074758E+01
 0.87096359E+02 0.65353387E+01
 0.91201084E+02 0.63673086E+01
 0.95499259E+02 0.62033050E+01
 0.10000000E+03 0.60432482E+01
 0.10471285E+03 0.58870590E+01
 0.10964782E+03 0.57346587E+01
 0.11481536E+03 0.55859696E+01
 0.12022644E+03 0.54409146E+01
 0.12589254E+03 0.52994175E+01
 0.13182567E+03 0.51614028E+01
 0.13803843E+03 0.50267961E+01
 0.14454398E+03 0.48955239E+01
 0.15135612E+03 0.47675136E+01
 0.15848932E+03 0.46426936E+01
 0.16595869E+03 0.45209933E+01
 0.17378008E+03 0.44023432E+01
 0.18197009E+03 0.42866747E+01
 0.19054607E+03 0.41739206E+01
 0.19952623E+03 0.40640145E+01
 0.20892961E+03 0.39568912E+01
 0.21877616E+03 0.38524865E+01
 0.22908677E+03 0.37507374E+01
 0.23988329E+03 0.36515820E+01
 0.25118864E+03 0.35549595E+01
 0.26302680E+03 0.34608103E+01
 0.27542287E+03 0.33690758E+01
 0.28840315E+03 0.32796985E+01
 0.30199517E+03 0.31926221E+01
 0.31622777E+03 0.31077913E+01
 0.33113112E+03 0.30251520E+01
 0.34673685E+03 0.29446511E+01
 0.36307805E+03 0.28662367E+01
 0.38018940E+03 0.27898577E+01
 0.39810717E+03 0.27154645E+01
 0.41686938E+03 0.26430081E+01
 0.43651583E+03 0.25724408E+01
 0.45708819E+03 0.25037159E+01
 0.47863009E+03 0.24367875E+01
 0.50118723E+03 0.23716111E+01
 0.52480746E+03 0.23081427E+01
 0.54954087E+03 0.22463397E+01
 0.57543994E+03 0.21861603E+01
 0.60255959E+03 0.21275634E+01
 0.63095734E+03 0.20705093E+01
 0.66069345E+03 0.20149588E+01
 0.69183097E+03 0.19608739E+01
 0.72443596E+03 0.19082172E+01
 0.75857758E+03 0.18569523E+01
 0.79432823E+03 0.18070438E+01
 0.83176377E+03 0.17584569E+01
 0.87096359E+03 0.17111577E+01
 0.91201084E+03 0.16651131E+01
 0.95499259E+03 0.16202909E+01
 0.10000000E+04 0.15766595E+01
