#......tp...... ...t_diff....
 0.10000000E-01 0.70984150E+01
 0.10471285E-01 0.73984742E+01
 0.10964782E-01 0.77053297E+01
 0.11481536E-01 0.80169196E+01
 0.12022644E-01 0.83363054E+01
 0.12589254E-01 0.86613223E+01
 0.13182567E-01 0.89915530E+01
 0.13803843E-01 0.93265421E+01
 0.14454398E-01 0.96662061E+01
 0.15135612E-01 0.10009274E+02
 0.15848932E-01 0.10355659E+02
 0.16595869E-01 0.10706861E+02
 0.17378008E-01 0.11058243E+02
 0.18197009E-01 0.11411406E+02
 0.19054607E-01 0.11765784E+02
 0.19952623E-01 0.12120859E+02
 0.20892961E-01 0.12476093E+02
 0.21877616E-01 0.12830952E+02
 0.22908677E-01 0.13184503E+02
 0.23988329E-01 0.13537055E+02
 0.25118864E-01 0.13887647E+02
 0.26302680E-01 0.14235807E+02
 0.27542287E-01 0.14578631E+02
 0.28840315E-01 0.14920467E+02
 0.30199517E-01 0.15258401E+02
 0.31622777E-01 0.15591984E+02
 0.33113112E-01 0.15920773E+02
 0.34673685E-01 0.16244350E+02
 0.36307805E-01 0.16562313E+02
 0.38018940E-01 0.16874281E+02
 0.39810717E-01 0.17179894E+02
 0.41686938E-01 0.17483806E+02
 0.43651583E-01 0.17775601E+02
 0.45708819E-01 0.18055693E+02
 0.47863009E-01 0.18332700E+02
 0.50118723E-01 0.18601881E+02
 0.52480746E-01 0.18863014E+02
 0.54954087E-01 0.19118656E+02
 0.57543994E-01 0.19363064E+02
 0.60255959E-01 0.19598910E+02
 0.63095734E-01 0.19826054E+02
 0.66069345E-01 0.20044406E+02
 0.69183097E-01 0.20253877E+02
 0.72443596E-01 0.20454418E+02
 0.75857758E-01 0.20645997E+02
 0.79432823E-01 0.20828612E+02
 0.83176377E-01 0.21002269E+02
 0.87096359E-01 0.21166998E+02
 0.91201084E-01 0.21322883E+02
 0.95499259E-01 0.21469949E+02
 0.10000000E+00 0.21602926E+02
 0.10471285E+00 0.21732816E+02
 0.10964782E+00 0.21854248E+02
 0.11481536E+00 0.21967368E+02
 0.12022644E+00 0.22072340E+02
 0.12589254E+00 0.22169347E+02
 0.13182567E+00 0.22258576E+02
 0.13803843E+00 0.22344636E+02
 0.14454398E+00 0.22418858E+02
 0.15135612E+00 0.22485957E+02
 0.15848932E+00 0.22546169E+02
 0.16595869E+00 0.22599741E+02
 0.17378008E+00 0.22646928E+02
 0.18197009E+00 0.22687995E+02
 0.19054607E+00 0.22720378E+02
 0.19952623E+00 0.22750059E+02
 0.20892961E+00 0.22774438E+02
 0.21877616E+00 0.22793802E+02
 0.22908677E+00 0.22808415E+02
 0.23988329E+00 0.22818571E+02
 0.25118864E+00 0.22824553E+02
 0.26302680E+00 0.22826649E+02
 0.27542287E+00 0.22825138E+02
 0.28840315E+00 0.22820303E+02
 0.30199517E+00 0.22812419E+02
 0.31622777E+00 0.22801764E+02
 0.33113112E+00 0.22788606E+02
 0.34673685E+00 0.22773203E+02
 0.36307805E+00 0.22755824E+02
 0.38018940E+00 0.22736717E+02
 0.39810717E+00 0.22716128E+02
 0.41686938E+00 0.22694295E+02
 0.43651583E+00 0.22671447E+02
 0.45708819E+00 0.22647814E+02
 0.47863009E+00 0.22623591E+02
 0.50118723E+00 0.22598997E+02
 0.52480746E+00 0.22574220E+02
 0.54954087E+00 0.22549447E+02
 0.57543994E+00 0.22524850E+02
 0.60255959E+00 0.22500596E+02
 0.63095734E+00 0.22476835E+02
 0.66069345E+00 0.22453713E+02
 0.69183097E+00 0.22431362E+02
 0.72443596E+00 0.22409903E+02
 0.75857758E+00 0.22389446E+02
 0.79432823E+00 0.22370094E+02
 0.83176377E+00 0.22351940E+02
 0.87096359E+00 0.22339781E+02
 0.91201084E+00 0.22324209E+02
 0.95499259E+00 0.22310046E+02
 0.10000000E+01 0.22297339E+02
 0.10471285E+01 0.22286117E+02
 0.10964782E+01 0.22276445E+02
 0.11481536E+01 0.22268329E+02
 0.12022644E+01 0.22261784E+02
 0.12589254E+01 0.22256818E+02
 0.13182567E+01 0.22253431E+02
 0.13803843E+01 0.22251617E+02
 0.14454398E+01 0.22251360E+02
 0.15135612E+01 0.22252643E+02
 0.15848932E+01 0.22255440E+02
 0.16595869E+01 0.22259719E+02
 0.17378008E+01 0.22265447E+02
 0.18197009E+01 0.22272583E+02
 0.19054607E+01 0.22281086E+02
 0.19952623E+01 0.22290906E+02
 0.20892961E+01 0.22301994E+02
 0.21877616E+01 0.22314300E+02
 0.22908677E+01 0.22327770E+02
 0.23988329E+01 0.22342347E+02
 0.25118864E+01 0.22357974E+02
 0.26302680E+01 0.22374592E+02
 0.27542287E+01 0.22392147E+02
 0.28840315E+01 0.22408331E+02
 0.30199517E+01 0.22427585E+02
 0.31622777E+01 0.22447598E+02
 0.33113112E+01 0.22316134E+02
 0.34673685E+01 0.22167790E+02
 0.36307805E+01 0.22011422E+02
 0.38018940E+01 0.21847290E+02
 0.39810717E+01 0.21675657E+02
 0.41686938E+01 0.21496788E+02
 0.43651583E+01 0.21310967E+02
 0.45708819E+01 0.21118471E+02
 0.47863009E+01 0.20919586E+02
 0.50118723E+01 0.20714604E+02
 0.52480746E+01 0.20503818E+02
 0.54954087E+01 0.20286240E+02
 0.57543994E+01 0.20064780E+02
 0.60255959E+01 0.19838419E+02
 0.63095734E+01 0.19607465E+02
 0.66069345E+01 0.19372222E+02
 0.69183097E+01 0.19132998E+02
 0.72443596E+01 0.18890097E+02
 0.75857758E+01 0.18645813E+02
 0.79432823E+01 0.18396422E+02
 0.83176377E+01 0.18144264E+02
 0.87096359E+01 0.17889634E+02
 0.91201084E+01 0.17632824E+02
 0.95499259E+01 0.17374123E+02
 0.10000000E+02 0.17113814E+02
 0.10471285E+02 0.16852174E+02
 0.10964782E+02 0.16589473E+02
 0.11481536E+02 0.16325976E+02
 0.12022644E+02 0.16061938E+02
 0.12589254E+02 0.15797613E+02
 0.13182567E+02 0.15533240E+02
 0.13803843E+02 0.15269053E+02
 0.14454398E+02 0.15005277E+02
 0.15135612E+02 0.14742130E+02
 0.15848932E+02 0.14479819E+02
 0.16595869E+02 0.14218543E+02
 0.17378008E+02 0.13958492E+02
 0.18197009E+02 0.13699849E+02
 0.19054607E+02 0.13442784E+02
 0.19952623E+02 0.13187461E+02
 0.20892961E+02 0.12934033E+02
 0.21877616E+02 0.12682647E+02
 0.22908677E+02 0.12433438E+02
 0.23988329E+02 0.12186534E+02
 0.25118864E+02 0.11942054E+02
 0.26302680E+02 0.11700109E+02
 0.27542287E+02 0.11460802E+02
 0.28840315E+02 0.11224226E+02
 0.30199517E+02 0.10990469E+02
 0.31622777E+02 0.10759610E+02
 0.33113112E+02 0.10531721E+02
 0.34673685E+02 0.10306865E+02
 0.36307805E+02 0.10085110E+02
 0.38018940E+02 0.98664896E+01
 0.39810717E+02 0.96510580E+01
 0.41686938E+02 0.94388535E+01
 0.43651583E+02 0.92299091E+01
 0.45708819E+02 0.90242523E+01
 0.47863009E+02 0.88219050E+01
 0.50118723E+02 0.86228844E+01
 0.52480746E+02 0.84272027E+01
 0.54954087E+02 0.82348675E+01
 0.57543994E+02 0.80458822E+01
 0.60255959E+02 0.78602461E+01
 0.63095734E+02 0.76779546E+01
 0.66069345E+02 0.74989996E+01
 0.69183097E+02 0.73233693E+01
 0.72443596E+02 0.71510488E+01
 0.75857758E+02 0.69820210E+01
 0.79432823E+02 0.68162649E+01
 0.83176377E+02 0.66537577E+01
 0.87096359E+02 0.64944737E+01
 0.91201084E+02 0.63383846E+01
 0.95499259E+02 0.61854620E+01
 0.10000000E+03 0.60356737E+01
 0.10471285E+03 0.58889864E+01
 0.10964782E+03 0.57453652E+01
 0.11481536E+03 0.56047738E+01
 0.12022644E+03 0.54671747E+01
 0.12589254E+03 0.53325292E+01
 0.13182567E+03 0.52007972E+01
 0.13803843E+03 0.50719387E+01
 0.14454398E+03 0.49459121E+01
 0.15135612E+03 0.48226751E+01
 0.15848932E+03 0.47021852E+01
 0.16595869E+03 0.45843991E+01
 0.17378008E+03 0.44692733E+01
 0.18197009E+03 0.43567638E+01
 0.19054607E+03 0.42468266E+01
 0.19952623E+03 0.41394173E+01
 0.20892961E+03 0.40344915E+01
 0.21877616E+03 0.39320049E+01
 0.22908677E+03 0.38319129E+01
 0.23988329E+03 0.37341713E+01
 0.25118864E+03 0.36387359E+01
 0.26302680E+03 0.35455627E+01
 0.27542287E+03 0.34546079E+01
 0.28840315E+03 0.33658280E+01
 0.30199517E+03 0.32791800E+01
 0.31622777E+03 0.31946208E+01
 0.33113112E+03 0.31121080E+01
 0.34673685E+03 0.30315996E+01
 0.36307805E+03 0.29530540E+01
 0.38018940E+03 0.28764299E+01
 0.39810717E+03 0.28016867E+01
 0.41686938E+03 0.27287842E+01
 0.43651583E+03 0.26576826E+01
 0.45708819E+03 0.25883429E+01
 0.47863009E+03 0.25207263E+01
 0.50118723E+03 0.24547950E+01
 0.52480746E+03 0.23905113E+01
 0.54954087E+03 0.23278384E+01
 0.57543994E+03 0.22667399E+01
 0.60255959E+03 0.22071801E+01
 0.63095734E+03 0.21491238E+01
 0.66069345E+03 0.20925366E+01
 0.69183097E+03 0.20373844E+01
 0.72443596E+03 0.19836339E+01
 0.75857758E+03 0.19312524E+01
 0.79432823E+03 0.18802076E+01
 0.83176377E+03 0.18304681E+01
 0.87096359E+03 0.17820030E+01
 0.91201084E+03 0.17347818E+01
 0.95499259E+03 0.16887748E+01
 0.10000000E+04 0.16439528E+01
