#......tp...... ...t_diff....
 0.10000000E-01 0.23408156E+02
 0.10471285E-01 0.23483300E+02
 0.10964782E-01 0.23554144E+02
 0.11481536E-01 0.23620538E+02
 0.12022644E-01 0.23682340E+02
 0.12589254E-01 0.23739414E+02
 0.13182567E-01 0.23791637E+02
 0.13803843E-01 0.23838890E+02
 0.14454398E-01 0.23881067E+02
 0.15135612E-01 0.23918070E+02
 0.15848932E-01 0.23949812E+02
 0.16595869E-01 0.23976215E+02
 0.17378008E-01 0.23997211E+02
 0.18197009E-01 0.24012745E+02
 0.19054607E-01 0.24022771E+02
 0.19952623E-01 0.24027251E+02
 0.20892961E-01 0.24026162E+02
 0.21877616E-01 0.24019489E+02
 0.22908677E-01 0.24007229E+02
 0.23988329E-01 0.23989388E+02
 0.25118864E-01 0.23965983E+02
 0.26302680E-01 0.23937041E+02
 0.27542287E-01 0.23902600E+02
 0.28840315E-01 0.23862706E+02
 0.30199517E-01 0.23817416E+02
 0.31622777E-01 0.23766796E+02
 0.33113112E-01 0.23710921E+02
 0.34673685E-01 0.23649875E+02
 0.36307805E-01 0.23583750E+02
 0.38018940E-01 0.23512647E+02
 0.39810717E-01 0.23436673E+02
 0.41686938E-01 0.23355945E+02
 0.43651583E-01 0.23270585E+02
 0.45708819E-01 0.23180723E+02
 0.47863009E-01 0.23086494E+02
 0.50118723E-01 0.22988041E+02
 0.52480746E-01 0.22885512E+02
 0.54954087E-01 0.22779058E+02
 0.57543994E-01 0.22668837E+02
 0.60255959E-01 0.22555012E+02
 0.63095734E-01 0.22437748E+02
 0.66069345E-01 0.22317214E+02
 0.69183097E-01 0.22193585E+02
 0.72443596E-01 0.22067035E+02
 0.75857758E-01 0.21937743E+02
 0.79432823E-01 0.21805889E+02
 0.83176377E-01 0.21671655E+02
 0.87096359E-01 0.21535224E+02
 0.91201084E-01 0.21396781E+02
 0.95499259E-01 0.21256510E+02
 0.10000000E+00 0.21114597E+02
 0.10471285E+00 0.20971227E+02
 0.10964782E+00 0.20826584E+02
 0.11481536E+00 0.20680853E+02
 0.12022644E+00 0.20534216E+02
 0.12589254E+00 0.20386855E+02
 0.13182567E+00 0.20238950E+02
 0.13803843E+00 0.20090678E+02
 0.14454398E+00 0.19942216E+02
 0.15135612E+00 0.19793735E+02
 0.15848932E+00 0.19645407E+02
 0.16595869E+00 0.19497398E+02
 0.17378008E+00 0.19349873E+02
 0.18197009E+00 0.19202991E+02
 0.19054607E+00 0.19056909E+02
 0.19952623E+00 0.18911780E+02
 0.20892961E+00 0.18767753E+02
 0.21877616E+00 0.18624970E+02
 0.22908677E+00 0.18483571E+02
 0.23988329E+00 0.18343691E+02
 0.25118864E+00 0.18205459E+02
 0.26302680E+00 0.18069001E+02
 0.27542287E+00 0.17934434E+02
 0.28840315E+00 0.17801873E+02
 0.30199517E+00 0.17671427E+02
 0.31622777E+00 0.17543197E+02
 0.33113112E+00 0.17417281E+02
 0.34673685E+00 0.17293770E+02
 0.36307805E+00 0.17172748E+02
 0.38018940E+00 0.17054296E+02
 0.39810717E+00 0.16938485E+02
 0.41686938E+00 0.16825383E+02
 0.43651583E+00 0.16715050E+02
 0.45708819E+00 0.16607542E+02
 0.47863009E+00 0.16502905E+02
 0.50118723E+00 0.16401183E+02
 0.52480746E+00 0.16302411E+02
 0.54954087E+00 0.16206619E+02
 0.57543994E+00 0.16113831E+02
 0.60255959E+00 0.16024064E+02
 0.63095734E+00 0.15937330E+02
 0.66069345E+00 0.15853635E+02
 0.69183097E+00 0.15772978E+02
 0.72443596E+00 0.15695354E+02
 0.75857758E+00 0.15620751E+02
 0.79432823E+00 0.15549153E+02
 0.83176377E+00 0.15480539E+02
 0.87096359E+00 0.15414880E+02
 0.91201084E+00 0.15352146E+02
 0.95499259E+00 0.15292300E+02
 0.10000000E+01 0.15235301E+02
 0.10471285E+01 0.15181104E+02
 0.10964782E+01 0.15129660E+02
 0.11481536E+01 0.15080917E+02
 0.12022644E+01 0.15034818E+02
 0.12589254E+01 0.14991305E+02
 0.13182567E+01 0.14950314E+02
 0.13803843E+01 0.14911782E+02
 0.14454398E+01 0.14875640E+02
 0.15135612E+01 0.14841821E+02
 0.15848932E+01 0.14810252E+02
 0.16595869E+01 0.14780862E+02
 0.17378008E+01 0.14753577E+02
 0.18197009E+01 0.14728322E+02
 0.19054607E+01 0.14705022E+02
 0.19952623E+01 0.14683601E+02
 0.20892961E+01 0.14663983E+02
 0.21877616E+01 0.14646094E+02
 0.22908677E+01 0.14629856E+02
 0.23988329E+01 0.14615197E+02
 0.25118864E+01 0.14602041E+02
 0.26302680E+01 0.14590315E+02
 0.27542287E+01 0.14579948E+02
 0.28840315E+01 0.14570870E+02
 0.30199517E+01 0.14563010E+02
 0.31622777E+01 0.14556301E+02
 0.33113112E+01 0.14357567E+02
 0.34673685E+01 0.14147556E+02
 0.36307805E+01 0.13937554E+02
 0.38018940E+01 0.13727638E+02
 0.39810717E+01 0.13517889E+02
 0.41686938E+01 0.13308389E+02
 0.43651583E+01 0.13099220E+02
 0.45708819E+01 0.12890468E+02
 0.47863009E+01 0.12682218E+02
 0.50118723E+01 0.12474557E+02
 0.52480746E+01 0.12267571E+02
 0.54954087E+01 0.12061350E+02
 0.57543994E+01 0.11855979E+02
 0.60255959E+01 0.11651547E+02
 0.63095734E+01 0.11448140E+02
 0.66069345E+01 0.11245845E+02
 0.69183097E+01 0.11044745E+02
 0.72443596E+01 0.10844925E+02
 0.75857758E+01 0.10646467E+02
 0.79432823E+01 0.10449450E+02
 0.83176377E+01 0.10253953E+02
 0.87096359E+01 0.10060051E+02
 0.91201084E+01 0.98678169E+01
 0.95499259E+01 0.96773221E+01
 0.10000000E+02 0.94886338E+01
 0.10471285E+02 0.93018167E+01
 0.10964782E+02 0.91169325E+01
 0.11481536E+02 0.89340394E+01
 0.12022644E+02 0.87531927E+01
 0.12589254E+02 0.85744441E+01
 0.13182567E+02 0.83978419E+01
 0.13803843E+02 0.82234312E+01
 0.14454398E+02 0.80512533E+01
 0.15135612E+02 0.78813464E+01
 0.15848932E+02 0.77137449E+01
 0.16595869E+02 0.75484802E+01
 0.17378008E+02 0.73855800E+01
 0.18197009E+02 0.72250689E+01
 0.19054607E+02 0.70669680E+01
 0.19952623E+02 0.69112954E+01
 0.20892961E+02 0.67580661E+01
 0.21877616E+02 0.66072919E+01
 0.22908677E+02 0.64589817E+01
 0.23988329E+02 0.63131418E+01
 0.25118864E+02 0.61697754E+01
 0.26302680E+02 0.60288833E+01
 0.27542287E+02 0.58904637E+01
 0.28840315E+02 0.57545124E+01
 0.30199517E+02 0.56210228E+01
 0.31622777E+02 0.54899862E+01
 0.33113112E+02 0.53613917E+01
 0.34673685E+02 0.52352266E+01
 0.36307805E+02 0.51114763E+01
 0.38018940E+02 0.49901242E+01
 0.39810717E+02 0.48711524E+01
 0.41686938E+02 0.47545412E+01
 0.43651583E+02 0.46402696E+01
 0.45708819E+02 0.45283152E+01
 0.47863009E+02 0.44186546E+01
 0.50118723E+02 0.43112628E+01
 0.52480746E+02 0.42061142E+01
 0.54954087E+02 0.41031820E+01
 0.57543994E+02 0.40024386E+01
 0.60255959E+02 0.39038557E+01
 0.63095734E+02 0.38074042E+01
 0.66069345E+02 0.37130543E+01
 0.69183097E+02 0.36207760E+01
 0.72443596E+02 0.35305384E+01
 0.75857758E+02 0.34423105E+01
 0.79432823E+02 0.33560607E+01
 0.83176377E+02 0.32717573E+01
 0.87096359E+02 0.31893683E+01
 0.91201084E+02 0.31088617E+01
 0.95499259E+02 0.30302050E+01
 0.10000000E+03 0.29533659E+01
 0.10471285E+03 0.28783121E+01
 0.10964782E+03 0.28050112E+01
 0.11481536E+03 0.27334309E+01
 0.12022644E+03 0.26635390E+01
 0.12589254E+03 0.25953034E+01
 0.13182567E+03 0.25286922E+01
 0.13803843E+03 0.24636735E+01
 0.14454398E+03 0.24002160E+01
 0.15135612E+03 0.23382883E+01
 0.15848932E+03 0.22778593E+01
 0.16595869E+03 0.22188985E+01
 0.17378008E+03 0.21613753E+01
 0.18197009E+03 0.21052597E+01
 0.19054607E+03 0.20505219E+01
 0.19952623E+03 0.19971326E+01
 0.20892961E+03 0.19450626E+01
 0.21877616E+03 0.18942834E+01
 0.22908677E+03 0.18447667E+01
 0.23988329E+03 0.17964847E+01
 0.25118864E+03 0.17494100E+01
 0.26302680E+03 0.17035154E+01
 0.27542287E+03 0.16587744E+01
 0.28840315E+03 0.16151609E+01
 0.30199517E+03 0.15726491E+01
 0.31622777E+03 0.15312137E+01
 0.33113112E+03 0.14908298E+01
 0.34673685E+03 0.14514730E+01
 0.36307805E+03 0.14131193E+01
 0.38018940E+03 0.13757451E+01
 0.39810717E+03 0.13393274E+01
 0.41686938E+03 0.13038434E+01
 0.43651583E+03 0.12692709E+01
 0.45708819E+03 0.12355881E+01
 0.47863009E+03 0.12027736E+01
 0.50118723E+03 0.11708065E+01
 0.52480746E+03 0.11396662E+01
 0.54954087E+03 0.11093325E+01
 0.57543994E+03 0.10797859E+01
 0.60255959E+03 0.10510070E+01
 0.63095734E+03 0.10229770E+01
 0.66069345E+03 0.99567739E+00
 0.69183097E+03 0.96909006E+00
 0.72443596E+03 0.94319737E+00
 0.75857758E+03 0.91798201E+00
 0.79432823E+03 0.89342708E+00
 0.83176377E+03 0.86951604E+00
 0.87096359E+03 0.84623274E+00
 0.91201084E+03 0.82356135E+00
 0.95499259E+03 0.80148646E+00
 0.10000000E+04 0.77999297E+00
