#......tp...... ...t_diff....
 0.10000000E-01 0.68662722E+01
 0.10471285E-01 0.67837011E+01
 0.10964782E-01 0.67032702E+01
 0.11481536E-01 0.66250106E+01
 0.12022644E-01 0.65489483E+01
 0.12589254E-01 0.64751051E+01
 0.13182567E-01 0.64034981E+01
 0.13803843E-01 0.63341400E+01
 0.14454398E-01 0.62670395E+01
 0.15135612E-01 0.62022010E+01
 0.15848932E-01 0.61396253E+01
 0.16595869E-01 0.60793092E+01
 0.17378008E-01 0.60212462E+01
 0.18197009E-01 0.59654264E+01
 0.19054607E-01 0.59118367E+01
 0.19952623E-01 0.58604611E+01
 0.20892961E-01 0.58112809E+01
 0.21877616E-01 0.57642747E+01
 0.22908677E-01 0.57194189E+01
 0.23988329E-01 0.56766876E+01
 0.25118864E-01 0.56360530E+01
 0.26302680E-01 0.55974857E+01
 0.27542287E-01 0.55609546E+01
 0.28840315E-01 0.55264273E+01
 0.30199517E-01 0.54938701E+01
 0.31622777E-01 0.54632488E+01
 0.33113112E-01 0.54345279E+01
 0.34673685E-01 0.54076718E+01
 0.36307805E-01 0.53826442E+01
 0.38018940E-01 0.53594090E+01
 0.39810717E-01 0.53379298E+01
 0.41686938E-01 0.53181707E+01
 0.43651583E-01 0.53000962E+01
 0.45708819E-01 0.52836705E+01
 0.47863009E-01 0.52688603E+01
 0.50118723E-01 0.52556322E+01
 0.52480746E-01 0.52439540E+01
 0.54954087E-01 0.52337951E+01
 0.57543994E-01 0.52212742E+01
 0.60255959E-01 0.52141321E+01
 0.63095734E-01 0.52084277E+01
 0.66069345E-01 0.52041378E+01
 0.69183097E-01 0.52048388E+01
 0.72443596E-01 0.52032540E+01
 0.75857758E-01 0.52030290E+01
 0.79432823E-01 0.52044464E+01
 0.83176377E-01 0.52069008E+01
 0.87096359E-01 0.52107001E+01
 0.91201084E-01 0.52158164E+01
 0.95499259E-01 0.52222637E+01
 0.10000000E+00 0.52300474E+01
 0.10471285E+00 0.52391769E+01
 0.10964782E+00 0.52496660E+01
 0.11481536E+00 0.52615328E+01
 0.12022644E+00 0.52747998E+01
 0.12589254E+00 0.52894941E+01
 0.13182567E+00 0.53056476E+01
 0.13803843E+00 0.53232963E+01
 0.14454398E+00 0.53424809E+01
 0.15135612E+00 0.53632463E+01
 0.15848932E+00 0.53856412E+01
 0.16595869E+00 0.54097181E+01
 0.17378008E+00 0.54355325E+01
 0.18197009E+00 0.54646691E+01
 0.19054607E+00 0.54941003E+01
 0.19952623E+00 0.55254484E+01
 0.20892961E+00 0.55587745E+01
 0.21877616E+00 0.55941386E+01
 0.22908677E+00 0.56315988E+01
 0.23988329E+00 0.56712097E+01
 0.25118864E+00 0.57130213E+01
 0.26302680E+00 0.57570778E+01
 0.27542287E+00 0.58034172E+01
 0.28840315E+00 0.58520676E+01
 0.30199517E+00 0.59030481E+01
 0.31622777E+00 0.59563669E+01
 0.33113112E+00 0.60120213E+01
 0.34673685E+00 0.60699941E+01
 0.36307805E+00 0.61302568E+01
 0.38018940E+00 0.61927667E+01
 0.39810717E+00 0.62574671E+01
 0.41686938E+00 0.63242877E+01
 0.43651583E+00 0.63923960E+01
 0.45708819E+00 0.64632084E+01
 0.47863009E+00 0.65358481E+01
 0.50118723E+00 0.66101927E+01
 0.52480746E+00 0.66861080E+01
 0.54954087E+00 0.67634500E+01
 0.57543994E+00 0.68420653E+01
 0.60255959E+00 0.69217923E+01
 0.63095734E+00 0.70024622E+01
 0.66069345E+00 0.70839008E+01
 0.69183097E+00 0.71659286E+01
 0.72443596E+00 0.72483628E+01
 0.75857758E+00 0.73310180E+01
 0.79432823E+00 0.74137071E+01
 0.83176377E+00 0.74962419E+01
 0.87096359E+00 0.75784348E+01
 0.91201084E+00 0.76600985E+01
 0.95499259E+00 0.77410473E+01
 0.10000000E+01 0.78211002E+01
 0.10471285E+01 0.79000699E+01
 0.10964782E+01 0.79782357E+01
 0.11481536E+01 0.80545000E+01
 0.12022644E+01 0.81291571E+01
 0.12589254E+01 0.82020379E+01
 0.13182567E+01 0.82729773E+01
 0.13803843E+01 0.83418134E+01
 0.14454398E+01 0.84083889E+01
 0.15135612E+01 0.84725500E+01
 0.15848932E+01 0.85341472E+01
 0.16595869E+01 0.85930355E+01
 0.17378008E+01 0.86490739E+01
 0.18197009E+01 0.87021261E+01
 0.19054607E+01 0.87520607E+01
 0.19952623E+01 0.87987510E+01
 0.20892961E+01 0.88420753E+01
 0.21877616E+01 0.88819175E+01
 0.22908677E+01 0.89181671E+01
 0.23988329E+01 0.89507194E+01
 0.25118864E+01 0.89794790E+01
 0.26302680E+01 0.90043480E+01
 0.27542287E+01 0.90252443E+01
 0.28840315E+01 0.90420904E+01
 0.30199517E+01 0.90548159E+01
 0.31622777E+01 0.90633587E+01
 0.33113112E+01 0.90676647E+01
 0.34673685E+01 0.90676857E+01
 0.36307805E+01 0.90633905E+01
 0.38018940E+01 0.90547487E+01
 0.39810717E+01 0.90417423E+01
 0.41686938E+01 0.90243623E+01
 0.43651583E+01 0.90026099E+01
 0.45708819E+01 0.89764958E+01
 0.47863009E+01 0.89460404E+01
 0.50118723E+01 0.89112742E+01
 0.52480746E+01 0.88722375E+01
 0.54954087E+01 0.88289800E+01
 0.57543994E+01 0.87815613E+01
 0.60255959E+01 0.87300502E+01
 0.63095734E+01 0.86745244E+01
 0.66069345E+01 0.86150706E+01
 0.69183097E+01 0.85517838E+01
 0.72443596E+01 0.84847673E+01
 0.75857758E+01 0.84141316E+01
 0.79432823E+01 0.83399945E+01
 0.83176377E+01 0.82624804E+01
 0.87096359E+01 0.81817198E+01
 0.91201084E+01 0.80978487E+01
 0.95499259E+01 0.80110080E+01
 0.10000000E+02 0.79213430E+01
 0.10471285E+02 0.78290027E+01
 0.10964782E+02 0.77341393E+01
 0.11481536E+02 0.76369073E+01
 0.12022644E+02 0.75374636E+01
 0.12589254E+02 0.74359660E+01
 0.13182567E+02 0.73325733E+01
 0.13803843E+02 0.72274445E+01
 0.14454398E+02 0.71207381E+01
 0.15135612E+02 0.70126119E+01
 0.15848932E+02 0.69032223E+01
 0.16595869E+02 0.67927238E+01
 0.17378008E+02 0.66812688E+01
 0.18197009E+02 0.65690069E+01
 0.19054607E+02 0.64560846E+01
 0.19952623E+02 0.63426451E+01
 0.20892961E+02 0.62288279E+01
 0.21877616E+02 0.61147684E+01
 0.22908677E+02 0.60005978E+01
 0.23988329E+02 0.58864427E+01
 0.25118864E+02 0.57724253E+01
 0.26302680E+02 0.56586628E+01
 0.27542287E+02 0.55452675E+01
 0.28840315E+02 0.54323466E+01
 0.30199517E+02 0.53200023E+01
 0.31622777E+02 0.52083315E+01
 0.33113112E+02 0.50974261E+01
 0.34673685E+02 0.49873726E+01
 0.36307805E+02 0.48782524E+01
 0.38018940E+02 0.47701419E+01
 0.39810717E+02 0.46631123E+01
 0.41686938E+02 0.45572298E+01
 0.43651583E+02 0.44525558E+01
 0.45708819E+02 0.43491468E+01
 0.47863009E+02 0.42470547E+01
 0.50118723E+02 0.41463267E+01
 0.52480746E+02 0.40470058E+01
 0.54954087E+02 0.39491303E+01
 0.57543994E+02 0.38527348E+01
 0.60255959E+02 0.37578497E+01
 0.63095734E+02 0.36645014E+01
 0.66069345E+02 0.35727130E+01
 0.69183097E+02 0.34825036E+01
 0.72443596E+02 0.33938894E+01
 0.75857758E+02 0.33068831E+01
 0.79432823E+02 0.32214944E+01
 0.83176377E+02 0.31377302E+01
 0.87096359E+02 0.30555946E+01
 0.91201084E+02 0.29749931E+01
 0.95499259E+02 0.28961199E+01
 0.10000000E+03 0.28188727E+01
 0.10471285E+03 0.27432462E+01
 0.10964782E+03 0.26692331E+01
 0.11481536E+03 0.25968244E+01
 0.12022644E+03 0.25260092E+01
 0.12589254E+03 0.24567750E+01
 0.13182567E+03 0.23891080E+01
 0.13803843E+03 0.23229929E+01
 0.14454398E+03 0.22584133E+01
 0.15135612E+03 0.21953515E+01
 0.15848932E+03 0.21337888E+01
 0.16595869E+03 0.20737058E+01
 0.17378008E+03 0.20150821E+01
 0.18197009E+03 0.19578965E+01
 0.19054607E+03 0.19021274E+01
 0.19952623E+03 0.18477523E+01
 0.20892961E+03 0.17947484E+01
 0.21877616E+03 0.17430925E+01
 0.22908677E+03 0.16927610E+01
 0.23988329E+03 0.16437300E+01
 0.25118864E+03 0.15959753E+01
 0.26302680E+03 0.15494727E+01
 0.27542287E+03 0.15041977E+01
 0.28840315E+03 0.14601258E+01
 0.30199517E+03 0.14172326E+01
 0.31622777E+03 0.13754935E+01
 0.33113112E+03 0.13348840E+01
 0.34673685E+03 0.12953798E+01
 0.36307805E+03 0.12569566E+01
 0.38018940E+03 0.12195904E+01
 0.39810717E+03 0.11832573E+01
 0.41686938E+03 0.11479334E+01
 0.43651583E+03 0.11135954E+01
 0.45708819E+03 0.10802201E+01
 0.47863009E+03 0.10477844E+01
 0.50118723E+03 0.10162659E+01
 0.52480746E+03 0.98564187E+00
 0.54954087E+03 0.95589049E+00
 0.57543994E+03 0.92698999E+00
 0.60255959E+03 0.89891901E+00
 0.63095734E+03 0.87165650E+00
 0.66069345E+03 0.84518178E+00
 0.69183097E+03 0.81947454E+00
 0.72443596E+03 0.79451482E+00
 0.75857758E+03 0.77028305E+00
 0.79432823E+03 0.74676003E+00
 0.83176377E+03 0.72392692E+00
 0.87096359E+03 0.70176528E+00
 0.91201084E+03 0.68025704E+00
 0.95499259E+03 0.65938450E+00
 0.10000000E+04 0.63913036E+00
