# Radial profile for the n03 profile with adiabatic compression
# log(r/kpc)    log(rho/(GeV/cm^3))
 -.69077553E+01 0.13092628E+02
 -.68949941E+01 0.12922778E+02
 -.68822332E+01 0.12898767E+02
 -.68694720E+01 0.12874662E+02
 -.68567111E+01 0.12850274E+02
 -.68439500E+01 0.12826034E+02
 -.68311890E+01 0.12802171E+02
 -.68184279E+01 0.12778324E+02
 -.68056669E+01 0.12754354E+02
 -.67929058E+01 0.12730415E+02
 -.67801446E+01 0.12706555E+02
 -.67673837E+01 0.12682766E+02
 -.67546225E+01 0.12659022E+02
 -.67418616E+01 0.12635188E+02
 -.67291005E+01 0.12611312E+02
 -.67163395E+01 0.12587689E+02
 -.67035784E+01 0.12564263E+02
 -.66908175E+01 0.12540746E+02
 -.66780563E+01 0.12517170E+02
 -.66652951E+01 0.12493661E+02
 -.66525342E+01 0.12470226E+02
 -.66397731E+01 0.12446865E+02
 -.66270121E+01 0.12423489E+02
 -.66142510E+01 0.12399990E+02
 -.66014900E+01 0.12376592E+02
 -.65887289E+01 0.12353489E+02
 -.65759680E+01 0.12330448E+02
 -.65632068E+01 0.12307308E+02
 -.65504457E+01 0.12284121E+02
 -.65376847E+01 0.12260918E+02
 -.65249236E+01 0.12237780E+02
 -.65121626E+01 0.12214742E+02
 -.64994015E+01 0.12191851E+02
 -.64866406E+01 0.12169100E+02
 -.64738794E+01 0.12146332E+02
 -.64611185E+01 0.12123506E+02
 -.64483573E+01 0.12100575E+02
 -.64355962E+01 0.12077634E+02
 -.64228352E+01 0.12055044E+02
 -.64100741E+01 0.12032612E+02
 -.63973131E+01 0.12009719E+02
 -.63845520E+01 0.11986725E+02
 -.63717911E+01 0.11964407E+02
 -.63590299E+01 0.11942300E+02
 -.63462690E+01 0.11919691E+02
 -.63335078E+01 0.11897032E+02
 -.63207467E+01 0.11874798E+02
 -.63079857E+01 0.11852621E+02
 -.62952246E+01 0.11830213E+02
 -.62824637E+01 0.11807707E+02
 -.62697025E+01 0.11785194E+02
 -.62569416E+01 0.11763022E+02
 -.62441804E+01 0.11741290E+02
 -.62314195E+01 0.11719333E+02
 -.62186583E+01 0.11697003E+02
 -.62058972E+01 0.11674812E+02
 -.61931363E+01 0.11652846E+02
 -.61803751E+01 0.11630940E+02
 -.61676142E+01 0.11609030E+02
 -.61548530E+01 0.11586975E+02
 -.61420921E+01 0.11564881E+02
 -.61293309E+01 0.11543131E+02
 -.61165698E+01 0.11521593E+02
 -.61038088E+01 0.11499897E+02
 -.60910477E+01 0.11478120E+02
 -.60782868E+01 0.11456418E+02
 -.60655256E+01 0.11434796E+02
 -.60527647E+01 0.11413253E+02
 -.60400035E+01 0.11391649E+02
 -.60272426E+01 0.11369864E+02
 -.60144814E+01 0.11348237E+02
 -.60017203E+01 0.11326975E+02
 -.59889594E+01 0.11305745E+02
 -.59761982E+01 0.11284385E+02
 -.59634373E+01 0.11262888E+02
 -.59506761E+01 0.11241290E+02
 -.59379152E+01 0.11220037E+02
 -.59251540E+01 0.11199127E+02
 -.59123931E+01 0.11177748E+02
 -.58996319E+01 0.11155965E+02
 -.58868708E+01 0.11134866E+02
 -.58741099E+01 0.11114311E+02
 -.58613487E+01 0.11093274E+02
 -.58485878E+01 0.11071877E+02
 -.58358266E+01 0.11050695E+02
 -.58230657E+01 0.11029757E+02
 -.58103045E+01 0.11009056E+02
 -.57975436E+01 0.10988274E+02
 -.57847825E+01 0.10966956E+02
 -.57720213E+01 0.10945675E+02
 -.57592604E+01 0.10925023E+02
 -.57464992E+01 0.10904482E+02
 -.57337383E+01 0.10883659E+02
 -.57209771E+01 0.10862838E+02
 -.57082162E+01 0.10842172E+02
 -.56954550E+01 0.10821414E+02
 -.56826941E+01 0.10800487E+02
 -.56699330E+01 0.10779685E+02
 -.56571718E+01 0.10759090E+02
 -.56444109E+01 0.10738626E+02
 -.56316497E+01 0.10718252E+02
 -.56188888E+01 0.10697821E+02
 -.56061276E+01 0.10677304E+02
 -.55933667E+01 0.10656684E+02
 -.55806056E+01 0.10636021E+02
 -.55678446E+01 0.10615504E+02
 -.55550835E+01 0.10595110E+02
 -.55423223E+01 0.10574752E+02
 -.55295614E+01 0.10554418E+02
 -.55168002E+01 0.10534094E+02
 -.55040393E+01 0.10513780E+02
 -.54912782E+01 0.10493477E+02
 -.54785172E+01 0.10473230E+02
 -.54657561E+01 0.10453076E+02
 -.54529951E+01 0.10432807E+02
 -.54402340E+01 0.10412307E+02
 -.54274728E+01 0.10392027E+02
 -.54147119E+01 0.10372157E+02
 -.54019507E+01 0.10352266E+02
 -.53891898E+01 0.10332200E+02
 -.53764287E+01 0.10311949E+02
 -.53636677E+01 0.10291588E+02
 -.53509066E+01 0.10271657E+02
 -.53381457E+01 0.10252058E+02
 -.53253845E+01 0.10231828E+02
 -.53126233E+01 0.10211194E+02
 -.52998624E+01 0.10191415E+02
 -.52871013E+01 0.10172160E+02
 -.52743403E+01 0.10152258E+02
 -.52615792E+01 0.10131992E+02
 -.52488182E+01 0.10112029E+02
 -.52360571E+01 0.10092286E+02
 -.52232962E+01 0.10072617E+02
 -.52105350E+01 0.10052739E+02
 -.51977738E+01 0.10032368E+02
 -.51850129E+01 0.10012276E+02
 -.51722518E+01 0.99930151E+01
 -.51594908E+01 0.99737526E+01
 -.51467297E+01 0.99540461E+01
 -.51339688E+01 0.99341684E+01
 -.51212076E+01 0.99142459E+01
 -.51084467E+01 0.98945105E+01
 -.50956855E+01 0.98749797E+01
 -.50829244E+01 0.98552210E+01
 -.50701634E+01 0.98352463E+01
 -.50574023E+01 0.98156693E+01
 -.50446413E+01 0.97964473E+01
 -.50318802E+01 0.97770020E+01
 -.50191193E+01 0.97573667E+01
 -.50063581E+01 0.97378348E+01
 -.49935972E+01 0.97183563E+01
 -.49808360E+01 0.96987749E+01
 -.49680749E+01 0.96790615E+01
 -.49553139E+01 0.96591796E+01
 -.49425528E+01 0.96395542E+01
 -.49297919E+01 0.96206993E+01
 -.49170307E+01 0.96016854E+01
 -.49042698E+01 0.95817193E+01
 -.48915086E+01 0.95618924E+01
 -.48787477E+01 0.95428645E+01
 -.48659865E+01 0.95237038E+01
 -.48532254E+01 0.95040123E+01
 -.48404644E+01 0.94844067E+01
 -.48277033E+01 0.94650929E+01
 -.48149424E+01 0.94459777E+01
 -.48021812E+01 0.94269722E+01
 -.47894203E+01 0.94076314E+01
 -.47766591E+01 0.93880023E+01
 -.47638980E+01 0.93687186E+01
 -.47511370E+01 0.93496378E+01
 -.47383759E+01 0.93299723E+01
 -.47256150E+01 0.93100946E+01
 -.47128538E+01 0.92911524E+01
 -.47000929E+01 0.92726145E+01
 -.46873317E+01 0.92533363E+01
 -.46745708E+01 0.92337420E+01
 -.46618096E+01 0.92144774E+01
 -.46490485E+01 0.91954185E+01
 -.46362876E+01 0.91764316E+01
 -.46235264E+01 0.91571486E+01
 -.46107655E+01 0.91373203E+01
 -.45980043E+01 0.91179360E+01
 -.45852434E+01 0.90994757E+01
 -.45724822E+01 0.90807290E+01
 -.45597213E+01 0.90612722E+01
 -.45469601E+01 0.90419143E+01
 -.45341990E+01 0.90228713E+01
 -.45214381E+01 0.90039286E+01
 -.45086769E+01 0.89849656E+01
 -.44959160E+01 0.89655682E+01
 -.44831548E+01 0.89458903E+01
 -.44703939E+01 0.89268302E+01
 -.44576327E+01 0.89082290E+01
 -.44448718E+01 0.88893126E+01
 -.44321107E+01 0.88701827E+01
 -.44193495E+01 0.88511864E+01
 -.44065886E+01 0.88322184E+01
 -.43938274E+01 0.88131007E+01
 -.43810665E+01 0.87938610E+01
 -.43683053E+01 0.87745388E+01
 -.43555444E+01 0.87554092E+01
 -.43427832E+01 0.87367028E+01
 -.43300223E+01 0.87180258E+01
 -.43172612E+01 0.86991317E+01
 -.43045000E+01 0.86800474E+01
 -.42917391E+01 0.86608093E+01
 -.42789779E+01 0.86418045E+01
 -.42662170E+01 0.86230909E+01
 -.42534558E+01 0.86039134E+01
 -.42406949E+01 0.85842636E+01
 -.42279338E+01 0.85653819E+01
 -.42151728E+01 0.85472320E+01
 -.42024117E+01 0.85285242E+01
 -.41896505E+01 0.85092550E+01
 -.41768896E+01 0.84900043E+01
 -.41641284E+01 0.84709317E+01
 -.41513675E+01 0.84523225E+01
 -.41386063E+01 0.84337834E+01
 -.41258454E+01 0.84145327E+01
 -.41130843E+01 0.83950915E+01
 -.41003233E+01 0.83762220E+01
 -.40875622E+01 0.83575520E+01
 -.40748010E+01 0.83386975E+01
 -.40620401E+01 0.83198352E+01
 -.40492789E+01 0.83010903E+01
 -.40365180E+01 0.82822141E+01
 -.40237569E+01 0.82630909E+01
 -.40109959E+01 0.82440914E+01
 -.39982348E+01 0.82253467E+01
 -.39854738E+01 0.82066403E+01
 -.39727127E+01 0.81878904E+01
 -.39599515E+01 0.81689585E+01
 -.39471906E+01 0.81498814E+01
 -.39344295E+01 0.81310398E+01
 -.39216685E+01 0.81123785E+01
 -.39089074E+01 0.80934300E+01
 -.38961464E+01 0.80743172E+01
 -.38833853E+01 0.80555550E+01
 -.38706244E+01 0.80369375E+01
 -.38578632E+01 0.80179280E+01
 -.38451020E+01 0.79988840E+01
 -.38323411E+01 0.79804284E+01
 -.38195800E+01 0.79619665E+01
 -.38068190E+01 0.79427938E+01
 -.37940579E+01 0.79235414E+01
 -.37812970E+01 0.79047541E+01
 -.37685358E+01 0.78861391E+01
 -.37557749E+01 0.78675077E+01
 -.37430137E+01 0.78487147E+01
 -.37302526E+01 0.78297136E+01
 -.37174916E+01 0.78108538E+01
 -.37047305E+01 0.77922231E+01
 -.36919695E+01 0.77734877E+01
 -.36792084E+01 0.77545729E+01
 -.36664475E+01 0.77355523E+01
 -.36536863E+01 0.77165309E+01
 -.36409254E+01 0.76979401E+01
 -.36281642E+01 0.76796407E+01
 -.36154031E+01 0.76609516E+01
 -.36026421E+01 0.76419451E+01
 -.35898810E+01 0.76229619E+01
 -.35771201E+01 0.76041061E+01
 -.35643589E+01 0.75855417E+01
 -.35515980E+01 0.75669036E+01
 -.35388368E+01 0.75476725E+01
 -.35260759E+01 0.75285398E+01
 -.35133147E+01 0.75102025E+01
 -.35005536E+01 0.74918511E+01
 -.34877926E+01 0.74729174E+01
 -.34750315E+01 0.74539895E+01
 -.34622706E+01 0.74354000E+01
 -.34495094E+01 0.74167921E+01
 -.34367485E+01 0.73980171E+01
 -.34239873E+01 0.73789664E+01
 -.34112262E+01 0.73597012E+01
 -.33984652E+01 0.73409756E+01
 -.33857041E+01 0.73227926E+01
 -.33729432E+01 0.73042386E+01
 -.33601820E+01 0.72852800E+01
 -.33474211E+01 0.72663576E+01
 -.33346599E+01 0.72475438E+01
 -.33218990E+01 0.72289180E+01
 -.33091378E+01 0.72103573E+01
 -.32963767E+01 0.71915784E+01
 -.32836157E+01 0.71726778E+01
 -.32708546E+01 0.71538309E+01
 -.32580937E+01 0.71350909E+01
 -.32453325E+01 0.71165166E+01
 -.32325716E+01 0.70979237E+01
 -.32198104E+01 0.70791553E+01
 -.32070495E+01 0.70602953E+01
 -.31942883E+01 0.70414017E+01
 -.31815272E+01 0.70226803E+01
 -.31687663E+01 0.70042030E+01
 -.31560051E+01 0.69855997E+01
 -.31432442E+01 0.69667680E+01
 -.31304830E+01 0.69479649E+01
 -.31177221E+01 0.69292531E+01
 -.31049609E+01 0.69106213E+01
 -.30922000E+01 0.68919991E+01
 -.30794389E+01 0.68730968E+01
 -.30666777E+01 0.68540424E+01
 -.30539168E+01 0.68354143E+01
 -.30411556E+01 0.68170601E+01
 -.30283947E+01 0.67984580E+01
 -.30156335E+01 0.67796853E+01
 -.30028726E+01 0.67609406E+01
 -.29901114E+01 0.67422577E+01
 -.29773505E+01 0.67236758E+01
 -.29645894E+01 0.67049671E+01
 -.29518282E+01 0.66859044E+01
 -.29390673E+01 0.66670067E+01
 -.29263061E+01 0.66486375E+01
 -.29135452E+01 0.66302397E+01
 -.29007840E+01 0.66115293E+01
 -.28880231E+01 0.65927789E+01
 -.28752620E+01 0.65741001E+01
 -.28625010E+01 0.65554835E+01
 -.28497399E+01 0.65368938E+01
 -.28369787E+01 0.65180690E+01
 -.28242178E+01 0.64990538E+01
 -.28114566E+01 0.64804105E+01
 -.27986957E+01 0.64620971E+01
 -.27859345E+01 0.64435903E+01
 -.27731736E+01 0.64248979E+01
 -.27604125E+01 0.64062096E+01
 -.27476515E+01 0.63875617E+01
 -.27348904E+01 0.63690063E+01
 -.27221292E+01 0.63503927E+01
 -.27093683E+01 0.63314733E+01
 -.26966071E+01 0.63126144E+01
 -.26838462E+01 0.62942441E+01
 -.26710851E+01 0.62759344E+01
 -.26583241E+01 0.62573123E+01
 -.26455630E+01 0.62386224E+01
 -.26328020E+01 0.62200171E+01
 -.26200409E+01 0.62014831E+01
 -.26072797E+01 0.61829975E+01
 -.25945188E+01 0.61642853E+01
 -.25817576E+01 0.61453164E+01
 -.25689967E+01 0.61267186E+01
 -.25562356E+01 0.61085542E+01
 -.25434746E+01 0.60901718E+01
 -.25307135E+01 0.60715190E+01
 -.25179526E+01 0.60529141E+01
 -.25051914E+01 0.60343972E+01
 -.24924302E+01 0.60159668E+01
 -.24796693E+01 0.59975040E+01
 -.24669082E+01 0.59787204E+01
 -.24541472E+01 0.59598957E+01
 -.24413861E+01 0.59415890E+01
 -.24286251E+01 0.59234533E+01
 -.24158640E+01 0.59049834E+01
 -.24031031E+01 0.58864275E+01
 -.23903419E+01 0.58680377E+01
 -.23775807E+01 0.58495560E+01
 -.23648198E+01 0.58308065E+01
 -.23520587E+01 0.58122472E+01
 -.23392977E+01 0.57941010E+01
 -.23265366E+01 0.57759138E+01
 -.23137757E+01 0.57575180E+01
 -.23010145E+01 0.57390752E+01
 -.22882535E+01 0.57206377E+01
 -.22754924E+01 0.57022458E+01
 -.22627314E+01 0.56838993E+01
 -.22499703E+01 0.56655422E+01
 -.22372092E+01 0.56471830E+01
 -.22244482E+01 0.56288885E+01
 -.22116871E+01 0.56106409E+01
 -.21989261E+01 0.55923683E+01
 -.21861650E+01 0.55740766E+01
 -.21734040E+01 0.55557888E+01
 -.21606429E+01 0.55375286E+01
 -.21478819E+01 0.55193338E+01
 -.21351208E+01 0.55011606E+01
 -.21223598E+01 0.54829582E+01
 -.21095987E+01 0.54647577E+01
 -.20968376E+01 0.54465852E+01
 -.20840766E+01 0.54284362E+01
 -.20713155E+01 0.54103094E+01
 -.20585545E+01 0.53922113E+01
 -.20457934E+01 0.53741424E+01
 -.20330324E+01 0.53560731E+01
 -.20202713E+01 0.53379971E+01
 -.20075103E+01 0.53199527E+01
 -.19947492E+01 0.53019476E+01
 -.19819882E+01 0.52839707E+01
 -.19692271E+01 0.52660156E+01
 -.19564660E+01 0.52480614E+01
 -.19437050E+01 0.52301139E+01
 -.19309439E+01 0.52121979E+01
 -.19181829E+01 0.51943154E+01
 -.19054218E+01 0.51764678E+01
 -.18926608E+01 0.51586490E+01
 -.18798997E+01 0.51408436E+01
 -.18671387E+01 0.51230577E+01
 -.18543776E+01 0.51053023E+01
 -.18416165E+01 0.50875569E+01
 -.18288555E+01 0.50698001E+01
 -.18160944E+01 0.50520909E+01
 -.18033334E+01 0.50344701E+01
 -.17905723E+01 0.50168745E+01
 -.17778113E+01 0.49992721E+01
 -.17650502E+01 0.49817013E+01
 -.17522892E+01 0.49641743E+01
 -.17395281E+01 0.49466472E+01
 -.17267670E+01 0.49291174E+01
 -.17140060E+01 0.49116671E+01
 -.17012449E+01 0.48942973E+01
 -.16884839E+01 0.48769151E+01
 -.16757228E+01 0.48595209E+01
 -.16629618E+01 0.48421776E+01
 -.16502007E+01 0.48248831E+01
 -.16374397E+01 0.48076123E+01
 -.16246786E+01 0.47903724E+01
 -.16119176E+01 0.47731852E+01
 -.15991565E+01 0.47560392E+01
 -.15863954E+01 0.47389124E+01
 -.15736344E+01 0.47218046E+01
 -.15608733E+01 0.47047169E+01
 -.15481123E+01 0.46876815E+01
 -.15353512E+01 0.46707248E+01
 -.15225902E+01 0.46537918E+01
 -.15098291E+01 0.46368494E+01
 -.14970681E+01 0.46199466E+01
 -.14843070E+01 0.46031050E+01
 -.14715460E+01 0.45862957E+01
 -.14587849E+01 0.45695098E+01
 -.14460239E+01 0.45527742E+01
 -.14332628E+01 0.45360910E+01
 -.14205017E+01 0.45194251E+01
 -.14077407E+01 0.45027781E+01
 -.13949796E+01 0.44861889E+01
 -.13822186E+01 0.44696504E+01
 -.13694575E+01 0.44531273E+01
 -.13566965E+01 0.44366368E+01
 -.13439354E+01 0.44202291E+01
 -.13311744E+01 0.44038671E+01
 -.13184133E+01 0.43874762E+01
 -.13056523E+01 0.43711099E+01
 -.12928912E+01 0.43548463E+01
 -.12801301E+01 0.43386225E+01
 -.12673691E+01 0.43223752E+01
 -.12546080E+01 0.43061694E+01
 -.12418470E+01 0.42900490E+01
 -.12290859E+01 0.42739627E+01
 -.12163249E+01 0.42578816E+01
 -.12035638E+01 0.42418354E+01
 -.11908028E+01 0.42258338E+01
 -.11780417E+01 0.42098674E+01
 -.11652806E+01 0.41939333E+01
 -.11525196E+01 0.41780324E+01
 -.11397585E+01 0.41621639E+01
 -.11269975E+01 0.41463265E+01
 -.11142364E+01 0.41305201E+01
 -.11014754E+01 0.41147472E+01
 -.10887143E+01 0.40990053E+01
 -.10759533E+01 0.40832877E+01
 -.10631922E+01 0.40675976E+01
 -.10504311E+01 0.40519451E+01
 -.10376701E+01 0.40363145E+01
 -.10249090E+01 0.40206808E+01
 -.10121480E+01 0.40050771E+01
 -.99938693E+00 0.39895411E+01
 -.98662587E+00 0.39740328E+01
 -.97386483E+00 0.39585179E+01
 -.96110376E+00 0.39430195E+01
 -.94834272E+00 0.39275505E+01
 -.93558165E+00 0.39120992E+01
 -.92282061E+00 0.38966599E+01
 -.91005955E+00 0.38812372E+01
 -.89729851E+00 0.38658324E+01
 -.88453744E+00 0.38504415E+01
 -.87177638E+00 0.38350619E+01
 -.85901534E+00 0.38196854E+01
 -.84625427E+00 0.38043141E+01
 -.83349323E+00 0.37889629E+01
 -.82073216E+00 0.37736293E+01
 -.80797112E+00 0.37582983E+01
 -.79521006E+00 0.37429635E+01
 -.78244899E+00 0.37276145E+01
 -.76968795E+00 0.37122599E+01
 -.75692689E+00 0.36969173E+01
 -.74416584E+00 0.36815817E+01
 -.73140478E+00 0.36662464E+01
 -.71864374E+00 0.36509006E+01
 -.70588267E+00 0.36355330E+01
 -.69312161E+00 0.36201528E+01
 -.68036057E+00 0.36047677E+01
 -.66759950E+00 0.35893689E+01
 -.65483846E+00 0.35739515E+01
 -.64207740E+00 0.35585198E+01
 -.62931635E+00 0.35430733E+01
 -.61655529E+00 0.35275862E+01
 -.60379422E+00 0.35120561E+01
 -.59103318E+00 0.34965386E+01
 -.57827212E+00 0.34810339E+01
 -.56551108E+00 0.34654765E+01
 -.55275001E+00 0.34498622E+01
 -.53998897E+00 0.34342143E+01
 -.52722791E+00 0.34185362E+01
 -.51446686E+00 0.34028293E+01
 -.50170580E+00 0.33870891E+01
 -.48894473E+00 0.33713067E+01
 -.47618369E+00 0.33554760E+01
 -.46342263E+00 0.33395879E+01
 -.45066159E+00 0.33236552E+01
 -.43790052E+00 0.33076932E+01
 -.42513948E+00 0.32916829E+01
 -.41237841E+00 0.32756090E+01
 -.39961735E+00 0.32594745E+01
 -.38685631E+00 0.32432821E+01
 -.37409524E+00 0.32270375E+01
 -.36133420E+00 0.32107424E+01
 -.34857314E+00 0.31943853E+01
 -.33581210E+00 0.31779612E+01
 -.32305103E+00 0.31614629E+01
 -.31028997E+00 0.31448912E+01
 -.29752892E+00 0.31282596E+01
 -.28476786E+00 0.31115680E+01
 -.27200682E+00 0.30948045E+01
 -.25924575E+00 0.30779613E+01
 -.24648471E+00 0.30610156E+01
 -.23372365E+00 0.30439820E+01
 -.22096259E+00 0.30269047E+01
 -.20820154E+00 0.30097629E+01
 -.19544048E+00 0.29925142E+01
 -.18267943E+00 0.29751709E+01
 -.16991837E+00 0.29577516E+01
 -.15715732E+00 0.29402501E+01
 -.14439626E+00 0.29226604E+01
 -.13163521E+00 0.29049715E+01
 -.11887416E+00 0.28871753E+01
 -.10611310E+00 0.28692874E+01
 -.93352047E-01 0.28513151E+01
 -.80590992E-01 0.28332552E+01
 -.67829936E-01 0.28151037E+01
 -.55068883E-01 0.27968322E+01
 -.42307827E-01 0.27784369E+01
 -.29546772E-01 0.27599632E+01
 -.16785718E-01 0.27414127E+01
 -.40246629E-02 0.27227449E+01
 0.87363917E-02 0.27039556E+01
 0.21497447E-01 0.26850569E+01
 0.34258501E-01 0.26660523E+01
 0.47019557E-01 0.26469489E+01
 0.59780610E-01 0.26277414E+01
 0.72541665E-01 0.26084184E+01
 0.85302721E-01 0.25889781E+01
 0.98063774E-01 0.25694181E+01
 0.11082483E+00 0.25497492E+01
 0.12358589E+00 0.25299833E+01
 0.13634694E+00 0.25101067E+01
 0.14910799E+00 0.24901060E+01
 0.16186905E+00 0.24699840E+01
 0.17463010E+00 0.24497431E+01
 0.18739116E+00 0.24293979E+01
 0.20015221E+00 0.24089530E+01
 0.21291327E+00 0.23883737E+01
 0.22567432E+00 0.23676534E+01
 0.23843538E+00 0.23468417E+01
 0.25119642E+00 0.23259441E+01
 0.26395749E+00 0.23049151E+01
 0.27671855E+00 0.22837506E+01
 0.28947959E+00 0.22624715E+01
 0.30224066E+00 0.22410828E+01
 0.31500170E+00 0.22195920E+01
 0.32776276E+00 0.21979943E+01
 0.34052381E+00 0.21762747E+01
 0.35328487E+00 0.21544398E+01
 0.36604594E+00 0.21325038E+01
 0.37880698E+00 0.21104608E+01
 0.39156804E+00 0.20883026E+01
 0.40432908E+00 0.20660456E+01
 0.41709015E+00 0.20437052E+01
 0.42985119E+00 0.20212619E+01
 0.44261226E+00 0.19987037E+01
 0.45537330E+00 0.19760502E+01
 0.46813436E+00 0.19533121E+01
 0.48089543E+00 0.19305010E+01
 0.49365647E+00 0.19076201E+01
 0.50641753E+00 0.18846344E+01
 0.51917857E+00 0.18615424E+01
 0.53193964E+00 0.18384037E+01
 0.54470068E+00 0.18152252E+01
 0.55746175E+00 0.17919671E+01
 0.57022281E+00 0.17686330E+01
 0.58298385E+00 0.17452566E+01
 0.59574492E+00 0.17218357E+01
 0.60850596E+00 0.16983504E+01
 0.62126702E+00 0.16748225E+01
 0.63402806E+00 0.16513009E+01
 0.64678913E+00 0.16277700E+01
 0.65955019E+00 0.16041995E+01
 0.67231124E+00 0.15805962E+01
 0.68507230E+00 0.15569677E+01
 0.69783334E+00 0.15333518E+01
 0.71059441E+00 0.15097806E+01
 0.72335545E+00 0.14862121E+01
 0.73611651E+00 0.14626223E+01
 0.74887756E+00 0.14390589E+01
 0.76163862E+00 0.14155448E+01
 0.77439969E+00 0.13920899E+01
 0.78716073E+00 0.13686904E+01
 0.79992179E+00 0.13452610E+01
 0.81268283E+00 0.13218104E+01
 0.82544390E+00 0.12985508E+01
 0.83820494E+00 0.12754640E+01
 0.85096600E+00 0.12522635E+01
 0.86372707E+00 0.12290035E+01
 0.87648811E+00 0.12060092E+01
 0.88924918E+00 0.11832093E+01
 0.90201022E+00 0.11603415E+01
 0.91477128E+00 0.11374440E+01
 0.92753232E+00 0.11146199E+01
 0.94029339E+00 0.10919534E+01
 0.95305445E+00 0.10695610E+01
 0.96581549E+00 0.10472077E+01
 0.97857656E+00 0.10246539E+01
 0.99133760E+00 0.10021990E+01
 0.10040987E+01 0.98005558E+00
 0.10168597E+01 0.95799239E+00
 0.10296208E+01 0.93587986E+00
 0.10423818E+01 0.91377859E+00
 0.10551429E+01 0.89171819E+00
 0.10679039E+01 0.86979551E+00
 0.10806650E+01 0.84801655E+00
 0.10934261E+01 0.82620829E+00
 0.11061871E+01 0.80436253E+00
 0.11189482E+01 0.78265542E+00
 0.11317092E+01 0.76107513E+00
 0.11444703E+01 0.73946795E+00
 0.11572313E+01 0.71781771E+00
 0.11699924E+01 0.69613081E+00
 0.11827534E+01 0.67444875E+00
 0.11955145E+01 0.65286671E+00
 0.12082755E+01 0.63134378E+00
 0.12210366E+01 0.60980807E+00
 0.12337976E+01 0.58825755E+00
 0.12465587E+01 0.56668998E+00
 0.12593198E+01 0.54503695E+00
 0.12720808E+01 0.52324462E+00
 0.12848419E+01 0.50152882E+00
 0.12976029E+01 0.48001259E+00
 0.13103640E+01 0.45839924E+00
 0.13231250E+01 0.43656410E+00
 0.13358861E+01 0.41470133E+00
 0.13486471E+01 0.39286804E+00
 0.13614082E+01 0.37098233E+00
 0.13741692E+01 0.34903356E+00
 0.13869303E+01 0.32708516E+00
 0.13996914E+01 0.30511827E+00
 0.14124524E+01 0.28299376E+00
 0.14252135E+01 0.26075963E+00
 0.14379745E+01 0.23864768E+00
 0.14507356E+01 0.21654729E+00
 0.14634966E+01 0.19416295E+00
 0.14762577E+01 0.17165040E+00
 0.14890187E+01 0.14934349E+00
 0.15017798E+01 0.12704620E+00
 0.15145408E+01 0.10448512E+00
 0.15273019E+01 0.81794109E-01
 0.15400630E+01 0.59110219E-01
 0.15528240E+01 0.36388270E-01
 0.15655851E+01 0.13596387E-01
 0.15783461E+01 -.92329734E-02
 0.15911072E+01 -.32086984E-01
 0.16038682E+01 -.55060156E-01
 0.16166293E+01 -.78175688E-01
 0.16293904E+01 -.10127896E+00
 0.16421514E+01 -.12433612E+00
 0.16549125E+01 -.14748624E+00
 0.16676735E+01 -.17076257E+00
 0.16804346E+01 -.19418164E+00
 0.16931956E+01 -.21770428E+00
 0.17059567E+01 -.24116583E+00
 0.17187177E+01 -.26460863E+00
 0.17314788E+01 -.28820645E+00
 0.17442398E+01 -.31192678E+00
 0.17570009E+01 -.33567475E+00
 0.17697620E+01 -.35945112E+00
 0.17825230E+01 -.38326232E+00
 0.17952841E+01 -.40716195E+00
 0.18080451E+01 -.43121262E+00
 0.18208062E+01 -.45530473E+00
 0.18335672E+01 -.47934735E+00
 0.18463283E+01 -.50343099E+00
 0.18590893E+01 -.52761345E+00
 0.18718504E+01 -.55195580E+00
 0.18846114E+01 -.57646629E+00
 0.18973725E+01 -.60085270E+00
 0.19101335E+01 -.62506445E+00
 0.19228946E+01 -.64956331E+00
 0.19356557E+01 -.67439480E+00
 0.19484167E+01 -.69910658E+00
 0.19611778E+01 -.72366179E+00
 0.19739388E+01 -.74826875E+00
 0.19866999E+01 -.77297482E+00
 0.19994609E+01 -.79785442E+00
 0.20122220E+01 -.82288112E+00
 0.20249830E+01 -.84797340E+00
 0.20377441E+01 -.87304793E+00
 0.20505051E+01 -.89797003E+00
 0.20632662E+01 -.92290687E+00
 0.20760273E+01 -.94808511E+00
 0.20887883E+01 -.97339162E+00
 0.21015494E+01 -.99871244E+00
 0.21143104E+01 -.10240078E+01
 0.21270715E+01 -.10492525E+01
 0.21398325E+01 -.10745731E+01
 0.21525936E+01 -.11000305E+01
 0.21653546E+01 -.11255351E+01
 0.21781157E+01 -.11510531E+01
 0.21908767E+01 -.11766004E+01
 0.22036378E+01 -.12021844E+01
 0.22163989E+01 -.12278316E+01
 0.22291599E+01 -.12535237E+01
 0.22419210E+01 -.12791344E+01
 0.22546820E+01 -.13047119E+01
 0.22674431E+01 -.13305187E+01
 0.22802041E+01 -.13564715E+01
 0.22929652E+01 -.13822562E+01
 0.23057263E+01 -.14079533E+01
 0.23184872E+01 -.14337768E+01
 0.23312484E+01 -.14596998E+01
 0.23440095E+01 -.14856690E+01
 0.23567704E+01 -.15116165E+01
 0.23695316E+01 -.15374661E+01
 0.23822925E+01 -.15633908E+01
 0.23950537E+01 -.15895274E+01
 0.24078146E+01 -.16156234E+01
 0.24205758E+01 -.16415359E+01
 0.24333367E+01 -.16674717E+01
 0.24460979E+01 -.16935168E+01
 0.24588590E+01 -.17195953E+01
 0.24716199E+01 -.17456793E+01
 0.24843811E+01 -.18083091E+01
 0.24971420E+01 -.18788546E+01
 0.25099032E+01 -.19028830E+01
 0.25226641E+01 -.19269224E+01
 0.25354253E+01 -.19509734E+01
 0.25481862E+01 -.19750366E+01
 0.25609473E+01 -.19991123E+01
 0.25737085E+01 -.20232011E+01
 0.25864694E+01 -.20473040E+01
 0.25992306E+01 -.20714218E+01
 0.26119915E+01 -.20955547E+01
 0.26247527E+01 -.21197035E+01
 0.26375136E+01 -.21438686E+01
 0.26502748E+01 -.21680504E+01
 0.26630357E+01 -.21922501E+01
 0.26757968E+01 -.22164681E+01
 0.26885580E+01 -.22407052E+01
 0.27013189E+01 -.22649617E+01
 0.27140801E+01 -.22892381E+01
 0.27268410E+01 -.23135350E+01
 0.27396022E+01 -.23378533E+01
 0.27523631E+01 -.23621937E+01
 0.27651242E+01 -.23865567E+01
 0.27778852E+01 -.24109429E+01
 0.27906463E+01 -.24353524E+01
 0.28034075E+01 -.24597860E+01
 0.28161684E+01 -.24842448E+01
 0.28289296E+01 -.25087291E+01
 0.28416905E+01 -.25332396E+01
 0.28544516E+01 -.25577767E+01
 0.28672126E+01 -.25823407E+01
 0.28799737E+01 -.26069323E+01
 0.28927347E+01 -.26315524E+01
 0.29054958E+01 -.26562018E+01
 0.29182570E+01 -.26808807E+01
 0.29310179E+01 -.27055895E+01
 0.29437791E+01 -.27303285E+01
 0.29565400E+01 -.27550986E+01
 0.29693011E+01 -.27799009E+01
 0.29820621E+01 -.28047354E+01
 0.29948232E+01 -.28296026E+01
 0.30075841E+01 -.28545030E+01
 0.30203453E+01 -.28794368E+01
 0.30331065E+01 -.29044053E+01
 0.30458674E+01 -.29294089E+01
 0.30586285E+01 -.29544479E+01
 0.30713895E+01 -.29795228E+01
 0.30841506E+01 -.30046336E+01
 0.30969116E+01 -.30297813E+01
 0.31096727E+01 -.30549667E+01
 0.31224336E+01 -.30801904E+01
 0.31351948E+01 -.31054523E+01
 0.31479560E+01 -.31307529E+01
 0.31607169E+01 -.31560921E+01
 0.31734780E+01 -.31814719E+01
 0.31862390E+01 -.32068920E+01
 0.31990001E+01 -.32323528E+01
 0.32117610E+01 -.32578549E+01
 0.32245222E+01 -.32833979E+01
 0.32372831E+01 -.33089831E+01
 0.32500443E+01 -.33346113E+01
 0.32628054E+01 -.33602826E+01
 0.32755664E+01 -.33859972E+01
 0.32883275E+01 -.34117551E+01
 0.33010885E+01 -.34375569E+01
 0.33138496E+01 -.34634041E+01
 0.33266105E+01 -.34892962E+01
 0.33393717E+01 -.35152342E+01
 0.33521326E+01 -.35412175E+01
 0.33648938E+01 -.35672463E+01
 0.33776549E+01 -.35933224E+01
 0.33904159E+01 -.36194457E+01
 0.34031770E+01 -.36456167E+01
 0.34159379E+01 -.36718350E+01
 0.34286991E+01 -.36981009E+01
 0.34414600E+01 -.37244155E+01
 0.34542212E+01 -.37507794E+01
 0.34669823E+01 -.37771926E+01
 0.34797433E+01 -.38036553E+01
 0.34925044E+01 -.38301672E+01
 0.35052654E+01 -.38567294E+01
 0.35180265E+01 -.38833427E+01
 0.35307874E+01 -.39100071E+01
 0.35435486E+01 -.39367226E+01
 0.35563095E+01 -.39634892E+01
 0.35690707E+01 -.39903074E+01
 0.35818318E+01 -.40171784E+01
 0.35945928E+01 -.40441020E+01
 0.36073539E+01 -.40710784E+01
 0.36201148E+01 -.40981076E+01
 0.36328760E+01 -.41251896E+01
 0.36456369E+01 -.41523258E+01
 0.36583981E+01 -.41795166E+01
 0.36711590E+01 -.42067617E+01
 0.36839202E+01 -.42340607E+01
 0.36966813E+01 -.42614140E+01
 0.37094422E+01 -.42888229E+01
 0.37222034E+01 -.43162879E+01
 0.37349643E+01 -.43438084E+01
 0.37477255E+01 -.43713843E+01
 0.37604864E+01 -.43990158E+01
 0.37732476E+01 -.44267044E+01
 0.37860085E+01 -.44544501E+01
 0.37987697E+01 -.44822529E+01
 0.38115308E+01 -.45101123E+01
 0.38242917E+01 -.45380284E+01
 0.38370529E+01 -.45660028E+01
 0.38498138E+01 -.45940358E+01
 0.38625750E+01 -.46221269E+01
 0.38753359E+01 -.46502762E+01
 0.38880971E+01 -.46784831E+01
 0.39008580E+01 -.47067494E+01
 0.39136191E+01 -.47350756E+01
 0.39263803E+01 -.47634612E+01
 0.39391412E+01 -.47919057E+01
 0.39519024E+01 -.48204092E+01
 0.39646633E+01 -.48489732E+01
 0.39774245E+01 -.48775982E+01
 0.39901854E+01 -.49062836E+01
 0.40029466E+01 -.49350293E+01
 0.40157075E+01 -.49638349E+01
 0.40284686E+01 -.49927019E+01
 0.40412298E+01 -.50216312E+01
 0.40539907E+01 -.50506219E+01
 0.40667519E+01 -.50796738E+01
 0.40795128E+01 -.51087865E+01
 0.40922740E+01 -.51379621E+01
 0.41050349E+01 -.51672006E+01
 0.41177960E+01 -.51965017E+01
 0.41305570E+01 -.52258647E+01
 0.41433181E+01 -.52552897E+01
 0.41560793E+01 -.52847784E+01
 0.41688402E+01 -.53143314E+01
 0.41816014E+01 -.53439477E+01
 0.41943623E+01 -.53736269E+01
 0.42071235E+01 -.54033687E+01
 0.42198844E+01 -.54331756E+01
 0.42326455E+01 -.54630473E+01
 0.42454065E+01 -.54929834E+01
 0.42581676E+01 -.55229834E+01
 0.42709288E+01 -.55530468E+01
 0.42836897E+01 -.55831766E+01
 0.42964509E+01 -.56133720E+01
 0.43092118E+01 -.56436326E+01
 0.43219729E+01 -.56739577E+01
 0.43347339E+01 -.57043472E+01
 0.43474950E+01 -.57348042E+01
 0.43602560E+01 -.57653277E+01
 0.43730171E+01 -.57959171E+01
 0.43857783E+01 -.58265716E+01
 0.43985392E+01 -.58572918E+01
 0.44113003E+01 -.58880803E+01
 0.44240613E+01 -.59189361E+01
 0.44368224E+01 -.59498587E+01
 0.44495834E+01 -.59808469E+01
 0.44623445E+01 -.60119023E+01
 0.44751054E+01 -.60430266E+01
 0.44878666E+01 -.60742190E+01
 0.45006278E+01 -.61054789E+01
 0.45133887E+01 -.61368051E+01
 0.45261498E+01 -.61681997E+01
 0.45389108E+01 -.61996641E+01
 0.45516719E+01 -.62311975E+01
 0.45644329E+01 -.62627987E+01
 0.45771940E+01 -.62944670E+01
 0.45899549E+01 -.63262052E+01
 0.46027161E+01 -.63580138E+01
 0.46154772E+01 -.63898921E+01
 0.46282382E+01 -.64218387E+01
 0.46409993E+01 -.64538534E+01
 0.46537603E+01 -.64859392E+01
 0.46665214E+01 -.65180964E+01
 0.46792823E+01 -.65503236E+01
 0.46920435E+01 -.65826197E+01
 0.47048044E+01 -.66149848E+01
 0.47175656E+01 -.66474225E+01
 0.47303267E+01 -.66799320E+01
 0.47430877E+01 -.67125122E+01
 0.47558488E+01 -.67451619E+01
 0.47686097E+01 -.67778817E+01
 0.47813709E+01 -.68106753E+01
 0.47941318E+01 -.68435412E+01
 0.48068930E+01 -.68764783E+01
 0.48196539E+01 -.69094857E+01
 0.48324151E+01 -.69425644E+01
 0.48451762E+01 -.69757179E+01
 0.48579372E+01 -.70089445E+01
 0.48706983E+01 -.70422426E+01
 0.48834592E+01 -.70756110E+01
 0.48962204E+01 -.71090533E+01
 0.49089813E+01 -.71425708E+01
 0.49217425E+01 -.71761616E+01
 0.49345036E+01 -.72098247E+01
 0.49472646E+01 -.72435590E+01
 0.49600257E+01 -.72773688E+01
 0.49727866E+01 -.73112541E+01
 0.49855478E+01 -.73452135E+01
 0.49983087E+01 -.73792455E+01
 0.50110699E+01 -.74133495E+01
 0.50238308E+01 -.74475310E+01
 0.50365920E+01 -.74817884E+01
 0.50493531E+01 -.75161204E+01
 0.50621141E+01 -.75505249E+01
 0.50748752E+01 -.75850036E+01
 0.50876361E+01 -.76195603E+01
 0.51003973E+01 -.76541940E+01
 0.51131582E+01 -.76889024E+01
 0.51259194E+01 -.77236837E+01
 0.51386803E+01 -.77585411E+01
 0.51514415E+01 -.77934778E+01
 0.51642026E+01 -.78284916E+01
 0.51769635E+01 -.78635802E+01
 0.51897247E+01 -.78987425E+01
 0.52024856E+01 -.79339834E+01
 0.52152468E+01 -.79693039E+01
 0.52280077E+01 -.80047018E+01
 0.52407689E+01 -.80401749E+01
 0.52535298E+01 -.80757225E+01
 0.52662910E+01 -.81113510E+01
 0.52790521E+01 -.81470593E+01
 0.52918130E+01 -.81828454E+01
 0.53045742E+01 -.82187070E+01
 0.53173351E+01 -.82546448E+01
 0.53300963E+01 -.82906649E+01
 0.53428572E+01 -.83267652E+01
 0.53556184E+01 -.83629437E+01
 0.53683793E+01 -.83991974E+01
 0.53811404E+01 -.84355302E+01
 0.53939016E+01 -.84719462E+01
 0.54066625E+01 -.85084429E+01
 0.54194237E+01 -.85450176E+01
 0.54321846E+01 -.85816679E+01
 0.54449458E+01 -.86184003E+01
 0.54577067E+01 -.86552166E+01
 0.54704678E+01 -.86921137E+01
 0.54832288E+01 -.87290886E+01
 0.54959899E+01 -.87661402E+01
 0.55087511E+01 -.88032769E+01
 0.55215120E+01 -.88404973E+01
 0.55342732E+01 -.88777987E+01
 0.55470341E+01 -.89151780E+01
 0.55597953E+01 -.89526362E+01
 0.55725562E+01 -.89901812E+01
 0.55853173E+01 -.90278103E+01
 0.55980783E+01 -.90655202E+01
 0.56108394E+01 -.91033079E+01
 0.56236006E+01 -.91411779E+01
 0.56363615E+01 -.91791357E+01
 0.56491227E+01 -.92171774E+01
 0.56618836E+01 -.92553000E+01
 0.56746447E+01 -.92935005E+01
 0.56874057E+01 -.93317875E+01
 0.57001668E+01 -.93701621E+01
 0.57129278E+01 -.94086210E+01
 0.57256889E+01 -.94471603E+01
 0.57384501E+01 -.94857788E+01
 0.57512110E+01 -.95244871E+01
 0.57639722E+01 -.95632831E+01
 0.57767331E+01 -.96021632E+01
 0.57894942E+01 -.96411234E+01
 0.58022552E+01 -.96801656E+01
 0.58150163E+01 -.97192996E+01
 0.58277772E+01 -.97585214E+01
 0.58405384E+01 -.97978270E+01
 0.58532996E+01 -.98372118E+01
