   1.0000000e-10   1.1704253e-37
   1.0000000e+00   1.1704253e-17
   2.0000000e+00   4.6817013e-17
   3.0000000e+00   1.0533828e-16
   4.0000000e+00   1.8726805e-16
   5.0000000e+00   2.9260633e-16
   6.0000000e+00   4.2135312e-16
   7.0000000e+00   5.7350841e-16
   8.0000000e+00   7.4907220e-16
   9.0000000e+00   9.4804451e-16
   1.0000000e+01   1.1704253e-15
   9.9275862e+01   1.1535357e-13
   1.8855172e+02   4.1610671e-13
   2.7782759e+02   9.0342986e-13
   3.6710345e+02   1.5773230e-12
   4.5637931e+02   2.4377861e-12
   5.4565517e+02   3.4848193e-12
   6.3493103e+02   4.7184224e-12
   7.2420690e+02   6.1385956e-12
   8.1348276e+02   7.7453387e-12
   9.0275862e+02   9.5386518e-12
   9.9203448e+02   1.1518535e-11
   1.0813103e+03   1.3684988e-11
   1.1705862e+03   1.6038011e-11
   1.2598621e+03   1.8577604e-11
   1.3491379e+03   2.1303767e-11
   1.4384138e+03   2.4216501e-11
   1.5276897e+03   2.7315804e-11
   1.6169655e+03   3.0601677e-11
   1.7062414e+03   3.4074120e-11
   1.7955172e+03   3.7733133e-11
   1.8847931e+03   4.1578716e-11
   1.9740690e+03   4.5610869e-11
   2.0633448e+03   4.9829592e-11
   2.1526207e+03   5.4234886e-11
   2.2418966e+03   5.8826749e-11
   2.3311724e+03   6.3605182e-11
   2.4204483e+03   6.8570185e-11
   2.5097241e+03   7.3721758e-11
   2.5990000e+03   7.9059901e-11
   2.6000000e+03   7.9120752e-11
   3.0000000e+03   1.0533828e-10
   3.4000000e+03   1.4185900e-10
   3.8000000e+03   1.9662508e-10
   4.2000000e+03   2.7788773e-10
   4.6000000e+03   3.5852989e-10
   5.0000000e+03   4.1490656e-10
   5.4000000e+03   4.5088713e-10
   5.8000000e+03   4.9504327e-10
   6.2000000e+03   6.3105491e-10
   6.6000000e+03   6.6466707e-10
   7.0000000e+03   6.8948912e-10
   7.4000000e+03   7.3816498e-10
   7.8000000e+03   7.7506901e-10
   8.2000000e+03   7.8937051e-10
   8.6000000e+03   8.1763255e-10
   9.0000000e+03   1.5694876e-09
   9.4000000e+03   2.1670700e-09
   9.8000000e+03   2.8975904e-09
   1.0200000e+04   3.3816030e-09
   1.0600000e+04   3.6651359e-09
   1.1000000e+04   3.8510165e-09
   1.1400000e+04   4.3585450e-09
   1.1800000e+04   4.3775281e-09
   1.2200000e+04   4.9468984e-09
   1.2600000e+04   5.4118004e-09
   1.3000000e+04   5.7937300e-09
   1.3400000e+04   6.3529180e-09
   1.3800000e+04   6.8463693e-09
   1.4200000e+04   7.2888976e-09
   1.4600000e+04   7.5735993e-09
   1.5000000e+04   7.8606588e-09
   1.5500000e+04   8.6076982e-09
   1.6000000e+04   9.2433651e-09
   1.6500000e+04   1.0097047e-08
   1.7000000e+04   1.0797485e-08
   1.7500000e+04   1.1621945e-08
   1.8000000e+04   1.2490756e-08
   1.9000000e+04   1.4159157e-08
   2.0000000e+04   1.5754486e-08
   2.2000000e+04   1.9743865e-08
   2.4000000e+04   2.4394680e-08
   2.6000000e+04   3.0982551e-08
   2.8000000e+04   3.5560997e-08
   3.0000000e+04   4.4238921e-08
   3.2000000e+04   5.3162177e-08
   3.5000000e+04   6.7101389e-08
   3.8000000e+04   8.0180740e-08
   4.1000000e+04   9.6875600e-08
   4.4000000e+04   1.1641405e-07
   4.7000000e+04   1.3772200e-07
   5.0000000e+04   1.6557603e-07
   5.3000000e+04   1.9161863e-07
   5.6000000e+04   2.1857034e-07
   5.9000000e+04   2.4450049e-07
   6.2000000e+04   2.7590397e-07
   6.5000000e+04   3.0861634e-07
   6.8000000e+04   3.4626060e-07
   7.1000000e+04   3.7869745e-07
   7.8787879e+04   4.6606246e-07
   8.8383838e+04   5.7964704e-07
   9.7979798e+04   7.0292714e-07
   1.0757576e+05   8.3480784e-07
   1.1717172e+05   9.7408732e-07
   1.2676768e+05   1.1194637e-06
   1.3636364e+05   1.2695443e-06
   1.4595960e+05   1.4228573e-06
   1.5555556e+05   1.5778659e-06
   1.6515152e+05   1.7329851e-06
   1.7474747e+05   1.8866006e-06
   1.8434343e+05   2.0370890e-06
   1.9393939e+05   2.1828408e-06
   2.0353535e+05   2.3222832e-06
   2.1313131e+05   2.4539040e-06
   2.2272727e+05   2.5762754e-06
   2.3232323e+05   2.6880765e-06
   2.4191919e+05   2.7881156e-06
   2.5151515e+05   2.8753489e-06
   2.6111111e+05   2.9488983e-06
   2.7070707e+05   3.0080653e-06
   2.8030303e+05   3.0523414e-06
   2.8989899e+05   3.0814153e-06
   2.9949495e+05   3.0951758e-06
   3.0909091e+05   3.0937111e-06
   3.1868687e+05   3.0773034e-06
   3.2828283e+05   3.0464202e-06
   3.3787879e+05   3.0017027e-06
   3.4747475e+05   2.9439492e-06
   3.5707071e+05   2.8740980e-06
   3.6666667e+05   2.7932063e-06
   3.7626263e+05   2.7024284e-06
   3.8585859e+05   2.6029928e-06
   3.9545455e+05   2.4961780e-06
   4.0505051e+05   2.3832898e-06
   4.1464646e+05   2.2656382e-06
   4.2424242e+05   2.1445158e-06
   4.3383838e+05   2.0211779e-06
   4.4343434e+05   1.8968246e-06
   4.5303030e+05   1.7725851e-06
   4.6262626e+05   1.6495048e-06
   4.7222222e+05   1.5285346e-06
   4.8181818e+05   1.4105229e-06
   4.9141414e+05   1.2962112e-06
   5.0101010e+05   1.1862307e-06
   5.1060606e+05   1.0811026e-06
   5.2020202e+05   9.8123996e-07
   5.2979798e+05   8.8695167e-07
   5.3939394e+05   7.9844790e-07
   5.4898990e+05   7.1584714e-07
   5.5858586e+05   6.3918414e-07
   5.6818182e+05   5.6841863e-07
   5.7777778e+05   5.0344453e-07
   5.8737374e+05   4.4409932e-07
   5.9696970e+05   3.9017344e-07
   6.0656566e+05   3.4141938e-07
   6.1616162e+05   2.9756034e-07
   6.2575758e+05   2.5829842e-07
   6.3535354e+05   2.2332200e-07
   6.4494949e+05   1.9231244e-07
   6.5454545e+05   1.6495001e-07
   6.6414141e+05   1.4091887e-07
   6.7373737e+05   1.1991142e-07
   6.8333333e+05   1.0163166e-07
   6.9292929e+05   8.5797981e-08
   7.0252525e+05   7.2145130e-08
   7.1212121e+05   6.0425622e-08
   7.2171717e+05   5.0410563e-08
   7.3131313e+05   4.1889997e-08
   7.4090909e+05   3.4672844e-08
   7.5050505e+05   2.8586491e-08
   7.6010101e+05   2.3476119e-08
   7.6969697e+05   1.9203818e-08
   7.7929293e+05   1.5647550e-08
   7.8888889e+05   1.2700016e-08
   7.9848485e+05   1.0267457e-08
   8.0808081e+05   8.2684415e-09
   8.1767677e+05   6.6326651e-09
   8.2727273e+05   5.2997758e-09
   8.3686869e+05   4.2182594e-09
   8.4646465e+05   3.3443884e-09
   8.5606061e+05   2.6412471e-09
   8.6565657e+05   2.0778368e-09
   8.7525253e+05   1.6282650e-09
   8.8484848e+05   1.2710162e-09
   8.9444444e+05   9.8830400e-10
   9.0404040e+05   7.6549876e-10
   9.1363636e+05   5.9062783e-10
   9.2323232e+05   4.5394139e-10
   9.3282828e+05   3.4753861e-10
   9.4242424e+05   2.6504806e-10
   9.5202020e+05   2.0135637e-10
   9.6161616e+05   1.5237936e-10
   9.7121212e+05   1.1487030e-10
   9.8080808e+05   8.6260313e-11
   9.9040404e+05   6.4526290e-11
   1.0000000e+06   4.8082330e-11
   1.0100000e+06   3.5242917e-11
   1.0302041e+06   1.8575495e-11
   1.0504082e+06   9.6247167e-12
   1.0706122e+06   4.9025306e-12
   1.0908163e+06   2.4549512e-12
   1.1110204e+06   1.2085391e-12
   1.1312245e+06   5.8489590e-13
   1.1514286e+06   2.7829214e-13
   1.1716327e+06   1.3017632e-13
   1.1918367e+06   5.9865366e-14
   1.2120408e+06   2.7066718e-14
   1.2322449e+06   1.2031377e-14
   1.2524490e+06   5.2579704e-15
   1.2726531e+06   2.2591603e-15
   1.2928571e+06   9.5434403e-16
   1.3130612e+06   3.9636438e-16
   1.3332653e+06   1.6185219e-16
   1.3534694e+06   6.4979932e-17
   1.3736735e+06   2.5649501e-17
   1.3938776e+06   9.9545067e-18
   1.4140816e+06   3.7984265e-18
   1.4342857e+06   1.4250588e-18
   1.4544898e+06   5.2566461e-19
   1.4746939e+06   1.9064844e-19
   1.4948980e+06   6.7984196e-20
   1.5151020e+06   2.3836054e-20
   1.5353061e+06   8.2170110e-21
   1.5555102e+06   2.7851453e-21
   1.5757143e+06   9.2819146e-22
   1.5959184e+06   3.0414748e-22
   1.6161224e+06   9.7991621e-23
   1.6363265e+06   3.1042222e-23
   1.6565306e+06   9.6688944e-24
   1.6767347e+06   2.9611603e-24
   1.6969388e+06   8.9168001e-25
   1.7171429e+06   2.6400915e-25
   1.7373469e+06   7.6858621e-26
   1.7575510e+06   2.2000401e-26
   1.7777551e+06   6.1920394e-27
   1.7979592e+06   1.7135730e-27
   1.8181633e+06   4.6627051e-28
   1.8383673e+06   1.2474993e-28
   1.8585714e+06   3.2817858e-29
   1.8787755e+06   8.4888387e-30
   1.8989796e+06   2.1590115e-30
   1.9191837e+06   5.3992161e-31
   1.9393878e+06   1.3276268e-31
   1.9595918e+06   3.2098982e-32
   1.9797959e+06   7.6309194e-33
   2.0000000e+06   1.7837467e-33
   2.0000010e+06   0.0000000e+00
