   0.0000000e+00   0.0000000e+00
   2.5990000e+03   0.0000000e+00
   2.6000000e+03   0.0000000e+00
   3.0000000e+03   0.0000000e+00
   3.4000000e+03   0.0000000e+00
   3.8000000e+03   0.0000000e+00
   4.2000000e+03   0.0000000e+00
   4.6000000e+03   0.0000000e+00
   5.0000000e+03   0.0000000e+00
   5.4000000e+03   0.0000000e+00
   5.8000000e+03   0.0000000e+00
   6.2000000e+03   0.0000000e+00
   6.6000000e+03   0.0000000e+00
   7.0000000e+03   0.0000000e+00
   7.4000000e+03   0.0000000e+00
   7.8000000e+03   0.0000000e+00
   8.2000000e+03   0.0000000e+00
   8.6000000e+03   0.0000000e+00
   9.0000000e+03   0.0000000e+00
   9.4000000e+03   0.0000000e+00
   9.8000000e+03   0.0000000e+00
   1.0200000e+04   0.0000000e+00
   1.0600000e+04   0.0000000e+00
   1.1000000e+04   0.0000000e+00
   1.1400000e+04   0.0000000e+00
   1.1800000e+04   0.0000000e+00
   1.2200000e+04   0.0000000e+00
   1.2600000e+04   1.0572634e-11
   1.3000000e+04   4.2959355e-11
   1.3400000e+04   8.9852134e-11
   1.3800000e+04   1.4956609e-10
   1.4200000e+04   2.1899792e-10
   1.4600000e+04   3.0372217e-10
   1.5000000e+04   3.9547389e-10
   1.5500000e+04   5.2882694e-10
   1.6000000e+04   6.8305382e-10
   1.6500000e+04   8.5409010e-10
   1.7000000e+04   1.0456860e-09
   1.7500000e+04   1.2538605e-09
   1.8000000e+04   1.4788007e-09
   1.9000000e+04   2.0026787e-09
   2.0000000e+04   2.6022010e-09
   2.1000000e+04   3.3023639e-09
   2.2000000e+04   4.0772069e-09
   2.3000000e+04   4.9702114e-09
   2.4000000e+04   5.9320668e-09
   2.6000000e+04   8.1903139e-09
   2.8000000e+04   1.0935964e-08
   3.0000000e+04   1.4105926e-08
   3.2000000e+04   1.7702846e-08
   3.5000000e+04   2.4276769e-08
   3.8000000e+04   3.1986267e-08
   4.1000000e+04   4.1006190e-08
   4.4000000e+04   5.1511095e-08
   4.7000000e+04   6.3492521e-08
   5.0000000e+04   7.7110267e-08
   5.3000000e+04   9.2252522e-08
   5.6000000e+04   1.0938349e-07
   5.9000000e+04   1.2823676e-07
   6.2000000e+04   1.4896167e-07
   6.5000000e+04   1.7156280e-07
   6.8000000e+04   1.9636367e-07
   7.1000000e+04   2.2323893e-07
   7.8787879e+04   2.9484303e-07
   8.8383838e+04   3.8697642e-07
   9.7979798e+04   4.8675879e-07
   1.0757576e+05   5.9426121e-07
   1.1717172e+05   7.0906833e-07
   1.2676768e+05   8.3054233e-07
   1.3636364e+05   9.5789261e-07
   1.4595960e+05   1.0902030e-06
   1.5555556e+05   1.2264469e-06
   1.6515152e+05   1.3655000e-06
   1.7474747e+05   1.5061526e-06
   1.8434343e+05   1.6471242e-06
   1.9393939e+05   1.7870796e-06
   2.0353535e+05   1.9246476e-06
   2.1313131e+05   2.0584409e-06
   2.2272727e+05   2.1870779e-06
   2.3232323e+05   2.3092055e-06
   2.4191919e+05   2.4235220e-06
   2.5151515e+05   2.5287994e-06
   2.6111111e+05   2.6239063e-06
   2.7070707e+05   2.7078273e-06
   2.8030303e+05   2.7796822e-06
   2.8989899e+05   2.8387415e-06
   2.9949495e+05   2.8844395e-06
   3.0909091e+05   2.9163834e-06
   3.1868687e+05   2.9343598e-06
   3.2828283e+05   2.9383365e-06
   3.3787879e+05   2.9284609e-06
   3.4747475e+05   2.9050551e-06
   3.5707071e+05   2.8686063e-06
   3.6666667e+05   2.8197559e-06
   3.7626263e+05   2.7592837e-06
   3.8585859e+05   2.6880911e-06
   3.9545455e+05   2.6071819e-06
   4.0505051e+05   2.5176420e-06
   4.1464646e+05   2.4206178e-06
   4.2424242e+05   2.3172945e-06
   4.3383838e+05   2.2088755e-06
   4.4343434e+05   2.0965611e-06
   4.5303030e+05   1.9815298e-06
   4.6262626e+05   1.8649202e-06
   4.7222222e+05   1.7478153e-06
   4.8181818e+05   1.6312291e-06
   4.9141414e+05   1.5160952e-06
   5.0101010e+05   1.4032579e-06
   5.1060606e+05   1.2934660e-06
   5.2020202e+05   1.1873687e-06
   5.2979798e+05   1.0855138e-06
   5.3939394e+05   9.8834840e-07
   5.4898990e+05   8.9622121e-07
   5.5858586e+05   8.0938648e-07
   5.6818182e+05   7.2800958e-07
   5.7777778e+05   6.5217366e-07
   5.8737374e+05   5.8188715e-07
   5.9696970e+05   5.1709189e-07
   6.0656566e+05   4.5767167e-07
   6.1616162e+05   4.0346081e-07
   6.2575758e+05   3.5425274e-07
   6.3535354e+05   3.0980821e-07
   6.4494949e+05   2.6986317e-07
   6.5454545e+05   2.3413607e-07
   6.6414141e+05   2.0233447e-07
   6.7373737e+05   1.7416103e-07
   6.8333333e+05   1.4931872e-07
   6.9292929e+05   1.2751526e-07
   7.0252525e+05   1.0846685e-07
   7.1212121e+05   9.1901192e-08
   7.2171717e+05   7.7559788e-08
   7.3131313e+05   6.5199684e-08
   7.4090909e+05   5.4594606e-08
   7.5050505e+05   4.5535618e-08
   7.6010101e+05   3.7831343e-08
   7.6969697e+05   3.1307836e-08
   7.7929293e+05   2.5808141e-08
   7.8888889e+05   2.1191631e-08
   7.9848485e+05   1.7333151e-08
   8.0808081e+05   1.4122044e-08
   8.1767677e+05   1.1461091e-08
   8.2727273e+05   9.2653964e-09
   8.3686869e+05   7.4612740e-09
   8.4646465e+05   5.9851377e-09
   8.5606061e+05   4.7824304e-09
   8.6565657e+05   3.8066038e-09
   8.7525253e+05   3.0181602e-09
   8.8484848e+05   2.3837657e-09
   8.9444444e+05   1.8754371e-09
   9.0404040e+05   1.4698063e-09
   9.1363636e+05   1.1474593e-09
   9.2323232e+05   8.9234948e-10
   9.3282828e+05   6.9128010e-10
   9.4242424e+05   5.3345203e-10
   9.5202020e+05   4.1007165e-10
   9.6161616e+05   3.1401324e-10
   9.7121212e+05   2.3953048e-10
   9.8080808e+05   1.8201156e-10
   9.9040404e+05   1.3777271e-10
   1.0000000e+06   1.0388532e-10
   1.0100000e+06   7.7090875e-11
   1.0302041e+06   4.1659821e-11
   1.0504082e+06   2.2132266e-11
   1.0706122e+06   1.1559359e-11
   1.0908163e+06   5.9353464e-12
   1.1110204e+06   2.9961772e-12
   1.1312245e+06   1.4869708e-12
   1.1514286e+06   7.2552944e-13
   1.1716327e+06   3.4804003e-13
   1.1918367e+06   1.6414535e-13
   1.2120408e+06   7.6112613e-14
   1.2322449e+06   3.4698973e-14
   1.2524490e+06   1.5552909e-14
   1.2726531e+06   6.8540070e-15
   1.2928571e+06   2.9697380e-15
   1.3130612e+06   1.2651296e-15
   1.3332653e+06   5.2990454e-16
   1.3534694e+06   2.1822694e-16
   1.3736735e+06   8.8362783e-17
   1.3938776e+06   3.5178947e-17
   1.4140816e+06   1.3770532e-17
   1.4342857e+06   5.2999887e-18
   1.4544898e+06   2.0056600e-18
   1.4746939e+06   7.4627618e-19
   1.4948980e+06   2.7302560e-19
   1.5151020e+06   9.8213290e-20
   1.5353061e+06   3.4737755e-20
   1.5555102e+06   1.2080900e-20
   1.5757143e+06   4.1310856e-21
   1.5959184e+06   1.3889858e-21
   1.6161224e+06   4.5919949e-22
   1.6363265e+06   1.4927123e-22
   1.6565306e+06   4.7711505e-23
   1.6767347e+06   1.4994897e-23
   1.6969388e+06   4.6338108e-24
   1.7171429e+06   1.4080190e-24
   1.7373469e+06   4.2068318e-25
   1.7575510e+06   1.2358879e-25
   1.7777551e+06   3.5701067e-26
   1.7979592e+06   1.0140570e-26
   1.8181633e+06   2.8321964e-27
   1.8383673e+06   7.7779477e-28
   1.8585714e+06   2.1003325e-28
   1.8787755e+06   5.5769044e-29
   1.8989796e+06   1.4560663e-29
   1.9191837e+06   3.7381140e-30
   1.9393878e+06   9.4364370e-31
   1.9595918e+06   2.3423310e-31
   1.9797959e+06   5.7170739e-32
   2.0000000e+06   1.3720983e-32
   2.0000010e+06   0.0000000e+00
