# File created with ds-4.00-pre7                                      
#u [km/s]       u*DF [(km/s)^-2]
 0.00000000E+00 0.10000000E-21
 0.37415678E+01 0.28671361E-06
 0.39754158E+01 0.30462316E-06
 0.42092638E+01 0.32253089E-06
 0.46769597E+01 0.35834045E-06
 0.51446557E+01 0.39414142E-06
 0.56123517E+01 0.42993295E-06
 0.60800477E+01 0.46571418E-06
 0.65477436E+01 0.50148426E-06
 0.70154396E+01 0.53724234E-06
 0.74831356E+01 0.57298756E-06
 0.79508316E+01 0.60871907E-06
 0.84185275E+01 0.64443603E-06
 0.93539195E+01 0.71582287E-06
 0.10289311E+02 0.78714133E-06
 0.11224703E+02 0.85838464E-06
 0.12160095E+02 0.92954610E-06
 0.13095487E+02 0.10006190E-05
 0.14030879E+02 0.10715967E-05
 0.14966271E+02 0.11424725E-05
 0.15901663E+02 0.12132399E-05
 0.16837055E+02 0.12838923E-05
 0.18707839E+02 0.14248260E-05
 0.20578623E+02 0.15652220E-05
 0.22449407E+02 0.17050295E-05
 0.24320191E+02 0.18441982E-05
 0.26190975E+02 0.19826789E-05
 0.28061758E+02 0.21204234E-05
 0.29932542E+02 0.22573838E-05
 0.31803326E+02 0.23935146E-05
 0.33674110E+02 0.25287782E-05
 0.37415678E+02 0.27973653E-05
 0.41157246E+02 0.30626395E-05
 0.44898814E+02 0.33241147E-05
 0.48640381E+02 0.35814399E-05
 0.52381949E+02 0.38343049E-05
 0.56123517E+02 0.40824317E-05
 0.59865085E+02 0.43255735E-05
 0.63606653E+02 0.45635033E-05
 0.67348220E+02 0.47960131E-05
 0.71089788E+02 0.50229256E-05
 0.74831356E+02 0.52440890E-05
 0.78572924E+02 0.54593639E-05
 0.82314492E+02 0.56686297E-05
 0.86056059E+02 0.58717943E-05
 0.89797627E+02 0.60687875E-05
 0.93539195E+02 0.62595517E-05
 0.97280763E+02 0.64440443E-05
 0.10102233E+03 0.66222424E-05
 0.10476390E+03 0.67941409E-05
 0.10850547E+03 0.69597512E-05
 0.11224703E+03 0.71190998E-05
 0.11598860E+03 0.72722255E-05
 0.11973017E+03 0.74191765E-05
 0.12347174E+03 0.75600109E-05
 0.12721331E+03 0.76947980E-05
 0.13095487E+03 0.78236184E-05
 0.13469644E+03 0.79465611E-05
 0.13843801E+03 0.80637213E-05
 0.14217958E+03 0.81751993E-05
 0.14592114E+03 0.82810998E-05
 0.14966271E+03 0.83815327E-05
 0.15340428E+03 0.84766119E-05
 0.15714585E+03 0.85664543E-05
 0.16088742E+03 0.86511790E-05
 0.16462898E+03 0.87309060E-05
 0.16837055E+03 0.88057552E-05
 0.17211212E+03 0.88758463E-05
 0.17585369E+03 0.89412984E-05
 0.17959525E+03 0.90022296E-05
 0.18333682E+03 0.90587562E-05
 0.18707839E+03 0.91109929E-05
 0.19081996E+03 0.91590517E-05
 0.19456153E+03 0.92030420E-05
 0.19830309E+03 0.92430699E-05
 0.20204466E+03 0.92792381E-05
 0.20578623E+03 0.93116453E-05
 0.20952780E+03 0.93403863E-05
 0.21326936E+03 0.93655519E-05
 0.21701093E+03 0.93872283E-05
 0.22075250E+03 0.94054973E-05
 0.22449407E+03 0.94204360E-05
 0.22823564E+03 0.94321169E-05
 0.23197720E+03 0.94406077E-05
 0.23571877E+03 0.94459712E-05
 0.23946034E+03 0.94482655E-05
 0.24320191E+03 0.94475438E-05
 0.24694347E+03 0.94438544E-05
 0.25068504E+03 0.94372408E-05
 0.25442661E+03 0.94277418E-05
 0.25816818E+03 0.94153916E-05
 0.26190975E+03 0.94002196E-05
 0.26565131E+03 0.93822513E-05
 0.26939288E+03 0.93615077E-05
 0.27313445E+03 0.93380062E-05
 0.27687602E+03 0.93117605E-05
 0.28061758E+03 0.92827809E-05
 0.28435915E+03 0.92510750E-05
 0.28810072E+03 0.92166480E-05
 0.29184229E+03 0.91795044E-05
 0.29558386E+03 0.91396525E-05
 0.29932542E+03 0.90971155E-05
 0.30306699E+03 0.90510110E-05
 0.30680856E+03 0.90016328E-05
 0.31055013E+03 0.89496507E-05
 0.31429169E+03 0.88950238E-05
 0.31803326E+03 0.88377105E-05
 0.32177483E+03 0.87776697E-05
 0.32551640E+03 0.87148626E-05
 0.32925797E+03 0.86492545E-05
 0.33299953E+03 0.85808124E-05
 0.33674110E+03 0.85095041E-05
 0.34048267E+03 0.84352976E-05
 0.34422424E+03 0.83581644E-05
 0.34796581E+03 0.82780812E-05
 0.35170737E+03 0.81950300E-05
 0.35544894E+03 0.81090004E-05
 0.35919051E+03 0.80199880E-05
 0.36293208E+03 0.79279889E-05
 0.36667364E+03 0.78330022E-05
 0.37041521E+03 0.77350399E-05
 0.37415678E+03 0.76341276E-05
 0.37789835E+03 0.75302917E-05
 0.38163992E+03 0.74235626E-05
 0.38538148E+03 0.73139885E-05
 0.38912305E+03 0.72016316E-05
 0.39286462E+03 0.70865594E-05
 0.39660619E+03 0.69688533E-05
 0.40034775E+03 0.68486172E-05
 0.40408932E+03 0.67259778E-05
 0.40783089E+03 0.66011135E-05
 0.41157246E+03 0.64744717E-05
 0.41531403E+03 0.63456757E-05
 0.41905559E+03 0.62144545E-05
 0.42279716E+03 0.60809616E-05
 0.42653873E+03 0.59453609E-05
 0.43028030E+03 0.58078278E-05
 0.43402186E+03 0.56685483E-05
 0.43776343E+03 0.55277184E-05
 0.44150500E+03 0.53855430E-05
 0.44524657E+03 0.52422349E-05
 0.44898814E+03 0.50980135E-05
 0.45272970E+03 0.49531039E-05
 0.45647127E+03 0.48077354E-05
 0.46021284E+03 0.46621402E-05
 0.46395441E+03 0.45165522E-05
 0.46769597E+03 0.43712053E-05
 0.47143754E+03 0.42263323E-05
 0.47517911E+03 0.40821633E-05
 0.47892068E+03 0.39389248E-05
 0.48266225E+03 0.37968380E-05
 0.48640381E+03 0.36561178E-05
 0.49014538E+03 0.35169718E-05
 0.49388695E+03 0.33795988E-05
 0.49762852E+03 0.32441885E-05
 0.50137008E+03 0.31109202E-05
 0.50511165E+03 0.29799623E-05
 0.50885322E+03 0.28514716E-05
 0.51259479E+03 0.27255929E-05
 0.51633636E+03 0.26024584E-05
 0.52007792E+03 0.24821880E-05
 0.52381949E+03 0.23648882E-05
 0.52756106E+03 0.22506531E-05
 0.53130263E+03 0.21395636E-05
 0.53504419E+03 0.20316883E-05
 0.53878576E+03 0.19270829E-05
 0.54252733E+03 0.18257912E-05
 0.54626890E+03 0.17278451E-05
 0.55001047E+03 0.16332653E-05
 0.55375203E+03 0.15420614E-05
 0.55749360E+03 0.14542327E-05
 0.56123517E+03 0.13697689E-05
 0.56497674E+03 0.12886503E-05
 0.56871830E+03 0.12108486E-05
 0.57245987E+03 0.11363276E-05
 0.57620144E+03 0.10650437E-05
 0.57994301E+03 0.99694674E-06
 0.58368458E+03 0.93198020E-06
 0.58742614E+03 0.87008218E-06
 0.59116771E+03 0.81118591E-06
 0.59490928E+03 0.75522027E-06
 0.59865085E+03 0.70211038E-06
 0.60239242E+03 0.65177816E-06
 0.60613398E+03 0.60414281E-06
 0.60987555E+03 0.55912131E-06
 0.61361712E+03 0.51662889E-06
 0.61735869E+03 0.47657946E-06
 0.62110025E+03 0.43888601E-06
 0.62484182E+03 0.40346096E-06
 0.62858339E+03 0.37021656E-06
 0.63232496E+03 0.33906519E-06
 0.63606653E+03 0.30991964E-06
 0.63980809E+03 0.28269338E-06
 0.64354966E+03 0.25730082E-06
 0.64729123E+03 0.23365752E-06
 0.65103280E+03 0.21168036E-06
 0.65477436E+03 0.19128776E-06
 0.65851593E+03 0.17239979E-06
 0.66038672E+03 0.16349556E-06
 0.66225750E+03 0.15493833E-06
 0.66412828E+03 0.14671864E-06
 0.66599907E+03 0.13882714E-06
 0.66786985E+03 0.13125463E-06
 0.66974064E+03 0.12399203E-06
 0.67161142E+03 0.11703037E-06
 0.67348220E+03 0.11036084E-06
 0.67535299E+03 0.10397477E-06
 0.67722377E+03 0.97863612E-07
 0.67909455E+03 0.92018957E-07
 0.68096534E+03 0.86432546E-07
 0.68283612E+03 0.81096249E-07
 0.68470691E+03 0.76002088E-07
 0.68657769E+03 0.71142213E-07
 0.68844847E+03 0.66508932E-07
 0.69031926E+03 0.62094680E-07
 0.69219004E+03 0.57892042E-07
 0.69406083E+03 0.53893741E-07
 0.69593161E+03 0.50092641E-07
 0.69780239E+03 0.46481747E-07
 0.69967318E+03 0.43054201E-07
 0.70154396E+03 0.39803283E-07
 0.70341475E+03 0.36722412E-07
 0.70528553E+03 0.33805138E-07
 0.70715631E+03 0.31045144E-07
 0.70902710E+03 0.28436245E-07
 0.71089788E+03 0.25972382E-07
 0.71276867E+03 0.23647619E-07
 0.71463945E+03 0.21456138E-07
 0.71651023E+03 0.19392241E-07
 0.71744562E+03 0.18406382E-07
 0.71838102E+03 0.17450329E-07
 0.71931641E+03 0.16523399E-07
 0.72025180E+03 0.15624912E-07
 0.72118719E+03 0.14754196E-07
 0.72212258E+03 0.13910582E-07
 0.72305798E+03 0.13093408E-07
 0.72399337E+03 0.12302013E-07
 0.72492876E+03 0.11535739E-07
 0.72586415E+03 0.10793932E-07
 0.72679954E+03 0.10075938E-07
 0.72773494E+03 0.93811047E-08
 0.72867033E+03 0.87087766E-08
 0.72960572E+03 0.80582959E-08
 0.73054111E+03 0.74290008E-08
 0.73147650E+03 0.68202218E-08
 0.73241190E+03 0.62312787E-08
 0.73334729E+03 0.56614769E-08
 0.73428268E+03 0.51101037E-08
 0.73475038E+03 0.48410982E-08
 0.73521807E+03 0.45764205E-08
 0.73568577E+03 0.43159729E-08
 0.73615346E+03 0.40596550E-08
 0.73662116E+03 0.38073632E-08
 0.73708886E+03 0.35589902E-08
 0.73755655E+03 0.33144246E-08
 0.73802425E+03 0.30735500E-08
 0.73849194E+03 0.28362444E-08
 0.73895964E+03 0.26023788E-08
 0.73942734E+03 0.23718166E-08
 0.73989503E+03 0.21444118E-08
 0.74012888E+03 0.20318449E-08
 0.74036273E+03 0.19200075E-08
 0.74059658E+03 0.18088779E-08
 0.74083042E+03 0.16984334E-08
 0.74457199E+03 0.10000000E-21
