# Usual Gaussian distribution function at Earth, see astro-ph/0401113
#u [km/s]       f/u [(km/s)^(-2)
 0.10000000E-01 0.77969102E-09
 0.11000000E+00 0.85766005E-08
 0.21000000E+00 0.16373506E-07
 0.31000000E+00 0.24170405E-07
 0.41000000E+00 0.31967295E-07
 0.51000000E+00 0.39764171E-07
 0.61000000E+00 0.47561030E-07
 0.71000000E+00 0.55357870E-07
 0.81000000E+00 0.63154686E-07
 0.91000000E+00 0.70951478E-07
 0.10100000E+01 0.78748240E-07
 0.11100000E+01 0.86544968E-07
 0.12100000E+01 0.94341661E-07
 0.13100000E+01 0.10213831E-06
 0.14100000E+01 0.10993493E-06
 0.15100000E+01 0.11773150E-06
 0.16100000E+01 0.12552801E-06
 0.17100000E+01 0.13332448E-06
 0.18100000E+01 0.14112089E-06
 0.19100000E+01 0.14891724E-06
 0.20100000E+01 0.15671353E-06
 0.21100000E+01 0.16450976E-06
 0.22100000E+01 0.17230592E-06
 0.23100000E+01 0.18010200E-06
 0.24100000E+01 0.18789802E-06
 0.25100000E+01 0.19569395E-06
 0.26100000E+01 0.20348981E-06
 0.27100000E+01 0.21128558E-06
 0.28100000E+01 0.21908126E-06
 0.29100000E+01 0.22687685E-06
 0.30100000E+01 0.23467235E-06
 0.31100000E+01 0.24246775E-06
 0.32100000E+01 0.25026306E-06
 0.33100000E+01 0.25805825E-06
 0.34100000E+01 0.26585334E-06
 0.35100000E+01 0.27364832E-06
 0.36100000E+01 0.28144319E-06
 0.37100000E+01 0.28923795E-06
 0.38100000E+01 0.29703257E-06
 0.39100000E+01 0.30482708E-06
 0.40100000E+01 0.31262147E-06
 0.41100000E+01 0.32041572E-06
 0.42100000E+01 0.32820986E-06
 0.43100000E+01 0.33600383E-06
 0.44100000E+01 0.34379769E-06
 0.45100000E+01 0.35159140E-06
 0.46100000E+01 0.35938495E-06
 0.47100000E+01 0.36717837E-06
 0.48100000E+01 0.37497162E-06
 0.49100000E+01 0.38276473E-06
 0.50100000E+01 0.39055766E-06
 0.51100000E+01 0.39835045E-06
 0.52100000E+01 0.40614307E-06
 0.53100000E+01 0.41393554E-06
 0.54100000E+01 0.42172782E-06
 0.55100000E+01 0.42951991E-06
 0.56100000E+01 0.43731185E-06
 0.57100000E+01 0.44510359E-06
 0.58100000E+01 0.45289516E-06
 0.59100000E+01 0.46068653E-06
 0.60100000E+01 0.46847772E-06
 0.61100000E+01 0.47626872E-06
 0.62100000E+01 0.48405952E-06
 0.63100000E+01 0.49185011E-06
 0.64100000E+01 0.49964050E-06
 0.65100000E+01 0.50743069E-06
 0.66100000E+01 0.51522067E-06
 0.67100000E+01 0.52301043E-06
 0.68100000E+01 0.53079997E-06
 0.69100000E+01 0.53858931E-06
 0.70100000E+01 0.54637842E-06
 0.71100000E+01 0.55416729E-06
 0.72100000E+01 0.56195594E-06
 0.73100000E+01 0.56974436E-06
 0.74100000E+01 0.57753254E-06
 0.75100000E+01 0.58532048E-06
 0.76100000E+01 0.59310819E-06
 0.77100000E+01 0.60089564E-06
 0.78100000E+01 0.60868284E-06
 0.79100000E+01 0.61646980E-06
 0.80100000E+01 0.62425650E-06
 0.81100000E+01 0.63204295E-06
 0.82100000E+01 0.63982912E-06
 0.83100000E+01 0.64761504E-06
 0.84100000E+01 0.65540069E-06
 0.85100000E+01 0.66318608E-06
 0.86100000E+01 0.67097117E-06
 0.87100000E+01 0.67875599E-06
 0.88100000E+01 0.68654054E-06
 0.89100000E+01 0.69432480E-06
 0.90100000E+01 0.70210878E-06
 0.91100000E+01 0.70989246E-06
 0.92100000E+01 0.71767585E-06
 0.93100000E+01 0.72545895E-06
 0.94100000E+01 0.73324173E-06
 0.95100000E+01 0.74102423E-06
 0.96100000E+01 0.74880641E-06
 0.97100000E+01 0.75658828E-06
 0.98100000E+01 0.76436984E-06
 0.99100000E+01 0.77215108E-06
 0.10010000E+02 0.77993201E-06
 0.10110000E+02 0.78771261E-06
 0.10210000E+02 0.79549288E-06
 0.10310000E+02 0.80327283E-06
 0.10410000E+02 0.81105244E-06
 0.10510000E+02 0.81883172E-06
 0.10610000E+02 0.82661066E-06
 0.10710000E+02 0.83438925E-06
 0.10810000E+02 0.84216751E-06
 0.10910000E+02 0.84994541E-06
 0.11010000E+02 0.85772296E-06
 0.11110000E+02 0.86550016E-06
 0.11210000E+02 0.87327699E-06
 0.11310000E+02 0.88105347E-06
 0.11410000E+02 0.88882962E-06
 0.11510000E+02 0.89660530E-06
 0.11610000E+02 0.90438071E-06
 0.11710000E+02 0.91215568E-06
 0.11810000E+02 0.91993031E-06
 0.11910000E+02 0.92770453E-06
 0.12010000E+02 0.93547843E-06
 0.12110000E+02 0.94325186E-06
 0.12210000E+02 0.95102498E-06
 0.12310000E+02 0.95879764E-06
 0.12410000E+02 0.96656994E-06
 0.12510000E+02 0.97434181E-06
 0.12610000E+02 0.98211332E-06
 0.12710000E+02 0.98988434E-06
 0.12810000E+02 0.99765504E-06
 0.12910000E+02 0.10054253E-05
 0.13010000E+02 0.10131952E-05
 0.13110000E+02 0.10209645E-05
 0.13210000E+02 0.10287335E-05
 0.13310000E+02 0.10365021E-05
 0.13410000E+02 0.10442702E-05
 0.13510000E+02 0.10520380E-05
 0.13610000E+02 0.10598052E-05
 0.13710000E+02 0.10675721E-05
 0.13810000E+02 0.10753385E-05
 0.13910000E+02 0.10831044E-05
 0.14010000E+02 0.10908699E-05
 0.14110000E+02 0.10986349E-05
 0.14210000E+02 0.11063995E-05
 0.14310000E+02 0.11141637E-05
 0.14410000E+02 0.11219273E-05
 0.14510000E+02 0.11296906E-05
 0.14610000E+02 0.11374533E-05
 0.14710000E+02 0.11452155E-05
 0.14810000E+02 0.11529773E-05
 0.14910000E+02 0.11607386E-05
 0.15010000E+02 0.11684995E-05
 0.15110000E+02 0.11762598E-05
 0.15210000E+02 0.11840197E-05
 0.15310000E+02 0.11917790E-05
 0.15410000E+02 0.11995379E-05
 0.15510000E+02 0.12072963E-05
 0.15610000E+02 0.12150541E-05
 0.15710000E+02 0.12228115E-05
 0.15810000E+02 0.12305684E-05
 0.15910000E+02 0.12383248E-05
 0.16010000E+02 0.12460806E-05
 0.16110000E+02 0.12538359E-05
 0.16210000E+02 0.12615907E-05
 0.16310000E+02 0.12693450E-05
 0.16410000E+02 0.12770987E-05
 0.16510000E+02 0.12848520E-05
 0.16610000E+02 0.12926046E-05
 0.16710000E+02 0.13003568E-05
 0.16810000E+02 0.13081084E-05
 0.16910000E+02 0.13158595E-05
 0.17010000E+02 0.13236101E-05
 0.17110000E+02 0.13313600E-05
 0.17210000E+02 0.13391094E-05
 0.17310000E+02 0.13468583E-05
 0.17410000E+02 0.13546066E-05
 0.17510000E+02 0.13623544E-05
 0.17610000E+02 0.13701015E-05
 0.17710000E+02 0.13778482E-05
 0.17810000E+02 0.13855942E-05
 0.17910000E+02 0.13933397E-05
 0.18010000E+02 0.14010846E-05
 0.18110000E+02 0.14088289E-05
 0.18210000E+02 0.14165726E-05
 0.18310000E+02 0.14243157E-05
 0.18410000E+02 0.14320583E-05
 0.18510000E+02 0.14398002E-05
 0.18610000E+02 0.14475416E-05
 0.18710000E+02 0.14552823E-05
 0.18810000E+02 0.14630225E-05
 0.18910000E+02 0.14707620E-05
 0.19010000E+02 0.14785009E-05
 0.19110000E+02 0.14862392E-05
 0.19210000E+02 0.14939769E-05
 0.19310000E+02 0.15017140E-05
 0.19410000E+02 0.15094505E-05
 0.19510000E+02 0.15171863E-05
 0.19610000E+02 0.15249215E-05
 0.19710000E+02 0.15326561E-05
 0.19810000E+02 0.15403900E-05
 0.19910000E+02 0.15481233E-05
 0.20010000E+02 0.15558559E-05
 0.20110000E+02 0.15635879E-05
 0.20210000E+02 0.15713193E-05
 0.20310000E+02 0.15790500E-05
 0.20410000E+02 0.15867800E-05
 0.20510000E+02 0.15945094E-05
 0.20610000E+02 0.16022381E-05
 0.20710000E+02 0.16099662E-05
 0.20810000E+02 0.16176936E-05
 0.20910000E+02 0.16254203E-05
 0.21010000E+02 0.16331463E-05
 0.21110000E+02 0.16408716E-05
 0.21210000E+02 0.16485963E-05
 0.21310000E+02 0.16563203E-05
 0.21410000E+02 0.16640436E-05
 0.21510000E+02 0.16717662E-05
 0.21610000E+02 0.16794881E-05
 0.21710000E+02 0.16872094E-05
 0.21810000E+02 0.16949298E-05
 0.21910000E+02 0.17026497E-05
 0.22010000E+02 0.17103687E-05
 0.22110000E+02 0.17180871E-05
 0.22210000E+02 0.17258048E-05
 0.22310000E+02 0.17335217E-05
 0.22410000E+02 0.17412380E-05
 0.22510000E+02 0.17489535E-05
 0.22610000E+02 0.17566683E-05
 0.22710000E+02 0.17643823E-05
 0.22810000E+02 0.17720957E-05
 0.22910000E+02 0.17798082E-05
 0.23010000E+02 0.17875200E-05
 0.23110000E+02 0.17952312E-05
 0.23210000E+02 0.18029415E-05
 0.23310000E+02 0.18106511E-05
 0.23410000E+02 0.18183599E-05
 0.23510000E+02 0.18260680E-05
 0.23610000E+02 0.18337753E-05
 0.23710000E+02 0.18414819E-05
 0.23810000E+02 0.18491877E-05
 0.23910000E+02 0.18568927E-05
 0.24010000E+02 0.18645970E-05
 0.24110000E+02 0.18723005E-05
 0.24210000E+02 0.18800031E-05
 0.24310000E+02 0.18877051E-05
 0.24410000E+02 0.18954062E-05
 0.24510000E+02 0.19031065E-05
 0.24610000E+02 0.19108061E-05
 0.24710000E+02 0.19185048E-05
 0.24810000E+02 0.19262027E-05
 0.24910000E+02 0.19338999E-05
 0.25010000E+02 0.19415962E-05
 0.25110000E+02 0.19492918E-05
 0.25210000E+02 0.19569865E-05
 0.25310000E+02 0.19646804E-05
 0.25410000E+02 0.19723735E-05
 0.25510000E+02 0.19800657E-05
 0.25610000E+02 0.19877572E-05
 0.25710000E+02 0.19954478E-05
 0.25810000E+02 0.20031375E-05
 0.25910000E+02 0.20108265E-05
 0.26010000E+02 0.20185146E-05
 0.26110000E+02 0.20262018E-05
 0.26210000E+02 0.20338882E-05
 0.26310000E+02 0.20415738E-05
 0.26410000E+02 0.20492585E-05
 0.26510000E+02 0.20569424E-05
 0.26610000E+02 0.20646254E-05
 0.26710000E+02 0.20723075E-05
 0.26810000E+02 0.20799888E-05
 0.26910000E+02 0.20876692E-05
 0.27010000E+02 0.20953488E-05
 0.27110000E+02 0.21030274E-05
 0.27210000E+02 0.21107052E-05
 0.27310000E+02 0.21183821E-05
 0.27410000E+02 0.21260581E-05
 0.27510000E+02 0.21337333E-05
 0.27610000E+02 0.21414075E-05
 0.27710000E+02 0.21490808E-05
 0.27810000E+02 0.21567533E-05
 0.27910000E+02 0.21644248E-05
 0.28010000E+02 0.21720955E-05
 0.28110000E+02 0.21797652E-05
 0.28210000E+02 0.21874340E-05
 0.28310000E+02 0.21951019E-05
 0.28410000E+02 0.22027690E-05
 0.28510000E+02 0.22104350E-05
 0.28610000E+02 0.22181002E-05
 0.28710000E+02 0.22257644E-05
 0.28810000E+02 0.22334277E-05
 0.28910000E+02 0.22410901E-05
 0.29010000E+02 0.22487515E-05
 0.29110000E+02 0.22564120E-05
 0.29210000E+02 0.22640715E-05
 0.29310000E+02 0.22717301E-05
 0.29410000E+02 0.22793878E-05
 0.29510000E+02 0.22870445E-05
 0.29610000E+02 0.22947002E-05
 0.29710000E+02 0.23023550E-05
 0.29810000E+02 0.23100088E-05
 0.29910000E+02 0.23176617E-05
 0.30010000E+02 0.23253135E-05
 0.30110000E+02 0.23329644E-05
 0.30210000E+02 0.23406144E-05
 0.30310000E+02 0.23482633E-05
 0.30410000E+02 0.23559113E-05
 0.30510000E+02 0.23635583E-05
 0.30610000E+02 0.23712043E-05
 0.30710000E+02 0.23788493E-05
 0.30810000E+02 0.23864933E-05
 0.30910000E+02 0.23941363E-05
 0.31010000E+02 0.24017783E-05
 0.31110000E+02 0.24094193E-05
 0.31210000E+02 0.24170593E-05
 0.31310000E+02 0.24246983E-05
 0.31410000E+02 0.24323363E-05
 0.31510000E+02 0.24399732E-05
 0.31610000E+02 0.24476091E-05
 0.31710000E+02 0.24552441E-05
 0.31810000E+02 0.24628779E-05
 0.31910000E+02 0.24705107E-05
 0.32010000E+02 0.24781426E-05
 0.32110000E+02 0.24857733E-05
 0.32210000E+02 0.24934031E-05
 0.32310000E+02 0.25010318E-05
 0.32410000E+02 0.25086594E-05
 0.32510000E+02 0.25162860E-05
 0.32610000E+02 0.25239115E-05
 0.32710000E+02 0.25315360E-05
 0.32810000E+02 0.25391594E-05
 0.32910000E+02 0.25467817E-05
 0.33010000E+02 0.25544030E-05
 0.33110000E+02 0.25620232E-05
 0.33210000E+02 0.25696423E-05
 0.33310000E+02 0.25772604E-05
 0.33410000E+02 0.25848774E-05
 0.33510000E+02 0.25924933E-05
 0.33610000E+02 0.26001081E-05
 0.33710000E+02 0.26077218E-05
 0.33810000E+02 0.26153344E-05
 0.33910000E+02 0.26229459E-05
 0.34010000E+02 0.26305563E-05
 0.34110000E+02 0.26381656E-05
 0.34210000E+02 0.26457739E-05
 0.34310000E+02 0.26533810E-05
 0.34410000E+02 0.26609870E-05
 0.34510000E+02 0.26685918E-05
 0.34610000E+02 0.26761956E-05
 0.34710000E+02 0.26837982E-05
 0.34810000E+02 0.26913997E-05
 0.34910000E+02 0.26990001E-05
 0.35010000E+02 0.27065993E-05
 0.35110000E+02 0.27141974E-05
 0.35210000E+02 0.27217943E-05
 0.35310000E+02 0.27293901E-05
 0.35410000E+02 0.27369848E-05
 0.35510000E+02 0.27445783E-05
 0.35610000E+02 0.27521707E-05
 0.35710000E+02 0.27597619E-05
 0.35810000E+02 0.27673519E-05
 0.35910000E+02 0.27749408E-05
 0.36010000E+02 0.27825285E-05
 0.36110000E+02 0.27901152E-05
 0.36210000E+02 0.27977004E-05
 0.36310000E+02 0.28052848E-05
 0.36410000E+02 0.28128676E-05
 0.36510000E+02 0.28204495E-05
 0.36610000E+02 0.28280300E-05
 0.36710000E+02 0.28356096E-05
 0.36810000E+02 0.28431880E-05
 0.36910000E+02 0.28507648E-05
 0.37010000E+02 0.28583407E-05
 0.37110000E+02 0.28659154E-05
 0.37210000E+02 0.28734888E-05
 0.37310000E+02 0.28810611E-05
 0.37410000E+02 0.28886322E-05
 0.37510000E+02 0.28962021E-05
 0.37610000E+02 0.29037708E-05
 0.37710000E+02 0.29113381E-05
 0.37810000E+02 0.29189043E-05
 0.37910000E+02 0.29264693E-05
 0.38010000E+02 0.29340329E-05
 0.38110000E+02 0.29415954E-05
 0.38210000E+02 0.29491565E-05
 0.38310000E+02 0.29567165E-05
 0.38410000E+02 0.29642752E-05
 0.38510000E+02 0.29718328E-05
 0.38610000E+02 0.29793890E-05
 0.38710000E+02 0.29869439E-05
 0.38810000E+02 0.29944976E-05
 0.38910000E+02 0.30020501E-05
 0.39010000E+02 0.30096014E-05
 0.39110000E+02 0.30171511E-05
 0.39210000E+02 0.30246998E-05
 0.39310000E+02 0.30322473E-05
 0.39410000E+02 0.30397932E-05
 0.39510000E+02 0.30473381E-05
 0.39610000E+02 0.30548816E-05
 0.39710000E+02 0.30624238E-05
 0.39810000E+02 0.30699648E-05
 0.39910000E+02 0.30775044E-05
 0.40010000E+02 0.30850427E-05
 0.40110000E+02 0.30925799E-05
 0.40210000E+02 0.31001156E-05
 0.40310000E+02 0.31076500E-05
 0.40410000E+02 0.31151831E-05
 0.40510000E+02 0.31227149E-05
 0.40610000E+02 0.31302455E-05
 0.40710000E+02 0.31377747E-05
 0.40810000E+02 0.31453024E-05
 0.40910000E+02 0.31528289E-05
 0.41010000E+02 0.31603541E-05
 0.41110000E+02 0.31678781E-05
 0.41210000E+02 0.31754006E-05
 0.41310000E+02 0.31829218E-05
 0.41410000E+02 0.31904414E-05
 0.41510000E+02 0.31979600E-05
 0.41610000E+02 0.32054770E-05
 0.41710000E+02 0.32129928E-05
 0.41810000E+02 0.32205073E-05
 0.41910000E+02 0.32280203E-05
 0.42010000E+02 0.32355320E-05
 0.42110000E+02 0.32430423E-05
 0.42210000E+02 0.32505513E-05
 0.42310000E+02 0.32580589E-05
 0.42410000E+02 0.32655650E-05
 0.42510000E+02 0.32730699E-05
 0.42610000E+02 0.32805733E-05
 0.42710000E+02 0.32880754E-05
 0.42810000E+02 0.32955760E-05
 0.42910000E+02 0.33030753E-05
 0.43010000E+02 0.33105731E-05
 0.43110000E+02 0.33180696E-05
 0.43210000E+02 0.33255645E-05
 0.43310000E+02 0.33330582E-05
 0.43410000E+02 0.33405503E-05
 0.43510000E+02 0.33480411E-05
 0.43610000E+02 0.33555306E-05
 0.43710000E+02 0.33630185E-05
 0.43810000E+02 0.33705051E-05
 0.43910000E+02 0.33779902E-05
 0.44010000E+02 0.33854740E-05
 0.44110000E+02 0.33929562E-05
 0.44210000E+02 0.34004370E-05
 0.44310000E+02 0.34079163E-05
 0.44410000E+02 0.34153943E-05
 0.44510000E+02 0.34228708E-05
 0.44610000E+02 0.34303459E-05
 0.44710000E+02 0.34378193E-05
 0.44810000E+02 0.34452915E-05
 0.44910000E+02 0.34527622E-05
 0.45010000E+02 0.34602313E-05
 0.45110000E+02 0.34676990E-05
 0.45210000E+02 0.34751652E-05
 0.45310000E+02 0.34826301E-05
 0.45410000E+02 0.34900934E-05
 0.45510000E+02 0.34975553E-05
 0.45610000E+02 0.35050156E-05
 0.45710000E+02 0.35124743E-05
 0.45810000E+02 0.35199317E-05
 0.45910000E+02 0.35273875E-05
 0.46010000E+02 0.35348420E-05
 0.46110000E+02 0.35422947E-05
 0.46210000E+02 0.35497462E-05
 0.46310000E+02 0.35571961E-05
 0.46410000E+02 0.35646443E-05
 0.46510000E+02 0.35720912E-05
 0.46610000E+02 0.35795364E-05
 0.46710000E+02 0.35869803E-05
 0.46810000E+02 0.35944226E-05
 0.46910000E+02 0.36018631E-05
 0.47010000E+02 0.36093025E-05
 0.47110000E+02 0.36167400E-05
 0.47210000E+02 0.36241762E-05
 0.47310000E+02 0.36316109E-05
 0.47410000E+02 0.36390439E-05
 0.47510000E+02 0.36464753E-05
 0.47610000E+02 0.36539053E-05
 0.47710000E+02 0.36613337E-05
 0.47810000E+02 0.36687605E-05
 0.47910000E+02 0.36761858E-05
 0.48010000E+02 0.36836095E-05
 0.48110000E+02 0.36910316E-05
 0.48210000E+02 0.36984522E-05
 0.48310000E+02 0.37058710E-05
 0.48410000E+02 0.37132886E-05
 0.48510000E+02 0.37207044E-05
 0.48610000E+02 0.37281185E-05
 0.48710000E+02 0.37355311E-05
 0.48810000E+02 0.37429422E-05
 0.48910000E+02 0.37503517E-05
 0.49010000E+02 0.37577596E-05
 0.49110000E+02 0.37651660E-05
 0.49210000E+02 0.37725706E-05
 0.49310000E+02 0.37799736E-05
 0.49410000E+02 0.37873750E-05
 0.49510000E+02 0.37947748E-05
 0.49610000E+02 0.38021732E-05
 0.49710000E+02 0.38095697E-05
 0.49810000E+02 0.38169647E-05
 0.49910000E+02 0.38243578E-05
 0.51000000E+02 0.39048388E-05
 0.55000000E+02 0.41984498E-05
 0.59000000E+02 0.44891769E-05
 0.63000000E+02 0.47768043E-05
 0.67000000E+02 0.50611152E-05
 0.71000000E+02 0.53418930E-05
 0.75000000E+02 0.56189197E-05
 0.79000000E+02 0.58919778E-05
 0.83000000E+02 0.61608494E-05
 0.87000000E+02 0.64253170E-05
 0.91000000E+02 0.66851633E-05
 0.95000000E+02 0.69401720E-05
 0.99000000E+02 0.71901279E-05
 0.10300000E+03 0.74348170E-05
 0.10700000E+03 0.76740275E-05
 0.11100000E+03 0.79075496E-05
 0.11500000E+03 0.81351763E-05
 0.11900000E+03 0.83567036E-05
 0.12300000E+03 0.85719317E-05
 0.12700000E+03 0.87806630E-05
 0.13100000E+03 0.89827069E-05
 0.13500000E+03 0.91778770E-05
 0.13900000E+03 0.93659914E-05
 0.14300000E+03 0.95468762E-05
 0.14700000E+03 0.97203619E-05
 0.15100000E+03 0.98862887E-05
 0.15500000E+03 0.10044503E-04
 0.15900000E+03 0.10194858E-04
 0.16300000E+03 0.10337220E-04
 0.16700000E+03 0.10471460E-04
 0.17100000E+03 0.10597461E-04
 0.17500000E+03 0.10715115E-04
 0.17900000E+03 0.10824327E-04
 0.18300000E+03 0.10925010E-04
 0.18700000E+03 0.11017089E-04
 0.19100000E+03 0.11100504E-04
 0.19500000E+03 0.11175203E-04
 0.19900000E+03 0.11241148E-04
 0.20300000E+03 0.11298315E-04
 0.20700000E+03 0.11346692E-04
 0.21100000E+03 0.11386279E-04
 0.21500000E+03 0.11417090E-04
 0.21900000E+03 0.11439154E-04
 0.22300000E+03 0.11452512E-04
 0.22700000E+03 0.11457218E-04
 0.23100000E+03 0.11453340E-04
 0.23500000E+03 0.11440960E-04
 0.23900000E+03 0.11420174E-04
 0.24300000E+03 0.11391089E-04
 0.24700000E+03 0.11353826E-04
 0.25100000E+03 0.11308519E-04
 0.25500000E+03 0.11255315E-04
 0.25900000E+03 0.11194371E-04
 0.26300000E+03 0.11125858E-04
 0.26700000E+03 0.11049958E-04
 0.27100000E+03 0.10966863E-04
 0.27500000E+03 0.10876775E-04
 0.27900000E+03 0.10779908E-04
 0.28300000E+03 0.10676484E-04
 0.28700000E+03 0.10566733E-04
 0.29100000E+03 0.10450896E-04
 0.29500000E+03 0.10329219E-04
 0.29900000E+03 0.10201956E-04
 0.30300000E+03 0.10069367E-04
 0.30700000E+03 0.99317173E-05
 0.31100000E+03 0.97892788E-05
 0.31500000E+03 0.96423257E-05
 0.31900000E+03 0.94911367E-05
 0.32300000E+03 0.93359932E-05
 0.32700000E+03 0.91771783E-05
 0.33100000E+03 0.90149773E-05
 0.33500000E+03 0.88496755E-05
 0.33900000E+03 0.86815587E-05
 0.34300000E+03 0.85109111E-05
 0.34700000E+03 0.83380167E-05
 0.35100000E+03 0.81631567E-05
 0.35500000E+03 0.79866096E-05
 0.35900000E+03 0.78086513E-05
 0.36300000E+03 0.76295529E-05
 0.36700000E+03 0.74495815E-05
 0.37100000E+03 0.72689989E-05
 0.37500000E+03 0.70880616E-05
 0.37900000E+03 0.69070201E-05
 0.38300000E+03 0.67261180E-05
 0.38700000E+03 0.65455917E-05
 0.39100000E+03 0.63656711E-05
 0.39500000E+03 0.61865775E-05
 0.39900000E+03 0.60085243E-05
 0.40300000E+03 0.58317169E-05
 0.40700000E+03 0.56563516E-05
 0.41100000E+03 0.54826158E-05
 0.41500000E+03 0.53106880E-05
 0.41900000E+03 0.51407372E-05
 0.42300000E+03 0.49729232E-05
 0.42700000E+03 0.48073963E-05
 0.43100000E+03 0.46442968E-05
 0.43500000E+03 0.44837561E-05
 0.43900000E+03 0.43258952E-05
 0.44300000E+03 0.41708262E-05
 0.44700000E+03 0.40186512E-05
 0.45100000E+03 0.38694634E-05
 0.45500000E+03 0.37233459E-05
 0.45900000E+03 0.35803732E-05
 0.46300000E+03 0.34406108E-05
 0.46700000E+03 0.33041150E-05
 0.47100000E+03 0.31709335E-05
 0.47500000E+03 0.30411059E-05
 0.47900000E+03 0.29146635E-05
 0.48300000E+03 0.27916294E-05
 0.48700000E+03 0.26720195E-05
 0.49100000E+03 0.25558422E-05
 0.49500000E+03 0.24430986E-05
 0.49900000E+03 0.23337832E-05
 0.50300000E+03 0.22278843E-05
 0.50700000E+03 0.21253838E-05
 0.51100000E+03 0.20262581E-05
 0.51500000E+03 0.19304778E-05
 0.51900000E+03 0.18380085E-05
 0.52300000E+03 0.17488111E-05
 0.52700000E+03 0.16628420E-05
 0.53100000E+03 0.15800534E-05
 0.53500000E+03 0.15003938E-05
 0.53900000E+03 0.14238081E-05
 0.54300000E+03 0.13502383E-05
 0.54700000E+03 0.12796233E-05
 0.55100000E+03 0.12118994E-05
 0.55500000E+03 0.11470010E-05
 0.55900000E+03 0.10848602E-05
 0.56300000E+03 0.10254076E-05
 0.56700000E+03 0.96857238E-06
 0.57100000E+03 0.91428250E-06
 0.57500000E+03 0.86246510E-06
 0.57900000E+03 0.81304660E-06
 0.58300000E+03 0.76595305E-06
 0.58700000E+03 0.72111026E-06
 0.59100000E+03 0.67844401E-06
 0.59500000E+03 0.63788025E-06
 0.59900000E+03 0.59934531E-06
 0.60300000E+03 0.56276605E-06
 0.60700000E+03 0.52807002E-06
 0.61100000E+03 0.49518552E-06
 0.61500000E+03 0.46404190E-06
 0.61900000E+03 0.43456955E-06
 0.62300000E+03 0.40670003E-06
 0.62700000E+03 0.38036625E-06
 0.63100000E+03 0.35550242E-06
 0.63500000E+03 0.33204428E-06
 0.63900000E+03 0.30992906E-06
 0.64300000E+03 0.28909555E-06
 0.64700000E+03 0.26948423E-06
 0.65100000E+03 0.25103727E-06
 0.65500000E+03 0.23369846E-06
 0.65900000E+03 0.21741341E-06
 0.66300000E+03 0.20212950E-06
 0.66700000E+03 0.18779582E-06
 0.67100000E+03 0.17436325E-06
 0.67500000E+03 0.16178449E-06
 0.67900000E+03 0.15001395E-06
 0.68300000E+03 0.13900782E-06
 0.68700000E+03 0.12872405E-06
 0.69100000E+03 0.11912229E-06
 0.69500000E+03 0.11016387E-06
 0.69900000E+03 0.10181182E-06
 0.70300000E+03 0.94030794E-07
 0.70700000E+03 0.86787034E-07
 0.71100000E+03 0.80048361E-07
 0.71500000E+03 0.73784120E-07
 0.71900000E+03 0.67965140E-07
 0.72300000E+03 0.62563696E-07
 0.72700000E+03 0.57553458E-07
 0.73100000E+03 0.52909458E-07
 0.73500000E+03 0.48608035E-07
 0.73900000E+03 0.44626793E-07
 0.74300000E+03 0.40944555E-07
 0.74700000E+03 0.37541315E-07
 0.75100000E+03 0.34398196E-07
 0.75500000E+03 0.31497401E-07
 0.75900000E+03 0.28822167E-07
 0.76300000E+03 0.26356722E-07
 0.76700000E+03 0.24086241E-07
 0.77100000E+03 0.21996802E-07
 0.77500000E+03 0.20075339E-07
 0.77900000E+03 0.18309611E-07
 0.78300000E+03 0.16688149E-07
 0.78700000E+03 0.15200229E-07
 0.79100000E+03 0.13835820E-07
 0.79500000E+03 0.12585561E-07
 0.79900000E+03 0.11440714E-07
 0.80300000E+03 0.10393133E-07
 0.80700000E+03 0.94352357E-08
 0.81100000E+03 0.85599626E-08
 0.81500000E+03 0.77607526E-08
 0.81900000E+03 0.70315112E-08
 0.82300000E+03 0.63665826E-08
 0.82700000E+03 0.57607222E-08
 0.83100000E+03 0.52090721E-08
 0.83500000E+03 0.47071350E-08
 0.83900000E+03 0.42507523E-08
 0.84300000E+03 0.38360814E-08
 0.84700000E+03 0.34595745E-08
 0.85100000E+03 0.31179591E-08
 0.85500000E+03 0.28082193E-08
 0.85900000E+03 0.25275775E-08
 0.86300000E+03 0.22734782E-08
 0.86700000E+03 0.20435722E-08
 0.87100000E+03 0.18357014E-08
 0.87500000E+03 0.16478853E-08
 0.87900000E+03 0.14783074E-08
 0.88300000E+03 0.13253036E-08
 0.88700000E+03 0.11873503E-08
 0.89100000E+03 0.10630538E-08
 0.89500000E+03 0.95114006E-09
 0.89900000E+03 0.85044565E-09
 0.90300000E+03 0.75990888E-09
 0.90700000E+03 0.67856169E-09
 0.91100000E+03 0.60552212E-09
 0.91500000E+03 0.53998731E-09
 0.91900000E+03 0.48122697E-09
 0.92300000E+03 0.42857737E-09
 0.92700000E+03 0.38143573E-09
 0.93100000E+03 0.33925508E-09
 0.93500000E+03 0.30153951E-09
 0.93900000E+03 0.26783969E-09
 0.94300000E+03 0.23774891E-09
 0.94700000E+03 0.21089922E-09
 0.95100000E+03 0.18695810E-09
 0.95500000E+03 0.16562521E-09
 0.95900000E+03 0.14662955E-09
 0.96300000E+03 0.12972671E-09
 0.96700000E+03 0.11469649E-09
 0.97100000E+03 0.10134067E-09
 0.97500000E+03 0.89480885E-10
 0.97900000E+03 0.78956815E-10
 0.98300000E+03 0.69624460E-10
 0.98700000E+03 0.61354570E-10
 0.99100000E+03 0.54031230E-10
 0.99500000E+03 0.47550563E-10
 0.99900000E+03 0.41819548E-10
 0.10030000E+04 0.36754952E-10
 0.10070000E+04 0.32282358E-10
 0.10110000E+04 0.28335280E-10
 0.10150000E+04 0.24854363E-10
 0.10190000E+04 0.21786658E-10
 0.10230000E+04 0.19084969E-10
 0.10270000E+04 0.16707258E-10
 0.10310000E+04 0.14616108E-10
 0.10350000E+04 0.12778244E-10
 0.10390000E+04 0.11164094E-10
 0.10430000E+04 0.97473969E-11
 0.10470000E+04 0.85048502E-11
 0.10510000E+04 0.74157923E-11
 0.10550000E+04 0.64619160E-11
 0.10590000E+04 0.56270130E-11
 0.10630000E+04 0.48967440E-11
 0.10670000E+04 0.42584322E-11
 0.10710000E+04 0.37008796E-11
 0.10750000E+04 0.32142008E-11
 0.10790000E+04 0.27896771E-11
 0.10830000E+04 0.24196232E-11
 0.10870000E+04 0.20972703E-11
 0.10910000E+04 0.18166611E-11
 0.10950000E+04 0.15725566E-11
 0.10990000E+04 0.13603528E-11
 0.11030000E+04 0.11760063E-11
 0.11070000E+04 0.10159694E-11
 0.11110000E+04 0.87713100E-12
 0.11150000E+04 0.75676521E-12
 0.11190000E+04 0.65248529E-12
 0.11230000E+04 0.56220298E-12
 0.11270000E+04 0.48409259E-12
 0.11310000E+04 0.41655906E-12
 0.11350000E+04 0.35820991E-12
 0.11390000E+04 0.30783038E-12
 0.11430000E+04 0.26436150E-12
 0.11470000E+04 0.22688085E-12
 0.11510000E+04 0.19458542E-12
 0.11550000E+04 0.16677680E-12
 0.11590000E+04 0.14284789E-12
 0.11630000E+04 0.12227139E-12
 0.11670000E+04 0.10458967E-12
 0.11710000E+04 0.89405773E-13
 0.11750000E+04 0.76375703E-13
 0.11790000E+04 0.65201522E-13
 0.11830000E+04 0.55625395E-13
 0.11870000E+04 0.47424345E-13
 0.11910000E+04 0.40405682E-13
 0.11950000E+04 0.34403007E-13
 0.11990000E+04 0.29272730E-13
 0.12030000E+04 0.24891032E-13
 0.12070000E+04 0.21151222E-13
 0.12110000E+04 0.17961429E-13
 0.12150000E+04 0.15242603E-13
 0.12190000E+04 0.12926779E-13
 0.12230000E+04 0.10955553E-13
 0.12270000E+04 0.92787865E-14
 0.12310000E+04 0.78534575E-14
 0.12350000E+04 0.66426824E-14
 0.12390000E+04 0.56148602E-14
 0.12430000E+04 0.47429360E-14
 0.12470000E+04 0.40037638E-14
 0.12510000E+04 0.33775555E-14
 0.12550000E+04 0.28474061E-14
 0.12590000E+04 0.23988836E-14
 0.12630000E+04 0.20196765E-14
 0.12670000E+04 0.16992893E-14
 0.12710000E+04 0.14287810E-14
 0.12750000E+04 0.12005407E-14
 0.12790000E+04 0.10080939E-14
 0.12830000E+04 0.84593687E-15
 0.12870000E+04 0.70939439E-15
 0.12910000E+04 0.59449804E-15
 0.12950000E+04 0.49788147E-15
 0.12990000E+04 0.41669124E-15
 0.13030000E+04 0.34851031E-15
 0.13070000E+04 0.29129282E-15
 0.13110000E+04 0.24330821E-15
 0.13150000E+04 0.20309378E-15
 0.13190000E+04 0.16941402E-15
 0.13230000E+04 0.14122608E-15
 0.13270000E+04 0.11765039E-15
 0.13310000E+04 0.97945545E-16
 0.13350000E+04 0.81487101E-16
 0.13390000E+04 0.67749468E-16
 0.13430000E+04 0.56290587E-16
 0.13470000E+04 0.46738906E-16
 0.13510000E+04 0.38782355E-16
 0.13550000E+04 0.32159009E-16
 0.13590000E+04 0.26649190E-16
 0.13630000E+04 0.22068775E-16
 0.13670000E+04 0.18263554E-16
 0.13710000E+04 0.15104461E-16
 0.13750000E+04 0.12483548E-16
 0.13790000E+04 0.10310595E-16
 0.13830000E+04 0.85102487E-17
 0.13870000E+04 0.70196205E-17
 0.13910000E+04 0.57862593E-17
 0.13950000E+04 0.47664497E-17
 0.13990000E+04 0.39237831E-17
 0.14030000E+04 0.32279577E-17
 0.14070000E+04 0.26537716E-17
 0.14110000E+04 0.21802792E-17
 0.14150000E+04 0.17900846E-17
 0.14190000E+04 0.14687499E-17
 0.14230000E+04 0.12043009E-17
 0.14270000E+04 0.98681338E-18
 0.14310000E+04 0.80806806E-18
 0.14350000E+04 0.66126217E-18
 0.14390000E+04 0.54076963E-18
 0.14430000E+04 0.44194046E-18
 0.14470000E+04 0.36093426E-18
 0.14510000E+04 0.29458139E-18
 0.14550000E+04 0.24026770E-18
 0.14590000E+04 0.19583861E-18
 0.14630000E+04 0.15951962E-18
 0.14670000E+04 0.12985024E-18
 0.14710000E+04 0.10562927E-18
 0.14750000E+04 0.85869444E-19
 0.14790000E+04 0.69759912E-19
 0.14830000E+04 0.56635145E-19
 0.14870000E+04 0.45949309E-19
 0.14910000E+04 0.37255022E-19
 0.14950000E+04 0.30185858E-19
 0.14990000E+04 0.24441907E-19
