# Conservative estimate of distribution function at Earth, see astro-ph/0401113
#u [km/s]       f/u [(km/s)^(-2)
 0.00000000E+00 0.00000000E+00
 0.25990000E+01 0.00000000E+00
 0.26000000E+01 0.00000000E+00
 0.30000000E+01 0.00000000E+00
 0.34000000E+01 0.00000000E+00
 0.38000000E+01 0.00000000E+00
 0.42000000E+01 0.00000000E+00
 0.46000000E+01 0.00000000E+00
 0.50000000E+01 0.00000000E+00
 0.54000000E+01 0.00000000E+00
 0.58000000E+01 0.00000000E+00
 0.62000000E+01 0.00000000E+00
 0.66000000E+01 0.00000000E+00
 0.70000000E+01 0.00000000E+00
 0.74000000E+01 0.00000000E+00
 0.78000000E+01 0.00000000E+00
 0.82000000E+01 0.00000000E+00
 0.86000000E+01 0.00000000E+00
 0.88000000E+01 0.00000000E+00
 0.90000000E+01 0.22192473E-09
 0.94000000E+01 0.47674850E-09
 0.98000000E+01 0.87105932E-09
 0.10200000E+02 0.13618294E-08
 0.10600000E+02 0.19331083E-08
 0.11000000E+02 0.19740609E-08
 0.11400000E+02 0.35376868E-08
 0.11800000E+02 0.30848269E-08
 0.12200000E+02 0.45795760E-08
 0.12600000E+02 0.40931397E-08
 0.13000000E+02 0.65634466E-08
 0.13400000E+02 0.15195816E-07
 0.13800000E+02 0.18218393E-07
 0.14200000E+02 0.26122389E-07
 0.14600000E+02 0.29088975E-07
 0.15000000E+02 0.31985777E-07
 0.15500000E+02 0.47925434E-07
 0.16000000E+02 0.48210864E-07
 0.16500000E+02 0.62461588E-07
 0.17000000E+02 0.71187035E-07
 0.17500000E+02 0.78918691E-07
 0.18000000E+02 0.91571222E-07
 0.19000000E+02 0.11818849E-06
 0.20000000E+02 0.14022589E-06
 0.21000000E+02 0.21250945E-06
 0.22000000E+02 0.19302549E-06
 0.23000000E+02 0.22952785E-06
 0.24000000E+02 0.25533950E-06
 0.26000000E+02 0.32490918E-06
 0.28000000E+02 0.40357561E-06
 0.30000000E+02 0.48982737E-06
 0.32000000E+02 0.57453350E-06
 0.35000000E+02 0.71450869E-06
 0.38000000E+02 0.86650453E-06
 0.41000000E+02 0.10417276E-05
 0.44000000E+02 0.12006485E-05
 0.47000000E+02 0.13744108E-05
 0.50000000E+02 0.15678565E-05
 0.53000000E+02 0.17653955E-05
 0.56000000E+02 0.19840970E-05
 0.59000000E+02 0.21947571E-05
 0.62000000E+02 0.24257731E-05
 0.65000000E+02 0.26563769E-05
 0.68000000E+02 0.28996841E-05
 0.71000000E+02 0.31442103E-05
 0.78787879E+02 0.37422384E-05
 0.88383838E+02 0.43783618E-05
 0.97979798E+02 0.49679505E-05
 0.10757576E+03 0.55241182E-05
 0.11717172E+03 0.60515313E-05
 0.12676768E+03 0.65516883E-05
 0.13636364E+03 0.70245456E-05
 0.14595960E+03 0.74692107E-05
 0.15555556E+03 0.78843013E-05
 0.16515152E+03 0.82681649E-05
 0.17474747E+03 0.86190238E-05
 0.18434343E+03 0.89350849E-05
 0.19393939E+03 0.92146294E-05
 0.20353535E+03 0.94560851E-05
 0.21313131E+03 0.96580878E-05
 0.22272727E+03 0.98195335E-05
 0.23232323E+03 0.99396238E-05
 0.24191919E+03 0.10017899E-04
 0.25151515E+03 0.10054263E-04
 0.26111111E+03 0.10049003E-04
 0.27070707E+03 0.10002795E-04
 0.28030303E+03 0.99167041E-05
 0.28989899E+03 0.97921745E-05
 0.29949495E+03 0.96310121E-05
 0.30909091E+03 0.94353580E-05
 0.31868687E+03 0.92076583E-05
 0.32828283E+03 0.89506250E-05
 0.33787879E+03 0.86671936E-05
 0.34747475E+03 0.83604783E-05
 0.35707071E+03 0.80337205E-05
 0.36666667E+03 0.76902433E-05
 0.37626263E+03 0.73333982E-05
 0.38585859E+03 0.69665187E-05
 0.39545455E+03 0.65928737E-05
 0.40505051E+03 0.62156248E-05
 0.41464646E+03 0.58377872E-05
 0.42424242E+03 0.54621942E-05
 0.43383838E+03 0.50914709E-05
 0.44343434E+03 0.47280080E-05
 0.45303030E+03 0.43739454E-05
 0.46262626E+03 0.40311594E-05
 0.47222222E+03 0.37012559E-05
 0.48181818E+03 0.33855698E-05
 0.49141414E+03 0.30851680E-05
 0.50101010E+03 0.28008575E-05
 0.51060606E+03 0.25331975E-05
 0.52020202E+03 0.22825146E-05
 0.52979798E+03 0.20489202E-05
 0.53939394E+03 0.18323313E-05
 0.54898990E+03 0.16324913E-05
 0.55858586E+03 0.14489921E-05
 0.56818182E+03 0.12812969E-05
 0.57777778E+03 0.11287621E-05
 0.58737374E+03 0.99065912E-06
 0.59696970E+03 0.86619453E-06
 0.60656566E+03 0.75452948E-06
 0.61616162E+03 0.65479705E-06
 0.62575758E+03 0.56611818E-06
 0.63535354E+03 0.48761546E-06
 0.64494949E+03 0.41842528E-06
 0.65454545E+03 0.35770789E-06
 0.66414141E+03 0.30465571E-06
 0.67373737E+03 0.25849988E-06
 0.68333333E+03 0.21851520E-06
 0.69292929E+03 0.18402348E-06
 0.70252525E+03 0.15439566E-06
 0.71212121E+03 0.12905274E-06
 0.72171717E+03 0.10746563E-06
 0.73131313E+03 0.89154264E-07
 0.74090909E+03 0.73685971E-07
 0.75050505E+03 0.60673300E-07
 0.76010101E+03 0.49771468E-07
 0.76969697E+03 0.40675535E-07
 0.77929293E+03 0.33117381E-07
 0.78888889E+03 0.26862631E-07
 0.79848485E+03 0.21707551E-07
 0.80808081E+03 0.17476029E-07
 0.81767677E+03 0.14016652E-07
 0.82727273E+03 0.11199930E-07
 0.83686869E+03 0.89157046E-08
 0.84646465E+03 0.70707474E-08
 0.85606061E+03 0.55865558E-08
 0.86565657E+03 0.43973603E-08
 0.87525253E+03 0.34483307E-08
 0.88484848E+03 0.26939818E-08
 0.89444444E+03 0.20967620E-08
 0.90404040E+03 0.16258193E-08
 0.91363636E+03 0.12559256E-08
 0.92323232E+03 0.96654922E-09
 0.93282828E+03 0.74105826E-09
 0.94242424E+03 0.56604235E-09
 0.95202020E+03 0.43073839E-09
 0.96161616E+03 0.32654738E-09
 0.97121212E+03 0.24663045E-09
 0.98080808E+03 0.18557306E-09
 0.99040404E+03 0.13910758E-09
 0.10000000E+04 0.10388532E-09
 0.10100000E+04 0.76327599E-10
 0.10302041E+04 0.40438415E-10
 0.10504082E+04 0.21070157E-10
 0.10706122E+04 0.10796962E-10
 0.10908163E+04 0.54411970E-11
 0.11110204E+04 0.26967796E-11
 0.11312245E+04 0.13144790E-11
 0.11514286E+04 0.63011240E-12
 0.11716327E+04 0.29705558E-12
 0.11918367E+04 0.13772470E-12
 0.12120408E+04 0.62797072E-13
 0.12322449E+04 0.28159153E-13
 0.12524490E+04 0.12417998E-13
 0.12726531E+04 0.53856051E-14
 0.12928571E+04 0.22970350E-14
 0.13130612E+04 0.96349629E-15
 0.13332653E+04 0.39744868E-15
 0.13534694E+04 0.16123522E-15
 0.13736735E+04 0.64325899E-16
 0.13938776E+04 0.25238189E-16
 0.14140816E+04 0.97381452E-17
 0.14342857E+04 0.36952113E-17
 0.14544898E+04 0.13789440E-17
 0.14746939E+04 0.50605497E-18
 0.14948980E+04 0.18263828E-18
 0.15151020E+04 0.64822890E-19
 0.15353061E+04 0.22625947E-19
 0.15555102E+04 0.77665193E-20
 0.15757143E+04 0.26217225E-20
 0.15959184E+04 0.87033635E-21
 0.16161224E+04 0.28413658E-21
 0.16363265E+04 0.91223377E-22
 0.16565306E+04 0.28802067E-22
 0.16767347E+04 0.89429157E-23
 0.16969388E+04 0.27306882E-23
 0.17171429E+04 0.81997777E-24
 0.17373469E+04 0.24214115E-24
 0.17575510E+04 0.70318750E-25
 0.17777551E+04 0.20082106E-25
 0.17979592E+04 0.56400446E-26
 0.18181633E+04 0.15577239E-26
 0.18383673E+04 0.42308997E-27
 0.18585714E+04 0.11300790E-27
 0.18787755E+04 0.29683719E-28
 0.18989796E+04 0.76676248E-29
 0.19191837E+04 0.19477625E-29
 0.19393878E+04 0.48656782E-30
 0.19595918E+04 0.11953158E-30
 0.19797959E+04 0.28877087E-31
 0.20000000E+04 0.68604915E-32
 0.20000010E+04 0.00000000E+00
