########################################################################
# Reference Counts for Solar Model GS98                                #
# Column 1: log10(Axion mass in eV)                                    #
#        n>1: log10(Reference photon counts in energy bin n-1)         #
########################################################################
-3.0000000e+00 -3.6717337e-01 -6.4895141e-02 9.2286355e-02 1.3281487e-01 1.0327178e-01 4.8531276e-02 -3.6779229e-02 -1.4986763e-01 -2.9739041e-01 -4.8128056e-01
-2.8000000e+00 -3.6719375e-01 -6.4909032e-02 9.2276338e-02 1.3280731e-01 1.0326589e-01 4.8526562e-02 -3.6783091e-02 -1.4987085e-01 -2.9739314e-01 -4.8128290e-01
-2.6000000e+00 -3.6732235e-01 -6.4996677e-02 9.2213134e-02 1.3275960e-01 1.0322874e-01 4.8496813e-02 -3.6807455e-02 -1.4989116e-01 -2.9741034e-01 -4.8129765e-01
-2.4000000e+00 -3.6813392e-01 -6.5549762e-02 9.1814303e-02 1.3245858e-01 1.0299430e-01 4.8309106e-02 -3.6961190e-02 -1.5001932e-01 -2.9751892e-01 -4.8139072e-01
-2.2000000e+00 -3.7326117e-01 -6.9042602e-02 8.9296210e-02 1.3055830e-01 1.0151450e-01 4.7124380e-02 -3.7931438e-02 -1.5082811e-01 -2.9820407e-01 -4.8197805e-01
-2.1500000e+00 -3.7683157e-01 -7.1473477e-02 8.7544337e-02 1.2923655e-01 1.0048538e-01 4.6300560e-02 -3.8606062e-02 -1.5139043e-01 -2.9868042e-01 -4.8238638e-01
-2.1000000e+00 -3.8250161e-01 -7.5331506e-02 8.4764993e-02 1.2714011e-01 9.8853352e-02 4.4994261e-02 -3.9675695e-02 -1.5228195e-01 -2.9943559e-01 -4.8303368e-01
-2.0500000e+00 -3.9151668e-01 -8.1459582e-02 8.0352938e-02 1.2381341e-01 9.6264288e-02 4.2922327e-02 -4.1372017e-02 -1.5369566e-01 -3.0063299e-01 -4.8405997e-01
-2.0000000e+00 -4.0587752e-01 -9.1206152e-02 7.3342382e-02 1.1853069e-01 9.2154664e-02 3.9634528e-02 -4.4063197e-02 -1.5593811e-01 -3.0253208e-01 -4.8568753e-01
-1.9500000e+00 -4.2882463e-01 -1.0674055e-01 6.2185944e-02 1.1013220e-01 8.5625597e-02 3.4413612e-02 -4.8335210e-02 -1.5949687e-01 -3.0554532e-01 -4.8826953e-01
-1.9000000e+00 -4.6567722e-01 -1.3158446e-01 4.4388230e-02 9.6755568e-02 7.5237795e-02 2.6113449e-02 -5.5123034e-02 -1.6514903e-01 -3.1032952e-01 -4.9236798e-01
-1.8500000e+00 -5.2536323e-01 -1.7154065e-01 1.5882184e-02 7.5386302e-02 5.8672472e-02 1.2893598e-02 -6.5924470e-02 -1.7413722e-01 -3.1793357e-01 -4.9887945e-01
-1.8475000e+00 -5.2918536e-01 -1.7408719e-01 1.4070416e-02 7.4030479e-02 5.7622675e-02 1.2056496e-02 -6.6608030e-02 -1.7470578e-01 -3.1841441e-01 -4.9929109e-01
-1.8400000e+00 -5.4123810e-01 -1.8210773e-01 8.3681031e-03 6.9765050e-02 5.4320969e-02 9.4242719e-03 -6.8757137e-02 -1.7649313e-01 -3.1992588e-01 -5.0058495e-01
-1.8325000e+00 -5.5422756e-01 -1.9073489e-01 2.2412916e-03 6.5185236e-02 5.0777544e-02 6.6002451e-03 -7.1062311e-02 -1.7840994e-01 -3.2154661e-01 -5.0197220e-01
-1.8250000e+00 -5.6823326e-01 -2.0001739e-01 -4.3430033e-03 6.0267108e-02 4.6974255e-02 3.5701577e-03 -7.3535072e-02 -1.8046573e-01 -3.2328460e-01 -5.0345966e-01
-1.8175000e+00 -5.8334268e-01 -2.1000831e-01 -1.1420552e-02 5.4984793e-02 4.2891525e-02 3.1864793e-04 -7.6187819e-02 -1.8267071e-01 -3.2514844e-01 -5.0505463e-01
-1.8100000e+00 -5.9965220e-01 -2.2076560e-01 -1.9030183e-02 4.9310301e-02 3.8508223e-02 -3.1708416e-03 -7.9033903e-02 -1.8503588e-01 -3.2714737e-01 -5.0676497e-01
-1.8025000e+00 -6.1726834e-01 -2.3235258e-01 -2.7214089e-02 4.3213328e-02 3.3801522e-02 -6.9161649e-03 -8.2087701e-02 -1.8757308e-01 -3.2929130e-01 -5.0859914e-01
-1.7950000e+00 -6.3630908e-01 -2.4483862e-01 -3.6018165e-02 3.6661038e-02 2.8746756e-02 -1.0936583e-02 -8.5364704e-02 -1.9029505e-01 -3.3159093e-01 -5.1056621e-01
-1.7875000e+00 -6.5690556e-01 -2.5829977e-01 -4.5492402e-02 2.9617819e-02 2.3317246e-02 -1.5252887e-02 -8.8881613e-02 -1.9321551e-01 -3.3405775e-01 -5.1267595e-01
-1.7800000e+00 -6.7920396e-01 -2.7281965e-01 -5.5691317e-02 2.2045014e-02 1.7484122e-02 -1.9887530e-02 -9.2656435e-02 -1.9634923e-01 -3.3670412e-01 -5.1493888e-01
-1.7725000e+00 -7.0336786e-01 -2.8849036e-01 -6.6674455e-02 1.3900617e-02 1.1216115e-02 -2.4864775e-02 -9.6708597e-02 -1.9971214e-01 -3.3954337e-01 -5.1736627e-01
-1.7650000e+00 -7.2958105e-01 -3.0541358e-01 -7.8506951e-02 5.1389287e-03 4.4793279e-03 -3.0210860e-02 -1.0105907e-01 -2.0332141e-01 -3.4258984e-01 -5.1997032e-01
-1.7575000e+00 -7.5805095e-01 -3.2370190e-01 -9.1260182e-02 -4.2898270e-03 -2.7630134e-03 -3.5954177e-02 -1.0573051e-01 -2.0719556e-01 -3.4585899e-01 -5.2276409e-01
-1.7500000e+00 -7.8901279e-01 -3.4348032e-01 -1.0501251e-01 -1.4439939e-02 -1.0550848e-02 -4.2125470e-02 -1.1074740e-01 -2.1135456e-01 -3.4936747e-01 -5.2576171e-01
-1.7425000e+00 -8.2273492e-01 -3.6488808e-01 -1.1985015e-01 -2.5370703e-02 -1.8927600e-02 -4.8758063e-02 -1.1613621e-01 -2.1582000e-01 -3.5313326e-01 -5.2897836e-01
-1.7350000e+00 -8.5952530e-01 -3.8808082e-01 -1.3586817e-01 -3.7146992e-02 -2.7940532e-02 -5.5888105e-02 -1.2192559e-01 -2.2061518e-01 -3.5717573e-01 -5.3243043e-01
-1.7275000e+00 -8.9973989e-01 -4.1323324e-01 -1.5317166e-01 -4.9839894e-02 -3.7641155e-02 -6.3554848e-02 -1.2814657e-01 -2.2576530e-01 -3.6151581e-01 -5.3613556e-01
-1.7200000e+00 -9.4379332e-01 -4.4054225e-01 -1.7187711e-01 -6.3527468e-02 -4.8085689e-02 -7.1800959e-02 -1.3483280e-01 -2.3129762e-01 -3.6617611e-01 -5.4011281e-01
-1.7125000e+00 -9.9217293e-01 -4.7023092e-01 -1.9211405e-01 -7.8295596e-02 -5.9335582e-02 -8.0672873e-02 -1.4202075e-01 -2.3724164e-01 -3.7118104e-01 -5.4438275e-01
-1.7050000e+00 -1.0454571e+00 -5.0255331e-01 -2.1402699e-01 -9.4238991e-02 -7.1458109e-02 -9.0221184e-02 -1.4975007e-01 -2.4362933e-01 -3.7655702e-01 -5.4896757e-01
-1.6975000e+00 -1.1043404e+00 -5.3780060e-01 -2.3777778e-01 -1.1146236e-01 -8.4527062e-02 -1.0050110e-01 -1.5806385e-01 -2.5049535e-01 -3.8233264e-01 -5.5389127e-01
-1.6900000e+00 -1.1696667e+00 -5.7630875e-01 -2.6354839e-01 -1.3008181e-01 -9.8623534e-02 -1.1157294e-01 -1.6700898e-01 -2.5787732e-01 -3.8853886e-01 -5.5917981e-01
-1.6825000e+00 -1.2424773e+00 -6.1846845e-01 -2.9154442e-01 -1.5022641e-01 -1.1383685e-01 -1.2350274e-01 -1.7663659e-01 -2.6581613e-01 -3.9520923e-01 -5.6486124e-01
-1.6750000e+00 -1.3240763e+00 -6.6473802e-01 -3.2199934e-01 -1.7204025e-01 -1.3026561e-01 -1.3636289e-01 -1.8700244e-01 -2.7435622e-01 -4.0238019e-01 -5.7096599e-01
-1.6675000e+00 -1.4161271e+00 -7.1566046e-01 -3.5517983e-01 -1.9568466e-01 -1.4801897e-01 -1.5023293e-01 -1.9816751e-01 -2.8354603e-01 -4.1009126e-01 -5.7752699e-01
-1.6600000e+00 -1.5207906e+00 -7.7188637e-01 -3.9139245e-01 -2.2134112e-01 -1.6721814e-01 -1.6520044e-01 -2.1019856e-01 -2.9343833e-01 -4.1838545e-01 -5.8457999e-01
-1.6525000e+00 -1.6409252e+00 -8.3420533e-01 -4.3099225e-01 -2.4921472e-01 -1.8799806e-01 -1.8136207e-01 -2.2316880e-01 -3.0409078e-01 -4.2730956e-01 -5.9216380e-01
-1.6450000e+00 -1.7803619e+00 -9.0358980e-01 -4.7439382e-01 -2.7953840e-01 -2.1050962e-01 -1.9882473e-01 -2.3715868e-01 -3.1556644e-01 -4.3691459e-01 -6.0032061e-01
-1.6375000e+00 -1.9441976e+00 -9.8125762e-01 -5.2208581e-01 -3.1257833e-01 -2.3492209e-01 -2.1770709e-01 -2.5225682e-01 -3.2793437e-01 -4.4725620e-01 -6.0909631e-01
-1.6300000e+00 -2.1386817e+00 -1.0687636e+00 -5.7465044e-01 -3.4864063e-01 -2.6142629e-01 -2.3814124e-01 -2.6856104e-01 -3.4127040e-01 -4.5839524e-01 -6.1854093e-01
-1.6225000e+00 -2.3683535e+00 -1.1681361e+00 -6.3278981e-01 -3.8807997e-01 -2.9023835e-01 -2.6027470e-01 -2.8617965e-01 -3.5565793e-01 -4.7039833e-01 -6.2870903e-01
-1.6150000e+00 -2.6192865e+00 -1.2820873e+00 -6.9736268e-01 -4.3131075e-01 -3.2160442e-01 -2.8427295e-01 -3.0523285e-01 -3.7118889e-01 -4.8333853e-01 -6.3966024e-01
-1.6075000e+00 -2.8011015e+00 -1.4143377e+00 -7.6943645e-01 -4.7882177e-01 -3.5580658e-01 -3.1032234e-01 -3.2585452e-01 -3.8796487e-01 -4.9729614e-01 -6.5145982e-01
-1.6000000e+00 -2.7611001e+00 -1.5701138e+00 -8.5036302e-01 -5.3119590e-01 -3.9317034e-01 -3.3863375e-01 -3.4819432e-01 -4.0609846e-01 -5.1235960e-01 -6.6417931e-01
-1.5925000e+00 -2.5620104e+00 -1.7568085e+00 -9.4189229e-01 -5.8913687e-01 -4.3407430e-01 -3.6944719e-01 -3.7242016e-01 -4.2571479e-01 -5.2862656e-01 -6.7789732e-01
-1.5850000e+00 -2.3515009e+00 -1.9841798e+00 -1.0463477e+00 -6.5350661e-01 -4.7896273e-01 -4.0303736e-01 -3.9872129e-01 -4.4695343e-01 -5.4620510e-01 -6.9270036e-01
-1.5775000e+00 -2.1753613e+00 -2.2590834e+00 -1.1669060e+00 -7.2537857e-01 -5.2836233e-01 -4.3972094e-01 -4.2731205e-01 -4.6997060e-01 -5.6521522e-01 -7.0868392e-01
-1.5700000e+00 -2.0357298e+00 -2.5443299e+00 -1.3080586e+00 -8.0611575e-01 -5.8290476e-01 -4.7986576e-01 -4.5843658e-01 -4.9494188e-01 -5.8579059e-01 -7.2595363e-01
-1.5625000e+00 -1.9273278e+00 -2.6405790e+00 -1.4763822e+00 -8.9748877e-01 -6.4335788e-01 -5.2390284e-01 -4.9237462e-01 -5.2206555e-01 -6.0808059e-01 -7.4462668e-01
-1.5550000e+00 -1.8452598e+00 -2.4434086e+00 -1.6817647e+00 -1.0018605e+00 -7.1066962e-01 -5.7234233e-01 -5.2944898e-01 -5.5156667e-01 -6.3225288e-01 -7.6483351e-01
-1.5475000e+00 -1.7860599e+00 -2.1855235e+00 -1.9385682e+00 -1.1224863e+00 -7.8603172e-01 -6.2579496e-01 -5.7003512e-01 -5.8370214e-01 -6.5849642e-01 -7.8671980e-01
-1.5400000e+00 -1.7475432e+00 -1.9704057e+00 -2.2589871e+00 -1.2640242e+00 -8.7097456e-01 -6.8500160e-01 -6.1457366e-01 -6.1876716e-01 -6.8702527e-01 -8.1044890e-01
-1.5325000e+00 -1.7285507e+00 -1.8029674e+00 -2.5743740e+00 -1.4334363e+00 -9.6751370e-01 -7.5087478e-01 -6.6358698e-01 -6.5710341e-01 -7.1808325e-01 -8.3620475e-01
-1.5250000e+00 -1.7287736e+00 -1.6741058e+00 -2.5567125e+00 -1.6416091e+00 -1.0783851e+00 -8.2455872e-01 -7.1770175e-01 -6.9910964e-01 -7.5194980e-01 -8.6419546e-01
-1.5175000e+00 -1.7486738e+00 -1.5760897e+00 -2.2581585e+00 -1.9059093e+00 -1.2074400e+00 -9.0751857e-01 -7.7767988e-01 -7.4525569e-01 -7.8894743e-01 -8.9465782e-01
-1.5100000e+00 -1.7894939e+00 -1.5037173e+00 -1.9801925e+00 -2.2489202e+00 -1.3603445e+00 -1.0016778e+00 -8.4446251e-01 -7.9610107e-01 -8.2945133e-01 -9.2786283e-01
-1.5025000e+00 -1.8533518e+00 -1.4537336e+00 -1.7672615e+00 -2.6259185e+00 -1.5458849e+00 -1.1096385e+00 -9.1923363e-01 -8.5232052e-01 -8.7390192e-01 -9.6412277e-01
-1.4950000e+00 -1.9434132e+00 -1.4242869e+00 -1.6059954e+00 -2.6234697e+00 -1.7784948e+00 -1.2350512e+00 -1.0035155e+00 -9.1473946e-01 -9.2282153e-01 -1.0038003e+00
-1.4875000e+00 -2.0640682e+00 -1.4145913e+00 -1.4835206e+00 -2.2731318e+00 -2.0826071e+00 -1.3832721e+00 -1.0993168e+00 -9.8438475e-01 -9.7683699e-01 -1.0473203e+00
-1.4800000e+00 -2.2207122e+00 -1.4247581e+00 -1.3914574e+00 -1.9683182e+00 -2.4878422e+00 -1.5626073e+00 -1.2093722e+00 -1.0625593e+00 -1.0367108e+00 -1.0951855e+00
-1.4725000e+00 -2.4171884e+00 -1.4557609e+00 -1.3246394e+00 -1.7428791e+00 -2.8351900e+00 -1.7868311e+00 -1.3375505e+00 -1.1509554e+00 -1.1033856e+00 -1.1479977e+00
-1.4650000e+00 -2.6424508e+00 -1.5095228e+00 -1.2799985e+00 -1.5748392e+00 -2.5780328e+00 -2.0803877e+00 -1.4895934e+00 -1.2518342e+00 -1.1780481e+00 -1.2064869e+00
-1.4575000e+00 -2.8257986e+00 -1.5891415e+00 -1.2559043e+00 -1.4481551e+00 -2.1920153e+00 -2.4843789e+00 -1.6745504e+00 -1.3683220e+00 -1.2622261e+00 -1.2715519e+00
-1.4500000e+00 -2.8306130e+00 -1.6992801e+00 -1.2518149e+00 -1.3531775e+00 -1.9088150e+00 -2.9455895e+00 -1.9078054e+00 -1.5049295e+00 -1.3579388e+00 -1.3443204e+00
-1.4425000e+00 -2.6767666e+00 -1.8466840e+00 -1.2681290e+00 -1.2841647e+00 -1.7035309e+00 -2.7763372e+00 -2.2178292e+00 -1.6685242e+00 -1.4679423e+00 -1.4262368e+00
-1.4350000e+00 -2.5028033e+00 -2.0402013e+00 -1.3061948e+00 -1.2377606e+00 -1.5508676e+00 -2.3376369e+00 -2.6564042e+00 -1.8703098e+00 -1.5961499e+00 -1.5191996e+00
-1.4275000e+00 -2.3682976e+00 -2.2859291e+00 -1.3684722e+00 -1.2121821e+00 -1.4361968e+00 -2.0223810e+00 -3.1430984e+00 -2.1302613e+00 -1.7484031e+00 -1.6257822e+00
-1.4200000e+00 -2.2829497e+00 -2.5528547e+00 -1.4588981e+00 -1.2068064e+00 -1.3511194e+00 -1.7990298e+00 -2.8476626e+00 -2.4877088e+00 -1.9340017e+00 -1.7496088e+00
-1.4125000e+00 -2.2456816e+00 -2.6712408e+00 -1.5835517e+00 -1.2219997e+00 -1.2907406e+00 -1.6348384e+00 -2.3925192e+00 -3.0107264e+00 -2.1690614e+00 -1.8960338e+00
-1.4050000e+00 -2.2552548e+00 -2.5171620e+00 -1.7517216e+00 -1.2591198e+00 -1.2522908e+00 -1.5119649e+00 -2.0825249e+00 -3.3185634e+00 -2.4847613e+00 -2.0734748e+00
-1.3975000e+00 -2.3121966e+00 -2.2912098e+00 -1.9768464e+00 -1.3206948e+00 -1.2344338e+00 -1.4205130e+00 -1.8644843e+00 -2.7936610e+00 -2.9471962e+00 -2.2962982e+00
-1.3900000e+00 -2.4182590e+00 -2.1117469e+00 -2.2705036e+00 -1.4108364e+00 -1.2369376e+00 -1.3548045e+00 -1.7044463e+00 -2.3833393e+00 -3.5429578e+00 -2.5919040e+00
-1.3825000e+00 -2.5727225e+00 -1.9927526e+00 -2.5757873e+00 -1.5360411e+00 -1.2605701e+00 -1.3116103e+00 -1.5848737e+00 -2.1089572e+00 -3.1859048e+00 -3.0199837e+00
-1.3750000e+00 -2.7581840e+00 -1.9295519e+00 -2.5961443e+00 -1.7066598e+00 -1.3071750e+00 -1.2892919e+00 -1.4961804e+00 -1.9136056e+00 -2.6809417e+00 -3.6672836e+00
-1.3675000e+00 -2.9057367e+00 -1.9184189e+00 -2.3302334e+00 -1.9391951e+00 -1.3799562e+00 -1.2873898e+00 -1.4329080e+00 -1.7692458e+00 -2.3565717e+00 -3.5466183e+00
-1.3600000e+00 -2.9125933e+00 -1.9591259e+00 -2.0787113e+00 -2.2552113e+00 -1.4840827e+00 -1.3064721e+00 -1.3919864e+00 -1.6614876e+00 -2.1325859e+00 -2.9679531e+00
-1.3525000e+00 -2.8045159e+00 -2.0548877e+00 -1.9028662e+00 -2.6200530e+00 -1.6278808e+00 -1.3481758e+00 -1.3719034e+00 -1.5823970e+00 -1.9694022e+00 -2.6059448e+00
-1.3450000e+00 -2.6908485e+00 -2.2109058e+00 -1.7947503e+00 -2.6593630e+00 -1.8251634e+00 -1.4154565e+00 -1.3723163e+00 -1.5274658e+00 -1.8478699e+00 -2.3620815e+00
-1.3375000e+00 -2.6254726e+00 -2.4253307e+00 -1.7451853e+00 -2.3373090e+00 -2.0992330e+00 -1.5131489e+00 -1.3939206e+00 -1.4942349e+00 -1.7578043e+00 -2.1865085e+00
-1.3300000e+00 -2.6215763e+00 -2.6457888e+00 -1.7504032e+00 -2.0549448e+00 -2.4793056e+00 -1.6491044e+00 -1.4385167e+00 -1.4816414e+00 -1.6934823e+00 -2.0562462e+00
-1.3225000e+00 -2.6799973e+00 -2.7053124e+00 -1.8118430e+00 -1.8645235e+00 -2.8370191e+00 -1.8365280e+00 -1.5092999e+00 -1.4897309e+00 -1.6517021e+00 -1.9594242e+00
-1.3150000e+00 -2.7943917e+00 -2.5635702e+00 -1.9360270e+00 -1.7484330e+00 -2.6284231e+00 -2.0988017e+00 -1.6115023e+00 -1.5196012e+00 -1.6308809e+00 -1.8894581e+00
-1.3075000e+00 -2.9391387e+00 -2.3992926e+00 -2.1336684e+00 -1.6940451e+00 -2.2590565e+00 -2.4754013e+00 -1.7537141e+00 -1.5735484e+00 -1.6306380e+00 -1.8426448e+00
-1.3000000e+00 -3.0463455e+00 -2.2992238e+00 -2.4057349e+00 -1.6964864e+00 -2.0004390e+00 -2.9325840e+00 -1.9507039e+00 -1.6554787e+00 -1.6516524e+00 -1.8170684e+00
-1.2925000e+00 -3.0438051e+00 -2.2775785e+00 -2.6487228e+00 -1.7572608e+00 -1.8357251e+00 -2.8228352e+00 -2.2296945e+00 -1.7717815e+00 -1.6957280e+00 -1.8120912e+00
-1.2850000e+00 -2.9665076e+00 -2.3345193e+00 -2.5888310e+00 -1.8842935e+00 -1.7423972e+00 -2.3981444e+00 -2.6403825e+00 -1.9331690e+00 -1.7660928e+00 -1.8281552e+00
-1.2775000e+00 -2.9015262e+00 -2.4655848e+00 -2.3546741e+00 -2.0929180e+00 -1.7095926e+00 -2.1028357e+00 -3.1321952e+00 -2.1588134e+00 -1.8680706e+00 -1.8668022e+00
-1.2700000e+00 -2.8971445e+00 -2.6432132e+00 -2.1761261e+00 -2.3979578e+00 -1.7347856e+00 -1.9158379e+00 -2.8985304e+00 -2.4861814e+00 -2.0104938e+00 -1.9309164e+00
-1.2625000e+00 -2.9699722e+00 -2.7701327e+00 -2.0919093e+00 -2.7053289e+00 -1.8224304e+00 -1.8065932e+00 -2.4521263e+00 -2.9820858e+00 -2.2088397e+00 -2.0253033e+00
-1.2550000e+00 -3.1095847e+00 -2.7417899e+00 -2.1006170e+00 -2.6242993e+00 -1.9851466e+00 -1.7606086e+00 -2.1627074e+00 -3.3424686e+00 -2.4928979e+00 -2.1579109e+00
-1.2475000e+00 -3.2346225e+00 -2.6380429e+00 -2.2026141e+00 -2.3324347e+00 -2.2464798e+00 -1.7734780e+00 -1.9826678e+00 -2.8477592e+00 -2.9254213e+00 -2.3425258e+00
-1.2400000e+00 -3.2131956e+00 -2.5735847e+00 -2.3968371e+00 -2.1263664e+00 -2.6224613e+00 -1.8484199e+00 -1.8798116e+00 -2.4463549e+00 -3.5219438e+00 -2.6053673e+00
-1.2325000e+00 -3.1100072e+00 -2.5850123e+00 -2.6311770e+00 -2.0304345e+00 -2.8590493e+00 -1.9972085e+00 -1.8401177e+00 -2.1982992e+00 -3.2399951e+00 -3.0029244e+00
-1.2250000e+00 -3.0770117e+00 -2.6685729e+00 -2.6973105e+00 -2.0364709e+00 -2.5696230e+00 -2.2446260e+00 -1.8599284e+00 -2.0475586e+00 -2.7370078e+00 -3.6280749e+00
-1.2175000e+00 -3.1715278e+00 -2.7908080e+00 -2.5439566e+00 -2.1459519e+00 -2.2659137e+00 -2.6282431e+00 -1.9435733e+00 -1.9682376e+00 -2.4311782e+00 -3.6009613e+00
-1.2100000e+00 -3.3483131e+00 -2.8788658e+00 -2.4028587e+00 -2.3674814e+00 -2.0927467e+00 -3.0033878e+00 -2.1049703e+00 -1.9502768e+00 -2.2441829e+00 -3.0217061e+00
-1.2025000e+00 -3.3857763e+00 -2.8748273e+00 -2.3659298e+00 -2.6624725e+00 -2.0343200e+00 -2.7381891e+00 -2.3741125e+00 -1.9930039e+00 -2.1374737e+00 -2.6731939e+00
-1.1950000e+00 -3.2659347e+00 -2.8214887e+00 -2.4412876e+00 -2.7385846e+00 -2.0827582e+00 -2.3760461e+00 -2.8010322e+00 -2.1042104e+00 -2.0953010e+00 -2.4619076e+00
-1.1875000e+00 -3.2395689e+00 -2.7958510e+00 -2.6047798e+00 -2.5137872e+00 -2.2470618e+00 -2.1656673e+00 -3.1762766e+00 -2.3038176e+00 -2.1134921e+00 -2.3380876e+00
-1.1800000e+00 -3.3704520e+00 -2.8413052e+00 -2.7499167e+00 -2.3344799e+00 -2.5441082e+00 -2.0810491e+00 -2.7994046e+00 -2.6348646e+00 -2.1964455e+00 -2.2815855e+00
-1.1725000e+00 -3.5027762e+00 -2.9593965e+00 -2.7306544e+00 -2.2900304e+00 -2.8636254e+00 -2.1075563e+00 -2.4301093e+00 -3.1529610e+00 -2.3589981e+00 -2.2859094e+00
-1.1650000e+00 -3.4343143e+00 -3.0611421e+00 -2.6368072e+00 -2.3836629e+00 -2.7365211e+00 -2.2523178e+00 -2.2288360e+00 -3.2603366e+00 -2.6351417e+00 -2.3535675e+00
-1.1575000e+00 -3.3821993e+00 -3.0166905e+00 -2.6076912e+00 -2.5993440e+00 -2.4499407e+00 -2.5425462e+00 -2.1553516e+00 -2.7632893e+00 -3.0971961e+00 -2.4969016e+00
-1.1500000e+00 -3.4758803e+00 -2.9388146e+00 -2.6696981e+00 -2.7920549e+00 -2.3053915e+00 -2.9466186e+00 -2.1955953e+00 -2.4496380e+00 -3.5851563e+00 -2.7453678e+00
-1.1425000e+00 -3.5886005e+00 -2.9881094e+00 -2.7794900e+00 -2.7087606e+00 -2.3174434e+00 -2.9072782e+00 -2.3608008e+00 -2.2955626e+00 -3.1112392e+00 -3.1671474e+00
-1.1350000e+00 -3.5466853e+00 -3.1620703e+00 -2.8492699e+00 -2.5546500e+00 -2.4865675e+00 -2.5551141e+00 -2.6886519e+00 -2.2635994e+00 -2.6998075e+00 -3.7870519e+00
-1.1275000e+00 -3.5154618e+00 -3.1931596e+00 -2.8392978e+00 -2.5257239e+00 -2.7839884e+00 -2.3607477e+00 -3.1391206e+00 -2.3488623e+00 -2.4847618e+00 -3.4453991e+00
-1.1200000e+00 -3.6268767e+00 -3.0681043e+00 -2.8069642e+00 -2.6383432e+00 -2.8919963e+00 -2.3387198e+00 -2.9882575e+00 -2.5749002e+00 -2.4051488e+00 -2.9588911e+00
-1.1125000e+00 -3.6936628e+00 -3.1061271e+00 -2.8173561e+00 -2.8065951e+00 -2.6637868e+00 -2.4866513e+00 -2.6060983e+00 -2.9971819e+00 -2.4430758e+00 -2.7019783e+00
-1.1050000e+00 -3.6073405e+00 -3.2942281e+00 -2.9017506e+00 -2.8295879e+00 -2.5195310e+00 -2.8107988e+00 -2.4222138e+00 -3.3740211e+00 -2.6111957e+00 -2.5930096e+00
-1.0975000e+00 -3.6953310e+00 -3.2616997e+00 -3.0051860e+00 -2.7446157e+00 -2.5600598e+00 -3.0435158e+00 -2.4192133e+00 -2.9542405e+00 -2.9600286e+00 -2.6041049e+00
-1.0900000e+00 -3.7883780e+00 -3.1784633e+00 -2.9790903e+00 -2.7338417e+00 -2.7676117e+00 -2.7762229e+00 -2.5983488e+00 -2.6226211e+00 -3.5139163e+00 -2.7414118e+00
-1.0825000e+00 -3.6936523e+00 -3.3058590e+00 -2.9164656e+00 -2.8160484e+00 -2.9450119e+00 -2.5654579e+00 -2.9788036e+00 -2.5035595e+00 -3.3241098e+00 -3.0486067e+00
-1.0750000e+00 -3.8150660e+00 -3.3812617e+00 -3.0060692e+00 -2.9000887e+00 -2.8239067e+00 -2.5675777e+00 -3.1825419e+00 -2.5674925e+00 -2.8724225e+00 -3.6116329e+00
-1.0675000e+00 -3.8320975e+00 -3.3020533e+00 -3.1561043e+00 -2.9173343e+00 -2.7108038e+00 -2.7808367e+00 -2.8284994e+00 -2.8350819e+00 -2.6684024e+00 -3.6730659e+00
-1.0600000e+00 -3.8040039e+00 -3.3669122e+00 -3.0597601e+00 -2.9065553e+00 -2.7733090e+00 -3.0610194e+00 -2.6209962e+00 -3.3023130e+00 -2.6596432e+00 -3.1374262e+00
-1.0525000e+00 -3.9222227e+00 -3.4547319e+00 -3.0318682e+00 -2.9121517e+00 -2.9421371e+00 -2.9322431e+00 -2.6507690e+00 -3.2120851e+00 -2.8466354e+00 -2.8752570e+00
-1.0450000e+00 -3.8766724e+00 -3.4154126e+00 -3.2250068e+00 -2.9755001e+00 -2.9718941e+00 -2.7428381e+00 -2.9176563e+00 -2.8293973e+00 -3.2839261e+00 -2.8230001e+00
-1.0375000e+00 -3.9442031e+00 -3.4484164e+00 -3.1938659e+00 -3.0663596e+00 -2.8942127e+00 -2.7778526e+00 -3.2282113e+00 -2.7024163e+00 -3.5706516e+00 -2.9649688e+00
-1.0300000e+00 -3.9738766e+00 -3.5499301e+00 -3.1191765e+00 -3.0310683e+00 -2.9159162e+00 -3.0058988e+00 -2.9936190e+00 -2.8271198e+00 -3.1026412e+00 -3.3567858e+00
-1.0225000e+00 -3.9759058e+00 -3.4832711e+00 -3.3014320e+00 -3.0058884e+00 -3.0085350e+00 -3.0860412e+00 -2.7936333e+00 -3.2090319e+00 -2.8586485e+00 -3.8529279e+00
-1.0150000e+00 -4.0490151e+00 -3.5837026e+00 -3.2651987e+00 -3.1551410e+00 -3.0499745e+00 -2.9281771e+00 -2.8676688e+00 -3.3547054e+00 -2.8840295e+00 -3.3922135e+00
-1.0075000e+00 -4.0352823e+00 -3.5916814e+00 -3.2387705e+00 -3.1649019e+00 -3.0493475e+00 -2.9261279e+00 -3.1657302e+00 -2.9941084e+00 -3.1877542e+00 -3.0656793e+00
-1.0000000e+00 -4.0989390e+00 -3.5933520e+00 -3.3821351e+00 -3.0758075e+00 -3.0522529e+00 -3.0888839e+00 -3.1901084e+00 -2.8809713e+00 -3.6198000e+00 -3.0302080e+00
-9.9250000e-01 -4.1084629e+00 -3.6877119e+00 -3.3227620e+00 -3.2535893e+00 -3.1041394e+00 -3.1284073e+00 -2.9726242e+00 -3.0758975e+00 -3.2761637e+00 -3.2762365e+00
-9.8500000e-01 -4.1463137e+00 -3.6393648e+00 -3.3756569e+00 -3.2379957e+00 -3.1908397e+00 -3.0577281e+00 -3.0053604e+00 -3.4219557e+00 -3.0203936e+00 -3.8005367e+00
-9.7750000e-01 -4.1830004e+00 -3.7475124e+00 -3.4358213e+00 -3.1749736e+00 -3.1435293e+00 -3.1068290e+00 -3.2418268e+00 -3.2121477e+00 -3.0993507e+00 -3.5786833e+00
-9.7000000e-01 -4.1806320e+00 -3.7073126e+00 -3.4126556e+00 -3.3787789e+00 -3.1641581e+00 -3.1860078e+00 -3.2185206e+00 -3.0369801e+00 -3.4950994e+00 -3.2221459e+00
-9.6250000e-01 -4.2764066e+00 -3.7973239e+00 -3.4929594e+00 -3.2539911e+00 -3.3148426e+00 -3.1985399e+00 -3.1020000e+00 -3.1980013e+00 -3.5230459e+00 -3.2246918e+00
-9.5500000e-01 -4.2397026e+00 -3.7703914e+00 -3.4882779e+00 -3.3528885e+00 -3.2075371e+00 -3.2049863e+00 -3.2158364e+00 -3.4559144e+00 -3.1965634e+00 -3.5874106e+00
-9.4750000e-01 -4.2878103e+00 -3.8623784e+00 -3.5354620e+00 -3.3890608e+00 -3.2845707e+00 -3.2303502e+00 -3.3169973e+00 -3.2548659e+00 -3.2289017e+00 -3.8328062e+00
-9.4000000e-01 -4.3516421e+00 -3.8279061e+00 -3.5564256e+00 -3.3630779e+00 -3.3895191e+00 -3.3184449e+00 -3.2452719e+00 -3.2053198e+00 -3.5861896e+00 -3.4181531e+00
-9.3250000e-01 -4.3349176e+00 -3.9008999e+00 -3.6009004e+00 -3.4689433e+00 -3.2656730e+00 -3.2934039e+00 -3.2919781e+00 -3.4322824e+00 -3.5155876e+00 -3.3560040e+00
-9.2500000e-01 -4.3727427e+00 -3.9396361e+00 -3.5977885e+00 -3.4282743e+00 -3.4812689e+00 -3.3082303e+00 -3.3598238e+00 -3.4166250e+00 -3.3043795e+00 -3.7018507e+00
-9.1750000e-01 -4.4446904e+00 -3.9104971e+00 -3.6890732e+00 -3.5094241e+00 -3.3461752e+00 -3.4429628e+00 -3.3688649e+00 -3.3223284e+00 -3.4856533e+00 -3.8087813e+00
-9.1000000e-01 -4.4657388e+00 -4.0012018e+00 -3.6390899e+00 -3.5083054e+00 -3.4855665e+00 -3.3289963e+00 -3.3858502e+00 -3.4702205e+00 -3.6674773e+00 -3.4851516e+00
-9.0250000e-01 -4.4630369e+00 -4.0127324e+00 -3.7478097e+00 -3.5531350e+00 -3.4476833e+00 -3.4885011e+00 -3.4227851e+00 -3.4864190e+00 -3.4484329e+00 -3.5893985e+00
-8.9500000e-01 -4.4843873e+00 -4.0200775e+00 -3.7206250e+00 -3.5712163e+00 -3.5113987e+00 -3.4354471e+00 -3.4916914e+00 -3.4545248e+00 -3.5434896e+00 -3.9189383e+00
-8.8750000e-01 -4.5278789e+00 -4.0908371e+00 -3.7803926e+00 -3.6300938e+00 -3.5228516e+00 -3.4815138e+00 -3.4389294e+00 -3.5409444e+00 -3.7034475e+00 -3.6538611e+00
-8.8000000e-01 -4.5737031e+00 -4.1158163e+00 -3.7976009e+00 -3.5981609e+00 -3.5680287e+00 -3.5490695e+00 -3.5723458e+00 -3.5532800e+00 -3.5602126e+00 -3.6576751e+00
-8.7250000e-01 -4.6111126e+00 -4.1050558e+00 -3.8104571e+00 -3.7281775e+00 -3.5810989e+00 -3.5097907e+00 -3.5121795e+00 -3.5794690e+00 -3.6712852e+00 -3.9397526e+00
-8.6500000e-01 -4.6429237e+00 -4.1291352e+00 -3.8969949e+00 -3.6598750e+00 -3.6265909e+00 -3.6220898e+00 -3.5942377e+00 -3.5989958e+00 -3.7158832e+00 -3.7469318e+00
-8.5750000e-01 -4.6762563e+00 -4.1832282e+00 -3.9003428e+00 -3.7228907e+00 -3.6506340e+00 -3.5770892e+00 -3.6093280e+00 -3.6756465e+00 -3.6840269e+00 -3.8013308e+00
-8.5000000e-01 -4.7087084e+00 -4.2330785e+00 -3.8831783e+00 -3.8030871e+00 -3.6740102e+00 -3.6551413e+00 -3.6248504e+00 -3.6267420e+00 -3.7702786e+00 -3.9554675e+00
-8.4250000e-01 -4.7309007e+00 -4.2654796e+00 -3.9339671e+00 -3.7618082e+00 -3.7072309e+00 -3.6736143e+00 -3.6821480e+00 -3.7614985e+00 -3.7691776e+00 -3.8252547e+00
-8.3500000e-01 -4.7519513e+00 -4.2897468e+00 -3.9987883e+00 -3.8096926e+00 -3.7711793e+00 -3.6752221e+00 -3.6923273e+00 -3.6755918e+00 -3.8102865e+00 -3.9704751e+00
-8.2750000e-01 -4.7717061e+00 -4.3161711e+00 -4.0238360e+00 -3.8622532e+00 -3.7243138e+00 -3.7617978e+00 -3.7134140e+00 -3.8313215e+00 -3.8316545e+00 -3.9401508e+00
-8.2000000e-01 -4.7853184e+00 -4.3457504e+00 -4.0301936e+00 -3.8660420e+00 -3.8148100e+00 -3.7350361e+00 -3.8005075e+00 -3.7257037e+00 -3.8812758e+00 -3.9850645e+00
-8.1250000e-01 -4.8290279e+00 -4.3729080e+00 -4.0470323e+00 -3.9036829e+00 -3.8801181e+00 -3.8000016e+00 -3.7268502e+00 -3.9124815e+00 -3.8765513e+00 -4.0145867e+00
-8.0500000e-01 -4.8774530e+00 -4.3995219e+00 -4.0764468e+00 -3.9681901e+00 -3.8257120e+00 -3.8070565e+00 -3.8959109e+00 -3.7686665e+00 -3.9537109e+00 -4.0526772e+00
-7.9750000e-01 -4.9010539e+00 -4.4401957e+00 -4.1100651e+00 -4.0049790e+00 -3.8547407e+00 -3.8690650e+00 -3.8014251e+00 -3.9847511e+00 -3.9361146e+00 -4.0554643e+00
-7.9000000e-01 -4.9114502e+00 -4.4825910e+00 -4.1434870e+00 -4.0122444e+00 -3.9408820e+00 -3.8820224e+00 -3.8820256e+00 -3.8472661e+00 -3.9944687e+00 -4.1374989e+00
-7.8250000e-01 -4.9664393e+00 -4.4954843e+00 -4.1787186e+00 -4.0204401e+00 -3.9769279e+00 -3.8662344e+00 -3.9346152e+00 -3.9616630e+00 -4.0396246e+00 -4.0945903e+00
-7.7500000e-01 -4.9754961e+00 -4.5129402e+00 -4.2162509e+00 -4.0427350e+00 -3.9795185e+00 -3.9457869e+00 -3.9187817e+00 -4.0168278e+00 -3.9917319e+00 -4.2139143e+00
-7.6750000e-01 -5.0219812e+00 -4.5309559e+00 -4.2444637e+00 -4.0757430e+00 -4.0024576e+00 -4.0279094e+00 -3.9710385e+00 -3.9336621e+00 -4.1780796e+00 -4.1566891e+00
-7.6000000e-01 -5.0381010e+00 -4.5897141e+00 -4.2581316e+00 -4.1110412e+00 -4.0475851e+00 -4.0178981e+00 -3.9882520e+00 -4.0726318e+00 -4.0308043e+00 -4.2387100e+00
-7.5250000e-01 -5.0892120e+00 -4.6124823e+00 -4.2916938e+00 -4.1396063e+00 -4.0963126e+00 -3.9963630e+00 -4.0181824e+00 -4.0890473e+00 -4.1615024e+00 -4.2872018e+00
-7.4500000e-01 -5.0951047e+00 -4.6273474e+00 -4.3504303e+00 -4.1576437e+00 -4.1378567e+00 -4.0174052e+00 -4.0901628e+00 -4.0565093e+00 -4.2308449e+00 -4.2124249e+00
-7.3750000e-01 -5.1322786e+00 -4.6828915e+00 -4.3806863e+00 -4.1783548e+00 -4.1710582e+00 -4.0656707e+00 -4.1241188e+00 -4.1172128e+00 -4.1262090e+00 -4.4117497e+00
-7.3000000e-01 -5.1750483e+00 -4.6828400e+00 -4.4071678e+00 -4.2242429e+00 -4.1959245e+00 -4.1145887e+00 -4.1089409e+00 -4.1608035e+00 -4.2252700e+00 -4.3211247e+00
-7.2250000e-01 -5.2027037e+00 -4.7378965e+00 -4.4094033e+00 -4.2799192e+00 -4.2117459e+00 -4.1535773e+00 -4.1029584e+00 -4.1764256e+00 -4.3242611e+00 -4.3096454e+00
-7.1500000e-01 -5.2259492e+00 -4.7454896e+00 -4.4791194e+00 -4.3065967e+00 -4.2253891e+00 -4.1869381e+00 -4.1264565e+00 -4.2194159e+00 -4.2852366e+00 -4.4896395e+00
-7.0750000e-01 -5.2500028e+00 -4.7988390e+00 -4.4828731e+00 -4.3405100e+00 -4.2525842e+00 -4.2232192e+00 -4.1671791e+00 -4.2753224e+00 -4.2832705e+00 -4.4676936e+00
-7.0000000e-01 -5.2841412e+00 -4.8230229e+00 -4.5160155e+00 -4.3461226e+00 -4.2875804e+00 -4.2669970e+00 -4.2099970e+00 -4.3097515e+00 -4.3354701e+00 -4.3986059e+00
-6.5000000e-01 -5.4909023e+00 -5.0097259e+00 -4.7216204e+00 -4.5728096e+00 -4.4778791e+00 -4.4232763e+00 -4.4415967e+00 -4.4530319e+00 -4.6052361e+00 -4.6610835e+00
-6.0000000e-01 -5.6777267e+00 -5.2223460e+00 -4.9112845e+00 -4.7702380e+00 -4.6655469e+00 -4.6371057e+00 -4.6632682e+00 -4.6378220e+00 -4.7490053e+00 -4.9171555e+00
-5.5000000e-01 -5.8901082e+00 -5.4211449e+00 -5.1254247e+00 -4.9468016e+00 -4.8909408e+00 -4.8237478e+00 -4.8540528e+00 -4.8599097e+00 -4.9680623e+00 -5.0348233e+00
-5.0000000e-01 -6.0815827e+00 -5.6185561e+00 -5.3261400e+00 -5.1497451e+00 -5.0851152e+00 -5.0466823e+00 -5.0354448e+00 -5.0526756e+00 -5.1583613e+00 -5.2573204e+00
-4.0000000e-01 -6.4429475e+00 -6.0143712e+00 -5.7197471e+00 -5.5609240e+00 -5.4799431e+00 -5.4336875e+00 -5.4462893e+00 -5.4732308e+00 -5.5373624e+00 -5.6716062e+00
-2.0000000e-01 -7.3895228e+00 -6.7707967e+00 -6.4823288e+00 -6.3593485e+00 -6.2773935e+00 -6.2379038e+00 -6.2369895e+00 -6.2777244e+00 -6.3471880e+00 -6.4575819e+00
0.0000000e+00 -8.0661033e+00 -7.5760699e+00 -7.3040877e+00 -7.1349254e+00 -7.0574102e+00 -7.0582649e+00 -7.0431992e+00 -7.0720108e+00 -7.1485526e+00 -7.2642252e+00
2.0000000e-01 -8.8268923e+00 -8.4339986e+00 -8.1203007e+00 -7.9474784e+00 -7.8642239e+00 -7.8920108e+00 -7.8683396e+00 -7.8486563e+00 -7.9662479e+00 -8.0701177e+00
4.0000000e-01 -9.7433187e+00 -9.1832320e+00 -8.9547559e+00 -8.7553058e+00 -8.6747659e+00 -8.6753632e+00 -8.6293899e+00 -8.6768970e+00 -8.7475396e+00 -8.8582670e+00
6.0000000e-01 -1.0502563e+01 -1.0024672e+01 -9.6844928e+00 -9.5480186e+00 -9.4382034e+00 -9.4641666e+00 -9.4140748e+00 -9.4169589e+00 -9.5659776e+00 -9.6494189e+00
8.0000000e-01 -1.1246877e+01 -1.0801094e+01 -1.0534095e+01 -1.0363125e+01 -1.0242189e+01 -1.0238388e+01 -1.0210296e+01 -1.0328198e+01 -1.0318996e+01 -1.0418429e+01
1.0000000e+00 -1.2090641e+01 -1.1617041e+01 -1.1339482e+01 -1.1182785e+01 -1.1034285e+01 -1.1096764e+01 -1.1011359e+01 -1.1048475e+01 -1.1185822e+01 -1.1300248e+01
1.2000000e+00 -1.2849181e+01 -1.2478870e+01 -1.2125717e+01 -1.1929040e+01 -1.1915631e+01 -1.1841895e+01 -1.1861447e+01 -1.1883182e+01 -1.1982472e+01 -1.2069526e+01
1.4000000e+00 -1.3675378e+01 -1.3225719e+01 -1.2889223e+01 -1.2715018e+01 -1.2680054e+01 -1.2598569e+01 -1.2671388e+01 -1.2659705e+01 -1.2725216e+01 -1.2888615e+01
1.6000000e+00 -1.4481585e+01 -1.4023461e+01 -1.3733112e+01 -1.3513081e+01 -1.3477577e+01 -1.3447085e+01 -1.3447900e+01 -1.3430182e+01 -1.3585555e+01 -1.3704519e+01
1.8000000e+00 -1.5334474e+01 -1.4830700e+01 -1.4508859e+01 -1.4372380e+01 -1.4257634e+01 -1.4275104e+01 -1.4260250e+01 -1.4286781e+01 -1.4386282e+01 -1.4480389e+01
2.0000000e+00 -1.6186957e+01 -1.5616653e+01 -1.5402833e+01 -1.5185131e+01 -1.5077768e+01 -1.5014134e+01 -1.5043325e+01 -1.5069656e+01 -1.5125305e+01 -1.5285399e+01