########################################################################
# Reference Counts for Solar Model AGSS09met_old                       #
# Column 1: log10(Axion mass in eV)                                    #
#        n>1: log10(Reference photon counts in energy bin n-1)         #
########################################################################
-3.0000000e+00 -4.1690959e-01 -1.0151930e-01 6.1701139e-02 1.0750889e-01 7.6064522e-02 1.2340414e-02 -7.6652285e-02 -1.8788733e-01 -3.3938196e-01 -5.3546081e-01
-2.8000000e+00 -4.1692993e-01 -1.0153319e-01 6.1691125e-02 1.0750133e-01 7.6058631e-02 1.2335698e-02 -7.6656147e-02 -1.8789054e-01 -3.3938469e-01 -5.3546315e-01
-2.6000000e+00 -4.1705828e-01 -1.0162079e-01 6.1627942e-02 1.0745363e-01 7.6021463e-02 1.2305939e-02 -7.6680510e-02 -1.8791085e-01 -3.3940190e-01 -5.3547791e-01
-2.4000000e+00 -4.1786828e-01 -1.0217357e-01 6.1229242e-02 1.0715268e-01 7.5786931e-02 1.2118166e-02 -7.6834236e-02 -1.8803901e-01 -3.3951050e-01 -5.3557102e-01
-2.2000000e+00 -4.2298555e-01 -1.0566451e-01 5.8711979e-02 1.0525286e-01 7.4306561e-02 1.0933028e-02 -7.7804433e-02 -1.8884775e-01 -3.4019588e-01 -5.3615857e-01
-2.1500000e+00 -4.2654901e-01 -1.0809407e-01 5.6960684e-02 1.0393143e-01 7.3277044e-02 1.0108921e-02 -7.8479022e-02 -1.8941005e-01 -3.4067238e-01 -5.3656705e-01
-2.1000000e+00 -4.3220799e-01 -1.1195000e-01 5.4182258e-02 1.0183550e-01 7.1644386e-02 8.8021658e-03 -7.9548598e-02 -1.9030153e-01 -3.4142779e-01 -5.3721459e-01
-2.0500000e+00 -4.4120544e-01 -1.1807473e-01 4.9771662e-02 9.8509601e-02 6.9054322e-02 6.7295083e-03 -8.1244830e-02 -1.9171517e-01 -3.4262556e-01 -5.3824127e-01
-2.0000000e+00 -4.5553809e-01 -1.2781597e-01 4.2763430e-02 9.3228164e-02 6.4943107e-02 3.4405603e-03 -8.3935867e-02 -1.9395750e-01 -3.4452526e-01 -5.3986944e-01
-1.9500000e+00 -4.7843987e-01 -1.4334183e-01 3.1610706e-02 8.4831721e-02 5.8411506e-02 -1.7821836e-03 -8.8207653e-02 -1.9751608e-01 -3.4753946e-01 -5.4245240e-01
-1.9000000e+00 -5.1521887e-01 -1.6817197e-01 1.3818956e-02 7.1458359e-02 4.8019657e-02 -1.0085262e-02 -9.4995115e-02 -2.0316795e-01 -3.5232518e-01 -5.4655240e-01
-1.8500000e+00 -5.7478359e-01 -2.0810570e-01 -1.4677434e-02 5.0094360e-02 3.1447838e-02 -2.3309781e-02 -1.0579597e-01 -2.1215569e-01 -3.5993166e-01 -5.5306632e-01
-1.8475000e+00 -5.7859786e-01 -2.1065080e-01 -1.6488584e-02 4.8738873e-02 3.0397627e-02 -2.4147179e-02 -1.0647950e-01 -2.1272422e-01 -3.6041265e-01 -5.5347812e-01
-1.8400000e+00 -5.9062574e-01 -2.1866677e-01 -2.2188949e-02 4.4474502e-02 2.7094620e-02 -2.6780337e-02 -1.0862849e-01 -2.1451148e-01 -3.6192460e-01 -5.5477247e-01
-1.8325000e+00 -6.0358828e-01 -2.2728902e-01 -2.8313661e-02 3.9895827e-02 2.3549795e-02 -2.9605366e-02 -1.1093354e-01 -2.1642819e-01 -3.6354586e-01 -5.5616025e-01
-1.8250000e+00 -6.1756482e-01 -2.3656620e-01 -3.4895693e-02 3.4978924e-02 1.9745002e-02 -3.2636531e-02 -1.1340617e-01 -2.1848387e-01 -3.6528441e-01 -5.5764827e-01
-1.8175000e+00 -6.3264258e-01 -2.4655137e-01 -4.1970801e-02 2.9697928e-02 1.5660654e-02 -3.5889198e-02 -1.1605877e-01 -2.2068874e-01 -3.6714884e-01 -5.5924384e-01
-1.8100000e+00 -6.4891772e-01 -2.5730244e-01 -4.9577799e-02 2.4024857e-02 1.1275610e-02 -3.9379932e-02 -1.1890470e-01 -2.2305379e-01 -3.6914841e-01 -5.6095483e-01
-1.8025000e+00 -6.6649647e-01 -2.6888270e-01 -5.7758862e-02 1.7929415e-02 6.5670355e-03 -4.3126593e-02 -1.2195833e-01 -2.2559086e-01 -3.7129303e-01 -5.6278969e-01
-1.7950000e+00 -6.8549651e-01 -2.8136144e-01 -6.6559867e-02 1.1378774e-02 1.5102517e-03 -4.7148450e-02 -1.2523516e-01 -2.2831269e-01 -3.7359340e-01 -5.6475751e-01
-1.7875000e+00 -7.0604860e-01 -2.9481468e-01 -7.6030785e-02 4.3373345e-03 -3.9214305e-03 -5.1466302e-02 -1.2875188e-01 -2.3123300e-01 -3.7606101e-01 -5.6686806e-01
-1.7800000e+00 -7.2829853e-01 -3.0932598e-01 -8.6226110e-02 -3.2335503e-03 -9.7568951e-03 -5.6102610e-02 -1.3252649e-01 -2.3436656e-01 -3.7870824e-01 -5.6913184e-01
-1.7725000e+00 -7.5240939e-01 -3.2498736e-01 -9.7205361e-02 -1.1375875e-02 -1.6027426e-02 -6.1081648e-02 -1.3657843e-01 -2.3772930e-01 -3.8154841e-01 -5.7156016e-01
-1.7650000e+00 -7.7856442e-01 -3.4190043e-01 -1.0903365e-01 -2.0135325e-02 -2.2766933e-02 -6.6429663e-02 -1.4092867e-01 -2.4133838e-01 -3.8459587e-01 -5.7416520e-01
-1.7575000e+00 -8.0697041e-01 -3.6017769e-01 -1.2178231e-01 -2.9561662e-02 -3.0012209e-02 -7.2175059e-02 -1.4559986e-01 -2.4521233e-01 -3.8786607e-01 -5.7696004e-01
-1.7500000e+00 -8.3786186e-01 -3.7994403e-01 -1.3552968e-01 -3.9709156e-02 -3.7803213e-02 -7.8348593e-02 -1.5061647e-01 -2.4937112e-01 -3.9137569e-01 -5.7995881e-01
-1.7425000e+00 -8.7150621e-01 -4.0133859e-01 -1.5036194e-01 -5.0637088e-02 -4.6183386e-02 -8.4983602e-02 -1.5600498e-01 -2.5383633e-01 -3.9514271e-01 -5.8317669e-01
-1.7350000e+00 -9.0821039e-01 -4.2451687e-01 -1.6637409e-01 -6.2410307e-02 -5.5200017e-02 -9.2116250e-02 -1.6179404e-01 -2.5863126e-01 -3.9918650e-01 -5.8663008e-01
-1.7275000e+00 -9.4832909e-01 -4.4965342e-01 -1.8367119e-01 -7.5099882e-02 -6.4904640e-02 -9.9785806e-02 -1.6801468e-01 -2.6378111e-01 -4.0352800e-01 -5.9033664e-01
-1.7200000e+00 -9.9227543e-01 -4.7694497e-01 -2.0236967e-01 -8.8783843e-02 -7.5353504e-02 -1.0803495e-01 -1.7470053e-01 -2.6931314e-01 -4.0818982e-01 -5.9431542e-01
-1.7125000e+00 -1.0405349e+00 -5.0661437e-01 -2.2259899e-01 -1.0354804e-01 -8.6608087e-02 -1.1691015e-01 -1.8188809e-01 -2.7525685e-01 -4.1319639e-01 -5.9858700e-01
-1.7050000e+00 -1.0936835e+00 -5.3891545e-01 -2.4450359e-01 -1.1948717e-01 -9.8735700e-02 -1.2646201e-01 -1.8961698e-01 -2.8164420e-01 -4.1857414e-01 -6.0317360e-01
-1.6975000e+00 -1.1524127e+00 -5.7413907e-01 -2.6824521e-01 -1.3670589e-01 -1.1181017e-01 -1.3674576e-01 -1.9793028e-01 -2.8850986e-01 -4.2435166e-01 -6.0809921e-01
-1.6900000e+00 -1.2175632e+00 -6.1262085e-01 -2.9400575e-01 -1.5532025e-01 -1.2591264e-01 -1.4782176e-01 -2.0687491e-01 -2.9589145e-01 -4.3055993e-01 -6.1338980e-01
-1.6825000e+00 -1.2901709e+00 -6.5475102e-01 -3.2199067e-01 -1.7545930e-01 -1.4113248e-01 -1.5975607e-01 -2.1650197e-01 -3.0382983e-01 -4.3723253e-01 -6.1907345e-01
-1.6750000e+00 -1.3715342e+00 -7.0098737e-01 -3.5243329e-01 -1.9726706e-01 -1.5756835e-01 -1.7262111e-01 -2.2686723e-01 -3.1236947e-01 -4.4440587e-01 -6.2518058e-01
-1.6675000e+00 -1.4633083e+00 -7.5187221e-01 -3.8560014e-01 -2.2090479e-01 -1.7532947e-01 -1.8649646e-01 -2.3803166e-01 -3.2155879e-01 -4.5211953e-01 -6.3174415e-01
-1.6600000e+00 -1.5676437e+00 -8.0805528e-01 -4.2179756e-01 -2.4655392e-01 -1.9453710e-01 -2.0146975e-01 -2.5006201e-01 -3.3145056e-01 -4.6041650e-01 -6.3879993e-01
-1.6525000e+00 -1.6873862e+00 -8.7032506e-01 -4.6138036e-01 -2.7441942e-01 -2.1532631e-01 -2.1763766e-01 -2.6303149e-01 -3.4210244e-01 -4.6934362e-01 -6.4638674e-01
-1.6450000e+00 -1.8263538e+00 -9.3965251e-01 -5.0476280e-01 -3.0473415e-01 -2.3784804e-01 -2.3510718e-01 -2.7702055e-01 -3.5357747e-01 -4.7895190e-01 -6.5454677e-01
-1.6375000e+00 -1.9896413e+00 -1.0172536e+00 -5.5243316e-01 -3.3776414e-01 -2.6227170e-01 -2.5399703e-01 -2.9211779e-01 -3.6594473e-01 -4.8929704e-01 -6.6332597e-01
-1.6300000e+00 -2.1835541e+00 -1.1046803e+00 -6.0497316e-01 -3.7381537e-01 -2.8878823e-01 -2.7443937e-01 -3.0842105e-01 -3.7928003e-01 -5.0043990e-01 -6.7277437e-01
-1.6225000e+00 -2.4129418e+00 -1.2039575e+00 -6.6308429e-01 -4.1324232e-01 -3.1761392e-01 -2.9658182e-01 -3.2603859e-01 -3.9366676e-01 -5.1244713e-01 -6.8294656e-01
-1.6150000e+00 -2.6651495e+00 -1.3177919e+00 -7.2762444e-01 -4.5645917e-01 -3.4899511e-01 -3.2058993e-01 -3.4509062e-01 -4.0919685e-01 -5.2539183e-01 -6.9390220e-01
-1.6075000e+00 -2.8524294e+00 -1.4498970e+00 -7.9965993e-01 -5.0395443e-01 -3.8321409e-01 -3.4665018e-01 -3.6571103e-01 -4.2597189e-01 -5.3935432e-01 -7.0570657e-01
-1.6000000e+00 -2.8183788e+00 -1.6054889e+00 -8.8054111e-01 -5.5631062e-01 -4.2059667e-01 -3.7497360e-01 -3.8804943e-01 -4.4410445e-01 -5.5442309e-01 -7.1843127e-01
-1.5925000e+00 -2.6196858e+00 -1.7919508e+00 -9.7201574e-01 -6.1423099e-01 -4.6152175e-01 -4.0580033e-01 -4.1227373e-01 -4.6371966e-01 -5.7069583e-01 -7.3215494e-01
-1.5850000e+00 -2.4075578e+00 -2.0190489e+00 -1.0764041e+00 -6.7857688e-01 -5.0643405e-01 -4.3940529e-01 -4.3857315e-01 -4.8495707e-01 -5.8828069e-01 -7.4696413e-01
-1.5775000e+00 -2.2298750e+00 -2.2937839e+00 -1.1968783e+00 -7.5042090e-01 -5.5586076e-01 -4.7610537e-01 -4.6716204e-01 -5.0797289e-01 -6.0729771e-01 -7.6295439e-01
-1.5700000e+00 -2.0890350e+00 -2.5797796e+00 -1.3379225e+00 -8.3112493e-01 -6.1043425e-01 -5.1626870e-01 -4.9828449e-01 -5.3294268e-01 -6.2788064e-01 -7.8023140e-01
-1.5625000e+00 -1.9796841e+00 -2.6786437e+00 -1.5061023e+00 -9.2245797e-01 -6.7092325e-01 -5.6032665e-01 -5.3222020e-01 -5.6006472e-01 -6.5017893e-01 -7.9891243e-01
-1.5550000e+00 -1.8968390e+00 -2.4825581e+00 -1.7112891e+00 -1.0267805e+00 -7.3827690e-01 -6.0878982e-01 -5.6929196e-01 -5.8956403e-01 -6.7436032e-01 -8.1912799e-01
-1.5475000e+00 -1.8369704e+00 -2.2242583e+00 -1.9678330e+00 -1.1473444e+00 -8.1368853e-01 -6.6226952e-01 -6.0987518e-01 -6.2169750e-01 -7.0061391e-01 -8.4102385e-01
-1.5400000e+00 -1.7978499e+00 -2.0086263e+00 -2.2880322e+00 -1.2888019e+00 -8.9869083e-01 -7.2150735e-01 -6.5441041e-01 -6.5676029e-01 -7.2915387e-01 -8.6476347e-01
-1.5325000e+00 -1.7782871e+00 -1.8407915e+00 -2.6041702e+00 -1.4581060e+00 -9.9530272e-01 -7.8741685e-01 -7.0341998e-01 -6.9509404e-01 -7.6022417e-01 -8.9053090e-01
-1.5250000e+00 -1.7779495e+00 -1.7116295e+00 -2.5886419e+00 -1.6661279e+00 -1.1062652e+00 -8.6114359e-01 -7.5753042e-01 -7.3709747e-01 -7.9410444e-01 -9.1853441e-01
-1.5175000e+00 -1.7972790e+00 -1.6133754e+00 -2.2903338e+00 -1.9302147e+00 -1.2354376e+00 -9.4415463e-01 -8.1750356e-01 -7.8324035e-01 -8.3111740e-01 -9.4901096e-01
-1.5100000e+00 -1.8375000e+00 -1.5408034e+00 -2.0120005e+00 -2.2729865e+00 -1.3884993e+00 -1.0383762e+00 -8.8428033e-01 -8.3408213e-01 -8.7163853e-01 -9.8223173e-01
-1.5025000e+00 -1.9007140e+00 -1.4906432e+00 -1.7987598e+00 -2.6504555e+00 -1.5742605e+00 -1.1464146e+00 -9.5904451e-01 -8.9029745e-01 -9.1610859e-01 -1.0185093e+00
-1.4950000e+00 -1.9900740e+00 -1.4610321e+00 -1.6372685e+00 -2.6500001e+00 -1.8071989e+00 -1.2719269e+00 -1.0433180e+00 -9.5271160e-01 -9.6505033e-01 -1.0582066e+00
-1.4875000e+00 -2.1099748e+00 -1.4511762e+00 -1.5146239e+00 -2.2997545e+00 -2.1118204e+00 -1.4202801e+00 -1.1391090e+00 -1.0223513e+00 -1.0190911e+00 -1.1017488e+00
-1.4800000e+00 -2.2658811e+00 -1.4611799e+00 -1.4224245e+00 -1.9945826e+00 -2.5176458e+00 -1.5997999e+00 -1.2491514e+00 -1.1005192e+00 -1.0789943e+00 -1.1496394e+00
-1.4725000e+00 -2.4619490e+00 -1.4920099e+00 -1.3554908e+00 -1.7688834e+00 -2.8629157e+00 -1.8242972e+00 -1.3773130e+00 -1.1889073e+00 -1.1457034e+00 -1.2024805e+00
-1.4650000e+00 -2.6882576e+00 -1.5455821e+00 -1.3107456e+00 -1.6006650e+00 -2.6029149e+00 -2.1182867e+00 -1.5293330e+00 -1.2897763e+00 -1.2204064e+00 -1.2610030e+00
-1.4575000e+00 -2.8763730e+00 -1.6249855e+00 -1.2865525e+00 -1.4738502e+00 -2.2173508e+00 -2.5229141e+00 -1.7142572e+00 -1.4062517e+00 -1.3046332e+00 -1.3261069e+00
-1.4500000e+00 -2.8870553e+00 -1.7348729e+00 -1.2823645e+00 -1.3787696e+00 -1.9346737e+00 -2.9831045e+00 -1.9474614e+00 -1.5428430e+00 -1.4004059e+00 -1.3989212e+00
-1.4425000e+00 -2.7337732e+00 -1.8819807e+00 -1.2985760e+00 -1.3096703e+00 -1.7297417e+00 -2.8100778e+00 -2.2573978e+00 -1.7064157e+00 -1.5104846e+00 -1.4808925e+00
-1.4350000e+00 -2.5577484e+00 -2.0751693e+00 -1.3365302e+00 -1.2631890e+00 -1.5773247e+00 -2.3718855e+00 -2.6958154e+00 -1.9081695e+00 -1.6387899e+00 -1.5739223e+00
-1.4275000e+00 -2.4210655e+00 -2.3206779e+00 -1.3986811e+00 -1.2375374e+00 -1.4628395e+00 -2.0572275e+00 -3.1826453e+00 -2.1680716e+00 -1.7911755e+00 -1.6805887e+00
-1.4200000e+00 -2.3338466e+00 -2.5882232e+00 -1.4889575e+00 -1.2320894e+00 -1.3779125e+00 -1.8342494e+00 -2.8878750e+00 -2.5254363e+00 -1.9769639e+00 -1.8045229e+00
-1.4125000e+00 -2.2949571e+00 -2.7090399e+00 -1.6134268e+00 -1.2472075e+00 -1.3176637e+00 -1.6703067e+00 -2.4326644e+00 -3.0483648e+00 -2.2123188e+00 -1.9510923e+00
-1.4050000e+00 -2.3030758e+00 -2.5561881e+00 -1.7813615e+00 -1.2842459e+00 -1.2793332e+00 -1.5476147e+00 -2.1225913e+00 -3.3569262e+00 -2.5285339e+00 -2.1287372e+00
-1.3975000e+00 -2.3587096e+00 -2.3297766e+00 -2.0061897e+00 -1.3457280e+00 -1.2615916e+00 -1.4563064e+00 -1.9044999e+00 -2.8320787e+00 -2.9919709e+00 -2.3518716e+00
-1.3900000e+00 -2.4637252e+00 -2.1496487e+00 -2.2995855e+00 -1.4357593e+00 -1.2642128e+00 -1.3907196e+00 -1.7444270e+00 -2.4216087e+00 -3.5869907e+00 -2.6480067e+00
-1.3825000e+00 -2.6178607e+00 -2.0300810e+00 -2.6054773e+00 -1.5608265e+00 -1.2879704e+00 -1.3476353e+00 -1.6248284e+00 -2.1471472e+00 -3.2252391e+00 -3.0771245e+00
-1.3750000e+00 -2.8049568e+00 -1.9663844e+00 -2.6279343e+00 -1.7312653e+00 -1.3347151e+00 -1.3254215e+00 -1.5361142e+00 -1.9517482e+00 -2.7211445e+00 -3.7252947e+00
-1.3675000e+00 -2.9574416e+00 -1.9547922e+00 -2.3623709e+00 -1.9635592e+00 -1.4076602e+00 -1.3236246e+00 -1.4728239e+00 -1.8073565e+00 -2.3973545e+00 -3.5972444e+00
-1.3600000e+00 -2.9685524e+00 -1.9950448e+00 -2.1104239e+00 -2.2793056e+00 -1.5119891e+00 -1.3428176e+00 -1.4318859e+00 -1.6995744e+00 -2.1737065e+00 -3.0197124e+00
-1.3525000e+00 -2.8594989e+00 -2.0903424e+00 -1.9341749e+00 -2.6445008e+00 -1.6560524e+00 -1.3846436e+00 -1.4117869e+00 -1.6204645e+00 -2.0107447e+00 -2.6585501e+00
-1.3450000e+00 -2.7427114e+00 -2.2459234e+00 -1.8257258e+00 -2.6857847e+00 -1.8537065e+00 -1.4520661e+00 -1.4121837e+00 -1.5655165e+00 -1.8893742e+00 -2.4151496e+00
-1.3375000e+00 -2.6744244e+00 -2.4601915e+00 -1.7758658e+00 -2.3639134e+00 -2.1283253e+00 -1.5499315e+00 -1.4337708e+00 -1.5322701e+00 -1.7994367e+00 -2.2398682e+00
-1.3300000e+00 -2.6683809e+00 -2.6816705e+00 -1.7807961e+00 -2.0811391e+00 -2.5090526e+00 -1.6861111e+00 -1.4783474e+00 -1.5196614e+00 -1.7352240e+00 -2.1098123e+00
-1.3225000e+00 -2.7257161e+00 -2.7435033e+00 -1.8419297e+00 -1.8903868e+00 -2.8650682e+00 -1.8738464e+00 -1.5491077e+00 -1.5277355e+00 -1.6935428e+00 -2.0131503e+00
-1.3150000e+00 -2.8406946e+00 -2.6023043e+00 -1.9657658e+00 -1.7740395e+00 -2.6533554e+00 -2.1365875e+00 -1.6512813e+00 -1.5575892e+00 -1.6728167e+00 -1.9433180e+00
-1.3075000e+00 -2.9884872e+00 -2.4372335e+00 -2.1630204e+00 -1.7194305e+00 -2.2844208e+00 -2.5138625e+00 -1.7934547e+00 -1.6115177e+00 -1.6726700e+00 -1.8966242e+00
-1.3000000e+00 -3.0998687e+00 -2.3362291e+00 -2.4348746e+00 -1.7216583e+00 -2.0264241e+00 -2.9703589e+00 -1.9903883e+00 -1.6934258e+00 -1.6937866e+00 -1.8711609e+00
-1.2925000e+00 -3.0975079e+00 -2.3137342e+00 -2.6789324e+00 -1.7822042e+00 -1.8621750e+00 -2.8566534e+00 -2.2692871e+00 -1.8097008e+00 -1.7379764e+00 -1.8662965e+00
-1.2850000e+00 -3.0167042e+00 -2.3699490e+00 -2.6208191e+00 -1.9089700e+00 -1.7692224e+00 -2.4324089e+00 -2.6798142e+00 -1.9710510e+00 -1.8084754e+00 -1.8824791e+00
-1.2775000e+00 -2.9488854e+00 -2.5005803e+00 -2.3865882e+00 -2.1172720e+00 -1.7367601e+00 -2.1377920e+00 -3.1716887e+00 -2.1966407e+00 -1.9106203e+00 -1.9212567e+00
-1.2700000e+00 -2.9437216e+00 -2.6786480e+00 -2.2074572e+00 -2.4220429e+00 -1.7623055e+00 -1.9512686e+00 -2.9387368e+00 -2.5239216e+00 -2.0532665e+00 -1.9855225e+00
-1.2625000e+00 -3.0177202e+00 -2.8074252e+00 -2.1226684e+00 -2.7302390e+00 -1.8503566e+00 -1.8423844e+00 -2.4922731e+00 -3.0197231e+00 -2.2519380e+00 -2.0800953e+00
-1.2550000e+00 -3.1599485e+00 -2.7802473e+00 -2.1308287e+00 -2.6509016e+00 -2.0135933e+00 -1.7967147e+00 -2.2027621e+00 -3.3807676e+00 -2.5365335e+00 -2.2129464e+00
-1.2475000e+00 -3.2867269e+00 -2.6757195e+00 -2.2322820e+00 -2.3588386e+00 -2.2756351e+00 -1.8098973e+00 -2.0226567e+00 -2.8861829e+00 -2.9700645e+00 -2.3979090e+00
-1.2400000e+00 -3.2632326e+00 -2.6099852e+00 -2.4260804e+00 -2.1522637e+00 -2.6521802e+00 -1.8851907e+00 -1.9197483e+00 -2.4846138e+00 -3.5663958e+00 -2.6613086e+00
-1.2325000e+00 -3.1580049e+00 -2.6204534e+00 -2.6608490e+00 -2.0558873e+00 -2.8858652e+00 -2.0344224e+00 -1.8800072e+00 -2.2364632e+00 -3.2793239e+00 -3.0599090e+00
-1.2250000e+00 -3.1248026e+00 -2.7038315e+00 -2.7288053e+00 -2.0615076e+00 -2.5946065e+00 -2.2824573e+00 -1.8997688e+00 -2.0856599e+00 -2.7772158e+00 -3.6862382e+00
-1.2175000e+00 -3.2201351e+00 -2.8270886e+00 -2.5758588e+00 -2.1705556e+00 -2.2916226e+00 -2.6668104e+00 -1.9833560e+00 -2.0062896e+00 -2.4720568e+00 -3.6516682e+00
-1.2100000e+00 -3.3983190e+00 -2.9166503e+00 -2.4340398e+00 -2.3916721e+00 -2.1192138e+00 -3.0399313e+00 -2.1446751e+00 -1.9882837e+00 -2.2854895e+00 -3.0734476e+00
-1.2025000e+00 -3.4360932e+00 -2.9124250e+00 -2.3962592e+00 -2.6868899e+00 -2.0614629e+00 -2.7719971e+00 -2.4136957e+00 -2.0309636e+00 -2.1791032e+00 -2.7258975e+00
-1.1950000e+00 -3.3149822e+00 -2.8577001e+00 -2.4708785e+00 -2.7648019e+00 -2.1105990e+00 -2.4106669e+00 -2.8404244e+00 -2.1421143e+00 -2.1372154e+00 -2.5151809e+00
-1.1875000e+00 -3.2875894e+00 -2.8313659e+00 -2.6341674e+00 -2.5402374e+00 -2.2757308e+00 -2.2010688e+00 -3.2160195e+00 -2.3416463e+00 -2.1556960e+00 -2.3917677e+00
-1.1800000e+00 -3.4185663e+00 -2.8772719e+00 -2.7804995e+00 -2.3602780e+00 -2.5736636e+00 -2.1170861e+00 -2.8396187e+00 -2.6725815e+00 -2.2389859e+00 -2.3356096e+00
-1.1725000e+00 -3.5531850e+00 -2.9964329e+00 -2.7624331e+00 -2.3151535e+00 -2.8919222e+00 -2.1442124e+00 -2.4702149e+00 -3.1906262e+00 -2.4019893e+00 -2.3402705e+00
-1.1650000e+00 -3.4844444e+00 -3.0984002e+00 -2.6680186e+00 -2.4081574e+00 -2.7616204e+00 -2.2896950e+00 -2.2688335e+00 -3.2988002e+00 -2.6788444e+00 -2.4083071e+00
-1.1575000e+00 -3.4300231e+00 -3.0529011e+00 -2.6378114e+00 -2.6235277e+00 -2.4755664e+00 -2.5808128e+00 -2.1952552e+00 -2.8016450e+00 -3.1421428e+00 -2.5521304e+00
-1.1500000e+00 -3.5238470e+00 -2.9747496e+00 -2.6992076e+00 -2.8173893e+00 -2.3320915e+00 -2.9845444e+00 -2.2353998e+00 -2.4878297e+00 -3.6275840e+00 -2.8013415e+00
-1.1425000e+00 -3.6395168e+00 -3.0244530e+00 -2.8096256e+00 -2.7352302e+00 -2.3452381e+00 -2.9412970e+00 -2.4004764e+00 -2.3336456e+00 -3.1507672e+00 -3.2244667e+00
-1.1350000e+00 -3.5958764e+00 -3.1988703e+00 -2.8806749e+00 -2.5805038e+00 -2.5155355e+00 -2.5895995e+00 -2.7281316e+00 -2.3015917e+00 -2.7403591e+00 -3.8438975e+00
-1.1275000e+00 -3.5630176e+00 -3.2297638e+00 -2.8704243e+00 -2.5506468e+00 -2.8133808e+00 -2.3963140e+00 -3.1785818e+00 -2.3867593e+00 -2.5260378e+00 -3.4961563e+00
-1.1200000e+00 -3.6766093e+00 -3.1043820e+00 -2.8369501e+00 -2.6626170e+00 -2.9181081e+00 -2.3752841e+00 -3.0284524e+00 -2.6126761e+00 -2.4469998e+00 -3.0110859e+00
-1.1125000e+00 -3.7434597e+00 -3.1422859e+00 -2.8471825e+00 -2.8314526e+00 -2.6891402e+00 -2.5242864e+00 -2.6462307e+00 -3.0348223e+00 -2.4855079e+00 -2.7551510e+00
-1.1050000e+00 -3.6553941e+00 -3.3307156e+00 -2.9324767e+00 -2.8558431e+00 -2.5462271e+00 -2.8492788e+00 -2.4621937e+00 -3.4122421e+00 -2.6543728e+00 -2.6468943e+00
-1.0975000e+00 -3.7444300e+00 -3.2985334e+00 -3.0363498e+00 -2.7704402e+00 -2.5883182e+00 -3.0790332e+00 -2.4590367e+00 -2.9926503e+00 -3.0043905e+00 -2.6586614e+00
-1.0900000e+00 -3.8380747e+00 -3.2146522e+00 -3.0093222e+00 -2.7585444e+00 -2.7969901e+00 -2.8103776e+00 -2.6379734e+00 -2.6608120e+00 -3.5586301e+00 -2.7967805e+00
-1.0825000e+00 -3.7420592e+00 -3.3418724e+00 -2.9465296e+00 -2.8404946e+00 -2.9722340e+00 -2.6009523e+00 -3.0181928e+00 -2.5415889e+00 -3.3635040e+00 -3.1052288e+00
-1.0750000e+00 -3.8639661e+00 -3.4183310e+00 -3.0366961e+00 -2.9257416e+00 -2.8492405e+00 -2.6045149e+00 -3.2224902e+00 -2.6053710e+00 -2.9128126e+00 -3.6697999e+00
-1.0675000e+00 -3.8818287e+00 -3.3383322e+00 -3.1869047e+00 -2.9433334e+00 -2.7376095e+00 -2.8190873e+00 -2.8686898e+00 -2.8727872e+00 -2.7098207e+00 -3.7239846e+00
-1.0600000e+00 -3.8519455e+00 -3.4028661e+00 -3.0900541e+00 -2.9313773e+00 -2.8020386e+00 -3.0978461e+00 -2.6609949e+00 -3.3400762e+00 -2.7019908e+00 -3.1893310e+00
-1.0525000e+00 -3.9723466e+00 -3.4918270e+00 -3.0621713e+00 -2.9367983e+00 -2.9708052e+00 -2.9663714e+00 -2.6905308e+00 -3.2505586e+00 -2.8901327e+00 -2.9285296e+00
-1.0450000e+00 -3.9249012e+00 -3.4514802e+00 -3.2555906e+00 -3.0011776e+00 -2.9976710e+00 -2.7783653e+00 -2.9571251e+00 -2.8676365e+00 -3.3289991e+00 -2.8773792e+00
-1.0375000e+00 -3.9935844e+00 -3.4847447e+00 -3.2244868e+00 -3.0919554e+00 -2.9205703e+00 -2.8152633e+00 -3.2678948e+00 -2.7404190e+00 -3.6114491e+00 -3.0206073e+00
-1.0300000e+00 -4.0226882e+00 -3.5867020e+00 -3.1494371e+00 -3.0557466e+00 -2.9445019e+00 -3.0439886e+00 -3.0338305e+00 -2.8649009e+00 -3.1425760e+00 -3.4142995e+00
-1.0225000e+00 -4.0247571e+00 -3.5193464e+00 -3.3318229e+00 -3.0311032e+00 -3.0367534e+00 -3.1208302e+00 -2.8336376e+00 -3.2466861e+00 -2.8999890e+00 -3.9074885e+00
-1.0150000e+00 -4.0982784e+00 -3.6203310e+00 -3.2959826e+00 -3.1807774e+00 -3.0758190e+00 -2.9632159e+00 -2.9073387e+00 -3.3931087e+00 -2.9267620e+00 -3.4434359e+00
-1.0075000e+00 -4.0837725e+00 -3.6280417e+00 -3.2688706e+00 -3.1898160e+00 -3.0765418e+00 -2.9634396e+00 -3.2051629e+00 -3.0323807e+00 -3.2322642e+00 -3.1187569e+00
-1.0000000e+00 -4.1484744e+00 -3.6296355e+00 -3.4127904e+00 -3.1009710e+00 -3.0808797e+00 -3.1265989e+00 -3.2302226e+00 -2.9189261e+00 -3.6627609e+00 -3.0849215e+00
-9.9250000e-01 -4.1569686e+00 -3.7243586e+00 -3.3533120e+00 -3.2789982e+00 -3.1309024e+00 -3.1631050e+00 -3.0127197e+00 -3.1135769e+00 -3.3158345e+00 -3.3329442e+00
-9.8500000e-01 -4.1953232e+00 -3.6754830e+00 -3.4057597e+00 -3.2631050e+00 -3.2174627e+00 -3.0935307e+00 -3.0450483e+00 -3.4599513e+00 -3.0617453e+00 -3.8577228e+00
-9.7750000e-01 -4.2323222e+00 -3.7843084e+00 -3.4667383e+00 -3.2001451e+00 -3.1718537e+00 -3.1447012e+00 -3.2813192e+00 -3.2505360e+00 -3.1426513e+00 -3.6295958e+00
-9.7000000e-01 -4.2291040e+00 -3.7433260e+00 -3.4426902e+00 -3.4040557e+00 -3.1912107e+00 -3.2218869e+00 -3.2586813e+00 -3.0749781e+00 -3.5400606e+00 -3.2751270e+00
-9.6250000e-01 -4.3257961e+00 -3.8341703e+00 -3.5237887e+00 -3.2792171e+00 -3.3417320e+00 -3.2337556e+00 -3.1419856e+00 -3.2356665e+00 -3.5628640e+00 -3.2799337e+00
-9.5500000e-01 -4.2882470e+00 -3.8064542e+00 -3.5184506e+00 -3.3779372e+00 -3.2354646e+00 -3.2425629e+00 -3.2553438e+00 -3.4940416e+00 -3.2373718e+00 -3.6451961e+00
-9.4750000e-01 -4.3369324e+00 -3.8990014e+00 -3.5661043e+00 -3.4145189e+00 -3.3115864e+00 -3.2664522e+00 -3.3569084e+00 -3.2931674e+00 -3.2721442e+00 -3.8849052e+00
-9.4000000e-01 -4.4012169e+00 -3.8642562e+00 -3.5867477e+00 -3.3880129e+00 -3.4168904e+00 -3.3539456e+00 -3.2853865e+00 -3.2431388e+00 -3.6307956e+00 -3.4703519e+00
-9.3250000e-01 -4.3834678e+00 -3.9372788e+00 -3.6314012e+00 -3.4944750e+00 -3.2932183e+00 -3.3307421e+00 -3.3315487e+00 -3.4700561e+00 -3.5553074e+00 -3.4110724e+00
-9.2500000e-01 -4.4213348e+00 -3.9760406e+00 -3.6282290e+00 -3.4532012e+00 -3.5084084e+00 -3.3439810e+00 -3.3996904e+00 -3.4550096e+00 -3.3459429e+00 -3.7596617e+00
-9.1750000e-01 -4.4939336e+00 -3.9467949e+00 -3.7195095e+00 -3.5349366e+00 -3.3735759e+00 -3.4793789e+00 -3.4089559e+00 -3.3602339e+00 -3.5301315e+00 -3.8602616e+00
-9.1000000e-01 -4.5147873e+00 -4.0378880e+00 -3.6694770e+00 -3.5332110e+00 -3.5131268e+00 -3.3656118e+00 -3.4254139e+00 -3.5079747e+00 -3.7086222e+00 -3.5381417e+00
-9.0250000e-01 -4.5115537e+00 -4.0490411e+00 -3.7784732e+00 -3.5786514e+00 -3.4747387e+00 -3.5243534e+00 -3.4627972e+00 -3.5247728e+00 -3.4891864e+00 -3.6460444e+00
-8.9500000e-01 -4.5328016e+00 -4.0562047e+00 -3.7507854e+00 -3.5961338e+00 -3.5392511e+00 -3.4721105e+00 -3.5315643e+00 -3.4923532e+00 -3.5876210e+00 -3.9736349e+00
-8.8750000e-01 -4.5765589e+00 -4.1273280e+00 -3.8110260e+00 -3.6555239e+00 -3.5496883e+00 -3.5176823e+00 -3.4786361e+00 -3.5788740e+00 -3.7449543e+00 -3.7058205e+00
-8.8000000e-01 -4.6227465e+00 -4.1523643e+00 -3.8281362e+00 -3.6232787e+00 -3.5960007e+00 -3.5854270e+00 -3.6124408e+00 -3.5915262e+00 -3.6011489e+00 -3.7137762e+00
-8.7250000e-01 -4.6604409e+00 -4.1413891e+00 -3.8406951e+00 -3.7533546e+00 -3.6079331e+00 -3.5462445e+00 -3.5518371e+00 -3.6171719e+00 -3.7155909e+00 -3.9948820e+00
-8.6500000e-01 -4.6923663e+00 -4.1654677e+00 -3.9275101e+00 -3.6851164e+00 -3.6543866e+00 -3.6581639e+00 -3.6342632e+00 -3.6372301e+00 -3.7564278e+00 -3.7990223e+00
-8.5750000e-01 -4.7255901e+00 -4.2197339e+00 -3.9308325e+00 -3.7481172e+00 -3.6778653e+00 -3.6137658e+00 -3.6490513e+00 -3.7134862e+00 -3.7264000e+00 -3.8580634e+00
-8.5000000e-01 -4.7579016e+00 -4.2697131e+00 -3.9135346e+00 -3.8282723e+00 -3.7011847e+00 -3.6909942e+00 -3.6647884e+00 -3.6647896e+00 -3.8132939e+00 -4.0085818e+00
-8.4250000e-01 -4.7801935e+00 -4.3020999e+00 -3.9644736e+00 -3.7868925e+00 -3.7350703e+00 -3.7104969e+00 -3.7219272e+00 -3.7995067e+00 -3.8098739e+00 -3.8788570e+00
-8.3500000e-01 -4.8011032e+00 -4.3262647e+00 -4.0294449e+00 -3.8349871e+00 -3.7980706e+00 -3.7111247e+00 -3.7322293e+00 -3.7135540e+00 -3.8540598e+00 -4.0271752e+00
-8.2750000e-01 -4.8204733e+00 -4.3525696e+00 -4.0543898e+00 -3.8876303e+00 -3.7518379e+00 -3.7983286e+00 -3.7532241e+00 -3.8693738e+00 -3.8722945e+00 -3.9920771e+00
-8.2000000e-01 -4.8340749e+00 -4.3820744e+00 -4.0605800e+00 -3.8911853e+00 -3.8422897e+00 -3.7716558e+00 -3.8403869e+00 -3.7636747e+00 -3.9247474e+00 -4.0416995e+00
-8.1250000e-01 -4.8777252e+00 -4.4092758e+00 -4.0773555e+00 -3.9287154e+00 -3.9073159e+00 -3.8356741e+00 -3.7666880e+00 -3.9504845e+00 -3.9176398e+00 -4.0671337e+00
-8.0500000e-01 -4.9267282e+00 -4.4360141e+00 -4.1068021e+00 -3.9933042e+00 -3.8532484e+00 -3.8438844e+00 -3.9357732e+00 -3.8066875e+00 -3.9968479e+00 -4.1083792e+00
-7.9750000e-01 -4.9500633e+00 -4.4766982e+00 -4.1404881e+00 -4.0301830e+00 -3.8820823e+00 -3.9055513e+00 -3.8412465e+00 -4.0226850e+00 -3.9774452e+00 -4.1088401e+00
-7.9000000e-01 -4.9600885e+00 -4.5190525e+00 -4.1739581e+00 -4.0374438e+00 -3.9679097e+00 -3.9178726e+00 -3.9219443e+00 -3.8853081e+00 -4.0373480e+00 -4.1927935e+00
-7.8250000e-01 -5.0156846e+00 -4.5320211e+00 -4.2091737e+00 -4.0455959e+00 -4.0042556e+00 -3.9026430e+00 -3.9743874e+00 -3.9996346e+00 -4.0811388e+00 -4.1481079e+00
-7.7500000e-01 -5.0243653e+00 -4.5492519e+00 -4.2466218e+00 -4.0678526e+00 -4.0072445e+00 -3.9823766e+00 -3.9586244e+00 -4.0548228e+00 -4.0341926e+00 -4.2694025e+00
-7.6750000e-01 -5.0710169e+00 -4.5672777e+00 -4.2747799e+00 -4.1008320e+00 -4.0302189e+00 -4.0642480e+00 -4.0109954e+00 -3.9716550e+00 -4.2200040e+00 -4.2100176e+00
-7.6000000e-01 -5.0868635e+00 -4.6261265e+00 -4.2885044e+00 -4.1361154e+00 -4.0751508e+00 -4.0542660e+00 -4.0280484e+00 -4.1106828e+00 -4.0729961e+00 -4.2941259e+00
-7.5250000e-01 -5.1383194e+00 -4.6489922e+00 -4.3220784e+00 -4.1647045e+00 -4.1236782e+00 -4.0328299e+00 -4.0579310e+00 -4.1270083e+00 -4.2034715e+00 -4.3407825e+00
-7.4500000e-01 -5.1438323e+00 -4.6636024e+00 -4.3808290e+00 -4.1828170e+00 -4.1651238e+00 -4.0537789e+00 -4.1300596e+00 -4.0944449e+00 -4.2731843e+00 -4.2669399e+00
-7.3750000e-01 -5.1812093e+00 -4.7193687e+00 -4.4112798e+00 -4.2035821e+00 -4.1982996e+00 -4.1018400e+00 -4.1640860e+00 -4.1552801e+00 -4.1684808e+00 -4.4663122e+00
-7.3000000e-01 -5.2242650e+00 -4.7192074e+00 -4.4375795e+00 -4.2494094e+00 -4.2231333e+00 -4.1505918e+00 -4.1488240e+00 -4.1988985e+00 -4.2668331e+00 -4.3753419e+00
-7.2250000e-01 -5.2517669e+00 -4.7744065e+00 -4.4398016e+00 -4.3050535e+00 -4.2388727e+00 -4.1895185e+00 -4.1427655e+00 -4.2143878e+00 -4.3664929e+00 -4.3639135e+00
-7.1500000e-01 -5.2748392e+00 -4.7817999e+00 -4.5095825e+00 -4.3318954e+00 -4.2524561e+00 -4.2229043e+00 -4.1662471e+00 -4.2572898e+00 -4.3281146e+00 -4.5438197e+00
-7.0750000e-01 -5.2989390e+00 -4.8352881e+00 -4.5133363e+00 -4.3657271e+00 -4.2797789e+00 -4.2592771e+00 -4.2069893e+00 -4.3132232e+00 -4.3254353e+00 -4.5225491e+00
-7.0000000e-01 -5.3329949e+00 -4.8594350e+00 -4.5464548e+00 -4.3712820e+00 -4.3150799e+00 -4.3032075e+00 -4.2498349e+00 -4.3477342e+00 -4.3768571e+00 -4.4531511e+00
-6.5000000e-01 -5.5399810e+00 -5.0461030e+00 -4.7520280e+00 -4.5980498e+00 -4.5050910e+00 -4.4595955e+00 -4.4814406e+00 -4.4910099e+00 -4.6472361e+00 -4.7144736e+00
-6.0000000e-01 -5.7265964e+00 -5.2587267e+00 -4.9416872e+00 -4.7954191e+00 -4.6929824e+00 -4.6736126e+00 -4.7031532e+00 -4.6758621e+00 -4.7916437e+00 -4.9716225e+00
-5.5000000e-01 -5.9391003e+00 -5.4575889e+00 -5.1559258e+00 -4.9720156e+00 -4.9183061e+00 -4.8601345e+00 -4.8939130e+00 -4.8979228e+00 -5.0100768e+00 -5.0890925e+00
-5.0000000e-01 -6.1305012e+00 -5.6549352e+00 -5.3566129e+00 -5.1749556e+00 -5.1125155e+00 -5.0829478e+00 -5.0753090e+00 -5.0906864e+00 -5.2007085e+00 -5.3118981e+00
-4.0000000e-01 -6.4929599e+00 -6.0507579e+00 -5.7501682e+00 -5.5861197e+00 -5.5073060e+00 -5.4700567e+00 -5.4861465e+00 -5.5112387e+00 -5.5794598e+00 -5.7259723e+00
-2.0000000e-01 -7.4397661e+00 -6.8071008e+00 -6.5124643e+00 -6.3845595e+00 -6.3047741e+00 -6.2742763e+00 -6.2768335e+00 -6.3157165e+00 -6.3892375e+00 -6.5119003e+00
0.0000000e+00 -8.1155486e+00 -7.6125863e+00 -7.3344586e+00 -7.1600304e+00 -7.0848986e+00 -7.0944421e+00 -7.0830562e+00 -7.1100100e+00 -7.1906909e+00 -7.3185698e+00
2.0000000e-01 -8.8760865e+00 -8.4704261e+00 -8.1507061e+00 -7.9726733e+00 -7.8916385e+00 -7.9284066e+00 -7.9081962e+00 -7.8866320e+00 -8.0083387e+00 -8.1241572e+00
4.0000000e-01 -9.7931230e+00 -9.2194233e+00 -8.9852858e+00 -8.7804048e+00 -8.7023582e+00 -8.7113653e+00 -8.6692393e+00 -8.7149297e+00 -8.7894756e+00 -8.9126737e+00
6.0000000e-01 -1.0551928e+01 -1.0061244e+01 -9.7149812e+00 -9.5730491e+00 -9.4656854e+00 -9.5004162e+00 -9.4539233e+00 -9.4549642e+00 -9.6083577e+00 -9.7039583e+00
8.0000000e-01 -1.1295173e+01 -1.0837367e+01 -1.0564712e+01 -1.0388418e+01 -1.0269404e+01 -1.0274784e+01 -1.0250167e+01 -1.0366266e+01 -1.0361146e+01 -1.0472351e+01
1.0000000e+00 -1.2140123e+01 -1.1653200e+01 -1.1370035e+01 -1.1207984e+01 -1.1061343e+01 -1.1132834e+01 -1.1051194e+01 -1.1086507e+01 -1.1227738e+01 -1.1354443e+01
1.2000000e+00 -1.2897744e+01 -1.2515242e+01 -1.2155965e+01 -1.1954270e+01 -1.1943117e+01 -1.1878412e+01 -1.1901355e+01 -1.1921199e+01 -1.2024511e+01 -1.2123987e+01
1.4000000e+00 -1.3723413e+01 -1.3262070e+01 -1.2919640e+01 -1.2740092e+01 -1.2707685e+01 -1.2634692e+01 -1.2711225e+01 -1.2697696e+01 -1.2767356e+01 -1.2942731e+01
1.6000000e+00 -1.4530291e+01 -1.4059879e+01 -1.3763611e+01 -1.3538212e+01 -1.3505038e+01 -1.3483522e+01 -1.3487772e+01 -1.3468135e+01 -1.3627965e+01 -1.3759145e+01
1.8000000e+00 -1.5383858e+01 -1.4867047e+01 -1.4539586e+01 -1.4397579e+01 -1.4284965e+01 -1.4311465e+01 -1.4300082e+01 -1.4324772e+01 -1.4428294e+01 -1.4534909e+01
2.0000000e+00 -1.6235976e+01 -1.5653264e+01 -1.5433567e+01 -1.5210401e+01 -1.5105079e+01 -1.5050208e+01 -1.5083135e+01 -1.5107665e+01 -1.5167309e+01 -1.5339755e+01