########################################################################
# Reference Counts for Solar Model GS98                                #
# Column 1: log10(Axion mass in eV)                                    #
#        n>1: log10(Reference photon counts in energy bin n-1)         #
########################################################################
-3.0000000e+00 -6.0114300e-01 -2.8578333e-01 -1.2237665e-01 -7.6215864e-02 -1.0717196e-01 -1.7030542e-01 -2.5862935e-01 -3.6913216e-01 -5.1985052e-01 -7.1510852e-01
-2.8000000e+00 -6.0116334e-01 -2.8579721e-01 -1.2238666e-01 -7.6223423e-02 -1.0717785e-01 -1.7031014e-01 -2.5863321e-01 -3.6913538e-01 -5.1985324e-01 -7.1511086e-01
-2.6000000e+00 -6.0129169e-01 -2.8588481e-01 -1.2244985e-01 -7.6271116e-02 -1.0721502e-01 -1.7033989e-01 -2.5865757e-01 -3.6915569e-01 -5.1987046e-01 -7.1512562e-01
-2.4000000e+00 -6.0210170e-01 -2.8643759e-01 -1.2284854e-01 -7.6572061e-02 -1.0744955e-01 -1.7052766e-01 -2.5881129e-01 -3.6928384e-01 -5.1997906e-01 -7.1521872e-01
-2.2000000e+00 -6.0721905e-01 -2.8992852e-01 -1.2536576e-01 -7.8471838e-02 -1.0892988e-01 -1.7171277e-01 -2.5978147e-01 -3.7009256e-01 -5.2066442e-01 -7.1580626e-01
-2.1500000e+00 -6.1078256e-01 -2.9235806e-01 -1.2711703e-01 -7.9793238e-02 -1.0995937e-01 -1.7253686e-01 -2.6045604e-01 -3.7065485e-01 -5.2114090e-01 -7.1621473e-01
-2.1000000e+00 -6.1644162e-01 -2.9621397e-01 -1.2989541e-01 -8.1889128e-02 -1.1159199e-01 -1.7384358e-01 -2.6152559e-01 -3.7154630e-01 -5.2189629e-01 -7.1686226e-01
-2.0500000e+00 -6.2543921e-01 -3.0233866e-01 -1.3430593e-01 -8.5214950e-02 -1.1418199e-01 -1.7591618e-01 -2.6322178e-01 -3.7295990e-01 -5.2309404e-01 -7.1788891e-01
-2.0000000e+00 -6.3977207e-01 -3.1207985e-01 -1.4131405e-01 -9.0496270e-02 -1.1829310e-01 -1.7920505e-01 -2.6591274e-01 -3.7520218e-01 -5.2499369e-01 -7.1951704e-01
-1.9500000e+00 -6.6267418e-01 -3.2760561e-01 -1.5246659e-01 -9.8892526e-02 -1.2482454e-01 -1.8442766e-01 -2.7018442e-01 -3.7876067e-01 -5.2800781e-01 -7.2209995e-01
-1.9000000e+00 -6.9945374e-01 -3.5243561e-01 -1.7025804e-01 -1.1226559e-01 -1.3521613e-01 -1.9273052e-01 -2.7697171e-01 -3.8441239e-01 -5.3279342e-01 -7.2619985e-01
-1.8500000e+00 -7.5901937e-01 -3.9236910e-01 -1.9875395e-01 -1.3362911e-01 -1.5178754e-01 -2.0595469e-01 -2.8777228e-01 -3.9339990e-01 -5.4039971e-01 -7.3271361e-01
-1.8475000e+00 -7.6283370e-01 -3.9491418e-01 -2.0056507e-01 -1.3498456e-01 -1.5283772e-01 -2.0679207e-01 -2.8845579e-01 -3.9396842e-01 -5.4088070e-01 -7.3312540e-01
-1.8400000e+00 -7.7486176e-01 -4.0293011e-01 -2.0626533e-01 -1.3924884e-01 -1.5614065e-01 -2.0942516e-01 -2.9060472e-01 -3.9575563e-01 -5.4239261e-01 -7.3441972e-01
-1.8325000e+00 -7.8782450e-01 -4.1155230e-01 -2.1238994e-01 -1.4382741e-01 -1.5968538e-01 -2.1225011e-01 -2.9290971e-01 -3.9767230e-01 -5.4401382e-01 -7.3580746e-01
-1.8250000e+00 -8.0180126e-01 -4.2082942e-01 -2.1897186e-01 -1.4874420e-01 -1.6349008e-01 -2.1528120e-01 -2.9538228e-01 -3.9972792e-01 -5.4575233e-01 -7.3729545e-01
-1.8175000e+00 -8.1687926e-01 -4.3081454e-01 -2.2604685e-01 -1.5402508e-01 -1.6757433e-01 -2.1853378e-01 -2.9803481e-01 -4.0193273e-01 -5.4761672e-01 -7.3889098e-01
-1.8100000e+00 -8.3315466e-01 -4.4156554e-01 -2.3365371e-01 -1.5969802e-01 -1.7195926e-01 -2.2202442e-01 -3.0088067e-01 -4.0429773e-01 -5.4961624e-01 -7.4060193e-01
-1.8025000e+00 -8.5073368e-01 -4.5314572e-01 -2.4183463e-01 -1.6579332e-01 -1.7666772e-01 -2.2577099e-01 -3.0393422e-01 -4.0683473e-01 -5.5176081e-01 -7.4243675e-01
-1.7950000e+00 -8.6973403e-01 -4.6562439e-01 -2.5063549e-01 -1.7234381e-01 -1.8172437e-01 -2.2979274e-01 -3.0721096e-01 -4.0955649e-01 -5.5406112e-01 -7.4440452e-01
-1.7875000e+00 -8.9028645e-01 -4.7907755e-01 -2.6010624e-01 -1.7938509e-01 -1.8715591e-01 -2.3411047e-01 -3.1072758e-01 -4.1247672e-01 -5.5652867e-01 -7.4651502e-01
-1.7800000e+00 -9.1253673e-01 -4.9358875e-01 -2.7030138e-01 -1.8695580e-01 -1.9299123e-01 -2.3874666e-01 -3.1450210e-01 -4.1561020e-01 -5.5917583e-01 -7.4877875e-01
-1.7725000e+00 -9.3664799e-01 -5.0925003e-01 -2.8128044e-01 -1.9509793e-01 -1.9926160e-01 -2.4372557e-01 -3.1855394e-01 -4.1897286e-01 -5.6201593e-01 -7.5120701e-01
-1.7650000e+00 -9.6280346e-01 -5.2616299e-01 -2.9310852e-01 -2.0385718e-01 -2.0600093e-01 -2.4907344e-01 -3.2290406e-01 -4.2258185e-01 -5.6506331e-01 -7.5381198e-01
-1.7575000e+00 -9.9120992e-01 -5.4444013e-01 -3.0585695e-01 -2.1328329e-01 -2.1324602e-01 -2.5481868e-01 -3.2757512e-01 -4.2645569e-01 -5.6833343e-01 -7.5660676e-01
-1.7500000e+00 -1.0221019e+00 -5.6420635e-01 -3.1960408e-01 -2.2343055e-01 -2.2103683e-01 -2.6099205e-01 -3.3259160e-01 -4.3061437e-01 -5.7184297e-01 -7.5960545e-01
-1.7425000e+00 -1.0557468e+00 -5.8560076e-01 -3.3443606e-01 -2.3435822e-01 -2.2941678e-01 -2.6762688e-01 -3.3797997e-01 -4.3507946e-01 -5.7560989e-01 -7.6282326e-01
-1.7350000e+00 -1.0924516e+00 -6.0877889e-01 -3.5044793e-01 -2.4613116e-01 -2.3843318e-01 -2.7475934e-01 -3.4376887e-01 -4.3987427e-01 -5.7965357e-01 -7.6627656e-01
-1.7275000e+00 -1.1325711e+00 -6.3391526e-01 -3.6774470e-01 -2.5882043e-01 -2.4813755e-01 -2.8242868e-01 -3.4998934e-01 -4.4502399e-01 -5.8399497e-01 -7.6998303e-01
-1.7200000e+00 -1.1765182e+00 -6.6120662e-01 -3.8644283e-01 -2.7250406e-01 -2.5858613e-01 -2.9067761e-01 -3.5667502e-01 -4.5055587e-01 -5.8865667e-01 -7.7396172e-01
-1.7125000e+00 -1.2247785e+00 -6.9087581e-01 -4.0667177e-01 -2.8726790e-01 -2.6984042e-01 -2.9955256e-01 -3.6386238e-01 -4.5649942e-01 -5.9366312e-01 -7.7823319e-01
-1.7050000e+00 -1.2779281e+00 -7.2317666e-01 -4.2857595e-01 -3.0320663e-01 -2.8196771e-01 -3.0910416e-01 -3.7159106e-01 -4.6288660e-01 -5.9904073e-01 -7.8281968e-01
-1.6975000e+00 -1.3366585e+00 -7.5840002e-01 -4.5231712e-01 -3.2042492e-01 -2.9504183e-01 -3.1938763e-01 -3.7990414e-01 -4.6975208e-01 -6.0481811e-01 -7.8774517e-01
-1.6900000e+00 -1.4018102e+00 -7.9688150e-01 -4.7807715e-01 -3.3903882e-01 -3.0914392e-01 -3.3046332e-01 -3.8884852e-01 -4.7713347e-01 -6.1102622e-01 -7.9303562e-01
-1.6825000e+00 -1.4744195e+00 -8.3901135e-01 -5.0606151e-01 -3.5917736e-01 -3.2436334e-01 -3.4239729e-01 -3.9847531e-01 -4.8507164e-01 -6.1769865e-01 -7.9871913e-01
-1.6750000e+00 -1.5557845e+00 -8.8524733e-01 -5.3650353e-01 -3.8098456e-01 -3.4079875e-01 -3.5526197e-01 -4.0884029e-01 -4.9361106e-01 -6.2487181e-01 -8.0482611e-01
-1.6675000e+00 -1.6475606e+00 -9.3613175e-01 -5.6966968e-01 -4.0462168e-01 -3.5855938e-01 -3.6913694e-01 -4.2000441e-01 -5.0280012e-01 -6.3258526e-01 -8.1138953e-01
-1.6600000e+00 -1.7518983e+00 -9.9231434e-01 -6.0586635e-01 -4.3027013e-01 -3.7776648e-01 -3.8410980e-01 -4.3203443e-01 -5.1269163e-01 -6.4088202e-01 -8.1844513e-01
-1.6525000e+00 -1.8716437e+00 -1.0545836e+00 -6.4544829e-01 -4.5813488e-01 -3.9855509e-01 -4.0027724e-01 -4.4500354e-01 -5.2334321e-01 -6.4980891e-01 -8.2603174e-01
-1.6450000e+00 -2.0106147e+00 -1.1239104e+00 -6.8882977e-01 -4.8844879e-01 -4.2107618e-01 -4.1774626e-01 -4.5899220e-01 -5.3481793e-01 -6.5941694e-01 -8.3419158e-01
-1.6375000e+00 -2.1739060e+00 -1.2015106e+00 -7.3649905e-01 -5.2147786e-01 -4.4549912e-01 -4.3663556e-01 -4.7408902e-01 -5.4718485e-01 -6.6976181e-01 -8.4297056e-01
-1.6300000e+00 -2.3678227e+00 -1.2889364e+00 -7.8903781e-01 -5.5752807e-01 -4.7201487e-01 -4.5707729e-01 -4.9039180e-01 -5.6051978e-01 -6.8090438e-01 -8.5241871e-01
-1.6225000e+00 -2.5972119e+00 -1.3882125e+00 -8.4714751e-01 -5.9695388e-01 -5.0083970e-01 -4.7921907e-01 -5.0800883e-01 -5.7490611e-01 -6.9291129e-01 -8.6259064e-01
-1.6150000e+00 -2.8494092e+00 -1.5020456e+00 -9.1168602e-01 -6.4016943e-01 -5.3221993e-01 -5.0322646e-01 -5.2706031e-01 -5.9043576e-01 -7.0585564e-01 -8.7354600e-01
-1.6075000e+00 -3.0366474e+00 -1.6341488e+00 -9.8371958e-01 -6.8766324e-01 -5.6643784e-01 -5.2928591e-01 -5.4768010e-01 -6.0721032e-01 -7.1981776e-01 -8.8535007e-01
-1.6000000e+00 -3.0025527e+00 -1.7897385e+00 -1.0645985e+00 -7.4001776e-01 -6.0381922e-01 -5.5760844e-01 -5.7001783e-01 -6.2534236e-01 -7.3488612e-01 -8.9807444e-01
-1.5925000e+00 -2.8038581e+00 -1.9761972e+00 -1.1560703e+00 -7.9793622e-01 -6.4474297e-01 -5.8843418e-01 -5.9424139e-01 -6.4495700e-01 -7.5115842e-01 -9.1179775e-01
-1.5850000e+00 -2.5917431e+00 -2.2032914e+00 -1.2604553e+00 -8.6227989e-01 -6.8965375e-01 -6.2203805e-01 -6.2054000e-01 -6.6619379e-01 -7.6874279e-01 -9.2660655e-01
-1.5775000e+00 -2.4140724e+00 -2.4780224e+00 -1.3809252e+00 -9.3412130e-01 -7.3907874e-01 -6.5873691e-01 -6.4912799e-01 -6.8920892e-01 -7.8775929e-01 -9.4259639e-01
-1.5700000e+00 -2.2732417e+00 -2.7640223e+00 -1.5219639e+00 -1.0148222e+00 -7.9365027e-01 -6.9889887e-01 -6.8024944e-01 -7.1417796e-01 -8.0834163e-01 -9.5987294e-01
-1.5625000e+00 -2.1638981e+00 -2.8629136e+00 -1.6901364e+00 -1.1061515e+00 -8.5413699e-01 -7.4295527e-01 -7.1418405e-01 -7.4129916e-01 -8.3063928e-01 -9.7855346e-01
-1.5550000e+00 -2.0810589e+00 -2.6668443e+00 -1.8953131e+00 -1.2104694e+00 -9.2148798e-01 -7.9141669e-01 -7.5125457e-01 -7.7079755e-01 -8.5481998e-01 -9.9876847e-01
-1.5475000e+00 -2.0211953e+00 -2.4085430e+00 -2.1518435e+00 -1.3310274e+00 -9.9689648e-01 -8.4489438e-01 -7.9183639e-01 -8.0293000e-01 -8.8107280e-01 -1.0206637e+00
-1.5400000e+00 -1.9820793e+00 -2.1929068e+00 -2.4720302e+00 -1.4724774e+00 -1.0818950e+00 -9.0412989e-01 -8.3637006e-01 -8.3799165e-01 -9.0961191e-01 -1.0444027e+00
-1.5325000e+00 -1.9625208e+00 -2.0250683e+00 -2.7882029e+00 -1.6417710e+00 -1.1785023e+00 -9.7003670e-01 -8.8537783e-01 -8.7632412e-01 -9.4068127e-01 -1.0701694e+00
-1.5250000e+00 -1.9621874e+00 -1.8959034e+00 -2.7727822e+00 -1.8497782e+00 -1.2894590e+00 -1.0437603e+00 -9.3948623e-01 -9.1832612e-01 -9.7456048e-01 -1.0981721e+00
-1.5175000e+00 -1.9815211e+00 -1.7976469e+00 -2.4744893e+00 -2.1138436e+00 -1.4186240e+00 -1.1267675e+00 -9.9945701e-01 -9.6446737e-01 -1.0115723e+00 -1.1286477e+00
-1.5100000e+00 -2.0217465e+00 -1.7250729e+00 -2.1961388e+00 -2.4565888e+00 -1.5716758e+00 -1.2209845e+00 -1.0662310e+00 -1.0153073e+00 -1.0520921e+00 -1.1618675e+00
-1.5025000e+00 -2.0849652e+00 -1.6749108e+00 -1.9828830e+00 -2.8340900e+00 -1.7574232e+00 -1.3290170e+00 -1.1409920e+00 -1.0715205e+00 -1.0965606e+00 -1.1981439e+00
-1.4950000e+00 -2.1743303e+00 -1.6452980e+00 -1.8213807e+00 -2.8338197e+00 -1.9903410e+00 -1.4545219e+00 -1.2252616e+00 -1.1339322e+00 -1.1455007e+00 -1.2378400e+00
-1.4875000e+00 -2.2942364e+00 -1.6354404e+00 -1.6987276e+00 -2.4835936e+00 -2.2949308e+00 -1.6028652e+00 -1.3210478e+00 -1.2035690e+00 -1.1995396e+00 -1.2813808e+00
-1.4800000e+00 -2.4501478e+00 -1.6454423e+00 -1.6065216e+00 -2.1783929e+00 -2.7007210e+00 -1.7823712e+00 -1.4310842e+00 -1.2817334e+00 -1.2594405e+00 -1.3292698e+00
-1.4725000e+00 -2.6462180e+00 -1.6762704e+00 -1.5395821e+00 -1.9526713e+00 -3.0461279e+00 -2.0068479e+00 -1.5592380e+00 -1.3701174e+00 -1.3261469e+00 -1.3821091e+00
-1.4650000e+00 -2.8725179e+00 -1.7298405e+00 -1.4948317e+00 -1.7844372e+00 -2.7863029e+00 -2.3008043e+00 -1.7112476e+00 -1.4709812e+00 -1.4008469e+00 -1.4406294e+00
-1.4575000e+00 -3.0605969e+00 -1.8092414e+00 -1.4706336e+00 -1.6576107e+00 -2.4007074e+00 -2.7053820e+00 -1.8961570e+00 -1.5874501e+00 -1.4850700e+00 -1.5057308e+00
-1.4500000e+00 -3.0712359e+00 -1.9191257e+00 -1.4664407e+00 -1.5625210e+00 -2.1179963e+00 -3.1656405e+00 -2.1293387e+00 -1.7240328e+00 -1.5808380e+00 -1.5785422e+00
-1.4425000e+00 -2.9179513e+00 -2.0662297e+00 -1.4826471e+00 -1.4934139e+00 -1.9130417e+00 -2.9928970e+00 -2.4392378e+00 -1.8875938e+00 -1.6909111e+00 -1.6605101e+00
-1.4350000e+00 -2.7419430e+00 -2.2594136e+00 -1.5205957e+00 -1.4469255e+00 -1.7606088e+00 -2.5546723e+00 -2.8775950e+00 -2.0893304e+00 -1.8192089e+00 -1.7535356e+00
-1.4275000e+00 -2.6052769e+00 -2.5049176e+00 -1.5827402e+00 -1.4212674e+00 -1.6461117e+00 -2.2399717e+00 -3.3645346e+00 -2.3492051e+00 -1.9715844e+00 -1.8601967e+00
-1.4200000e+00 -2.5180722e+00 -2.7724655e+00 -1.6730091e+00 -1.4158127e+00 -1.5611751e+00 -2.0169666e+00 -3.0700460e+00 -2.7065214e+00 -2.1573584e+00 -1.9841241e+00
-1.4125000e+00 -2.4791947e+00 -2.8933070e+00 -1.7974690e+00 -1.4309239e+00 -1.5009181e+00 -1.8530058e+00 -2.6147811e+00 -3.2293795e+00 -2.3926910e+00 -2.1306843e+00
-1.4050000e+00 -2.4873241e+00 -2.7404735e+00 -1.9653917e+00 -1.4679547e+00 -1.4625800e+00 -1.7303005e+00 -2.3046644e+00 -3.5382768e+00 -2.7088674e+00 -2.3083162e+00
-1.3975000e+00 -2.5429672e+00 -2.5140607e+00 -2.1902045e+00 -1.5294283e+00 -1.4448310e+00 -1.6389817e+00 -2.0865465e+00 -3.0135078e+00 -3.1722303e+00 -2.5314308e+00
-1.3900000e+00 -2.6479900e+00 -2.3339273e+00 -2.4835857e+00 -1.6194492e+00 -1.4474447e+00 -1.5733859e+00 -1.9264559e+00 -2.6029747e+00 -3.7673204e+00 -2.8275321e+00
-1.3825000e+00 -2.8021270e+00 -2.2143541e+00 -2.7895050e+00 -1.7445034e+00 -1.4711944e+00 -1.5302935e+00 -1.8068443e+00 -2.3284764e+00 -3.4059178e+00 -3.2565833e+00
-1.3750000e+00 -2.9892098e+00 -2.1506524e+00 -2.8120675e+00 -1.9149249e+00 -1.5179302e+00 -1.5080721e+00 -1.7181198e+00 -2.1330548e+00 -2.9017518e+00 -3.9046954e+00
-1.3675000e+00 -3.1416576e+00 -2.1390552e+00 -2.5465248e+00 -2.1471950e+00 -1.5908650e+00 -1.5062674e+00 -1.6548206e+00 -1.9886475e+00 -2.5779163e+00 -3.7771138e+00
-1.3600000e+00 -3.1527381e+00 -2.1793026e+00 -2.2945578e+00 -2.4629120e+00 -1.6951811e+00 -1.5254522e+00 -1.6138746e+00 -1.8808536e+00 -2.3542420e+00 -3.1995124e+00
-1.3525000e+00 -3.0436939e+00 -2.2745943e+00 -2.1182892e+00 -2.8281285e+00 -1.8392277e+00 -1.5672692e+00 -1.5937680e+00 -1.8017341e+00 -2.1912630e+00 -2.8382971e+00
-1.3450000e+00 -2.9269305e+00 -2.4301689e+00 -2.0098238e+00 -2.8695935e+00 -2.0368585e+00 -1.6346811e+00 -1.5941569e+00 -1.7467778e+00 -2.0698800e+00 -2.5948675e+00
-1.3375000e+00 -2.8586650e+00 -2.6444321e+00 -1.9599490e+00 -2.5477512e+00 -2.3114432e+00 -1.7325337e+00 -1.6157357e+00 -1.7135237e+00 -1.9799327e+00 -2.4195678e+00
-1.3300000e+00 -2.8526368e+00 -2.8659176e+00 -1.9648650e+00 -2.2649441e+00 -2.6921312e+00 -1.8686966e+00 -1.6603032e+00 -1.7009074e+00 -1.9157115e+00 -2.2894988e+00
-1.3225000e+00 -2.9099788e+00 -2.9277763e+00 -2.0259831e+00 -2.0741633e+00 -3.0482596e+00 -2.0564084e+00 -1.7310527e+00 -1.7089737e+00 -1.8740228e+00 -2.1928267e+00
-1.3150000e+00 -3.0249517e+00 -2.7865895e+00 -2.1498015e+00 -1.9577933e+00 -2.8367401e+00 -2.3191141e+00 -1.8332130e+00 -1.7388189e+00 -1.8532893e+00 -2.1229860e+00
-1.3075000e+00 -3.1727212e+00 -2.6215138e+00 -2.3470359e+00 -1.9031644e+00 -2.4677750e+00 -2.6963365e+00 -1.9753687e+00 -1.7927379e+00 -1.8531352e+00 -2.0762846e+00
-1.3000000e+00 -3.2840729e+00 -2.5205006e+00 -2.6188774e+00 -1.9053728e+00 -2.2097381e+00 -3.1528764e+00 -2.1722773e+00 -1.8746345e+00 -1.8742441e+00 -2.0508142e+00
-1.2925000e+00 -3.2817134e+00 -2.4979964e+00 -2.8629857e+00 -1.9658975e+00 -2.0454591e+00 -3.0394664e+00 -2.4511365e+00 -1.9908948e+00 -1.9184251e+00 -2.0459427e+00
-1.2850000e+00 -3.2009364e+00 -2.5542016e+00 -2.8049636e+00 -2.0926379e+00 -1.9524825e+00 -2.6151948e+00 -2.8616007e+00 -2.1522252e+00 -1.9889138e+00 -2.0621177e+00
-1.2775000e+00 -3.1331374e+00 -2.6848248e+00 -2.5707322e+00 -2.3009081e+00 -1.9199985e+00 -2.3205285e+00 -3.3535498e+00 -2.3777851e+00 -2.0910460e+00 -2.1008871e+00
-1.2700000e+00 -3.1279777e+00 -2.8628923e+00 -2.3915733e+00 -2.6056480e+00 -1.9455215e+00 -2.1339708e+00 -3.1209059e+00 -2.7050160e+00 -2.2336752e+00 -2.1651433e+00
-1.2625000e+00 -3.2019666e+00 -2.9916880e+00 -2.3067564e+00 -2.9139070e+00 -2.0335470e+00 -2.0250603e+00 -2.6743885e+00 -3.2007423e+00 -2.4323220e+00 -2.2597043e+00
-1.2550000e+00 -3.3441761e+00 -2.9645296e+00 -2.3148892e+00 -2.8347312e+00 -2.1967511e+00 -1.9793675e+00 -2.3848268e+00 -3.5620826e+00 -2.7168771e+00 -2.3925400e+00
-1.2475000e+00 -3.4709441e+00 -2.8599994e+00 -2.4163145e+00 -2.5426614e+00 -2.4587490e+00 -1.9925269e+00 -2.2046874e+00 -3.0676144e+00 -3.1503333e+00 -2.5774804e+00
-1.2400000e+00 -3.4474659e+00 -2.7942522e+00 -2.6100898e+00 -2.3360445e+00 -2.8352617e+00 -2.0677943e+00 -2.1017530e+00 -2.6659759e+00 -3.7466922e+00 -2.8408444e+00
-1.2325000e+00 -3.3422515e+00 -2.8047070e+00 -2.8448765e+00 -2.2396292e+00 -3.0691345e+00 -2.2169928e+00 -2.0619888e+00 -2.4177812e+00 -3.4600035e+00 -3.2393780e+00
-1.2250000e+00 -3.3090495e+00 -2.8880773e+00 -2.9129240e+00 -2.2452116e+00 -2.7779860e+00 -2.4649810e+00 -2.0817271e+00 -2.2669478e+00 -2.9578223e+00 -3.8656296e+00
-1.2175000e+00 -3.4043760e+00 -3.0113408e+00 -2.7600023e+00 -2.3542186e+00 -2.4749537e+00 -2.8492759e+00 -2.1652874e+00 -2.1875533e+00 -2.6526108e+00 -3.8315321e+00
-1.2100000e+00 -3.5825511e+00 -3.1009231e+00 -2.6181495e+00 -2.5752924e+00 -2.3024962e+00 -3.2225388e+00 -2.3265714e+00 -2.1695248e+00 -2.4660102e+00 -3.2532487e+00
-1.2025000e+00 -3.6203234e+00 -3.0967054e+00 -2.5803266e+00 -2.8705182e+00 -2.2447023e+00 -2.9548133e+00 -2.5955401e+00 -2.2121808e+00 -2.3595990e+00 -2.9056384e+00
-1.1950000e+00 -3.4992208e+00 -3.0419666e+00 -2.6549074e+00 -2.9485918e+00 -2.2937943e+00 -2.5934279e+00 -3.0221990e+00 -2.3233024e+00 -2.3176893e+00 -2.6948860e+00
-1.1875000e+00 -3.4718352e+00 -3.0156180e+00 -2.8181828e+00 -2.7240636e+00 -2.4588745e+00 -2.3837737e+00 -3.3980026e+00 -2.5227939e+00 -2.3361477e+00 -2.5714471e+00
-1.1800000e+00 -3.6028114e+00 -3.0615224e+00 -2.9645719e+00 -2.5440521e+00 -2.7567538e+00 -2.2997446e+00 -3.0217773e+00 -2.8536644e+00 -2.4194119e+00 -2.5152673e+00
-1.1725000e+00 -3.7374133e+00 -3.1806966e+00 -2.9465694e+00 -2.4988681e+00 -3.0750975e+00 -2.3268252e+00 -2.6523031e+00 -3.3716478e+00 -2.5823810e+00 -2.5199069e+00
-1.1650000e+00 -3.6686755e+00 -3.2826775e+00 -2.8521308e+00 -2.5918124e+00 -2.9449933e+00 -2.4722540e+00 -2.4508650e+00 -3.4802151e+00 -2.8591826e+00 -2.5879196e+00
-1.1575000e+00 -3.6142710e+00 -3.2371674e+00 -2.8218690e+00 -2.8071443e+00 -2.6589019e+00 -2.7633034e+00 -2.3772404e+00 -2.9830501e+00 -3.3223897e+00 -2.7317118e+00
-1.1500000e+00 -3.7080924e+00 -3.1590036e+00 -2.8832310e+00 -3.0010967e+00 -2.5153581e+00 -3.1670522e+00 -2.4173384e+00 -2.6691626e+00 -3.8080377e+00 -2.9808755e+00
-1.1425000e+00 -3.8237413e+00 -3.2087083e+00 -2.9936762e+00 -2.9190529e+00 -2.5284357e+00 -3.1240948e+00 -2.5823577e+00 -2.5149270e+00 -3.3314283e+00 -3.4039143e+00
-1.1350000e+00 -3.7801156e+00 -3.3831387e+00 -3.0647915e+00 -2.7642845e+00 -2.6986607e+00 -2.7723704e+00 -2.9099347e+00 -2.4828283e+00 -2.9209380e+00 -4.0233717e+00
-1.1275000e+00 -3.7472662e+00 -3.4140347e+00 -3.0545332e+00 -2.7343462e+00 -2.9964843e+00 -2.5790077e+00 -3.3604236e+00 -2.5679469e+00 -2.7065602e+00 -3.6760181e+00
-1.1200000e+00 -3.8608417e+00 -3.2886404e+00 -3.0210010e+00 -2.8462498e+00 -3.1014196e+00 -2.5579047e+00 -3.2106121e+00 -2.7937977e+00 -2.6274779e+00 -3.1908587e+00
-1.1125000e+00 -3.9276950e+00 -3.3265410e+00 -3.0312198e+00 -3.0151208e+00 -2.8724926e+00 -2.7068268e+00 -2.8283286e+00 -3.2158534e+00 -2.6659416e+00 -2.9348625e+00
-1.1050000e+00 -3.8396389e+00 -3.5149816e+00 -3.1165576e+00 -3.0396418e+00 -2.7294928e+00 -3.0317512e+00 -2.6442115e+00 -3.5935165e+00 -2.8347500e+00 -2.8265609e+00
-1.0975000e+00 -3.9286677e+00 -3.4828025e+00 -3.2204595e+00 -2.9542198e+00 -2.7714865e+00 -3.2617170e+00 -2.6409802e+00 -3.1740766e+00 -3.1846795e+00 -2.8382856e+00
-1.0900000e+00 -4.0223100e+00 -3.3989090e+00 -3.1933862e+00 -2.9422263e+00 -2.9800926e+00 -2.9931712e+00 -2.8198311e+00 -2.8421469e+00 -3.7389049e+00 -2.9763531e+00
-1.0825000e+00 -3.9263013e+00 -3.5261291e+00 -3.1305788e+00 -3.0241372e+00 -3.1554762e+00 -2.7836521e+00 -3.1999728e+00 -2.7228474e+00 -3.5441783e+00 -3.2847214e+00
-1.0750000e+00 -4.0482065e+00 -3.6026023e+00 -3.2207731e+00 -3.1094804e+00 -3.0325937e+00 -2.7871091e+00 -3.4045588e+00 -2.7865532e+00 -3.0934034e+00 -3.8491919e+00
-1.0675000e+00 -4.0660620e+00 -3.5225922e+00 -3.3709980e+00 -3.1271235e+00 -2.9208671e+00 -3.0015806e+00 -3.0508169e+00 -3.0538716e+00 -2.8903313e+00 -3.9038349e+00
-1.0600000e+00 -4.0361921e+00 -3.5871211e+00 -3.2741181e+00 -3.1150737e+00 -2.9851785e+00 -3.2804342e+00 -2.8430161e+00 -3.5211391e+00 -2.8824301e+00 -3.3691219e+00
-1.0525000e+00 -4.1565770e+00 -3.6760977e+00 -3.2462318e+00 -3.1204596e+00 -3.1539559e+00 -3.1491649e+00 -2.8724428e+00 -3.4319946e+00 -3.0704852e+00 -3.1082350e+00
-1.0450000e+00 -4.1091461e+00 -3.6357389e+00 -3.4396704e+00 -3.1849206e+00 -3.1809986e+00 -2.9610638e+00 -3.1389255e+00 -3.0489953e+00 -3.5092376e+00 -3.0570147e+00
-1.0375000e+00 -4.1778198e+00 -3.6690028e+00 -3.4085683e+00 -3.2757160e+00 -3.1038548e+00 -2.9978234e+00 -3.4498454e+00 -2.9216688e+00 -3.7920246e+00 -3.2001630e+00
-1.0300000e+00 -4.2069293e+00 -3.7709711e+00 -3.3334964e+00 -3.2394255e+00 -3.1276511e+00 -3.2264895e+00 -3.2159697e+00 -3.0460359e+00 -3.3232022e+00 -3.5937351e+00
-1.0225000e+00 -4.2089962e+00 -3.7036026e+00 -3.5158923e+00 -3.2148073e+00 -3.2199326e+00 -3.3035699e+00 -3.0156545e+00 -3.4277206e+00 -3.0805046e+00 -4.0871074e+00
-1.0150000e+00 -4.2825160e+00 -3.8045955e+00 -3.4800711e+00 -3.3645299e+00 -3.2591389e+00 -3.1459495e+00 -3.0892096e+00 -3.5744894e+00 -3.1071712e+00 -3.6232691e+00
-1.0075000e+00 -4.2680147e+00 -3.8123039e+00 -3.4529228e+00 -3.3735205e+00 -3.2597736e+00 -3.1460086e+00 -3.3869775e+00 -3.2137553e+00 -3.4125417e+00 -3.2984746e+00
-1.0000000e+00 -4.3327094e+00 -3.8138941e+00 -3.5968727e+00 -3.2846742e+00 -3.2640317e+00 -3.3091271e+00 -3.4123401e+00 -3.1001578e+00 -3.8431730e+00 -3.2645362e+00
-9.9250000e-01 -4.3412112e+00 -3.9086251e+00 -3.5373881e+00 -3.4627288e+00 -3.3141680e+00 -3.3458533e+00 -3.1947744e+00 -3.2946576e+00 -3.4964818e+00 -3.5124320e+00
-9.8500000e-01 -4.3795621e+00 -3.8597398e+00 -3.5898127e+00 -3.4468240e+00 -3.4007285e+00 -3.2762115e+00 -3.2269239e+00 -3.6411211e+00 -3.2422588e+00 -4.0371765e+00
-9.7750000e-01 -4.4165584e+00 -3.9685758e+00 -3.6508334e+00 -3.3838486e+00 -3.3550245e+00 -3.3272259e+00 -3.4631690e+00 -3.4319512e+00 -3.3230168e+00 -3.8094475e+00
-9.7000000e-01 -4.4133469e+00 -3.9275823e+00 -3.6267400e+00 -3.5877812e+00 -3.3744573e+00 -3.4045459e+00 -3.4408004e+00 -3.2562363e+00 -3.7203114e+00 -3.4548509e+00
-9.6250000e-01 -4.5100328e+00 -4.0184378e+00 -3.7078786e+00 -3.4629388e+00 -3.5249818e+00 -3.4164766e+00 -3.3239786e+00 -3.4167444e+00 -3.7435070e+00 -3.4595152e+00
-9.5500000e-01 -4.4724886e+00 -3.9907107e+00 -3.7025083e+00 -3.5616291e+00 -3.4186615e+00 -3.4251125e+00 -3.4371682e+00 -3.6752759e+00 -3.4179261e+00 -3.8246147e+00
-9.4750000e-01 -4.5211704e+00 -4.0832677e+00 -3.7501842e+00 -3.5982665e+00 -3.4948304e+00 -3.4490956e+00 -3.5389421e+00 -3.4745534e+00 -3.4525131e+00 -4.0646801e+00
-9.4000000e-01 -4.5854519e+00 -4.0485151e+00 -3.7708131e+00 -3.5716985e+00 -3.6001177e+00 -3.5366465e+00 -3.4674332e+00 -3.4243165e+00 -3.8110762e+00 -3.6501246e+00
-9.3250000e-01 -4.5677095e+00 -4.1215414e+00 -3.8154742e+00 -3.6782223e+00 -3.4764350e+00 -3.5133073e+00 -3.5133940e+00 -3.6511482e+00 -3.7359533e+00 -3.5906653e+00
-9.2500000e-01 -4.6055765e+00 -4.1603030e+00 -3.8122997e+00 -3.6368925e+00 -3.6916441e+00 -3.5266510e+00 -3.5817015e+00 -3.6364049e+00 -3.5264370e+00 -3.9390788e+00
-9.1750000e-01 -4.6781713e+00 -4.1310536e+00 -3.9035801e+00 -3.7186762e+00 -3.5568043e+00 -3.6620179e+00 -3.5909830e+00 -3.5414614e+00 -3.7104115e+00 -4.0400758e+00
-9.1000000e-01 -4.6990263e+00 -4.2221537e+00 -3.8535442e+00 -3.7169038e+00 -3.6963353e+00 -3.5482227e+00 -3.6072776e+00 -3.6890706e+00 -3.8891688e+00 -3.7178652e+00
-9.0250000e-01 -4.6957961e+00 -4.2333016e+00 -3.9625558e+00 -3.7623905e+00 -3.6579894e+00 -3.7070235e+00 -3.6448425e+00 -3.7061492e+00 -3.6697417e+00 -3.8255376e+00
-8.9500000e-01 -4.7170446e+00 -4.2404629e+00 -3.9348410e+00 -3.7798257e+00 -3.7224421e+00 -3.6547254e+00 -3.7135039e+00 -3.6735510e+00 -3.7679249e+00 -4.1532461e+00
-8.8750000e-01 -4.7608002e+00 -4.3115920e+00 -3.9951073e+00 -3.8392608e+00 -3.7329520e+00 -3.7003237e+00 -3.6605797e+00 -3.7600374e+00 -3.9254734e+00 -3.8856077e+00
-8.8000000e-01 -4.8069852e+00 -4.3366280e+00 -4.0122108e+00 -3.8069808e+00 -3.7791859e+00 -3.7680677e+00 -3.7944637e+00 -3.7728803e+00 -3.7816881e+00 -3.8933046e+00
-8.7250000e-01 -4.8446775e+00 -4.3256487e+00 -4.0247548e+00 -3.9370792e+00 -3.7911942e+00 -3.7288650e+00 -3.7337535e+00 -3.7982959e+00 -3.8958867e+00 -4.1744665e+00
-8.6500000e-01 -4.8766021e+00 -4.3497273e+00 -4.1115860e+00 -3.8688252e+00 -3.8375873e+00 -3.8408249e+00 -3.8162753e+00 -3.8185288e+00 -3.9370123e+00 -3.9788012e+00
-8.5750000e-01 -4.9098269e+00 -4.4039965e+00 -4.1149055e+00 -3.9318405e+00 -3.8610963e+00 -3.7963707e+00 -3.8309861e+00 -3.8946997e+00 -3.9068283e+00 -4.0375522e+00
-8.5000000e-01 -4.9421395e+00 -4.4539778e+00 -4.0975996e+00 -4.0119880e+00 -3.8844277e+00 -3.8736700e+00 -3.8467715e+00 -3.8460087e+00 -3.9936987e+00 -4.1882926e+00
-8.4250000e-01 -4.9644303e+00 -4.4863644e+00 -4.1485473e+00 -3.9705901e+00 -3.9182648e+00 -3.8930869e+00 -3.9038871e+00 -3.9807801e+00 -3.9904297e+00 -4.0585427e+00
-8.3500000e-01 -4.9853409e+00 -4.5105278e+00 -4.2135272e+00 -4.0187165e+00 -3.9813239e+00 -3.8937961e+00 -3.9141900e+00 -3.8947534e+00 -4.0344000e+00 -4.2066640e+00
-8.2750000e-01 -5.0047140e+00 -4.5368313e+00 -4.2384663e+00 -4.0713634e+00 -3.9350586e+00 -3.9809447e+00 -3.9352045e+00 -4.0506486e+00 -4.0528619e+00 -4.1718643e+00
-8.2000000e-01 -5.0183153e+00 -4.5663353e+00 -4.2446472e+00 -4.0748872e+00 -4.0255090e+00 -3.9542728e+00 -4.0223297e+00 -3.9448861e+00 -4.1051043e+00 -4.2211957e+00
-8.1250000e-01 -5.0619663e+00 -4.5935370e+00 -4.2614192e+00 -4.1124139e+00 -4.0905477e+00 -4.0183582e+00 -3.9486685e+00 -4.1317376e+00 -4.0981769e+00 -4.2468800e+00
-8.0500000e-01 -5.1109650e+00 -4.6202764e+00 -4.2908675e+00 -4.1770203e+00 -4.0364640e+00 -4.0264789e+00 -4.1177427e+00 -3.9879152e+00 -4.1772295e+00 -4.2879351e+00
-7.9750000e-01 -5.1343023e+00 -4.6609614e+00 -4.3245571e+00 -4.2139060e+00 -4.0653139e+00 -4.0881818e+00 -4.0231806e+00 -4.2039254e+00 -4.1579620e+00 -4.2885346e+00
-7.9000000e-01 -5.1443299e+00 -4.7033161e+00 -4.3580298e+00 -4.2211584e+00 -4.1511603e+00 -4.1005422e+00 -4.1039666e+00 -4.0665309e+00 -4.2177542e+00 -4.3723752e+00
-7.8250000e-01 -5.1999217e+00 -4.7162846e+00 -4.3932449e+00 -4.2293014e+00 -4.1874841e+00 -4.0852673e+00 -4.1563199e+00 -4.1808959e+00 -4.2616344e+00 -4.3277935e+00
-7.7500000e-01 -5.2086050e+00 -4.7335125e+00 -4.4306891e+00 -4.2515536e+00 -4.1904459e+00 -4.1649967e+00 -4.1405603e+00 -4.2360239e+00 -4.2146353e+00 -4.4489727e+00
-7.6750000e-01 -5.2552556e+00 -4.7515374e+00 -4.4588443e+00 -4.2845316e+00 -4.2134173e+00 -4.2468892e+00 -4.1930167e+00 -4.1528908e+00 -4.4004649e+00 -4.3897144e+00
-7.6000000e-01 -5.2711040e+00 -4.8103888e+00 -4.4725707e+00 -4.3198146e+00 -4.2583613e+00 -4.2368966e+00 -4.2100210e+00 -4.2919656e+00 -4.2534526e+00 -4.4737007e+00
-7.5250000e-01 -5.3225578e+00 -4.8332552e+00 -4.5061453e+00 -4.3484060e+00 -4.3069011e+00 -4.2154504e+00 -4.2398523e+00 -4.3081894e+00 -4.3839467e+00 -4.5204636e+00
-7.4500000e-01 -5.3280731e+00 -4.8478617e+00 -4.5648976e+00 -4.3665242e+00 -4.3483528e+00 -4.2364093e+00 -4.3120125e+00 -4.2756586e+00 -4.4536169e+00 -4.4465675e+00
-7.3750000e-01 -5.3654486e+00 -4.9036320e+00 -4.5953585e+00 -4.3872935e+00 -4.3815305e+00 -4.2844894e+00 -4.3460753e+00 -4.3365749e+00 -4.3489291e+00 -4.6459390e+00
-7.3000000e-01 -5.4085023e+00 -4.9034676e+00 -4.6216489e+00 -4.4331173e+00 -4.4063673e+00 -4.3332554e+00 -4.3308038e+00 -4.3801553e+00 -4.4473403e+00 -4.5549823e+00
-7.2250000e-01 -5.4360054e+00 -4.9586698e+00 -4.6238692e+00 -4.4887629e+00 -4.4221141e+00 -4.3721866e+00 -4.3247297e+00 -4.3955746e+00 -4.5469422e+00 -4.5435588e+00
-7.1500000e-01 -5.4590790e+00 -4.9660598e+00 -4.6936548e+00 -4.5156227e+00 -4.4357034e+00 -4.4055700e+00 -4.3482103e+00 -4.4384773e+00 -4.5085100e+00 -4.7234699e+00
-7.0750000e-01 -5.4831783e+00 -5.0195508e+00 -4.6974078e+00 -4.5494467e+00 -4.4630172e+00 -4.4419360e+00 -4.3889615e+00 -4.4944526e+00 -4.5058872e+00 -4.7021487e+00
-7.0000000e-01 -5.5172349e+00 -5.0436970e+00 -4.7305251e+00 -4.5549900e+00 -4.4982963e+00 -4.4858561e+00 -4.4318174e+00 -4.5289908e+00 -4.5573731e+00 -4.6327757e+00
-6.5000000e-01 -5.7242194e+00 -5.2303637e+00 -4.9360969e+00 -4.7817711e+00 -4.6883281e+00 -4.6422295e+00 -4.6634000e+00 -4.6722189e+00 -4.8276944e+00 -4.8941719e+00
-6.0000000e-01 -5.9108361e+00 -5.4429883e+00 -5.1257556e+00 -4.9791348e+00 -4.8762048e+00 -4.8562339e+00 -4.8851231e+00 -4.8570913e+00 -4.9720597e+00 -5.1512522e+00
-5.5000000e-01 -6.1233394e+00 -5.6418511e+00 -5.3399996e+00 -5.1557299e+00 -5.1015317e+00 -5.0427643e+00 -5.0758760e+00 -5.0791549e+00 -5.1905418e+00 -5.2687317e+00
-5.0000000e-01 -6.3147406e+00 -5.8391966e+00 -5.5406853e+00 -5.3586700e+00 -5.2957393e+00 -5.2655893e+00 -5.2572877e+00 -5.2719148e+00 -5.3811479e+00 -5.4915186e+00
-4.0000000e-01 -6.6771916e+00 -6.2350192e+00 -5.9342377e+00 -5.7698346e+00 -5.6905326e+00 -5.6526887e+00 -5.6681124e+00 -5.6924822e+00 -5.7599220e+00 -5.9056083e+00
-2.0000000e-01 -7.6239951e+00 -6.9913609e+00 -6.6965199e+00 -6.5682758e+00 -6.4879997e+00 -6.4569085e+00 -6.4587956e+00 -6.4969508e+00 -6.5697020e+00 -6.6915390e+00
0.0000000e+00 -8.2997845e+00 -7.7968503e+00 -7.5185259e+00 -7.3437367e+00 -7.2681183e+00 -7.2770901e+00 -7.2650173e+00 -7.2912433e+00 -7.3711481e+00 -7.4982072e+00
2.0000000e-01 -9.0603240e+00 -8.6546870e+00 -8.3347739e+00 -8.1563908e+00 -8.0748620e+00 -8.1110369e+00 -8.0901654e+00 -8.0678628e+00 -8.1887976e+00 -8.3038147e+00
4.0000000e-01 -9.9773559e+00 -9.4036830e+00 -9.1693608e+00 -8.9641159e+00 -8.8855700e+00 -8.8940262e+00 -8.8511980e+00 -8.8961818e+00 -8.9699504e+00 -9.0923070e+00
6.0000000e-01 -1.0736165e+01 -1.0245506e+01 -9.8990540e+00 -9.7567530e+00 -9.6489039e+00 -9.6830566e+00 -9.6358907e+00 -9.6362062e+00 -9.7887959e+00 -9.8835838e+00
8.0000000e-01 -1.1479417e+01 -1.1021627e+01 -1.0748792e+01 -1.0572143e+01 -1.0452640e+01 -1.0457412e+01 -1.0432134e+01 -1.0547526e+01 -1.0541600e+01 -1.0652015e+01
1.0000000e+00 -1.2324358e+01 -1.1837459e+01 -1.1554111e+01 -1.1391697e+01 -1.1244588e+01 -1.1315487e+01 -1.1233164e+01 -1.1267755e+01 -1.1408213e+01 -1.1534091e+01
1.2000000e+00 -1.3081986e+01 -1.2699503e+01 -1.2340027e+01 -1.2137990e+01 -1.2126336e+01 -1.2061035e+01 -1.2083335e+01 -1.2102433e+01 -1.2204975e+01 -1.2303616e+01
1.4000000e+00 -1.3907659e+01 -1.3446332e+01 -1.3103709e+01 -1.2923797e+01 -1.2890894e+01 -1.2817345e+01 -1.2893196e+01 -1.2878933e+01 -1.2947815e+01 -1.3122383e+01
1.6000000e+00 -1.4714532e+01 -1.4244142e+01 -1.3947686e+01 -1.3721926e+01 -1.3688259e+01 -1.3666151e+01 -1.3669746e+01 -1.3649339e+01 -1.3808401e+01 -1.3938766e+01
1.8000000e+00 -1.5568094e+01 -1.5051307e+01 -1.4723672e+01 -1.4581293e+01 -1.4468193e+01 -1.4494100e+01 -1.4482045e+01 -1.4506007e+01 -1.4608760e+01 -1.4714536e+01
2.0000000e+00 -1.6420214e+01 -1.5837527e+01 -1.5617652e+01 -1.5394124e+01 -1.5288309e+01 -1.5232864e+01 -1.5265090e+01 -1.5288905e+01 -1.5347775e+01 -1.5519391e+01