########################################################################
# Reference Counts for Solar Model AGSS09ph                            #
# Column 1: log10(Axion mass in eV)                                    #
#        n>1: log10(Reference photon counts in energy bin n-1)         #
########################################################################
-3.0000000e+00 -2.0349838e-01 6.3326543e-02 1.7931097e-01 1.6400363e-01 4.3486165e-02 -9.1990198e-02 -2.3644852e-01 -4.2671855e-01 -7.0261500e-01 -1.0737500e+00
-2.8000000e+00 -2.0351884e-01 6.3312581e-02 1.7930098e-01 1.6399604e-01 4.3480252e-02 -9.1994926e-02 -2.3645239e-01 -4.2672178e-01 -7.0261774e-01 -1.0737524e+00
-2.6000000e+00 -2.0364794e-01 6.3224481e-02 1.7923799e-01 1.6394811e-01 4.3442944e-02 -9.2024755e-02 -2.3647680e-01 -4.2674216e-01 -7.0263502e-01 -1.0737672e+00
-2.4000000e+00 -2.0446267e-01 6.2668529e-02 1.7884051e-01 1.6364570e-01 4.3207533e-02 -9.2212978e-02 -2.3663086e-01 -4.2687076e-01 -7.0274410e-01 -1.0738609e+00
-2.2000000e+00 -2.0960987e-01 5.9157564e-02 1.7633091e-01 1.6173667e-01 4.1721609e-02 -9.3400952e-02 -2.3760316e-01 -4.2768233e-01 -7.0343247e-01 -1.0744520e+00
-2.1500000e+00 -2.1319418e-01 5.6714057e-02 1.7458496e-01 1.6040882e-01 4.0688227e-02 -9.4227033e-02 -2.3827921e-01 -4.2824659e-01 -7.0391105e-01 -1.0748629e+00
-2.1000000e+00 -2.1888631e-01 5.2835952e-02 1.7181501e-01 1.5830270e-01 3.9049436e-02 -9.5536918e-02 -2.3935110e-01 -4.2914118e-01 -7.0466977e-01 -1.0755144e+00
-2.0500000e+00 -2.2793658e-01 4.6675914e-02 1.6741789e-01 1.5496063e-01 3.6449633e-02 -9.7614544e-02 -2.4105101e-01 -4.3055976e-01 -7.0587279e-01 -1.0765473e+00
-2.0000000e+00 -2.4235358e-01 3.6878321e-02 1.6043110e-01 1.4965345e-01 3.2322935e-02 -1.0091139e-01 -2.4374788e-01 -4.3280994e-01 -7.0778081e-01 -1.0781854e+00
-1.9500000e+00 -2.6539075e-01 2.1262123e-02 1.4931261e-01 1.4121595e-01 2.5766675e-02 -1.0614669e-01 -2.4802895e-01 -4.3638098e-01 -7.1080822e-01 -1.0807840e+00
-1.9000000e+00 -3.0238879e-01 -3.7138769e-03 1.3157574e-01 1.2777685e-01 1.5335434e-02 -1.1446981e-01 -2.5483119e-01 -4.4205269e-01 -7.1561498e-01 -1.0849089e+00
-1.8500000e+00 -3.6231259e-01 -4.3885825e-02 1.0316795e-01 1.0630697e-01 -1.2996074e-03 -1.2772639e-01 -2.6565567e-01 -4.5107209e-01 -7.2325498e-01 -1.0914626e+00
-1.8475000e+00 -3.6615004e-01 -4.6446264e-02 1.0136246e-01 1.0494472e-01 -2.3538419e-03 -1.2856583e-01 -2.6634070e-01 -4.5164263e-01 -7.2373810e-01 -1.0918769e+00
-1.8400000e+00 -3.7825118e-01 -5.4510675e-02 9.5679930e-02 1.0065907e-01 -5.6695174e-03 -1.3120540e-01 -2.6849441e-01 -4.5343620e-01 -7.2525673e-01 -1.0931792e+00
-1.8325000e+00 -3.9129294e-01 -6.3185229e-02 8.9574423e-02 9.6057503e-02 -9.2279596e-03 -1.3403732e-01 -2.7080452e-01 -4.5535969e-01 -7.2688515e-01 -1.0945754e+00
-1.8250000e+00 -4.0535519e-01 -7.2518946e-02 8.3013076e-02 9.1115954e-02 -1.3047396e-02 -1.3707588e-01 -2.7328259e-01 -4.5742265e-01 -7.2863139e-01 -1.0960725e+00
-1.8175000e+00 -4.2052580e-01 -8.2565262e-02 7.5960255e-02 8.5808422e-02 -1.7147492e-02 -1.4033651e-01 -2.7594104e-01 -4.5963533e-01 -7.3050409e-01 -1.0976779e+00
-1.8100000e+00 -4.3690159e-01 -9.3382503e-02 6.8377283e-02 8.0106768e-02 -2.1549479e-02 -1.4383579e-01 -2.7879324e-01 -4.6200877e-01 -7.3251252e-01 -1.0993994e+00
-1.8025000e+00 -4.5458955e-01 -1.0503443e-01 6.0222132e-02 7.3980525e-02 -2.6276287e-02 -1.4759165e-01 -2.8185362e-01 -4.6455485e-01 -7.3466666e-01 -1.1012455e+00
-1.7950000e+00 -4.7370824e-01 -1.1759089e-01 5.1449087e-02 6.7396680e-02 -3.1352699e-02 -1.5162339e-01 -2.8513770e-01 -4.6728636e-01 -7.3697725e-01 -1.1032254e+00
-1.7875000e+00 -4.9438940e-01 -1.3112847e-01 4.2008357e-02 6.0319428e-02 -3.6805520e-02 -1.5595188e-01 -2.8866221e-01 -4.7021707e-01 -7.3945583e-01 -1.1053489e+00
-1.7800000e+00 -5.1677992e-01 -1.4573139e-01 3.1845645e-02 5.2709897e-02 -4.2663758e-02 -1.6059963e-01 -2.9244520e-01 -4.7336181e-01 -7.4211485e-01 -1.1076266e+00
-1.7725000e+00 -5.4104415e-01 -1.6149244e-01 2.0901650e-02 4.4525845e-02 -4.8958833e-02 -1.6559099e-01 -2.9650616e-01 -4.7673656e-01 -7.4496769e-01 -1.1100699e+00
-1.7650000e+00 -5.6736680e-01 -1.7851407e-01 9.1115075e-03 3.5721313e-02 -5.5724806e-02 -1.7095227e-01 -3.0086609e-01 -4.8035856e-01 -7.4802875e-01 -1.1126910e+00
-1.7575000e+00 -5.9595630e-01 -1.9690974e-01 -3.5958580e-03 2.6246238e-02 -6.2998635e-02 -1.7671196e-01 -3.0554771e-01 -4.8424640e-01 -7.5131359e-01 -1.1155031e+00
-1.7500000e+00 -6.2704910e-01 -2.1680546e-01 -1.7298474e-02 1.6046013e-02 -7.0820457e-02 -1.8290090e-01 -3.1057556e-01 -4.8842013e-01 -7.5483894e-01 -1.1185204e+00
-1.7425000e+00 -6.6091493e-01 -2.3834162e-01 -3.2082176e-02 5.0609868e-03 -7.9233916e-02 -1.8955251e-01 -3.1597617e-01 -4.9290141e-01 -7.5862286e-01 -1.1217582e+00
-1.7350000e+00 -6.9786335e-01 -2.6167521e-01 -4.8041608e-02 -6.7741064e-03 -8.8286519e-02 -1.9670308e-01 -3.2177826e-01 -4.9771365e-01 -7.6268483e-01 -1.1252330e+00
-1.7275000e+00 -7.3825222e-01 -2.8698247e-01 -6.5281382e-02 -1.9530799e-02 -9.8030047e-02 -2.0439197e-01 -3.2801295e-01 -5.0288213e-01 -7.6704590e-01 -1.1289626e+00
-1.7200000e+00 -7.8249842e-01 -3.1446213e-01 -8.3917451e-02 -3.3287642e-02 -1.0852102e-01 -2.1266199e-01 -3.3471395e-01 -5.0843422e-01 -7.7172878e-01 -1.1329662e+00
-1.7125000e+00 -8.3109191e-01 -3.4433941e-01 -1.0407873e-01 -4.8131078e-02 -1.1982121e-01 -2.2155975e-01 -3.4191785e-01 -5.1439956e-01 -7.7675803e-01 -1.1372644e+00
-1.7050000e+00 -8.8461432e-01 -3.7687095e-01 -1.2590903e-01 -6.4156448e-02 -1.3199827e-01 -2.3113600e-01 -3.4966438e-01 -5.2081022e-01 -7.8216020e-01 -1.1418797e+00
-1.6975000e+00 -9.4376381e-01 -4.1235096e-01 -1.4956937e-01 -8.1469181e-02 -1.4512641e-01 -2.4144615e-01 -3.5799675e-01 -5.2770102e-01 -7.8796403e-01 -1.1468362e+00
-1.6900000e+00 -1.0093891e+00 -4.5111916e-01 -1.7524079e-01 -1.0018618e-01 -1.5928718e-01 -2.5255074e-01 -3.6696197e-01 -5.3510974e-01 -7.9420066e-01 -1.1521601e+00
-1.6825000e+00 -1.0825365e+00 -4.9357082e-01 -2.0312780e-01 -1.2043749e-01 -1.7457044e-01 -2.6451604e-01 -3.7661130e-01 -5.4307742e-01 -8.0090383e-01 -1.1578795e+00
-1.6750000e+00 -1.1645164e+00 -5.4016993e-01 -2.3346258e-01 -1.4236824e-01 -1.9107539e-01 -2.7741470e-01 -3.8700067e-01 -5.5164871e-01 -8.0811017e-01 -1.1640253e+00
-1.6675000e+00 -1.2569987e+00 -5.9146667e-01 -2.6651028e-01 -1.6614104e-01 -2.0891187e-01 -2.9132659e-01 -3.9819122e-01 -5.6087224e-01 -8.1585943e-01 -1.1706305e+00
-1.6600000e+00 -1.3621491e+00 -6.4812079e-01 -3.0257566e-01 -1.9193882e-01 -2.2820185e-01 -3.0633959e-01 -4.1024989e-01 -5.7080103e-01 -8.2419488e-01 -1.1777312e+00
-1.6525000e+00 -1.4828254e+00 -7.1093381e-01 -3.4201156e-01 -2.1996840e-01 -2.4908118e-01 -3.2255076e-01 -4.2325010e-01 -5.8149299e-01 -8.3316358e-01 -1.1853665e+00
-1.6450000e+00 -1.6228368e+00 -7.8089397e-01 -3.8522989e-01 -2.5046477e-01 -2.7170177e-01 -3.4006745e-01 -4.3727255e-01 -5.9301146e-01 -8.4281683e-01 -1.1935789e+00
-1.6375000e+00 -1.7871938e+00 -8.5924051e-01 -4.3271602e-01 -2.8369654e-01 -2.9623410e-01 -3.5900882e-01 -4.5240612e-01 -6.0542583e-01 -8.5321065e-01 -1.2024147e+00
-1.6300000e+00 -1.9818507e+00 -9.4755775e-01 -4.8504803e-01 -3.1997278e-01 -3.2287040e-01 -3.7950752e-01 -4.6874895e-01 -6.1881229e-01 -8.6440624e-01 -1.2119243e+00
-1.6225000e+00 -2.2103639e+00 -1.0479162e+00 -5.4292280e-01 -3.5965178e-01 -3.5182846e-01 -4.0171178e-01 -4.8640966e-01 -6.3325464e-01 -8.7647066e-01 -1.2221628e+00
-1.6150000e+00 -2.4558716e+00 -1.1630886e+00 -6.0719235e-01 -4.0315243e-01 -3.8335643e-01 -4.2578780e-01 -5.0550888e-01 -6.4884527e-01 -8.8947742e-01 -1.2331902e+00
-1.6075000e+00 -2.6246567e+00 -1.2968852e+00 -6.7891525e-01 -4.5096913e-01 -4.1773876e-01 -4.5192285e-01 -5.2618092e-01 -6.6568629e-01 -9.0350736e-01 -1.2450724e+00
-1.6000000e+00 -2.5758773e+00 -1.4546628e+00 -7.5943161e-01 -5.0369191e-01 -4.5530387e-01 -4.8032890e-01 -5.4857598e-01 -6.8389089e-01 -9.1864952e-01 -1.2578815e+00
-1.5925000e+00 -2.3797754e+00 -1.6439829e+00 -8.5047537e-01 -5.6203375e-01 -4.9643394e-01 -5.1124719e-01 -5.7286257e-01 -7.0358489e-01 -9.3500221e-01 -1.2716969e+00
-1.5850000e+00 -2.1743627e+00 -1.8746646e+00 -9.5434780e-01 -6.2686886e-01 -5.4157767e-01 -5.4495397e-01 -5.9923066e-01 -7.2490861e-01 -9.5267430e-01 -1.2866059e+00
-1.5775000e+00 -2.0021433e+00 -2.1524238e+00 -1.0741950e+00 -6.9928723e-01 -5.9126738e-01 -5.8176775e-01 -6.2789545e-01 -7.4801921e-01 -9.7178666e-01 -1.3027048e+00
-1.5700000e+00 -1.8653300e+00 -2.4321197e+00 -1.2144662e+00 -7.8067481e-01 -6.4614197e-01 -6.2205863e-01 -6.5910207e-01 -7.7309332e-01 -9.9247397e-01 -1.3201004e+00
-1.5625000e+00 -1.7590331e+00 -2.5034474e+00 -1.3816868e+00 -8.7283497e-01 -7.0697874e-01 -6.6626044e-01 -6.9313149e-01 -8.0033048e-01 -1.0148868e+00 -1.3389110e+00
-1.5550000e+00 -1.6786297e+00 -2.2940228e+00 -1.5857183e+00 -9.7817889e-01 -7.7473828e-01 -7.1488689e-01 -7.3030799e-01 -8.2995723e-01 -1.0391941e+00 -1.3592683e+00
-1.5475000e+00 -1.6208220e+00 -2.0385079e+00 -1.8411505e+00 -1.1000362e+00 -8.5062966e-01 -7.6855326e-01 -7.7100886e-01 -8.6223225e-01 -1.0655866e+00 -1.3813197e+00
-1.5400000e+00 -1.5835297e+00 -1.8275018e+00 -2.1621253e+00 -1.2431838e+00 -9.3620767e-01 -8.2800636e-01 -8.1567698e-01 -8.9745288e-01 -1.0942801e+00 -1.4052303e+00
-1.5325000e+00 -1.5656617e+00 -1.6634575e+00 -2.4900691e+00 -1.4147819e+00 -1.0335235e+00 -8.9416663e-01 -8.6483761e-01 -9.3596342e-01 -1.1255207e+00 -1.4311861e+00
-1.5250000e+00 -1.5669549e+00 -1.5372570e+00 -2.4928636e+00 -1.6260540e+00 -1.1453668e+00 -9.6818912e-01 -9.1912110e-01 -9.7816589e-01 -1.1595906e+00 -1.4593978e+00
-1.5175000e+00 -1.5879022e+00 -1.4413978e+00 -2.1913705e+00 -1.8948589e+00 -1.2756742e+00 -1.0515542e+00 -9.7929424e-01 -1.0245342e+00 -1.1968157e+00 -1.4901051e+00
-1.5100000e+00 -1.6297646e+00 -1.3708624e+00 -1.9072008e+00 -2.2433066e+00 -1.4302540e+00 -1.1462073e+00 -1.0463046e+00 -1.0756330e+00 -1.2375751e+00 -1.5235827e+00
-1.5025000e+00 -1.6946616e+00 -1.3225260e+00 -1.6901204e+00 -2.6122111e+00 -1.6181435e+00 -1.2547838e+00 -1.1213452e+00 -1.1321439e+00 -1.2823145e+00 -1.5601473e+00
-1.4950000e+00 -1.7857273e+00 -1.2946317e+00 -1.5260993e+00 -2.5715310e+00 -1.8542357e+00 -1.3809868e+00 -1.2059509e+00 -1.1949011e+00 -1.3315626e+00 -1.6001668e+00
-1.4875000e+00 -1.9072382e+00 -1.2864685e+00 -1.4016518e+00 -2.2182531e+00 -2.1636880e+00 -1.5302602e+00 -1.3021488e+00 -1.2649437e+00 -1.3859546e+00 -1.6440728e+00
-1.4800000e+00 -2.0642495e+00 -1.2982154e+00 -1.3080624e+00 -1.9194836e+00 -2.5746311e+00 -1.7110664e+00 -1.4127020e+00 -1.3435913e+00 -1.4462640e+00 -1.6923766e+00
-1.4725000e+00 -2.2596125e+00 -1.3309154e+00 -1.2399792e+00 -1.6986572e+00 -2.8974708e+00 -1.9374775e+00 -1.5415247e+00 -1.4325605e+00 -1.5134480e+00 -1.7456908e+00
-1.4650000e+00 -2.4796874e+00 -1.3865728e+00 -1.1942233e+00 -1.5338569e+00 -2.6121917e+00 -2.2345111e+00 -1.6944359e+00 -1.5341485e+00 -1.5887138e+00 -1.8047595e+00
-1.4575000e+00 -2.6510605e+00 -1.4683891e+00 -1.1690922e+00 -1.4095780e+00 -2.2317274e+00 -2.6436427e+00 -1.8806281e+00 -1.6515380e+00 -1.6736179e+00 -1.8705009e+00
-1.4500000e+00 -2.6472006e+00 -1.5811642e+00 -1.1639912e+00 -1.3165117e+00 -1.9542195e+00 -3.0965035e+00 -2.1157723e+00 -1.7893332e+00 -1.7702221e+00 -1.9440686e+00
-1.4425000e+00 -2.4969469e+00 -1.7318052e+00 -1.1792755e+00 -1.2491188e+00 -1.7527195e+00 -2.8978721e+00 -2.4289562e+00 -1.9545668e+00 -1.8813478e+00 -2.0269441e+00
-1.4350000e+00 -2.3296436e+00 -1.9291954e+00 -1.2162514e+00 -1.2041711e+00 -1.6026943e+00 -2.4630869e+00 -2.8727366e+00 -2.1587634e+00 -2.0110141e+00 -2.1210799e+00
-1.4275000e+00 -2.2005763e+00 -2.1783286e+00 -1.2773345e+00 -1.1799748e+00 -1.4900110e+00 -2.1524304e+00 -3.3503363e+00 -2.4225913e+00 -2.1652464e+00 -2.2291321e+00
-1.4200000e+00 -2.1193407e+00 -2.4411178e+00 -1.3664107e+00 -1.1759782e+00 -1.4065439e+00 -1.9319669e+00 -3.0318211e+00 -2.7869996e+00 -2.3536910e+00 -2.3548575e+00
-1.4125000e+00 -2.0852527e+00 -2.5366347e+00 -1.4895049e+00 -1.1926137e+00 -1.3475573e+00 -1.7697085e+00 -2.5809064e+00 -3.3205683e+00 -2.5931950e+00 -2.5038383e+00
-1.4050000e+00 -2.0972825e+00 -2.3688273e+00 -1.6558869e+00 -1.2313119e+00 -1.3103843e+00 -1.6482500e+00 -2.2743882e+00 -3.5821479e+00 -2.9166976e+00 -2.6849165e+00
-1.3975000e+00 -2.1558922e+00 -2.1453246e+00 -1.8792465e+00 -1.2946932e+00 -1.2937626e+00 -1.5579199e+00 -2.0584819e+00 -3.0464115e+00 -3.3943891e+00 -2.9133430e+00
-1.3900000e+00 -2.2623501e+00 -1.9711974e+00 -2.1730652e+00 -1.3870017e+00 -1.2975226e+00 -1.4931643e+00 -1.8998764e+00 -2.6441099e+00 -3.9755266e+00 -3.2186505e+00
-1.3825000e+00 -2.4146520e+00 -1.8572005e+00 -2.4898470e+00 -1.5149412e+00 -1.3224943e+00 -1.4508312e+00 -1.7813597e+00 -2.3745307e+00 -3.5521608e+00 -3.6663901e+00
-1.3750000e+00 -2.5930644e+00 -1.7985404e+00 -2.5314900e+00 -1.6891999e+00 -1.3705947e+00 -1.4293351e+00 -1.6935097e+00 -2.1821653e+00 -3.0601235e+00 -4.3310584e+00
-1.3675000e+00 -2.7293087e+00 -1.7917930e+00 -2.2630897e+00 -1.9267602e+00 -1.4451275e+00 -1.4282597e+00 -1.6309590e+00 -2.0398728e+00 -2.7441506e+00 -4.0819359e+00
-1.3600000e+00 -2.7326756e+00 -1.8370391e+00 -2.0041275e+00 -2.2487977e+00 -1.5514143e+00 -1.4482144e+00 -1.5906941e+00 -1.9336834e+00 -2.5250745e+00 -3.5206608e+00
-1.3525000e+00 -2.6323510e+00 -1.9377233e+00 -1.8228444e+00 -2.6079263e+00 -1.6980372e+00 -1.4908831e+00 -1.5712427e+00 -1.8558786e+00 -2.3651279e+00 -3.1721494e+00
-1.3450000e+00 -2.5274939e+00 -2.0988915e+00 -1.7107144e+00 -2.6095197e+00 -1.8992631e+00 -1.5592841e+00 -1.5722955e+00 -1.8020740e+00 -2.2459617e+00 -2.9358470e+00
-1.3375000e+00 -2.4679716e+00 -2.3165344e+00 -1.6578552e+00 -2.2827595e+00 -2.1791031e+00 -1.6583469e+00 -1.5945805e+00 -1.7698907e+00 -2.1577772e+00 -2.7651028e+00
-1.3300000e+00 -2.4665652e+00 -2.5292007e+00 -1.6600836e+00 -2.0072922e+00 -2.5656146e+00 -1.7960825e+00 -1.6399362e+00 -1.7583257e+00 -2.0950611e+00 -2.6382894e+00
-1.3225000e+00 -2.5237294e+00 -2.5664214e+00 -1.7186047e+00 -1.8227636e+00 -2.9028425e+00 -1.9859908e+00 -1.7116108e+00 -1.7674777e+00 -2.0547402e+00 -2.5441601e+00
-1.3150000e+00 -2.6323766e+00 -2.4168086e+00 -1.8398950e+00 -1.7113766e+00 -2.6630798e+00 -2.2520100e+00 -1.8149187e+00 -1.7985005e+00 -2.0353223e+00 -2.4764584e+00
-1.3075000e+00 -2.7677986e+00 -2.2579487e+00 -2.0352271e+00 -1.6611239e+00 -2.2991960e+00 -2.6340573e+00 -1.9585945e+00 -1.8537611e+00 -2.0365014e+00 -2.4316761e+00
-1.3000000e+00 -2.8701699e+00 -2.1658631e+00 -2.3090319e+00 -1.6676290e+00 -2.0473368e+00 -3.0855876e+00 -2.1576887e+00 -1.9372690e+00 -2.0590302e+00 -2.4080302e+00
-1.2925000e+00 -2.8760588e+00 -2.1522679e+00 -2.5690252e+00 -1.7328402e+00 -1.8876178e+00 -2.9449640e+00 -2.4400185e+00 -2.0555847e+00 -2.1047999e+00 -2.4049883e+00
-1.2850000e+00 -2.8095894e+00 -2.2169025e+00 -2.5247945e+00 -1.8651868e+00 -1.7983102e+00 -2.5237296e+00 -2.8561033e+00 -2.2197393e+00 -2.1771602e+00 -2.4230932e+00
-1.2775000e+00 -2.7474167e+00 -2.3538603e+00 -2.2833428e+00 -2.0804860e+00 -1.7691693e+00 -2.2337450e+00 -3.3417864e+00 -2.4495761e+00 -2.2816283e+00 -2.4640012e+00
-1.2700000e+00 -2.7386833e+00 -2.5297911e+00 -2.0955572e+00 -2.3917433e+00 -1.7981271e+00 -2.0504250e+00 -3.0828449e+00 -2.7841102e+00 -2.4273843e+00 -2.5307525e+00
-1.2625000e+00 -2.8037689e+00 -2.6400554e+00 -2.0041339e+00 -2.6842843e+00 -1.8901017e+00 -1.9439918e+00 -2.6406184e+00 -3.2912235e+00 -2.6306174e+00 -2.6283945e+00
-1.2550000e+00 -2.9378013e+00 -2.5979976e+00 -2.0070035e+00 -2.5707484e+00 -2.0583389e+00 -1.9004742e+00 -2.3552475e+00 -3.6108097e+00 -2.9227956e+00 -2.7653033e+00
-1.2475000e+00 -3.0686396e+00 -2.4983382e+00 -2.1044522e+00 -2.2811759e+00 -2.3270723e+00 -1.9158075e+00 -2.1779463e+00 -3.1002072e+00 -3.3706446e+00 -2.9561285e+00
-1.2400000e+00 -3.0584558e+00 -2.4448638e+00 -2.2977013e+00 -2.0838681e+00 -2.7080756e+00 -1.9935269e+00 -2.0772038e+00 -2.7076103e+00 -3.9613411e+00 -3.2291224e+00
-1.2325000e+00 -2.9536660e+00 -2.4665568e+00 -2.5434882e+00 -1.9960413e+00 -2.9118464e+00 -2.1458363e+00 -2.0393954e+00 -2.4653139e+00 -3.6060883e+00 -3.6463028e+00
-1.2250000e+00 -2.9134923e+00 -2.5546525e+00 -2.6307996e+00 -2.0099719e+00 -2.6054181e+00 -2.3981934e+00 -2.0611279e+00 -2.3185726e+00 -3.1163265e+00 -4.2948575e+00
-1.2175000e+00 -3.0034600e+00 -2.6698331e+00 -2.4734196e+00 -2.1280265e+00 -2.3100266e+00 -2.7877339e+00 -2.1469969e+00 -2.2425002e+00 -2.8202197e+00 -4.1375333e+00
-1.2100000e+00 -3.1844323e+00 -2.7427160e+00 -2.3189916e+00 -2.3583584e+00 -2.1450468e+00 -3.1465407e+00 -2.3113231e+00 -2.2275914e+00 -2.6394620e+00 -3.5741396e+00
-1.2025000e+00 -3.2299120e+00 -2.7358156e+00 -2.2713701e+00 -2.6504037e+00 -2.0938497e+00 -2.8602901e+00 -2.5848550e+00 -2.2735966e+00 -2.5374837e+00 -3.2409942e+00
-1.1950000e+00 -3.1057609e+00 -2.6936422e+00 -2.3408071e+00 -2.6925965e+00 -2.1497133e+00 -2.5043896e+00 -3.0177972e+00 -2.3888213e+00 -2.4995075e+00 -3.0390649e+00
-1.1875000e+00 -3.0746766e+00 -2.6771547e+00 -2.5087628e+00 -2.4618773e+00 -2.3227372e+00 -2.3000456e+00 -3.3757332e+00 -2.5941100e+00 -2.5219835e+00 -2.9220444e+00
-1.1800000e+00 -3.2062475e+00 -2.7220003e+00 -2.6746829e+00 -2.2935954e+00 -2.6286191e+00 -2.2203843e+00 -2.9845060e+00 -2.9344478e+00 -2.6099424e+00 -2.8713736e+00
-1.1725000e+00 -3.3432590e+00 -2.8308193e+00 -2.6627867e+00 -2.2615515e+00 -2.9322964e+00 -2.2517611e+00 -2.6207571e+00 -3.4619242e+00 -2.7792413e+00 -2.8814843e+00
-1.1650000e+00 -3.2733365e+00 -2.9256504e+00 -2.5521267e+00 -2.3675889e+00 -2.7731423e+00 -2.4022455e+00 -2.4240424e+00 -3.5153689e+00 -3.0661262e+00 -2.9557303e+00
-1.1575000e+00 -3.2190157e+00 -2.8884830e+00 -2.5082663e+00 -2.5906237e+00 -2.4934079e+00 -2.6995975e+00 -2.3543278e+00 -3.0190175e+00 -3.5470100e+00 -3.1077249e+00
-1.1500000e+00 -3.3128057e+00 -2.8169760e+00 -2.5695822e+00 -2.7627001e+00 -2.3604847e+00 -3.1008074e+00 -2.3984063e+00 -2.7146607e+00 -3.9930981e+00 -3.3697048e+00
-1.1425000e+00 -3.4268832e+00 -2.8657067e+00 -2.6973399e+00 -2.6572162e+00 -2.3841632e+00 -3.0309707e+00 -2.5683947e+00 -2.5674113e+00 -3.4806538e+00 -3.8169824e+00
-1.1350000e+00 -3.3856190e+00 -3.0334950e+00 -2.7808273e+00 -2.5126631e+00 -2.5654496e+00 -2.6824499e+00 -2.9029099e+00 -2.5414985e+00 -3.0842152e+00 -4.4280666e+00
-1.1275000e+00 -3.3524881e+00 -3.0613768e+00 -2.7522361e+00 -2.5006814e+00 -2.8656503e+00 -2.4964306e+00 -3.3503136e+00 -2.6334974e+00 -2.8797134e+00 -3.9826844e+00
-1.1200000e+00 -3.4635219e+00 -2.9423654e+00 -2.7037310e+00 -2.6267206e+00 -2.9380857e+00 -2.4822109e+00 -3.1733276e+00 -2.8688609e+00 -2.8085399e+00 -3.5185045e+00
-1.1125000e+00 -3.5337664e+00 -2.9849870e+00 -2.7245141e+00 -2.7857516e+00 -2.7044363e+00 -2.6386277e+00 -2.7959612e+00 -3.3044845e+00 -2.8550749e+00 -3.2774685e+00
-1.1050000e+00 -3.4441682e+00 -3.1680451e+00 -2.8291222e+00 -2.7825371e+00 -2.5749477e+00 -2.9695037e+00 -2.6185142e+00 -3.6478020e+00 -3.0343434e+00 -3.1804195e+00
-1.0975000e+00 -3.5323803e+00 -3.1286207e+00 -2.9232608e+00 -2.7031258e+00 -2.6318860e+00 -3.1786502e+00 -2.6215999e+00 -3.2072906e+00 -3.4010955e+00 -3.2030586e+00
-1.0900000e+00 -3.6282727e+00 -3.0547627e+00 -2.8750023e+00 -2.7126238e+00 -2.8499750e+00 -2.9010636e+00 -2.8079182e+00 -2.8873411e+00 -3.9577973e+00 -3.3547227e+00
-1.0825000e+00 -3.5298005e+00 -3.1860709e+00 -2.8261274e+00 -2.8015539e+00 -3.0024017e+00 -2.7006169e+00 -3.1951085e+00 -2.7784282e+00 -3.6911415e+00 -3.6850139e+00
-1.0750000e+00 -3.6541584e+00 -3.2471467e+00 -2.9325189e+00 -2.8645898e+00 -2.8643286e+00 -2.7140169e+00 -3.3750165e+00 -2.8528450e+00 -3.2546352e+00 -4.2783672e+00
-1.0675000e+00 -3.6692499e+00 -3.1759811e+00 -3.0627014e+00 -2.8735308e+00 -2.7678024e+00 -2.9376901e+00 -3.0160538e+00 -3.1343752e+00 -3.0655998e+00 -4.2129252e+00
-1.0600000e+00 -3.6419768e+00 -3.2477380e+00 -2.9603933e+00 -2.8825944e+00 -2.8499814e+00 -3.2063681e+00 -2.8170045e+00 -3.6054285e+00 -3.0705435e+00 -3.6924521e+00
-1.0525000e+00 -3.7597757e+00 -3.3209596e+00 -2.9525794e+00 -2.8935199e+00 -3.0154156e+00 -3.0569150e+00 -2.8557461e+00 -3.4641571e+00 -3.2747410e+00 -3.4524003e+00
-1.0450000e+00 -3.7147406e+00 -3.2911821e+00 -3.1393876e+00 -2.9395017e+00 -3.0158656e+00 -2.8782973e+00 -3.1321326e+00 -3.0909537e+00 -3.7355089e+00 -3.4188632e+00
-1.0375000e+00 -3.7814475e+00 -3.3258481e+00 -3.0939886e+00 -3.0292518e+00 -2.9468422e+00 -2.9280258e+00 -3.4303360e+00 -2.9784024e+00 -3.9555836e+00 -3.5831237e+00
-1.0300000e+00 -3.8122737e+00 -3.4176256e+00 -3.0377983e+00 -3.0099236e+00 -2.9911414e+00 -3.1613129e+00 -3.1802503e+00 -3.1190575e+00 -3.4783719e+00 -4.0103362e+00
-1.0225000e+00 -3.8131087e+00 -3.3611721e+00 -3.2132977e+00 -2.9777377e+00 -3.0768717e+00 -3.2156842e+00 -2.9899652e+00 -3.5159458e+00 -3.2549130e+00 -4.4523092e+00
-1.0150000e+00 -3.8871465e+00 -3.4564042e+00 -3.1701696e+00 -3.1190039e+00 -3.0956025e+00 -3.0599383e+00 -3.0760680e+00 -3.6141711e+00 -3.3008470e+00 -3.9366358e+00
-1.0075000e+00 -3.8730740e+00 -3.4639627e+00 -3.1571419e+00 -3.1387703e+00 -3.1111517e+00 -3.0755101e+00 -3.3791160e+00 -3.2535820e+00 -3.6311974e+00 -3.6396070e+00
-1.0000000e+00 -3.9363828e+00 -3.4709271e+00 -3.2884199e+00 -3.0480498e+00 -3.1260892e+00 -3.2412140e+00 -3.3785877e+00 -3.1593435e+00 -4.0358731e+00 -3.6318647e+00
-9.9250000e-01 -3.9463461e+00 -3.5564755e+00 -3.2352919e+00 -3.2220138e+00 -3.1580594e+00 -3.2574716e+00 -3.1658966e+00 -3.3756679e+00 -3.6480736e+00 -3.9141728e+00
-9.8500000e-01 -3.9846467e+00 -3.5182743e+00 -3.2887599e+00 -3.2082848e+00 -3.2469393e+00 -3.1954432e+00 -3.2133320e+00 -3.7100301e+00 -3.4170670e+00 -4.4478914e+00
-9.7750000e-01 -4.0197376e+00 -3.6154160e+00 -3.3449212e+00 -3.1474963e+00 -3.2144573e+00 -3.2604607e+00 -3.4522581e+00 -3.4665288e+00 -3.5248546e+00 -4.1184283e+00
-9.7000000e-01 -4.0186444e+00 -3.5868510e+00 -3.3262459e+00 -3.3485626e+00 -3.2212936e+00 -3.3239881e+00 -3.4068275e+00 -3.3116739e+00 -3.9440772e+00 -3.7944974e+00
-9.6250000e-01 -4.1151828e+00 -3.6649882e+00 -3.4031940e+00 -3.2229339e+00 -3.3737578e+00 -3.3318565e+00 -3.3002146e+00 -3.4981737e+00 -3.8956873e+00 -3.8356491e+00
-9.5500000e-01 -4.0768875e+00 -3.6496486e+00 -3.4003227e+00 -3.3287810e+00 -3.2736301e+00 -3.3562520e+00 -3.4281979e+00 -3.7350831e+00 -3.5855720e+00 -4.2461943e+00
-9.4750000e-01 -4.1252451e+00 -3.7316790e+00 -3.4473345e+00 -3.3532151e+00 -3.3426734e+00 -3.3700384e+00 -3.5123027e+00 -3.5128063e+00 -3.6537538e+00 -4.3912159e+00
-9.4000000e-01 -4.1893523e+00 -3.7045050e+00 -3.4673808e+00 -3.3399983e+00 -3.4519302e+00 -3.4540683e+00 -3.4391437e+00 -3.4909957e+00 -4.0288948e+00 -3.9779101e+00
-9.3250000e-01 -4.1723751e+00 -3.7735892e+00 -3.5131941e+00 -3.4331784e+00 -3.3279833e+00 -3.4425920e+00 -3.5025011e+00 -3.7310529e+00 -3.8877169e+00 -3.9638481e+00
-9.2500000e-01 -4.2106916e+00 -3.8134533e+00 -3.5092463e+00 -3.4041147e+00 -3.5420813e+00 -3.4454418e+00 -3.5569687e+00 -3.6737098e+00 -3.7047577e+00 -4.3610630e+00
-9.1750000e-01 -4.2832790e+00 -3.7869152e+00 -3.5998297e+00 -3.4750271e+00 -3.4069987e+00 -3.5855230e+00 -3.5642840e+00 -3.6009987e+00 -3.9286014e+00 -4.3574613e+00
-9.1000000e-01 -4.3042249e+00 -3.8705301e+00 -3.5523113e+00 -3.4840224e+00 -3.5501614e+00 -3.4724457e+00 -3.5948969e+00 -3.7683335e+00 -4.0577950e+00 -4.0576886e+00
-9.0250000e-01 -4.3011847e+00 -3.8882286e+00 -3.6572186e+00 -3.5187393e+00 -3.5051858e+00 -3.6270556e+00 -3.6171021e+00 -3.7459572e+00 -3.8372623e+00 -4.2259491e+00
-8.9500000e-01 -4.3224507e+00 -3.8978126e+00 -3.6332581e+00 -3.5470379e+00 -3.5786854e+00 -3.5791482e+00 -3.6941500e+00 -3.7371991e+00 -3.9815224e+00 -4.5205453e+00
-8.8750000e-01 -4.3659870e+00 -3.9623484e+00 -3.6924408e+00 -3.5965081e+00 -3.5782949e+00 -3.6223336e+00 -3.6415449e+00 -3.8297538e+00 -4.0989233e+00 -4.2099433e+00
-8.8000000e-01 -4.4117282e+00 -3.9875102e+00 -3.7083716e+00 -3.5713164e+00 -3.6362722e+00 -3.6904966e+00 -3.7681667e+00 -3.8152199e+00 -3.9520721e+00 -4.2840174e+00
-8.7250000e-01 -4.4488588e+00 -3.9809766e+00 -3.7220425e+00 -3.6977322e+00 -3.6370081e+00 -3.6526667e+00 -3.7168354e+00 -3.8729280e+00 -4.1109581e+00 -4.5488777e+00
-8.6500000e-01 -4.4805115e+00 -4.0050100e+00 -3.8088985e+00 -3.6316050e+00 -3.6921386e+00 -3.7613763e+00 -3.7911653e+00 -3.8691024e+00 -4.0991720e+00 -4.3051625e+00
-8.5750000e-01 -4.5142131e+00 -4.0560335e+00 -3.8124550e+00 -3.6919668e+00 -3.7116256e+00 -3.7217516e+00 -3.8123095e+00 -3.9559864e+00 -4.0971688e+00 -4.4393039e+00
-8.5000000e-01 -4.5470794e+00 -4.1036784e+00 -3.7947607e+00 -3.7741842e+00 -3.7324899e+00 -3.7925892e+00 -3.8242230e+00 -3.9078141e+00 -4.1878400e+00 -4.5303565e+00
-8.4250000e-01 -4.5687849e+00 -4.1362404e+00 -3.8448064e+00 -3.7361315e+00 -3.7740595e+00 -3.8201262e+00 -3.8830196e+00 -4.0336339e+00 -4.1579025e+00 -4.4079966e+00
-8.3500000e-01 -4.5897090e+00 -4.1619360e+00 -3.9099453e+00 -3.7775020e+00 -3.8285942e+00 -3.8129562e+00 -3.8935241e+00 -3.9592811e+00 -4.2408541e+00 -4.6077774e+00
-8.2750000e-01 -4.6096653e+00 -4.1898532e+00 -3.9361258e+00 -3.8293448e+00 -3.7862599e+00 -3.9055295e+00 -3.9126722e+00 -4.1033571e+00 -4.2181478e+00 -4.4960858e+00
-8.2000000e-01 -4.6226437e+00 -4.2202952e+00 -3.9430850e+00 -3.8394265e+00 -3.8776197e+00 -3.8787052e+00 -4.0030889e+00 -4.0076850e+00 -4.3085531e+00 -4.6209128e+00
-8.1250000e-01 -4.6670408e+00 -4.2470954e+00 -3.9598174e+00 -3.8780112e+00 -3.9412075e+00 -3.9363683e+00 -3.9262417e+00 -4.1874001e+00 -4.2686572e+00 -4.5804568e+00
-8.0500000e-01 -4.7150133e+00 -4.2724752e+00 -3.9888778e+00 -3.9391929e+00 -3.8887482e+00 -3.9529431e+00 -4.0960712e+00 -4.0483856e+00 -4.3760799e+00 -4.6714579e+00
-7.9750000e-01 -4.7389999e+00 -4.3126680e+00 -4.0222312e+00 -3.9745522e+00 -3.9150703e+00 -4.0116157e+00 -4.0047974e+00 -4.2614916e+00 -4.3320628e+00 -4.6347378e+00
-7.9000000e-01 -4.7492590e+00 -4.3550924e+00 -4.0555264e+00 -3.9833106e+00 -3.9984550e+00 -4.0198759e+00 -4.0778333e+00 -4.1274176e+00 -4.4119348e+00 -4.7490435e+00
-7.8250000e-01 -4.8040526e+00 -4.3677093e+00 -4.0906028e+00 -3.9932189e+00 -4.0382292e+00 -4.0086674e+00 -4.1380126e+00 -4.2362889e+00 -4.4396229e+00 -4.6762450e+00
-7.7500000e-01 -4.8130500e+00 -4.3879372e+00 -4.1278867e+00 -4.0164076e+00 -4.0452041e+00 -4.0893007e+00 -4.1219357e+00 -4.2993177e+00 -4.4019745e+00 -4.8286460e+00
-7.6750000e-01 -4.8598511e+00 -4.4063669e+00 -4.1562133e+00 -4.0497920e+00 -4.0686438e+00 -4.1694405e+00 -4.1669805e+00 -4.2120420e+00 -4.5848463e+00 -4.7355571e+00
-7.6000000e-01 -4.8759218e+00 -4.4633037e+00 -4.1705618e+00 -4.0851929e+00 -4.1118813e+00 -4.1600045e+00 -4.1883076e+00 -4.3442860e+00 -4.4382702e+00 -4.8516598e+00
-7.5250000e-01 -4.9272229e+00 -4.4850024e+00 -4.2039090e+00 -4.1132525e+00 -4.1586544e+00 -4.1392676e+00 -4.2225444e+00 -4.3744433e+00 -4.5655726e+00 -4.8707486e+00
-7.4500000e-01 -4.9328909e+00 -4.5033009e+00 -4.2614315e+00 -4.1299338e+00 -4.1992388e+00 -4.1593611e+00 -4.2917768e+00 -4.3376809e+00 -4.6429667e+00 -4.8099907e+00
-7.3750000e-01 -4.9700082e+00 -4.5555584e+00 -4.2923761e+00 -4.1496598e+00 -4.2321239e+00 -4.2058229e+00 -4.3226955e+00 -4.3874331e+00 -4.5352969e+00 -5.0106734e+00
-7.3000000e-01 -5.0127206e+00 -4.5576370e+00 -4.3184822e+00 -4.1964553e+00 -4.2563882e+00 -4.2533663e+00 -4.3083973e+00 -4.4361043e+00 -4.6232392e+00 -4.9152998e+00
-7.2250000e-01 -5.0405397e+00 -4.6103605e+00 -4.3214037e+00 -4.2520251e+00 -4.2708471e+00 -4.2918991e+00 -4.3037632e+00 -4.4612324e+00 -4.7331895e+00 -4.9025989e+00
-7.1500000e-01 -5.0638433e+00 -4.6209586e+00 -4.3904934e+00 -4.2748893e+00 -4.2834342e+00 -4.3255123e+00 -4.3273410e+00 -4.5039697e+00 -4.7045784e+00 -5.0819092e+00
-7.0750000e-01 -5.0875730e+00 -4.6717744e+00 -4.3945005e+00 -4.3105518e+00 -4.3121480e+00 -4.3625556e+00 -4.3672850e+00 -4.5540318e+00 -4.6917214e+00 -5.0734043e+00
-7.0000000e-01 -5.1220364e+00 -4.6967542e+00 -4.4278513e+00 -4.3183216e+00 -4.3508898e+00 -4.4075466e+00 -4.4092249e+00 -4.5848344e+00 -4.7318142e+00 -4.9971918e+00
-6.5000000e-01 -5.3286687e+00 -4.8842594e+00 -4.6332629e+00 -4.5424595e+00 -4.5375581e+00 -4.5648691e+00 -4.6427185e+00 -4.7348223e+00 -5.0125295e+00 -5.2397430e+00
-6.0000000e-01 -5.5153451e+00 -5.0964059e+00 -4.8230290e+00 -4.7410827e+00 -4.7275796e+00 -4.7802015e+00 -4.8634719e+00 -4.9169585e+00 -5.1645458e+00 -5.5145174e+00
-5.5000000e-01 -5.7279814e+00 -5.2945078e+00 -5.0369747e+00 -4.9176829e+00 -4.9526668e+00 -4.9658415e+00 -5.0548655e+00 -5.1385889e+00 -5.3740029e+00 -5.6293270e+00
-5.0000000e-01 -5.9192501e+00 -5.4927614e+00 -5.2376325e+00 -5.1206250e+00 -5.1470737e+00 -5.1877535e+00 -5.2349645e+00 -5.3318318e+00 -5.5692626e+00 -5.8570781e+00
-4.0000000e-01 -6.2779758e+00 -5.8886315e+00 -5.6316018e+00 -5.5318036e+00 -5.5413828e+00 -5.5756370e+00 -5.6468589e+00 -5.7502798e+00 -5.9438117e+00 -6.2672881e+00
-2.0000000e-01 -7.2231840e+00 -6.6461191e+00 -6.3885914e+00 -6.3299258e+00 -6.3389813e+00 -6.3798707e+00 -6.4378958e+00 -6.5559927e+00 -6.7532028e+00 -7.0524703e+00
0.0000000e+00 -7.9033503e+00 -7.4488409e+00 -7.2130635e+00 -7.1077848e+00 -7.1198701e+00 -7.1985998e+00 -7.2441196e+00 -7.3504545e+00 -7.5559698e+00 -7.8595292e+00
2.0000000e-01 -8.6637194e+00 -8.3081448e+00 -8.0334959e+00 -7.9178377e+00 -7.9261167e+00 -7.9720484e+00 -8.0686694e+00 -8.1273894e+00 -8.3733238e+00 -8.6599628e+00
4.0000000e-01 -9.5792435e+00 -9.0586932e+00 -8.8686004e+00 -8.7271735e+00 -8.7386214e+00 -8.8143274e+00 -8.8305534e+00 -8.9527308e+00 -9.1516074e+00 -9.4546546e+00
6.0000000e-01 -1.0341298e+01 -9.8975032e+00 -9.5969252e+00 -9.5212688e+00 -9.5010253e+00 -9.6052016e+00 -9.6145287e+00 -9.6941782e+00 -9.9771173e+00 -1.0248033e+01
8.0000000e-01 -1.1086500e+01 -1.0676275e+01 -1.0446377e+01 -1.0332026e+01 -1.0301876e+01 -1.0380689e+01 -1.0410728e+01 -1.0603064e+01 -1.0727053e+01 -1.1006653e+01
1.0000000e+00 -1.1927731e+01 -1.1493875e+01 -1.1252954e+01 -1.1153768e+01 -1.1092763e+01 -1.1236537e+01 -1.1211686e+01 -1.1324857e+01 -1.1589794e+01 -1.1892873e+01
1.2000000e+00 -1.2687775e+01 -1.2353053e+01 -1.2033706e+01 -1.1898980e+01 -1.1978355e+01 -1.1984953e+01 -1.2060838e+01 -1.2161529e+01 -1.2388515e+01 -1.2667049e+01
1.4000000e+00 -1.3514471e+01 -1.3099869e+01 -1.2803050e+01 -1.2688071e+01 -1.2744529e+01 -1.2738485e+01 -1.2871614e+01 -1.2937513e+01 -1.3132191e+01 -1.3480074e+01
1.6000000e+00 -1.4320845e+01 -1.3862483e+01 -1.3643491e+01 -1.3484445e+01 -1.3539907e+01 -1.3589600e+01 -1.3647708e+01 -1.3712744e+01 -1.3979503e+01 -1.4304639e+01
1.8000000e+00 -1.5171500e+01 -1.4705169e+01 -1.4438354e+01 -1.4343441e+01 -1.4318801e+01 -1.4416900e+01 -1.4461044e+01 -1.4510097e+01 -1.4792021e+01 -1.5078656e+01
2.0000000e+00 -1.6024095e+01 -1.5488914e+01 -1.5318340e+01 -1.5154631e+01 -1.5138537e+01 -1.5153701e+01 -1.5244832e+01 -1.5347109e+01 -1.5530998e+01 -1.5881006e+01