########################################################################
# Reference Counts for Solar Model AGSS09met_old                       #
# Column 1: log10(Axion mass in eV)                                    #
#        n>1: log10(Reference photon counts in energy bin n-1)         #
########################################################################
-3.0000000e+00 -3.8339691e-01 -8.1087288e-02 7.5908009e-02 1.1608275e-01 8.6050853e-02 3.0720106e-02 -5.5258127e-02 -1.6907869e-01 -3.1737898e-01 -5.0209200e-01
-2.8000000e+00 -3.8341729e-01 -8.1101179e-02 7.5897992e-02 1.1607519e-01 8.6044965e-02 3.0715391e-02 -5.5261989e-02 -1.6908191e-01 -3.1738171e-01 -5.0209434e-01
-2.6000000e+00 -3.8354589e-01 -8.1188825e-02 7.5834787e-02 1.1602748e-01 8.6007809e-02 3.0685642e-02 -5.5286354e-02 -1.6910223e-01 -3.1739891e-01 -5.0210909e-01
-2.4000000e+00 -3.8435745e-01 -8.1741913e-02 7.5435949e-02 1.1572645e-01 8.5773362e-02 3.0497930e-02 -5.5440092e-02 -1.6923039e-01 -3.1750749e-01 -5.0220217e-01
-2.2000000e+00 -3.8948462e-01 -8.5234772e-02 7.2917815e-02 1.1382613e-01 8.4293527e-02 2.9313174e-02 -5.6410365e-02 -1.7003919e-01 -3.1819266e-01 -5.0278951e-01
-2.1500000e+00 -3.9305497e-01 -8.7665662e-02 7.1165913e-02 1.1250436e-01 8.3264381e-02 2.8489333e-02 -5.7085007e-02 -1.7060153e-01 -3.1866902e-01 -5.0319785e-01
-2.1000000e+00 -3.9872493e-01 -9.1523712e-02 6.8386523e-02 1.1040787e-01 8.1632313e-02 2.7183000e-02 -5.8154668e-02 -1.7149308e-01 -3.1942421e-01 -5.0384516e-01
-2.0500000e+00 -4.0773987e-01 -9.7651822e-02 6.3974395e-02 1.0708109e-01 7.9043185e-02 2.5111013e-02 -5.9851034e-02 -1.7290682e-01 -3.2062163e-01 -5.0487148e-01
-2.0000000e+00 -4.2210050e-01 -1.0739845e-01 5.6963721e-02 1.0179826e-01 7.4933459e-02 2.1823129e-02 -6.2542282e-02 -1.7514933e-01 -3.2252077e-01 -5.0649908e-01
-1.9500000e+00 -4.4504727e-01 -1.2293293e-01 4.5807097e-02 9.3399583e-02 6.8404230e-02 1.6602079e-02 -6.6814406e-02 -1.7870818e-01 -3.2553409e-01 -5.0908114e-01
-1.9000000e+00 -4.8189930e-01 -1.4777699e-01 2.8009084e-02 8.0022652e-02 5.8016169e-02 8.3017023e-03 -7.3602405e-02 -1.8436048e-01 -3.3031841e-01 -5.1317969e-01
-1.8500000e+00 -5.4158439e-01 -1.8773341e-01 -4.9744621e-04 5.8652905e-02 4.1450431e-02 -4.9184920e-03 -8.4404122e-02 -1.9334890e-01 -3.3792264e-01 -5.1969131e-01
-1.8475000e+00 -5.4540646e-01 -1.9027997e-01 -2.3092456e-03 5.7297051e-02 4.0400608e-02 -5.7556153e-03 -8.5087700e-02 -1.9391748e-01 -3.3840350e-01 -5.2010296e-01
-1.8400000e+00 -5.5745901e-01 -1.9830055e-01 -8.0116563e-03 5.3031526e-02 3.7098818e-02 -8.3879084e-03 -8.7236863e-02 -1.9570487e-01 -3.3991500e-01 -5.2139685e-01
-1.8325000e+00 -5.7044827e-01 -2.0692777e-01 -1.4138573e-02 4.8451609e-02 3.3555304e-02 -1.1212009e-02 -8.9542097e-02 -1.9762173e-01 -3.4153577e-01 -5.2278414e-01
-1.8250000e+00 -5.8445376e-01 -2.1621032e-01 -2.0722982e-02 4.3533369e-02 2.9751919e-02 -1.4242175e-02 -9.2014923e-02 -1.9967757e-01 -3.4327381e-01 -5.2427163e-01
-1.8175000e+00 -5.9956294e-01 -2.2620131e-01 -2.7800653e-02 3.8250933e-02 2.5669086e-02 -1.7493770e-02 -9.4667739e-02 -2.0188260e-01 -3.4513770e-01 -5.2586664e-01
-1.8100000e+00 -6.1587220e-01 -2.3695866e-01 -3.5410417e-02 3.2576312e-02 2.1285672e-02 -2.0983351e-02 -9.7513897e-02 -2.0424784e-01 -3.4713667e-01 -5.2757702e-01
-1.8025000e+00 -6.3348805e-01 -2.4854571e-01 -4.3594465e-02 2.6479199e-02 1.6578852e-02 -2.4728773e-02 -1.0056777e-01 -2.0678510e-01 -3.4928066e-01 -5.2941123e-01
-1.7950000e+00 -6.5252849e-01 -2.6103182e-01 -5.2398695e-02 1.9926758e-02 1.1523956e-02 -2.8749297e-02 -1.0384486e-01 -2.0950714e-01 -3.5158034e-01 -5.3137835e-01
-1.7875000e+00 -6.7312464e-01 -2.7449306e-01 -6.1873099e-02 1.2883376e-02 6.0943081e-03 -3.3065715e-02 -1.0736187e-01 -2.1242768e-01 -3.5404722e-01 -5.3348815e-01
-1.7800000e+00 -6.9542267e-01 -2.8901303e-01 -7.2072194e-02 5.3103967e-03 2.6103458e-04 -3.7700480e-02 -1.1113679e-01 -2.1556148e-01 -3.5669366e-01 -5.3575112e-01
-1.7725000e+00 -7.1958618e-01 -3.0468383e-01 -8.3055528e-02 -2.8341897e-03 -6.0071343e-03 -4.2677857e-02 -1.1518906e-01 -2.1892448e-01 -3.5953298e-01 -5.3817858e-01
-1.7650000e+00 -7.4579894e-01 -3.2160717e-01 -9.4888236e-02 -1.1596083e-02 -1.2744095e-02 -4.8024084e-02 -1.1953965e-01 -2.2253384e-01 -3.6257953e-01 -5.4078268e-01
-1.7575000e+00 -7.7426835e-01 -3.3989560e-01 -1.0764170e-01 -2.1025060e-02 -1.9986624e-02 -5.3767553e-02 -1.2421121e-01 -2.2640809e-01 -3.6584876e-01 -5.4357653e-01
-1.7500000e+00 -8.0522966e-01 -3.5967415e-01 -1.2139428e-01 -3.1175411e-02 -2.7774661e-02 -5.9939011e-02 -1.2922823e-01 -2.3056720e-01 -3.6935733e-01 -5.4657422e-01
-1.7425000e+00 -8.3895121e-01 -3.8108205e-01 -1.3623219e-01 -4.2106434e-02 -3.6151631e-02 -6.6571782e-02 -1.3461719e-01 -2.3503276e-01 -3.7312321e-01 -5.4979095e-01
-1.7350000e+00 -8.7574095e-01 -4.0427494e-01 -1.5225050e-01 -5.3883003e-02 -4.5164799e-02 -7.3702015e-02 -1.4040672e-01 -2.3982806e-01 -3.7716578e-01 -5.5324310e-01
-1.7275000e+00 -9.1595482e-01 -4.2942753e-01 -1.6955431e-01 -6.6576210e-02 -5.4865678e-02 -8.1368965e-02 -1.4662787e-01 -2.4497832e-01 -3.8150598e-01 -5.5694832e-01
-1.7200000e+00 -9.6000745e-01 -4.5673673e-01 -1.8826011e-01 -8.0264115e-02 -6.5310489e-02 -8.9615300e-02 -1.5331427e-01 -2.5051078e-01 -3.8616639e-01 -5.6092567e-01
-1.7125000e+00 -1.0083862e+00 -4.8642560e-01 -2.0849743e-01 -9.5032602e-02 -7.6560681e-02 -9.8487455e-02 -1.6050242e-01 -2.5645495e-01 -3.9117145e-01 -5.6519571e-01
-1.7050000e+00 -1.0616694e+00 -5.1874823e-01 -2.3041080e-01 -1.1097639e-01 -8.8683533e-02 -1.0803603e-01 -1.6823195e-01 -2.6284281e-01 -3.9654756e-01 -5.6978064e-01
-1.6975000e+00 -1.1205514e+00 -5.5399577e-01 -2.5416205e-01 -1.2820019e-01 -1.0175284e-01 -1.1831622e-01 -1.7654596e-01 -2.6970901e-01 -4.0232333e-01 -5.7470447e-01
-1.6900000e+00 -1.1858765e+00 -5.9250420e-01 -2.7993316e-01 -1.4682010e-01 -1.1584969e-01 -1.2938837e-01 -1.8549133e-01 -2.7709118e-01 -4.0852971e-01 -5.7999313e-01
-1.6825000e+00 -1.2586855e+00 -6.3466422e-01 -3.0792975e-01 -1.6696521e-01 -1.3106342e-01 -1.4131850e-01 -1.9511920e-01 -2.8503020e-01 -4.1520026e-01 -5.8567471e-01
-1.6750000e+00 -1.3402828e+00 -6.8093416e-01 -3.3838530e-01 -1.8877960e-01 -1.4749264e-01 -1.5417901e-01 -2.0548534e-01 -2.9357053e-01 -4.2237139e-01 -5.9177960e-01
-1.6675000e+00 -1.4323316e+00 -7.3185701e-01 -3.7156647e-01 -2.1242462e-01 -1.6524650e-01 -1.6804945e-01 -2.1665072e-01 -3.0276058e-01 -4.3008267e-01 -5.9834077e-01
-1.6600000e+00 -1.5369926e+00 -7.8808339e-01 -4.0777986e-01 -2.3808176e-01 -1.8444620e-01 -1.8301738e-01 -2.2868211e-01 -3.1265315e-01 -4.3837708e-01 -6.0539395e-01
-1.6525000e+00 -1.6571244e+00 -8.5040290e-01 -4.4738052e-01 -2.6595611e-01 -2.0522672e-01 -1.9917947e-01 -2.4165271e-01 -3.2330589e-01 -4.4730141e-01 -6.1297795e-01
-1.6450000e+00 -1.7965577e+00 -9.1978800e-01 -4.9078305e-01 -2.9628061e-01 -2.2773892e-01 -2.1664264e-01 -2.5564298e-01 -3.3478186e-01 -4.5690669e-01 -6.2113496e-01
-1.6375000e+00 -1.9603895e+00 -9.9745658e-01 -5.3847614e-01 -3.2932146e-01 -2.5215211e-01 -2.3552555e-01 -2.7074155e-01 -3.4715013e-01 -4.6724858e-01 -6.2991088e-01
-1.6300000e+00 -2.1548696e+00 -1.0849634e+00 -5.9104201e-01 -3.6538478e-01 -2.7865710e-01 -2.5596030e-01 -2.8704625e-01 -3.6048653e-01 -4.7838792e-01 -6.3935574e-01
-1.6225000e+00 -2.3845400e+00 -1.1843371e+00 -6.4918282e-01 -4.0482526e-01 -3.0747002e-01 -2.7809443e-01 -3.0466537e-01 -3.7487446e-01 -4.9039132e-01 -6.4952410e-01
-1.6150000e+00 -2.6354838e+00 -1.2982896e+00 -7.1375735e-01 -4.4805733e-01 -3.3883706e-01 -3.0209340e-01 -3.2371912e-01 -3.9040586e-01 -5.0333187e-01 -6.6047559e-01
-1.6075000e+00 -2.8173411e+00 -1.4305418e+00 -7.8583306e-01 -4.9556981e-01 -3.7304029e-01 -3.2814359e-01 -3.4434141e-01 -4.0718232e-01 -5.1728985e-01 -6.7227547e-01
-1.6000000e+00 -2.7773829e+00 -1.5863201e+00 -8.6676193e-01 -5.4794560e-01 -4.1040525e-01 -3.5645589e-01 -3.6668188e-01 -4.2531642e-01 -5.3235372e-01 -6.8499529e-01
-1.5925000e+00 -2.5782946e+00 -1.7730179e+00 -9.5829399e-01 -6.0588848e-01 -4.5131055e-01 -3.8727030e-01 -3.9090846e-01 -4.4493333e-01 -5.4862113e-01 -6.9871366e-01
-1.5850000e+00 -2.3677722e+00 -2.0003931e+00 -1.0627528e+00 -6.7026044e-01 -4.9620051e-01 -4.2086156e-01 -4.1721040e-01 -4.6617259e-01 -5.6620015e-01 -7.1351709e-01
-1.5775000e+00 -2.1916206e+00 -2.2753006e+00 -1.1833154e+00 -7.4213500e-01 -5.4560182e-01 -4.5754636e-01 -4.4580206e-01 -4.8919044e-01 -5.8521081e-01 -7.2950107e-01
-1.5700000e+00 -2.0519800e+00 -2.5605429e+00 -1.3244735e+00 -8.2287528e-01 -6.0014623e-01 -4.9769254e-01 -4.7692759e-01 -5.1416247e-01 -6.0578676e-01 -7.4677124e-01
-1.5625000e+00 -1.9435707e+00 -2.6567654e+00 -1.4928046e+00 -9.1425205e-01 -6.6060163e-01 -5.4173117e-01 -5.1086674e-01 -5.4128697e-01 -6.2807740e-01 -7.6544480e-01
-1.5550000e+00 -1.8614968e+00 -2.4595792e+00 -1.6981973e+00 -1.0186284e+00 -7.2791604e-01 -5.9017240e-01 -5.4794233e-01 -5.7078901e-01 -6.5225039e-01 -7.8565218e-01
-1.5475000e+00 -1.8022919e+00 -2.2016955e+00 -1.9550145e+00 -1.1392600e+00 -8.0328128e-01 -6.4362703e-01 -5.8852987e-01 -6.0292550e-01 -6.7849471e-01 -8.0753908e-01
-1.5400000e+00 -1.7637707e+00 -1.9865818e+00 -2.2754458e+00 -1.2808056e+00 -8.8822788e-01 -7.0283598e-01 -6.3306998e-01 -6.3799166e-01 -7.0702442e-01 -8.3126884e-01
-1.5325000e+00 -1.7447739e+00 -1.8191471e+00 -2.5907974e+00 -1.4502281e+00 -9.8477164e-01 -7.6871184e-01 -6.8208509e-01 -6.7632918e-01 -7.3808335e-01 -8.5702542e-01
-1.5250000e+00 -1.7449926e+00 -1.6902883e+00 -2.5730279e+00 -1.6584156e+00 -1.0956488e+00 -8.4239895e-01 -7.3620189e-01 -7.1833685e-01 -7.7195095e-01 -8.8501695e-01
-1.5175000e+00 -1.7648886e+00 -1.5922746e+00 -2.2744589e+00 -1.9227373e+00 -1.2247111e+00 -9.2536259e-01 -7.9618239e-01 -7.6448451e-01 -8.0894976e-01 -9.1548021e-01
-1.5100000e+00 -1.8057042e+00 -1.5199041e+00 -1.9965102e+00 -2.2657747e+00 -1.3776256e+00 -1.0195265e+00 -8.6296778e-01 -8.1533174e-01 -8.4945499e-01 -9.4868621e-01
-1.5025000e+00 -1.8695574e+00 -1.4699222e+00 -1.7835942e+00 -2.6427404e+00 -1.5631798e+00 -1.1274929e+00 -9.3774215e-01 -8.7155331e-01 -8.9390708e-01 -9.8494726e-01
-1.4950000e+00 -1.9596136e+00 -1.4404772e+00 -1.6223392e+00 -2.6401070e+00 -1.7958103e+00 -1.2529130e+00 -1.0220280e+00 -9.3397471e-01 -9.4282839e-01 -1.0246260e+00
-1.4875000e+00 -2.0802632e+00 -1.4307833e+00 -1.4998729e+00 -2.2897500e+00 -2.0999541e+00 -1.4011437e+00 -1.1178340e+00 -1.0036229e+00 -9.9684579e-01 -1.0681475e+00
-1.4800000e+00 -2.2369020e+00 -1.4409518e+00 -1.4078164e+00 -1.9849651e+00 -2.5052243e+00 -1.5804928e+00 -1.2278954e+00 -1.0818008e+00 -1.0567219e+00 -1.1160143e+00
-1.4725000e+00 -2.4333759e+00 -1.4719565e+00 -1.3410042e+00 -1.7595482e+00 -2.8524357e+00 -1.8047370e+00 -1.3560815e+00 -1.1702011e+00 -1.1233993e+00 -1.1688283e+00
-1.4650000e+00 -2.6586475e+00 -1.5257205e+00 -1.2963685e+00 -1.5915240e+00 -2.5951010e+00 -2.0983263e+00 -1.5081348e+00 -1.2710850e+00 -1.1980649e+00 -1.2273196e+00
-1.4575000e+00 -2.8420323e+00 -1.6053417e+00 -1.2722793e+00 -1.4648515e+00 -2.2091152e+00 -2.5023669e+00 -1.6931066e+00 -1.3875793e+00 -1.2822466e+00 -1.2923871e+00
-1.4500000e+00 -2.8468892e+00 -1.7154833e+00 -1.2681948e+00 -1.3698831e+00 -1.9259492e+00 -2.9635105e+00 -1.9263841e+00 -1.5241954e+00 -1.3779640e+00 -1.3651584e+00
-1.4425000e+00 -2.6930450e+00 -1.8628909e+00 -1.2845141e+00 -1.3008781e+00 -1.7206880e+00 -2.7939750e+00 -2.2364453e+00 -1.6878019e+00 -1.4879732e+00 -1.4470783e+00
-1.4350000e+00 -2.5190653e+00 -2.0564128e+00 -1.3225855e+00 -1.2544810e+00 -1.5680406e+00 -2.3553071e+00 -2.6750809e+00 -1.8896046e+00 -1.6161883e+00 -1.5400454e+00
-1.4275000e+00 -2.3845429e+00 -2.3021452e+00 -1.3848693e+00 -1.2289091e+00 -1.4533818e+00 -2.0400939e+00 -3.1616653e+00 -2.1495835e+00 -1.7684516e+00 -1.6466333e+00
-1.4200000e+00 -2.2991810e+00 -2.5690681e+00 -1.4753029e+00 -1.2235400e+00 -1.3683140e+00 -1.8167697e+00 -2.8659479e+00 -2.5070792e+00 -1.9540646e+00 -1.7704667e+00
-1.4125000e+00 -2.2619007e+00 -2.6874299e+00 -1.5999659e+00 -1.2387402e+00 -1.3079435e+00 -1.6525964e+00 -2.4108586e+00 -3.0301671e+00 -2.1891467e+00 -1.9169009e+00
-1.4050000e+00 -2.2714632e+00 -2.5333334e+00 -1.7681479e+00 -1.2758678e+00 -1.2695014e+00 -1.5297361e+00 -2.1009078e+00 -3.3376690e+00 -2.5048854e+00 -2.0943548e+00
-1.3975000e+00 -2.3283956e+00 -2.3073824e+00 -1.9932884e+00 -1.3374514e+00 -1.2516518e+00 -1.4382948e+00 -1.8828937e+00 -2.8126886e+00 -2.9673943e+00 -2.3171979e+00
-1.3900000e+00 -2.4344508e+00 -2.1279249e+00 -2.2869601e+00 -1.4276033e+00 -1.2541631e+00 -1.3725951e+00 -1.7228733e+00 -2.4024297e+00 -3.5630867e+00 -2.6128373e+00
-1.3825000e+00 -2.5889129e+00 -2.0089359e+00 -2.5922159e+00 -1.5528210e+00 -1.2778036e+00 -1.3294091e+00 -1.6033137e+00 -2.1280842e+00 -3.2056813e+00 -3.0409831e+00
-1.3750000e+00 -2.7743881e+00 -1.9457402e+00 -2.6124668e+00 -1.7234570e+00 -1.3244173e+00 -1.3070983e+00 -1.5146307e+00 -1.9327551e+00 -2.7007903e+00 -3.6883411e+00
-1.3675000e+00 -2.9219782e+00 -1.9346120e+00 -2.3465354e+00 -1.9560162e+00 -1.3972089e+00 -1.3052040e+00 -1.4513672e+00 -1.7884108e+00 -2.3764663e+00 -3.5672071e+00
-1.3600000e+00 -2.9288643e+00 -1.9753242e+00 -2.0950333e+00 -2.2720617e+00 -1.5013483e+00 -1.3242944e+00 -1.4104536e+00 -1.6806643e+00 -2.1525070e+00 -2.9886116e+00
-1.3525000e+00 -2.8207774e+00 -2.0710917e+00 -1.9192079e+00 -2.6368818e+00 -1.6451631e+00 -1.3660071e+00 -1.3903783e+00 -1.6015833e+00 -1.9893406e+00 -2.6266567e+00
-1.3450000e+00 -2.7070860e+00 -2.2271162e+00 -1.8111085e+00 -2.6760110e+00 -1.8424689e+00 -1.4332983e+00 -1.3907990e+00 -1.5466605e+00 -1.8678210e+00 -2.3828225e+00
-1.3375000e+00 -2.6416886e+00 -2.4415458e+00 -1.7615582e+00 -2.3539285e+00 -2.1165726e+00 -1.5310035e+00 -1.4124116e+00 -1.5134373e+00 -1.7777653e+00 -2.2072680e+00
-1.3300000e+00 -2.6377770e+00 -2.6619974e+00 -1.7667905e+00 -2.0715970e+00 -2.4966845e+00 -1.6669756e+00 -1.4570169e+00 -1.5008513e+00 -1.7134518e+00 -2.0770188e+00
-1.3225000e+00 -2.6961912e+00 -2.7214956e+00 -1.8282459e+00 -1.8812040e+00 -2.8542856e+00 -1.8544225e+00 -1.5278109e+00 -1.5089486e+00 -1.6716792e+00 -1.9802068e+00
-1.3150000e+00 -2.8105916e+00 -2.5797418e+00 -1.9524478e+00 -1.7651362e+00 -2.6454947e+00 -2.1167314e+00 -1.6300266e+00 -1.5388274e+00 -1.6508653e+00 -1.9102492e+00
-1.3075000e+00 -2.9553621e+00 -2.4154689e+00 -2.1501096e+00 -1.7107682e+00 -2.2761587e+00 -2.4933830e+00 -1.7722560e+00 -1.5927842e+00 -1.6506299e+00 -1.8634435e+00
-1.3000000e+00 -3.0625983e+00 -2.3154086e+00 -2.4221888e+00 -1.7132289e+00 -2.0175820e+00 -2.9505233e+00 -1.9692710e+00 -1.6747259e+00 -1.6716522e+00 -1.8378742e+00
-1.2925000e+00 -3.0600561e+00 -2.2937726e+00 -2.6651255e+00 -1.7740244e+00 -1.8528981e+00 -2.8404794e+00 -2.2483012e+00 -1.7910431e+00 -1.7157366e+00 -1.8329042e+00
-1.2850000e+00 -2.9827319e+00 -2.3507226e+00 -2.6051424e+00 -1.9010824e+00 -1.7595944e+00 -2.4158156e+00 -2.6590522e+00 -1.9524505e+00 -1.7861116e+00 -1.8489757e+00
-1.2775000e+00 -2.9177308e+00 -2.4817960e+00 -2.3709861e+00 -2.1097388e+00 -1.7268116e+00 -2.1205562e+00 -3.1507903e+00 -2.1781246e+00 -1.8881022e+00 -1.8876309e+00
-1.2700000e+00 -2.9133453e+00 -2.6594247e+00 -2.1924660e+00 -2.4148096e+00 -1.7520270e+00 -1.9335928e+00 -2.9168176e+00 -2.5055426e+00 -2.0305425e+00 -1.9517548e+00
-1.2625000e+00 -2.9861830e+00 -2.7863260e+00 -2.1082775e+00 -2.7221173e+00 -1.8396975e+00 -1.8243743e+00 -2.4704670e+00 -3.0015220e+00 -2.2289132e+00 -2.0461534e+00
-1.2550000e+00 -3.1258143e+00 -2.7579643e+00 -2.1170129e+00 -2.6409267e+00 -2.0024463e+00 -1.7784128e+00 -2.1810988e+00 -3.3616098e+00 -2.5130119e+00 -2.1787764e+00
-1.2475000e+00 -3.2508619e+00 -2.6542196e+00 -2.2190382e+00 -2.3490692e+00 -2.2638234e+00 -1.7913052e+00 -2.0010931e+00 -2.8667844e+00 -2.9456099e+00 -2.3634134e+00
-1.2400000e+00 -3.2294188e+00 -2.5897739e+00 -2.4132845e+00 -2.1430427e+00 -2.6398373e+00 -1.8662731e+00 -1.8982628e+00 -2.4654491e+00 -3.5421057e+00 -2.6262903e+00
-1.2325000e+00 -3.1262174e+00 -2.6012147e+00 -2.6476060e+00 -2.0471496e+00 -2.8762377e+00 -2.0150946e+00 -1.8585920e+00 -2.2174373e+00 -3.2597707e+00 -3.0239137e+00
-1.2250000e+00 -3.0932220e+00 -2.6847829e+00 -2.7136476e+00 -2.0532238e+00 -2.5866998e+00 -2.2625586e+00 -1.8784260e+00 -2.0667267e+00 -2.7568571e+00 -3.6491414e+00
-1.2175000e+00 -3.1877440e+00 -2.8070116e+00 -2.5602690e+00 -2.1627458e+00 -2.2830393e+00 -2.6462334e+00 -1.9620978e+00 -1.9874299e+00 -2.4510807e+00 -3.6215557e+00
-1.2100000e+00 -3.3645378e+00 -2.8950494e+00 -2.4192052e+00 -2.3843181e+00 -2.1099215e+00 -3.0212380e+00 -2.1235299e+00 -1.9694915e+00 -2.2641189e+00 -3.0423635e+00
-1.2025000e+00 -3.4020027e+00 -2.8910036e+00 -2.3823188e+00 -2.6793007e+00 -2.0515380e+00 -2.7558299e+00 -2.3927243e+00 -2.0122425e+00 -2.1574349e+00 -2.6939119e+00
-1.1950000e+00 -3.2821531e+00 -2.8376785e+00 -2.4577153e+00 -2.7552515e+00 -2.1000204e+00 -2.3937422e+00 -2.8197139e+00 -2.1234781e+00 -2.1152841e+00 -2.4826616e+00
-1.1875000e+00 -3.2557801e+00 -2.8120547e+00 -2.6212211e+00 -2.5304183e+00 -2.2643756e+00 -2.1834194e+00 -3.1947496e+00 -2.3231257e+00 -2.1334976e+00 -2.3588672e+00
-1.1800000e+00 -3.3866638e+00 -2.8575105e+00 -2.7663003e+00 -2.3511628e+00 -2.5614755e+00 -2.0988475e+00 -2.8177022e+00 -2.6542373e+00 -2.2164768e+00 -2.3023869e+00
-1.1725000e+00 -3.5190047e+00 -2.9755890e+00 -2.7469740e+00 -2.3067728e+00 -2.8809081e+00 -2.1254003e+00 -2.4484772e+00 -3.1723949e+00 -2.3790638e+00 -2.3067321e+00
-1.1650000e+00 -3.4505401e+00 -3.0773214e+00 -2.6531512e+00 -2.4004650e+00 -2.7536046e+00 -2.2702154e+00 -2.2472605e+00 -3.2793783e+00 -2.6552610e+00 -2.3744142e+00
-1.1575000e+00 -3.3984083e+00 -3.0328805e+00 -2.6240900e+00 -2.6161843e+00 -2.4670618e+00 -2.5605116e+00 -2.1738224e+00 -2.7823408e+00 -3.1174066e+00 -2.5177792e+00
-1.1500000e+00 -3.4920918e+00 -2.9550165e+00 -2.6861313e+00 -2.8088038e+00 -2.3225821e+00 -2.9645675e+00 -2.2141126e+00 -2.4687612e+00 -3.6051610e+00 -2.7662926e+00
-1.1425000e+00 -3.6048329e+00 -3.0043101e+00 -2.7958955e+00 -2.7253950e+00 -2.3347033e+00 -2.9249375e+00 -2.3793755e+00 -2.3147372e+00 -3.1310333e+00 -3.1881579e+00
-1.1350000e+00 -3.5629030e+00 -3.1782585e+00 -2.8656091e+00 -2.5713265e+00 -2.5038997e+00 -2.5728001e+00 -2.7073049e+00 -2.2828187e+00 -2.7196848e+00 -3.8080371e+00
-1.1275000e+00 -3.5316701e+00 -3.2093451e+00 -2.8556451e+00 -2.5424815e+00 -2.8013425e+00 -2.3785110e+00 -3.1577350e+00 -2.3681304e+00 -2.5046960e+00 -3.4659953e+00
-1.1200000e+00 -3.6431013e+00 -3.0843018e+00 -2.8233698e+00 -2.6551674e+00 -2.9091421e+00 -2.3565559e+00 -3.0065540e+00 -2.5942343e+00 -2.4251277e+00 -2.9795770e+00
-1.1125000e+00 -3.7098843e+00 -3.1223281e+00 -2.8337752e+00 -2.8233833e+00 -2.6808908e+00 -2.5045672e+00 -2.6244565e+00 -3.0166064e+00 -2.4630994e+00 -2.7227258e+00
-1.1050000e+00 -3.6235526e+00 -3.3104185e+00 -2.9181256e+00 -2.8462461e+00 -2.5367224e+00 -2.8287823e+00 -2.4406520e+00 -3.3932025e+00 -2.6312759e+00 -2.6138020e+00
-1.0975000e+00 -3.7115502e+00 -3.2778869e+00 -3.0215323e+00 -2.7612934e+00 -2.5773489e+00 -3.0612897e+00 -2.4377257e+00 -2.9732708e+00 -2.9801971e+00 -2.6249398e+00
-1.0900000e+00 -3.8045994e+00 -3.1946625e+00 -2.9954827e+00 -2.7506169e+00 -2.7849667e+00 -2.7938863e+00 -2.6169470e+00 -2.6417424e+00 -3.5340996e+00 -2.7622980e+00
-1.0825000e+00 -3.7098672e+00 -3.3220585e+00 -2.9328726e+00 -2.8328626e+00 -2.9622274e+00 -2.5832150e+00 -2.9974798e+00 -2.5227569e+00 -3.3438907e+00 -3.0695725e+00
-1.0750000e+00 -3.8312824e+00 -3.3974467e+00 -3.0224482e+00 -2.9168064e+00 -2.8410100e+00 -2.5854401e+00 -3.2009294e+00 -2.5867661e+00 -2.8922877e+00 -3.6326987e+00
-1.0675000e+00 -3.8483212e+00 -3.3182493e+00 -3.1724673e+00 -2.9340015e+00 -2.7280033e+00 -2.7987994e+00 -2.8468285e+00 -2.8544531e+00 -2.6883485e+00 -3.6936743e+00
-1.0600000e+00 -3.8202141e+00 -3.3831133e+00 -3.0761523e+00 -2.9233162e+00 -2.7906266e+00 -3.0788887e+00 -2.6394310e+00 -3.3217056e+00 -2.6796611e+00 -3.1580938e+00
-1.0525000e+00 -3.9384491e+00 -3.4709176e+00 -3.0482637e+00 -2.9289471e+00 -2.9594442e+00 -2.9499066e+00 -2.6693128e+00 -3.2311058e+00 -2.8667403e+00 -2.8960107e+00
-1.0450000e+00 -3.8928844e+00 -3.4316099e+00 -3.2413832e+00 -2.9922137e+00 -2.9890233e+00 -2.7605965e+00 -2.9363122e+00 -2.8484948e+00 -3.3041450e+00 -2.8438235e+00
-1.0375000e+00 -3.9604246e+00 -3.4646144e+00 -3.2102407e+00 -3.0830563e+00 -2.9113851e+00 -2.7957489e+00 -3.2467168e+00 -2.7216224e+00 -3.5905334e+00 -2.9858719e+00
-1.0300000e+00 -3.9900923e+00 -3.5661172e+00 -3.1355734e+00 -3.0478464e+00 -2.9332244e+00 -3.0238541e+00 -3.0119361e+00 -2.8464405e+00 -3.1224706e+00 -3.3778081e+00
-1.0225000e+00 -3.9921236e+00 -3.4994710e+00 -3.3178188e+00 -3.0226408e+00 -3.0258137e+00 -3.1037590e+00 -2.8120724e+00 -3.2284528e+00 -2.8785895e+00 -3.8737694e+00
-1.0150000e+00 -4.0652343e+00 -3.5998944e+00 -3.2815664e+00 -3.1718456e+00 -3.0671114e+00 -2.9459003e+00 -2.8862538e+00 -3.3737811e+00 -2.9040776e+00 -3.4128385e+00
-1.0075000e+00 -4.0514970e+00 -3.6078753e+00 -3.2551746e+00 -3.1816545e+00 -3.0665728e+00 -2.9440151e+00 -3.1843718e+00 -3.0131902e+00 -3.2079340e+00 -3.0864204e+00
-1.0000000e+00 -4.1151609e+00 -3.6095496e+00 -3.3985090e+00 -3.0925609e+00 -3.0695586e+00 -3.1068124e+00 -3.2084471e+00 -2.9001954e+00 -3.6398464e+00 -3.0510523e+00
-9.9250000e-01 -4.1246773e+00 -3.7039016e+00 -3.3391421e+00 -3.2703157e+00 -3.1213311e+00 -3.1461164e+00 -2.9910256e+00 -3.0952724e+00 -3.2959717e+00 -3.2972070e+00
-9.8500000e-01 -4.1625316e+00 -3.6555641e+00 -3.3920602e+00 -3.2547337e+00 -3.2080308e+00 -3.0755039e+00 -3.0239407e+00 -3.4412414e+00 -3.0403367e+00 -3.8215421e+00
-9.7750000e-01 -4.1992212e+00 -3.7637012e+00 -3.4521823e+00 -3.1917268e+00 -3.1608161e+00 -3.1247604e+00 -3.2604331e+00 -3.2311891e+00 -3.1194424e+00 -3.5992897e+00
-9.7000000e-01 -4.1968461e+00 -3.7235123e+00 -3.4290621e+00 -3.3955107e+00 -3.1813689e+00 -3.2038064e+00 -3.2368577e+00 -3.0561779e+00 -3.5153063e+00 -3.2428808e+00
-9.6250000e-01 -4.2926268e+00 -3.8135126e+00 -3.5093256e+00 -3.2707261e+00 -3.3320498e+00 -3.2162756e+00 -3.1204630e+00 -3.2173790e+00 -3.5428588e+00 -3.2455690e+00
-9.5500000e-01 -4.2559179e+00 -3.7865910e+00 -3.5046766e+00 -3.3696535e+00 -3.2247979e+00 -3.2228929e+00 -3.2344680e+00 -3.4751358e+00 -3.2164653e+00 -3.6084497e+00
-9.4750000e-01 -4.3040292e+00 -3.8785683e+00 -3.5518382e+00 -3.4057702e+00 -3.3017840e+00 -3.2481643e+00 -3.3354198e+00 -3.2739364e+00 -3.2489900e+00 -3.8534910e+00
-9.4000000e-01 -4.3678640e+00 -3.8441033e+00 -3.5728165e+00 -3.3798491e+00 -3.4067492e+00 -3.3362007e+00 -3.2636812e+00 -3.2245979e+00 -3.6063669e+00 -3.4388388e+00
-9.3250000e-01 -4.3511328e+00 -3.9170934e+00 -3.6172836e+00 -3.4856529e+00 -3.2829139e+00 -3.3112952e+00 -3.3105888e+00 -3.4516457e+00 -3.5353973e+00 -3.3768698e+00
-9.2500000e-01 -4.3889578e+00 -3.9558298e+00 -3.6141740e+00 -3.4450398e+00 -3.4984904e+00 -3.3260178e+00 -3.3782688e+00 -3.4356862e+00 -3.3243419e+00 -3.7228915e+00
-9.1750000e-01 -4.4609096e+00 -3.9266944e+00 -3.7054587e+00 -3.5261414e+00 -3.3634044e+00 -3.4607801e+00 -3.3872937e+00 -3.3415569e+00 -3.5058306e+00 -3.8294261e+00
-9.1000000e-01 -4.4819568e+00 -4.0173923e+00 -3.6554788e+00 -3.5250695e+00 -3.5028153e+00 -3.3468426e+00 -3.4044425e+00 -3.4895801e+00 -3.6873882e+00 -3.5058866e+00
-9.0250000e-01 -4.4792514e+00 -4.0289280e+00 -3.7641833e+00 -3.5698527e+00 -3.4648901e+00 -3.5062878e+00 -3.4411960e+00 -3.5054990e+00 -3.4683336e+00 -3.6103635e+00
-8.9500000e-01 -4.5006012e+00 -4.0362754e+00 -3.7370256e+00 -3.5879812e+00 -3.5286651e+00 -3.4532890e+00 -3.5102075e+00 -3.4737829e+00 -3.5636429e+00 -3.9397875e+00
-8.8750000e-01 -4.5440946e+00 -4.1070292e+00 -3.7967676e+00 -3.6468138e+00 -3.5400453e+00 -3.4993296e+00 -3.4574418e+00 -3.5602366e+00 -3.7233862e+00 -3.6745321e+00
-8.8000000e-01 -4.5899213e+00 -4.1320087e+00 -3.8139824e+00 -3.6149156e+00 -3.5853010e+00 -3.5668855e+00 -3.5907790e+00 -3.5723823e+00 -3.5801295e+00 -3.6786049e+00
-8.7250000e-01 -4.6273329e+00 -4.1212523e+00 -3.8268536e+00 -3.7449100e+00 -3.5982952e+00 -3.5276274e+00 -3.5307190e+00 -3.5988007e+00 -3.6914468e+00 -3.9606284e+00
-8.6500000e-01 -4.6591449e+00 -4.1453317e+00 -3.9133753e+00 -3.6766230e+00 -3.6438478e+00 -3.6398856e+00 -3.6126817e+00 -3.6181532e+00 -3.7357553e+00 -3.7676111e+00
-8.5750000e-01 -4.6924765e+00 -4.1994217e+00 -3.9167260e+00 -3.7396243e+00 -3.6678603e+00 -3.5949413e+00 -3.6278490e+00 -3.6948890e+00 -3.7040552e+00 -3.8223000e+00
-8.5000000e-01 -4.7249274e+00 -4.2492699e+00 -3.8995695e+00 -3.8198283e+00 -3.6912247e+00 -3.6729223e+00 -3.6433235e+00 -3.6459785e+00 -3.7903321e+00 -3.9762168e+00
-8.4250000e-01 -4.7471208e+00 -4.2816713e+00 -3.9503496e+00 -3.7785674e+00 -3.7244938e+00 -3.6914812e+00 -3.7006438e+00 -3.7806812e+00 -3.7890775e+00 -3.8460273e+00
-8.3500000e-01 -4.7681705e+00 -4.3059398e+00 -4.0151622e+00 -3.8264201e+00 -3.7883832e+00 -3.6930076e+00 -3.7108227e+00 -3.6948481e+00 -3.8304039e+00 -3.9914453e+00
-8.2750000e-01 -4.7879223e+00 -4.3323655e+00 -4.0402157e+00 -3.8789770e+00 -3.7415507e+00 -3.7796387e+00 -3.7318895e+00 -3.8505028e+00 -3.8515433e+00 -3.9608220e+00
-8.2000000e-01 -4.8015350e+00 -4.3619456e+00 -4.0465826e+00 -3.8827968e+00 -3.8320481e+00 -3.7528759e+00 -3.8190208e+00 -3.7449480e+00 -3.9013761e+00 -4.0060263e+00
-8.1250000e-01 -4.8452438e+00 -4.3891030e+00 -4.0634248e+00 -3.9204412e+00 -3.8973435e+00 -3.8177746e+00 -3.7453256e+00 -3.9316844e+00 -3.8964710e+00 -4.0352999e+00
-8.0500000e-01 -4.8936730e+00 -4.4157158e+00 -4.0928376e+00 -3.9849309e+00 -3.8429540e+00 -3.8249189e+00 -3.9143973e+00 -3.7878945e+00 -3.9737865e+00 -4.0735793e+00
-7.9750000e-01 -4.9172719e+00 -4.4563887e+00 -4.1264522e+00 -4.0217130e+00 -3.8719667e+00 -3.8868912e+00 -3.8199471e+00 -4.0039666e+00 -3.9560548e+00 -4.0762299e+00
-7.9000000e-01 -4.9276657e+00 -4.4987836e+00 -4.1598715e+00 -4.0289867e+00 -3.9580888e+00 -3.8998099e+00 -3.9004590e+00 -3.8664991e+00 -4.0145199e+00 -4.1583752e+00
-7.8250000e-01 -4.9826591e+00 -4.5116770e+00 -4.1951036e+00 -4.0371914e+00 -3.9941568e+00 -3.8840673e+00 -3.9531388e+00 -3.9808577e+00 -4.0595857e+00 -4.1153647e+00
-7.7500000e-01 -4.9917134e+00 -4.5291357e+00 -4.2326398e+00 -4.0594907e+00 -3.9967747e+00 -3.9636236e+00 -3.9373020e+00 -4.0360826e+00 -4.0117469e+00 -4.2348021e+00
-7.6750000e-01 -5.0381994e+00 -4.5471523e+00 -4.2608555e+00 -4.0925003e+00 -4.0197167e+00 -4.0457249e+00 -3.9894730e+00 -3.9528821e+00 -4.1980750e+00 -4.1774519e+00
-7.6000000e-01 -5.0543173e+00 -4.6059080e+00 -4.2745214e+00 -4.1277987e+00 -4.0648320e+00 -4.0357244e+00 -4.0067354e+00 -4.0918051e+00 -4.0508054e+00 -4.2595940e+00
-7.5250000e-01 -5.1054304e+00 -4.6286754e+00 -4.3080830e+00 -4.1563617e+00 -4.1135471e+00 -4.0141997e+00 -4.0367172e+00 -4.1083220e+00 -4.1814842e+00 -4.3079793e+00
-7.4500000e-01 -5.1113208e+00 -4.6435442e+00 -4.3668178e+00 -4.1743934e+00 -4.1550850e+00 -4.0352320e+00 -4.1086659e+00 -4.0757514e+00 -4.2508692e+00 -4.2332571e+00
-7.3750000e-01 -5.1484963e+00 -4.6990844e+00 -4.3970638e+00 -4.1951002e+00 -4.1882847e+00 -4.0834783e+00 -4.1425854e+00 -4.1363741e+00 -4.1462183e+00 -4.4325811e+00
-7.3000000e-01 -5.1912679e+00 -4.6990358e+00 -4.4235546e+00 -4.2409918e+00 -4.2131478e+00 -4.1323820e+00 -4.1274170e+00 -4.1800026e+00 -4.2452197e+00 -4.3419436e+00
-7.2250000e-01 -5.2189221e+00 -4.7540895e+00 -4.4257919e+00 -4.2966667e+00 -4.2289618e+00 -4.1713661e+00 -4.1214502e+00 -4.1956945e+00 -4.3442689e+00 -4.3304598e+00
-7.1500000e-01 -5.2421663e+00 -4.7616858e+00 -4.4955033e+00 -4.3233262e+00 -4.2425993e+00 -4.2047293e+00 -4.1449493e+00 -4.2386841e+00 -4.3052985e+00 -4.5104478e+00
-7.0750000e-01 -5.2662205e+00 -4.8150325e+00 -4.4992578e+00 -4.3572473e+00 -4.2698033e+00 -4.2410173e+00 -4.1856628e+00 -4.2945489e+00 -4.3032758e+00 -4.4885530e+00
-7.0000000e-01 -5.3003581e+00 -4.8392171e+00 -4.5324014e+00 -4.3628714e+00 -4.3048215e+00 -4.2848052e+00 -4.2284705e+00 -4.3289509e+00 -4.3554108e+00 -4.4194408e+00
-6.5000000e-01 -5.5071209e+00 -5.0259213e+00 -4.7380077e+00 -4.5895452e+00 -4.4950995e+00 -4.4410994e+00 -4.4600932e+00 -4.4722787e+00 -4.6252344e+00 -4.6818442e+00
-6.0000000e-01 -5.6939440e+00 -5.2385405e+00 -4.9276724e+00 -4.7869792e+00 -4.6827821e+00 -4.6549413e+00 -4.6817541e+00 -4.6570486e+00 -4.7690465e+00 -4.9379845e+00
-5.5000000e-01 -5.9063261e+00 -5.4373388e+00 -5.1418071e+00 -4.9635441e+00 -4.9081726e+00 -4.8415750e+00 -4.8725458e+00 -4.8791334e+00 -4.9880543e+00 -5.0556435e+00
-5.0000000e-01 -6.0978001e+00 -5.6347508e+00 -5.3425237e+00 -5.1664875e+00 -5.1023488e+00 -5.0644979e+00 -5.0539220e+00 -5.0719031e+00 -5.1783792e+00 -5.2781592e+00
-4.0000000e-01 -6.4591728e+00 -6.0305661e+00 -5.7361337e+00 -5.5776659e+00 -5.4971740e+00 -5.4515126e+00 -5.4647794e+00 -5.4924432e+00 -5.5573575e+00 -5.6924293e+00
-2.0000000e-01 -7.4057508e+00 -6.7869927e+00 -6.4987295e+00 -6.3760890e+00 -6.2946255e+00 -6.2557285e+00 -6.2554834e+00 -6.2969461e+00 -6.3671807e+00 -6.4784024e+00
0.0000000e+00 -8.0823243e+00 -7.5922622e+00 -7.3204766e+00 -7.1516760e+00 -7.0746481e+00 -7.0760739e+00 -7.0616940e+00 -7.0912334e+00 -7.1685526e+00 -7.2850470e+00
2.0000000e-01 -8.8431117e+00 -8.4501937e+00 -8.1366892e+00 -7.9642178e+00 -7.8814579e+00 -7.9098376e+00 -7.8868264e+00 -7.8678813e+00 -7.9862461e+00 -8.0909194e+00
4.0000000e-01 -9.7595427e+00 -9.1994284e+00 -8.9711370e+00 -8.7720516e+00 -8.6920116e+00 -8.6931593e+00 -8.6478872e+00 -8.6961008e+00 -8.7675221e+00 -8.8790928e+00
6.0000000e-01 -1.0518783e+01 -1.0040866e+01 -9.7008762e+00 -9.5647715e+00 -9.4554423e+00 -9.4819833e+00 -9.4325634e+00 -9.4361728e+00 -9.5859965e+00 -9.6702525e+00
8.0000000e-01 -1.1263089e+01 -1.0817291e+01 -1.0550471e+01 -1.0379857e+01 -1.0259410e+01 -1.0256216e+01 -1.0228785e+01 -1.0347394e+01 -1.0338999e+01 -1.0439225e+01
1.0000000e+00 -1.2106863e+01 -1.1633239e+01 -1.1355862e+01 -1.1199528e+01 -1.1051497e+01 -1.1114568e+01 -1.1029846e+01 -1.1067682e+01 -1.1205804e+01 -1.1321060e+01
1.2000000e+00 -1.2865396e+01 -1.2495064e+01 -1.2142112e+01 -1.1945777e+01 -1.1932869e+01 -1.1859729e+01 -1.1879923e+01 -1.1902404e+01 -1.2002465e+01 -1.2090357e+01
1.4000000e+00 -1.3691589e+01 -1.3241914e+01 -1.2905610e+01 -1.2731770e+01 -1.2697303e+01 -1.2616373e+01 -1.2689874e+01 -1.2678923e+01 -1.2745214e+01 -1.2909422e+01
1.6000000e+00 -1.4497800e+01 -1.4039655e+01 -1.3749493e+01 -1.3529824e+01 -1.3494814e+01 -1.3464913e+01 -1.3466382e+01 -1.3449435e+01 -1.3605577e+01 -1.3725357e+01
1.8000000e+00 -1.5350695e+01 -1.4846896e+01 -1.4525229e+01 -1.4389122e+01 -1.4274863e+01 -1.4292926e+01 -1.4278743e+01 -1.4306003e+01 -1.4406274e+01 -1.4501222e+01
2.0000000e+00 -1.6203175e+01 -1.5632847e+01 -1.5419204e+01 -1.5201865e+01 -1.5094995e+01 -1.5031935e+01 -1.5061826e+01 -1.5088872e+01 -1.5145296e+01 -1.5306221e+01