########################################################################
# Reference Counts for Solar Model AGSS09met_old                       #
# Column 1: log10(Axion mass in eV)                                    #
#        n>1: log10(Reference photon counts in energy bin n-1)         #
########################################################################
-3.0000000e+00 -3.9473860e-01 -9.2429059e-02 6.4565845e-02 1.0474047e-01 7.4709043e-02 1.9378367e-02 -6.6599512e-02 -1.8042059e-01 -3.2872093e-01 -5.1343451e-01
-2.8000000e+00 -3.9475898e-01 -9.2442950e-02 6.4555828e-02 1.0473291e-01 7.4703155e-02 1.9373652e-02 -6.6603373e-02 -1.8042381e-01 -3.2872366e-01 -5.1343685e-01
-2.6000000e+00 -3.9488758e-01 -9.2530596e-02 6.4492623e-02 1.0468521e-01 7.4666000e-02 1.9343903e-02 -6.6627738e-02 -1.8044412e-01 -3.2874087e-01 -5.1345160e-01
-2.4000000e+00 -3.9569914e-01 -9.3083684e-02 6.4093785e-02 1.0438418e-01 7.4431552e-02 1.9156191e-02 -6.6781477e-02 -1.8057228e-01 -3.2884944e-01 -5.1354467e-01
-2.2000000e+00 -4.0082631e-01 -9.6576544e-02 6.1575651e-02 1.0248386e-01 7.2951717e-02 1.7971435e-02 -6.7751750e-02 -1.8138109e-01 -3.2953461e-01 -5.1413202e-01
-2.1500000e+00 -4.0439666e-01 -9.9007433e-02 5.9823748e-02 1.0116208e-01 7.1922571e-02 1.7147594e-02 -6.8426392e-02 -1.8194343e-01 -3.3001097e-01 -5.1454035e-01
-2.1000000e+00 -4.1006661e-01 -1.0286548e-01 5.7044358e-02 9.9065589e-02 7.0290503e-02 1.5841261e-02 -6.9496052e-02 -1.8283498e-01 -3.3076616e-01 -5.1518767e-01
-2.0500000e+00 -4.1908155e-01 -1.0899359e-01 5.2632230e-02 9.5738814e-02 6.7701375e-02 1.3769274e-02 -7.1192418e-02 -1.8424872e-01 -3.3196359e-01 -5.1621399e-01
-2.0000000e+00 -4.3344218e-01 -1.1874022e-01 4.5621556e-02 9.0455979e-02 6.3591649e-02 1.0481390e-02 -7.3883667e-02 -1.8649123e-01 -3.3386272e-01 -5.1784159e-01
-1.9500000e+00 -4.5638894e-01 -1.3427470e-01 3.4464931e-02 8.2057306e-02 5.7062420e-02 5.2603405e-03 -7.8155791e-02 -1.9005008e-01 -3.3687604e-01 -5.2042364e-01
-1.9000000e+00 -4.9324097e-01 -1.5911876e-01 1.6666916e-02 6.8680374e-02 4.6674359e-02 -3.0400366e-03 -8.4943790e-02 -1.9570238e-01 -3.4166036e-01 -5.2452220e-01
-1.8500000e+00 -5.5292605e-01 -1.9907518e-01 -1.1839616e-02 4.7310627e-02 3.0108621e-02 -1.6260231e-02 -9.5745506e-02 -2.0469080e-01 -3.4926460e-01 -5.3103382e-01
-1.8475000e+00 -5.5674813e-01 -2.0162174e-01 -1.3651416e-02 4.5954774e-02 2.9058797e-02 -1.7097354e-02 -9.6429085e-02 -2.0525938e-01 -3.4974545e-01 -5.3144547e-01
-1.8400000e+00 -5.6880067e-01 -2.0964233e-01 -1.9353827e-02 4.1689248e-02 2.5757008e-02 -1.9729647e-02 -9.8578248e-02 -2.0704677e-01 -3.5125695e-01 -5.3273936e-01
-1.8325000e+00 -5.8178993e-01 -2.1826954e-01 -2.5480744e-02 3.7109331e-02 2.2213494e-02 -2.2553747e-02 -1.0088348e-01 -2.0896363e-01 -3.5287773e-01 -5.3412665e-01
-1.8250000e+00 -5.9579542e-01 -2.2755210e-01 -3.2065153e-02 3.2191091e-02 1.8410108e-02 -2.5583914e-02 -1.0335631e-01 -2.1101947e-01 -3.5461576e-01 -5.3561414e-01
-1.8175000e+00 -6.1090459e-01 -2.3754308e-01 -3.9142825e-02 2.6908655e-02 1.4327275e-02 -2.8835509e-02 -1.0600912e-01 -2.1322451e-01 -3.5647965e-01 -5.3720914e-01
-1.8100000e+00 -6.2721385e-01 -2.4830043e-01 -4.6752589e-02 2.1234034e-02 9.9438614e-03 -3.2325090e-02 -1.0885528e-01 -2.1558974e-01 -3.5847862e-01 -5.3891953e-01
-1.8025000e+00 -6.4482970e-01 -2.5988749e-01 -5.4936638e-02 1.5136921e-02 5.2370411e-03 -3.6070511e-02 -1.1190916e-01 -2.1812700e-01 -3.6062261e-01 -5.4075374e-01
-1.7950000e+00 -6.6387013e-01 -2.7237360e-01 -6.3740869e-02 8.5844797e-03 1.8214583e-04 -4.0091035e-02 -1.1518625e-01 -2.2084904e-01 -3.6292230e-01 -5.4272086e-01
-1.7875000e+00 -6.8446628e-01 -2.8583483e-01 -7.3215273e-02 1.5410982e-03 -5.2475026e-03 -4.4407453e-02 -1.1870325e-01 -2.2376958e-01 -3.6538917e-01 -5.4483065e-01
-1.7800000e+00 -7.0676431e-01 -3.0035480e-01 -8.3414370e-02 -6.0318816e-03 -1.1080776e-02 -4.9042218e-02 -1.2247817e-01 -2.2690338e-01 -3.6803561e-01 -5.4709363e-01
-1.7725000e+00 -7.3092781e-01 -3.1602561e-01 -9.4397704e-02 -1.4176468e-02 -1.7348945e-02 -5.4019595e-02 -1.2653044e-01 -2.3026638e-01 -3.7087493e-01 -5.4952109e-01
-1.7650000e+00 -7.5714056e-01 -3.3294894e-01 -1.0623041e-01 -2.2938361e-02 -2.4085906e-02 -5.9365822e-02 -1.3088103e-01 -2.3387574e-01 -3.7392148e-01 -5.5212519e-01
-1.7575000e+00 -7.8560997e-01 -3.5123738e-01 -1.1898387e-01 -3.2367338e-02 -3.1328435e-02 -6.5109291e-02 -1.3555260e-01 -2.3774999e-01 -3.7719071e-01 -5.5491903e-01
-1.7500000e+00 -8.1657128e-01 -3.7101593e-01 -1.3273646e-01 -4.2517689e-02 -3.9116472e-02 -7.1280749e-02 -1.4056962e-01 -2.4190910e-01 -3.8069928e-01 -5.5791673e-01
-1.7425000e+00 -8.5029282e-01 -3.9242383e-01 -1.4757437e-01 -5.3448713e-02 -4.7493442e-02 -7.7913519e-02 -1.4595857e-01 -2.4637466e-01 -3.8446516e-01 -5.6113346e-01
-1.7350000e+00 -8.8708255e-01 -4.1561672e-01 -1.6359268e-01 -6.5225282e-02 -5.6506610e-02 -8.5043753e-02 -1.5174811e-01 -2.5116996e-01 -3.8850774e-01 -5.6458560e-01
-1.7275000e+00 -9.2729641e-01 -4.4076931e-01 -1.8089649e-01 -7.7918490e-02 -6.6207490e-02 -9.2710702e-02 -1.5796926e-01 -2.5632022e-01 -3.9284793e-01 -5.6829083e-01
-1.7200000e+00 -9.7134904e-01 -4.6807851e-01 -1.9960229e-01 -9.1606394e-02 -7.6652300e-02 -1.0095704e-01 -1.6465566e-01 -2.6185268e-01 -3.9750834e-01 -5.7226818e-01
-1.7125000e+00 -1.0197277e+00 -4.9776738e-01 -2.1983962e-01 -1.0637488e-01 -8.7902493e-02 -1.0982919e-01 -1.7184381e-01 -2.6779686e-01 -4.0251340e-01 -5.7653821e-01
-1.7050000e+00 -1.0730109e+00 -5.3009001e-01 -2.4175299e-01 -1.2231867e-01 -1.0002535e-01 -1.1937776e-01 -1.7957334e-01 -2.7418471e-01 -4.0788952e-01 -5.8112315e-01
-1.6975000e+00 -1.1318930e+00 -5.6533755e-01 -2.6550424e-01 -1.3954247e-01 -1.1309465e-01 -1.2965796e-01 -1.8788734e-01 -2.8105091e-01 -4.1366529e-01 -5.8604697e-01
-1.6900000e+00 -1.1972180e+00 -6.0384598e-01 -2.9127536e-01 -1.5816238e-01 -1.2719151e-01 -1.4073011e-01 -1.9683272e-01 -2.8843309e-01 -4.1987166e-01 -5.9133563e-01
-1.6825000e+00 -1.2700270e+00 -6.4600601e-01 -3.1927195e-01 -1.7830749e-01 -1.4240523e-01 -1.5266024e-01 -2.0646059e-01 -2.9637211e-01 -4.2654221e-01 -5.9701721e-01
-1.6750000e+00 -1.3516243e+00 -6.9227594e-01 -3.4972749e-01 -2.0012189e-01 -1.5883445e-01 -1.6552075e-01 -2.1682672e-01 -3.0491243e-01 -4.3371335e-01 -6.0312211e-01
-1.6675000e+00 -1.4436731e+00 -7.4319879e-01 -3.8290867e-01 -2.2376691e-01 -1.7658831e-01 -1.7939118e-01 -2.2799211e-01 -3.1410248e-01 -4.4142463e-01 -6.0968327e-01
-1.6600000e+00 -1.5483341e+00 -7.9942517e-01 -4.1912207e-01 -2.4942404e-01 -1.9578801e-01 -1.9435912e-01 -2.4002349e-01 -3.2399505e-01 -4.4971904e-01 -6.1673645e-01
-1.6525000e+00 -1.6684658e+00 -8.6174469e-01 -4.5872273e-01 -2.7729839e-01 -2.1656853e-01 -2.1052120e-01 -2.5299409e-01 -3.3464780e-01 -4.5864337e-01 -6.2432045e-01
-1.6450000e+00 -1.8078990e+00 -9.3112979e-01 -5.0212527e-01 -3.0762289e-01 -2.3908074e-01 -2.2798437e-01 -2.6698437e-01 -3.4612376e-01 -4.6824865e-01 -6.3247746e-01
-1.6375000e+00 -1.9717308e+00 -1.0087984e+00 -5.4981836e-01 -3.4066374e-01 -2.6349392e-01 -2.4686729e-01 -2.8208294e-01 -3.5849204e-01 -4.7859054e-01 -6.4125338e-01
-1.6300000e+00 -2.1662108e+00 -1.0963052e+00 -6.0238423e-01 -3.7672706e-01 -2.8999891e-01 -2.6730203e-01 -2.9838764e-01 -3.7182844e-01 -4.8972988e-01 -6.5069824e-01
-1.6225000e+00 -2.3958811e+00 -1.1956789e+00 -6.6052505e-01 -4.1616755e-01 -3.1881184e-01 -2.8943616e-01 -3.1600675e-01 -3.8621637e-01 -5.0173329e-01 -6.6086660e-01
-1.6150000e+00 -2.6468249e+00 -1.3096314e+00 -7.2509958e-01 -4.5939961e-01 -3.5017887e-01 -3.1343514e-01 -3.3506051e-01 -4.0174777e-01 -5.1467383e-01 -6.7181809e-01
-1.6075000e+00 -2.8286826e+00 -1.4418836e+00 -7.9717530e-01 -5.0691210e-01 -3.8438210e-01 -3.3948532e-01 -3.5568280e-01 -4.1852422e-01 -5.2863182e-01 -6.8361797e-01
-1.6000000e+00 -2.7887249e+00 -1.5976619e+00 -8.7810418e-01 -5.5928789e-01 -4.2174706e-01 -3.6779762e-01 -3.7802327e-01 -4.3665833e-01 -5.4369569e-01 -6.9633779e-01
-1.5925000e+00 -2.5896368e+00 -1.7843597e+00 -9.6963625e-01 -6.1723076e-01 -4.6265237e-01 -3.9861203e-01 -4.0224985e-01 -4.5627524e-01 -5.5996310e-01 -7.1005615e-01
-1.5850000e+00 -2.3791143e+00 -2.0117348e+00 -1.0740951e+00 -6.8160273e-01 -5.0754232e-01 -4.3220329e-01 -4.2855179e-01 -4.7751450e-01 -5.7754212e-01 -7.2485958e-01
-1.5775000e+00 -2.2029627e+00 -2.2866423e+00 -1.1946577e+00 -7.5347729e-01 -5.5694364e-01 -4.6888809e-01 -4.5714345e-01 -5.0053235e-01 -5.9655279e-01 -7.4084357e-01
-1.5700000e+00 -2.0633219e+00 -2.5718844e+00 -1.3358158e+00 -8.3421758e-01 -6.1148805e-01 -5.0903427e-01 -4.8826898e-01 -5.2550438e-01 -6.1712874e-01 -7.5811374e-01
-1.5625000e+00 -1.9549126e+00 -2.6681068e+00 -1.5041470e+00 -9.2559435e-01 -6.7194345e-01 -5.5307289e-01 -5.2220813e-01 -5.5262889e-01 -6.3941938e-01 -7.7678729e-01
-1.5550000e+00 -1.8728387e+00 -2.4709207e+00 -1.7095397e+00 -1.0299707e+00 -7.3925786e-01 -6.0151413e-01 -5.5928373e-01 -5.8213092e-01 -6.6359237e-01 -7.9699467e-01
-1.5475000e+00 -1.8136337e+00 -2.2130371e+00 -1.9663569e+00 -1.1506023e+00 -8.1462310e-01 -6.5496876e-01 -5.9987126e-01 -6.1426742e-01 -6.8983669e-01 -8.1888157e-01
-1.5400000e+00 -1.7751124e+00 -1.9979235e+00 -2.2867883e+00 -1.2921479e+00 -8.9956971e-01 -7.1417770e-01 -6.4441137e-01 -6.4933358e-01 -7.1836640e-01 -8.4261133e-01
-1.5325000e+00 -1.7561156e+00 -1.8304888e+00 -2.6021396e+00 -1.4615704e+00 -9.9611347e-01 -7.8005357e-01 -6.9342648e-01 -6.8767110e-01 -7.4942533e-01 -8.6836791e-01
-1.5250000e+00 -1.7563343e+00 -1.7016301e+00 -2.5843697e+00 -1.6697579e+00 -1.1069906e+00 -8.5374067e-01 -7.4754329e-01 -7.2967877e-01 -7.8329294e-01 -8.9635943e-01
-1.5175000e+00 -1.7762302e+00 -1.6036163e+00 -2.2858006e+00 -1.9340796e+00 -1.2360530e+00 -9.3670430e-01 -8.0752379e-01 -7.7582643e-01 -8.2029175e-01 -9.2682269e-01
-1.5100000e+00 -1.8170458e+00 -1.5312459e+00 -2.0078521e+00 -2.2771170e+00 -1.3889674e+00 -1.0308682e+00 -8.7430917e-01 -8.2667367e-01 -8.6079698e-01 -9.6002869e-01
-1.5025000e+00 -1.8808989e+00 -1.4812640e+00 -1.7949362e+00 -2.6540828e+00 -1.5745217e+00 -1.1388346e+00 -9.4908355e-01 -8.8289525e-01 -9.0524907e-01 -9.9628974e-01
-1.4950000e+00 -1.9709551e+00 -1.4518190e+00 -1.6336812e+00 -2.6514492e+00 -1.8071522e+00 -1.2642547e+00 -1.0333694e+00 -9.4531665e-01 -9.5417039e-01 -1.0359685e+00
-1.4875000e+00 -2.0916046e+00 -1.4421251e+00 -1.5112149e+00 -2.3010922e+00 -2.1112960e+00 -1.4124854e+00 -1.1291754e+00 -1.0149648e+00 -1.0081878e+00 -1.0794899e+00
-1.4800000e+00 -2.2482433e+00 -1.4522936e+00 -1.4191585e+00 -1.9963073e+00 -2.5165663e+00 -1.5918345e+00 -1.2392368e+00 -1.0931428e+00 -1.0680639e+00 -1.1273568e+00
-1.4725000e+00 -2.4447171e+00 -1.4832983e+00 -1.3523463e+00 -1.7708905e+00 -2.8637777e+00 -1.8160787e+00 -1.3674229e+00 -1.1815431e+00 -1.1347413e+00 -1.1801708e+00
-1.4650000e+00 -2.6699886e+00 -1.5370623e+00 -1.3077106e+00 -1.6028663e+00 -2.6064429e+00 -2.1096680e+00 -1.5194763e+00 -1.2824270e+00 -1.2094069e+00 -1.2386620e+00
-1.4575000e+00 -2.8533737e+00 -1.6166835e+00 -1.2836214e+00 -1.4761938e+00 -2.2204570e+00 -2.5137086e+00 -1.7044480e+00 -1.3989213e+00 -1.2935887e+00 -1.3037295e+00
-1.4500000e+00 -2.8582311e+00 -1.7268251e+00 -1.2795369e+00 -1.3812253e+00 -1.9372910e+00 -2.9748523e+00 -1.9377256e+00 -1.5355374e+00 -1.3893060e+00 -1.3765009e+00
-1.4425000e+00 -2.7043871e+00 -1.8742327e+00 -1.2958563e+00 -1.3122203e+00 -1.7320298e+00 -2.8053170e+00 -2.2477867e+00 -1.6991439e+00 -1.4993153e+00 -1.4584208e+00
-1.4350000e+00 -2.5304075e+00 -2.0677545e+00 -1.3339277e+00 -1.2658233e+00 -1.5793824e+00 -2.3666490e+00 -2.6864224e+00 -1.9009467e+00 -1.6275304e+00 -1.5513878e+00
-1.4275000e+00 -2.3958849e+00 -2.3134869e+00 -1.3962116e+00 -1.2402513e+00 -1.4647236e+00 -2.0514357e+00 -3.1730068e+00 -2.1609255e+00 -1.7797937e+00 -1.6579757e+00
-1.4200000e+00 -2.3105228e+00 -2.5804096e+00 -1.4866452e+00 -1.2348823e+00 -1.3796558e+00 -1.8281115e+00 -2.8772892e+00 -2.5184214e+00 -1.9654067e+00 -1.7818091e+00
-1.4125000e+00 -2.2732424e+00 -2.6987713e+00 -1.6113083e+00 -1.2500824e+00 -1.3192853e+00 -1.6639382e+00 -2.4221999e+00 -3.0415094e+00 -2.2004889e+00 -1.9282433e+00
-1.4050000e+00 -2.2828048e+00 -2.5446749e+00 -1.7794903e+00 -1.2872101e+00 -1.2808432e+00 -1.5410779e+00 -2.1122492e+00 -3.3490108e+00 -2.5162278e+00 -2.1056971e+00
-1.3975000e+00 -2.3397371e+00 -2.3187241e+00 -2.0046308e+00 -1.3487937e+00 -1.2629936e+00 -1.4496366e+00 -1.8942351e+00 -2.8240302e+00 -2.9787369e+00 -2.3285403e+00
-1.3900000e+00 -2.4457921e+00 -2.1392667e+00 -2.2983026e+00 -1.4389456e+00 -1.2655049e+00 -1.3839369e+00 -1.7342147e+00 -2.4137714e+00 -3.5744293e+00 -2.6241795e+00
-1.3825000e+00 -2.6002541e+00 -2.0202777e+00 -2.6035581e+00 -1.5641633e+00 -1.2891454e+00 -1.3407508e+00 -1.6146551e+00 -2.1394260e+00 -3.2170227e+00 -3.0523252e+00
-1.3750000e+00 -2.7857293e+00 -1.9570820e+00 -2.6238086e+00 -1.7347993e+00 -1.3357591e+00 -1.3184401e+00 -1.5259721e+00 -1.9440969e+00 -2.7121319e+00 -3.6996833e+00
-1.3675000e+00 -2.9333197e+00 -1.9459539e+00 -2.3578772e+00 -1.9673585e+00 -1.4085507e+00 -1.3165457e+00 -1.4627086e+00 -1.7997527e+00 -2.3878080e+00 -3.5785502e+00
-1.3600000e+00 -2.9402063e+00 -1.9866660e+00 -2.1063752e+00 -2.2834041e+00 -1.5126901e+00 -1.3356361e+00 -1.4217950e+00 -1.6920062e+00 -2.1638488e+00 -2.9999545e+00
-1.3525000e+00 -2.8321196e+00 -2.0824335e+00 -1.9305499e+00 -2.6482241e+00 -1.6565049e+00 -1.3773488e+00 -1.4017197e+00 -1.6129252e+00 -2.0006824e+00 -2.6379994e+00
-1.3450000e+00 -2.7184280e+00 -2.2384579e+00 -1.8224506e+00 -2.6873533e+00 -1.8538108e+00 -1.4446400e+00 -1.4021404e+00 -1.5580023e+00 -1.8791628e+00 -2.3941652e+00
-1.3375000e+00 -2.6530304e+00 -2.4528875e+00 -1.7729003e+00 -2.3652707e+00 -2.1279145e+00 -1.5423452e+00 -1.4237530e+00 -1.5247792e+00 -1.7891072e+00 -2.2186106e+00
-1.3300000e+00 -2.6491185e+00 -2.6733389e+00 -1.7781327e+00 -2.0829392e+00 -2.5080264e+00 -1.6783173e+00 -1.4683583e+00 -1.5121932e+00 -1.7247937e+00 -2.0883614e+00
-1.3225000e+00 -2.7075326e+00 -2.7328371e+00 -1.8395882e+00 -1.8925463e+00 -2.8656276e+00 -1.8657642e+00 -1.5391523e+00 -1.5202905e+00 -1.6830212e+00 -1.9915494e+00
-1.3150000e+00 -2.8219328e+00 -2.5910834e+00 -1.9637902e+00 -1.7764784e+00 -2.6568365e+00 -2.1280730e+00 -1.6413680e+00 -1.5501693e+00 -1.6622073e+00 -1.9215918e+00
-1.3075000e+00 -2.9667035e+00 -2.4268107e+00 -2.1614520e+00 -1.7221104e+00 -2.2875005e+00 -2.5047247e+00 -1.7835974e+00 -1.6041261e+00 -1.6619718e+00 -1.8747860e+00
-1.3000000e+00 -3.0739401e+00 -2.3267505e+00 -2.4335312e+00 -1.7245712e+00 -2.0289237e+00 -2.9618651e+00 -1.9806125e+00 -1.6860678e+00 -1.6829942e+00 -1.8492168e+00
-1.2925000e+00 -3.0713982e+00 -2.3051145e+00 -2.6764676e+00 -1.7853667e+00 -1.8642399e+00 -2.8518213e+00 -2.2596426e+00 -1.8023851e+00 -1.7270786e+00 -1.8442467e+00
-1.2850000e+00 -2.9940739e+00 -2.3620645e+00 -2.6164841e+00 -1.9124247e+00 -1.7709361e+00 -2.4271574e+00 -2.6703937e+00 -1.9637926e+00 -1.7974537e+00 -1.8603182e+00
-1.2775000e+00 -2.9290725e+00 -2.4931378e+00 -2.3823279e+00 -2.1210812e+00 -1.7381534e+00 -2.1318980e+00 -3.1621318e+00 -2.1894667e+00 -1.8994443e+00 -1.8989734e+00
-1.2700000e+00 -2.9246867e+00 -2.6707663e+00 -2.2038080e+00 -2.4261520e+00 -1.7633688e+00 -1.9449346e+00 -2.9281589e+00 -2.5168847e+00 -2.0418846e+00 -1.9630972e+00
-1.2625000e+00 -2.9975243e+00 -2.7976675e+00 -2.1196197e+00 -2.7334596e+00 -1.8510393e+00 -1.8357161e+00 -2.4818084e+00 -3.0128643e+00 -2.2402554e+00 -2.0574958e+00
-1.2550000e+00 -3.1371557e+00 -2.7693060e+00 -2.1283552e+00 -2.6522689e+00 -2.0137882e+00 -1.7897546e+00 -2.1924401e+00 -3.3729516e+00 -2.5243542e+00 -2.1901188e+00
-1.2475000e+00 -3.2622038e+00 -2.6655615e+00 -2.2303806e+00 -2.3604114e+00 -2.2751652e+00 -1.8026469e+00 -2.0124345e+00 -2.8781261e+00 -2.9569524e+00 -2.3747557e+00
-1.2400000e+00 -3.2407608e+00 -2.6011159e+00 -2.4246269e+00 -2.1543849e+00 -2.6511793e+00 -1.8776149e+00 -1.9096042e+00 -2.4767908e+00 -3.5534484e+00 -2.6376325e+00
-1.2325000e+00 -3.1375591e+00 -2.6125566e+00 -2.6589482e+00 -2.0584919e+00 -2.8875797e+00 -2.0264363e+00 -1.8699334e+00 -2.2287791e+00 -3.2711121e+00 -3.0352558e+00
-1.2250000e+00 -3.1045634e+00 -2.6961245e+00 -2.7249894e+00 -2.0645661e+00 -2.5980416e+00 -2.2739003e+00 -1.8897674e+00 -2.0780685e+00 -2.7681987e+00 -3.6604835e+00
-1.2175000e+00 -3.1990854e+00 -2.8183531e+00 -2.5716109e+00 -2.1740881e+00 -2.2943811e+00 -2.6575751e+00 -1.9734392e+00 -1.9987717e+00 -2.4624224e+00 -3.6328988e+00
-1.2100000e+00 -3.3758795e+00 -2.9063911e+00 -2.4305472e+00 -2.3956604e+00 -2.1212633e+00 -3.0325799e+00 -2.1348713e+00 -1.9808334e+00 -2.2754607e+00 -3.0537063e+00
-1.2025000e+00 -3.4133448e+00 -2.9023456e+00 -2.3936611e+00 -2.6906431e+00 -2.0628798e+00 -2.7671718e+00 -2.4040657e+00 -2.0235845e+00 -2.1687767e+00 -2.7052546e+00
-1.1950000e+00 -3.2934949e+00 -2.8490205e+00 -2.4690577e+00 -2.7665937e+00 -2.1113622e+00 -2.4050840e+00 -2.8310554e+00 -2.1348201e+00 -2.1266261e+00 -2.4940042e+00
-1.1875000e+00 -3.2671215e+00 -2.8233965e+00 -2.6325634e+00 -2.5417605e+00 -2.2757174e+00 -2.1947612e+00 -3.2060911e+00 -2.3344678e+00 -2.1448396e+00 -2.3702098e+00
-1.1800000e+00 -3.3980052e+00 -2.8688521e+00 -2.7776423e+00 -2.3625051e+00 -2.5728174e+00 -2.1101893e+00 -2.8290435e+00 -2.6655794e+00 -2.2278188e+00 -2.3137295e+00
-1.1725000e+00 -3.5303466e+00 -2.9869306e+00 -2.7583159e+00 -2.3181151e+00 -2.8922501e+00 -2.1367420e+00 -2.4598185e+00 -3.1837372e+00 -2.3904060e+00 -2.3180746e+00
-1.1650000e+00 -3.4618820e+00 -3.0886635e+00 -2.6644933e+00 -2.4118073e+00 -2.7649464e+00 -2.2815570e+00 -2.2586018e+00 -3.2907200e+00 -2.6666033e+00 -2.3857566e+00
-1.1575000e+00 -3.4097497e+00 -3.0442224e+00 -2.6354324e+00 -2.6275266e+00 -2.4784036e+00 -2.5718532e+00 -2.1851637e+00 -2.7936824e+00 -3.1287492e+00 -2.5291216e+00
-1.1500000e+00 -3.5034332e+00 -2.9663581e+00 -2.6974737e+00 -2.8201461e+00 -2.3339239e+00 -2.9759093e+00 -2.2254540e+00 -2.4801030e+00 -3.6165033e+00 -2.7776349e+00
-1.1425000e+00 -3.6161748e+00 -3.0156517e+00 -2.8072376e+00 -2.7367372e+00 -2.3460451e+00 -2.9362794e+00 -2.3907169e+00 -2.3260790e+00 -3.1423748e+00 -3.1995000e+00
-1.1350000e+00 -3.5742447e+00 -3.1896004e+00 -2.8769510e+00 -2.5826687e+00 -2.5152416e+00 -2.5841420e+00 -2.7186463e+00 -2.2941606e+00 -2.7310264e+00 -3.8193795e+00
-1.1275000e+00 -3.5430114e+00 -3.2206871e+00 -2.8669873e+00 -2.5538238e+00 -2.8126845e+00 -2.3898528e+00 -3.1690766e+00 -2.3794724e+00 -2.5160378e+00 -3.4773384e+00
-1.1200000e+00 -3.6544430e+00 -3.0956434e+00 -2.8347122e+00 -2.6665098e+00 -2.9204840e+00 -2.3678976e+00 -3.0178954e+00 -2.6055764e+00 -2.4364696e+00 -2.9909198e+00
-1.1125000e+00 -3.7212262e+00 -3.1336698e+00 -2.8451175e+00 -2.8347256e+00 -2.6922326e+00 -2.5159089e+00 -2.6357978e+00 -3.0279487e+00 -2.4744414e+00 -2.7340685e+00
-1.1050000e+00 -3.6348941e+00 -3.3217605e+00 -2.9294676e+00 -2.8575883e+00 -2.5480641e+00 -2.8401240e+00 -2.4519933e+00 -3.4045445e+00 -2.6426181e+00 -2.6251446e+00
-1.0975000e+00 -3.7228918e+00 -3.2892287e+00 -3.0328744e+00 -2.7726356e+00 -2.5886907e+00 -3.0726316e+00 -2.4490671e+00 -2.9846124e+00 -2.9915396e+00 -2.6362822e+00
-1.0900000e+00 -3.8159412e+00 -3.2060041e+00 -3.0068251e+00 -2.7619592e+00 -2.7963087e+00 -2.8052281e+00 -2.6282885e+00 -2.6530842e+00 -3.5454424e+00 -2.7736404e+00
-1.0825000e+00 -3.7212087e+00 -3.3334004e+00 -2.9442148e+00 -2.8442049e+00 -2.9735694e+00 -2.5945567e+00 -3.0088214e+00 -2.5340988e+00 -3.3552322e+00 -3.0809147e+00
-1.0750000e+00 -3.8426241e+00 -3.4087885e+00 -3.0337902e+00 -2.9281487e+00 -2.8523517e+00 -2.5967818e+00 -3.2122709e+00 -2.5981081e+00 -2.9036293e+00 -3.6440407e+00
-1.0675000e+00 -3.8596629e+00 -3.3295910e+00 -3.1838095e+00 -2.9453437e+00 -2.7393450e+00 -2.8101410e+00 -2.8581698e+00 -2.8657952e+00 -2.6996903e+00 -3.7050174e+00
-1.0600000e+00 -3.8315556e+00 -3.3944552e+00 -3.0874947e+00 -2.9346585e+00 -2.8019684e+00 -3.0902306e+00 -2.6507723e+00 -3.3330479e+00 -2.6910031e+00 -3.1694366e+00
-1.0525000e+00 -3.9497909e+00 -3.4822593e+00 -3.0596058e+00 -2.9402895e+00 -2.9707862e+00 -2.9612485e+00 -2.6806542e+00 -3.2424474e+00 -2.8780826e+00 -2.9073533e+00
-1.0450000e+00 -3.9042259e+00 -3.4429517e+00 -3.2527254e+00 -3.0035559e+00 -3.0003652e+00 -2.7719382e+00 -2.9476536e+00 -2.8598365e+00 -3.3154877e+00 -2.8551660e+00
-1.0375000e+00 -3.9717663e+00 -3.4759562e+00 -3.2215831e+00 -3.0943985e+00 -2.9227268e+00 -2.8070905e+00 -3.2580583e+00 -2.7329643e+00 -3.6018753e+00 -2.9972142e+00
-1.0300000e+00 -4.0014340e+00 -3.5774590e+00 -3.1469155e+00 -3.0591888e+00 -2.9445662e+00 -3.0351959e+00 -3.0232775e+00 -2.8577825e+00 -3.1338121e+00 -3.3891502e+00
-1.0225000e+00 -4.0034652e+00 -3.5108127e+00 -3.3291610e+00 -3.0339831e+00 -3.0371557e+00 -3.1151009e+00 -2.8234137e+00 -3.2397951e+00 -2.8899312e+00 -3.8851121e+00
-1.0150000e+00 -4.0765760e+00 -3.6112361e+00 -3.2929086e+00 -3.1831878e+00 -3.0784532e+00 -2.9572420e+00 -2.8975952e+00 -3.3851229e+00 -2.9154196e+00 -3.4241814e+00
-1.0075000e+00 -4.0628385e+00 -3.6192171e+00 -3.2665167e+00 -3.1929968e+00 -3.0779144e+00 -2.9553567e+00 -3.1957134e+00 -3.0245319e+00 -3.2192766e+00 -3.0977631e+00
-1.0000000e+00 -4.1265026e+00 -3.6208913e+00 -3.4098512e+00 -3.1039032e+00 -3.0809005e+00 -3.1181542e+00 -3.2197884e+00 -2.9115373e+00 -3.6511888e+00 -3.0623947e+00
-9.9250000e-01 -4.1360188e+00 -3.7152434e+00 -3.3504843e+00 -3.2816579e+00 -3.1326730e+00 -3.1574582e+00 -3.0023669e+00 -3.1066145e+00 -3.3073132e+00 -3.3085492e+00
-9.8500000e-01 -4.1738733e+00 -3.6669059e+00 -3.4034024e+00 -3.2660760e+00 -3.2193724e+00 -3.0868456e+00 -3.0352821e+00 -3.4525835e+00 -3.0516785e+00 -3.8328843e+00
-9.7750000e-01 -4.2105628e+00 -3.7750430e+00 -3.4635244e+00 -3.2030690e+00 -3.1721580e+00 -3.1361021e+00 -3.2717746e+00 -3.2425307e+00 -3.1307846e+00 -3.6106327e+00
-9.7000000e-01 -4.2081876e+00 -3.7348541e+00 -3.4404043e+00 -3.4068529e+00 -3.1927108e+00 -3.2151483e+00 -3.2481991e+00 -3.0675197e+00 -3.5266490e+00 -3.2542234e+00
-9.6250000e-01 -4.3039685e+00 -3.8248543e+00 -3.5206678e+00 -3.2820684e+00 -3.3433914e+00 -3.2276172e+00 -3.1318043e+00 -3.2287212e+00 -3.5542004e+00 -3.2569113e+00
-9.5500000e-01 -4.2672595e+00 -3.7979327e+00 -3.5160188e+00 -3.3809957e+00 -3.2361398e+00 -3.2342345e+00 -3.2458095e+00 -3.4864778e+00 -3.2278069e+00 -3.6197917e+00
-9.4750000e-01 -4.3153709e+00 -3.8899101e+00 -3.5631804e+00 -3.4171125e+00 -3.3131259e+00 -3.2595062e+00 -3.3467612e+00 -3.2852780e+00 -3.2603322e+00 -3.8648340e+00
-9.4000000e-01 -4.3792057e+00 -3.8554451e+00 -3.5841587e+00 -3.3911914e+00 -3.4180908e+00 -3.3475424e+00 -3.2750225e+00 -3.2359399e+00 -3.6177096e+00 -3.4501816e+00
-9.3250000e-01 -4.3624743e+00 -3.9284352e+00 -3.6286258e+00 -3.4969952e+00 -3.2942558e+00 -3.3226370e+00 -3.3219302e+00 -3.4629880e+00 -3.5467388e+00 -3.3882121e+00
-9.2500000e-01 -4.4002994e+00 -3.9671716e+00 -3.6255162e+00 -3.4563821e+00 -3.5098321e+00 -3.3373596e+00 -3.3896103e+00 -3.4470278e+00 -3.3356836e+00 -3.7342336e+00
-9.1750000e-01 -4.4722513e+00 -3.9380362e+00 -3.7168010e+00 -3.5374837e+00 -3.3747463e+00 -3.4721217e+00 -3.3986350e+00 -3.3528988e+00 -3.5171731e+00 -3.8407691e+00
-9.1000000e-01 -4.4932984e+00 -4.0287340e+00 -3.6668210e+00 -3.5364118e+00 -3.5141571e+00 -3.3581845e+00 -3.4157840e+00 -3.5009224e+00 -3.6987302e+00 -3.5172293e+00
-9.0250000e-01 -4.4905930e+00 -4.0402698e+00 -3.7755255e+00 -3.5811949e+00 -3.4762319e+00 -3.5176294e+00 -3.4525374e+00 -3.5168407e+00 -3.4796752e+00 -3.6217056e+00
-8.9500000e-01 -4.5119428e+00 -4.0476172e+00 -3.7483678e+00 -3.5993235e+00 -3.5400069e+00 -3.4646308e+00 -3.5215489e+00 -3.4851248e+00 -3.5749853e+00 -3.9511301e+00
-8.8750000e-01 -4.5554362e+00 -4.1183710e+00 -3.8081097e+00 -3.6581561e+00 -3.5513870e+00 -3.5106712e+00 -3.4687833e+00 -3.5715787e+00 -3.7347282e+00 -3.6858749e+00
-8.8000000e-01 -4.6012629e+00 -4.1433505e+00 -3.8253246e+00 -3.6262578e+00 -3.5966429e+00 -3.5782273e+00 -3.6021203e+00 -3.5837239e+00 -3.5914710e+00 -3.6899471e+00
-8.7250000e-01 -4.6386746e+00 -4.1325941e+00 -3.8381958e+00 -3.7562523e+00 -3.6096370e+00 -3.5389691e+00 -3.5420604e+00 -3.6101428e+00 -3.7027893e+00 -3.9719709e+00
-8.6500000e-01 -4.6704866e+00 -4.1566735e+00 -3.9247174e+00 -3.6879652e+00 -3.6551896e+00 -3.6512274e+00 -3.6240231e+00 -3.6294950e+00 -3.7470970e+00 -3.7789539e+00
-8.5750000e-01 -4.7038182e+00 -4.2107634e+00 -3.9280682e+00 -3.7509666e+00 -3.6792021e+00 -3.6062830e+00 -3.6391904e+00 -3.7062308e+00 -3.7153970e+00 -3.8336420e+00
-8.5000000e-01 -4.7362690e+00 -4.2606117e+00 -3.9109116e+00 -3.8311706e+00 -3.7025666e+00 -3.6842641e+00 -3.6546649e+00 -3.6573206e+00 -3.8016744e+00 -3.9875596e+00
-8.4250000e-01 -4.7584625e+00 -4.2930131e+00 -3.9616918e+00 -3.7899097e+00 -3.7358356e+00 -3.7028229e+00 -3.7119852e+00 -3.7920229e+00 -3.8004190e+00 -3.8573697e+00
-8.3500000e-01 -4.7795121e+00 -4.3172816e+00 -4.0265044e+00 -3.8377624e+00 -3.7997250e+00 -3.7043494e+00 -3.7221641e+00 -3.7061902e+00 -3.8417463e+00 -4.0027875e+00
-8.2750000e-01 -4.7992639e+00 -4.3437073e+00 -4.0515579e+00 -3.8903193e+00 -3.7528926e+00 -3.7909803e+00 -3.7432309e+00 -3.8618444e+00 -3.8628849e+00 -3.9721648e+00
-8.2000000e-01 -4.8128766e+00 -4.3732874e+00 -4.0579248e+00 -3.8941391e+00 -3.8433899e+00 -3.7642177e+00 -3.8303622e+00 -3.7562901e+00 -3.9127184e+00 -4.0173684e+00
-8.1250000e-01 -4.8565854e+00 -4.4004447e+00 -4.0747670e+00 -3.9317835e+00 -3.9086853e+00 -3.8291164e+00 -3.7566670e+00 -3.9430261e+00 -3.9078128e+00 -4.0466428e+00
-8.0500000e-01 -4.9050147e+00 -4.4270576e+00 -4.1041798e+00 -3.9962732e+00 -3.8542958e+00 -3.8362606e+00 -3.9257387e+00 -3.7992365e+00 -3.9851287e+00 -4.0849215e+00
-7.9750000e-01 -4.9286135e+00 -4.4677305e+00 -4.1377944e+00 -4.0330553e+00 -3.8833085e+00 -3.8982330e+00 -3.8312885e+00 -4.0153084e+00 -3.9673966e+00 -4.0875726e+00
-7.9000000e-01 -4.9390073e+00 -4.5101254e+00 -4.1712136e+00 -4.0403290e+00 -3.9694306e+00 -3.9111517e+00 -3.9118004e+00 -3.8778410e+00 -4.0258621e+00 -4.1697174e+00
-7.8250000e-01 -4.9940007e+00 -4.5230188e+00 -4.2064457e+00 -4.0485337e+00 -4.0054986e+00 -3.8954090e+00 -3.9644802e+00 -3.9921997e+00 -4.0709274e+00 -4.1267074e+00
-7.7500000e-01 -5.0030550e+00 -4.5404775e+00 -4.2439820e+00 -4.0708330e+00 -4.0081165e+00 -3.9749653e+00 -3.9486433e+00 -4.0474243e+00 -4.0230891e+00 -4.2461443e+00
-7.6750000e-01 -5.0495410e+00 -4.5584941e+00 -4.2721978e+00 -4.1038426e+00 -4.0310585e+00 -4.0570666e+00 -4.0008144e+00 -3.9642241e+00 -4.2094168e+00 -4.1887947e+00
-7.6000000e-01 -5.0656589e+00 -4.6172498e+00 -4.2858636e+00 -4.1391410e+00 -4.0761738e+00 -4.0470661e+00 -4.0180768e+00 -4.1031470e+00 -4.0621474e+00 -4.2709363e+00
-7.5250000e-01 -5.1167721e+00 -4.6400171e+00 -4.3194252e+00 -4.1677039e+00 -4.1248888e+00 -4.0255414e+00 -4.0480586e+00 -4.1196638e+00 -4.1928262e+00 -4.3193218e+00
-7.4500000e-01 -5.1226624e+00 -4.6548859e+00 -4.3781600e+00 -4.1857356e+00 -4.1664268e+00 -4.0465737e+00 -4.1200073e+00 -4.0870934e+00 -4.2622111e+00 -4.2445997e+00
-7.3750000e-01 -5.1598379e+00 -4.7104262e+00 -4.4084059e+00 -4.2064425e+00 -4.1996264e+00 -4.0948201e+00 -4.1539267e+00 -4.1477160e+00 -4.1575603e+00 -4.4439234e+00
-7.3000000e-01 -5.2026096e+00 -4.7103776e+00 -4.4348968e+00 -4.2523341e+00 -4.2244895e+00 -4.1437238e+00 -4.1387584e+00 -4.1913444e+00 -4.2565616e+00 -4.3532862e+00
-7.2250000e-01 -5.2302637e+00 -4.7654313e+00 -4.4371340e+00 -4.3080089e+00 -4.2403036e+00 -4.1827079e+00 -4.1327916e+00 -4.2070364e+00 -4.3556109e+00 -4.3418023e+00
-7.1500000e-01 -5.2535079e+00 -4.7730275e+00 -4.5068455e+00 -4.3346685e+00 -4.2539411e+00 -4.2160711e+00 -4.1562907e+00 -4.2500261e+00 -4.3166406e+00 -4.5217902e+00
-7.0750000e-01 -5.2775621e+00 -4.8263743e+00 -4.5106000e+00 -4.3685896e+00 -4.2811451e+00 -4.2523590e+00 -4.1970042e+00 -4.3058909e+00 -4.3146177e+00 -4.4998954e+00
-7.0000000e-01 -5.3116997e+00 -4.8505589e+00 -4.5437436e+00 -4.3742137e+00 -4.3161633e+00 -4.2961470e+00 -4.2398119e+00 -4.3402929e+00 -4.3667527e+00 -4.4307833e+00
-6.5000000e-01 -5.5184626e+00 -5.0372630e+00 -4.7493499e+00 -4.6008875e+00 -4.5064413e+00 -4.4524411e+00 -4.4714346e+00 -4.4836206e+00 -4.6365763e+00 -4.6931868e+00
-6.0000000e-01 -5.7052856e+00 -5.2498823e+00 -4.9390146e+00 -4.7983215e+00 -4.6941239e+00 -4.6662831e+00 -4.6930955e+00 -4.6683905e+00 -4.7803886e+00 -4.9493269e+00
-5.5000000e-01 -5.9176677e+00 -5.4486806e+00 -5.1531493e+00 -4.9748864e+00 -4.9195145e+00 -4.8529167e+00 -4.8838872e+00 -4.8904754e+00 -4.9993962e+00 -5.0669861e+00
-5.0000000e-01 -6.1091417e+00 -5.6460926e+00 -5.3538659e+00 -5.1778298e+00 -5.1136907e+00 -5.0758396e+00 -5.0652634e+00 -5.0832450e+00 -5.1897212e+00 -5.2895017e+00
-4.0000000e-01 -6.4705144e+00 -6.0419078e+00 -5.7474759e+00 -5.5890082e+00 -5.5085158e+00 -5.4628543e+00 -5.4761208e+00 -5.5037851e+00 -5.5686995e+00 -5.7037717e+00
-2.0000000e-01 -7.4170925e+00 -6.7983345e+00 -6.5100718e+00 -6.3874313e+00 -6.3059673e+00 -6.2670703e+00 -6.2668248e+00 -6.3082880e+00 -6.3785227e+00 -6.4897449e+00
0.0000000e+00 -8.0936660e+00 -7.6036040e+00 -7.3318188e+00 -7.1630183e+00 -7.0859899e+00 -7.0874156e+00 -7.0730354e+00 -7.1025753e+00 -7.1798946e+00 -7.2963894e+00
2.0000000e-01 -8.8544534e+00 -8.4615355e+00 -8.1480313e+00 -7.9755601e+00 -7.8927997e+00 -7.9211793e+00 -7.8981678e+00 -7.8792233e+00 -7.9975880e+00 -8.1022619e+00
4.0000000e-01 -9.7708844e+00 -9.2107702e+00 -8.9824792e+00 -8.7833939e+00 -8.7033534e+00 -8.7045011e+00 -8.6592286e+00 -8.7074427e+00 -8.7788640e+00 -8.8904353e+00
6.0000000e-01 -1.0530125e+01 -1.0052208e+01 -9.7122184e+00 -9.5761138e+00 -9.4667841e+00 -9.4933251e+00 -9.4439048e+00 -9.4475147e+00 -9.5973385e+00 -9.6815949e+00
8.0000000e-01 -1.1274431e+01 -1.0828633e+01 -1.0561813e+01 -1.0391199e+01 -1.0270752e+01 -1.0267558e+01 -1.0240126e+01 -1.0358736e+01 -1.0350341e+01 -1.0450567e+01
1.0000000e+00 -1.2118205e+01 -1.1644580e+01 -1.1367204e+01 -1.1210870e+01 -1.1062839e+01 -1.1125910e+01 -1.1041187e+01 -1.1079024e+01 -1.1217146e+01 -1.1332402e+01
1.2000000e+00 -1.2876738e+01 -1.2506406e+01 -1.2153454e+01 -1.1957119e+01 -1.1944211e+01 -1.1871071e+01 -1.1891264e+01 -1.1913746e+01 -1.2013807e+01 -1.2101699e+01
1.4000000e+00 -1.3702930e+01 -1.3253256e+01 -1.2916952e+01 -1.2743112e+01 -1.2708645e+01 -1.2627714e+01 -1.2701215e+01 -1.2690265e+01 -1.2756556e+01 -1.2920764e+01
1.6000000e+00 -1.4509142e+01 -1.4050997e+01 -1.3760835e+01 -1.3541166e+01 -1.3506155e+01 -1.3476255e+01 -1.3477723e+01 -1.3460777e+01 -1.3616919e+01 -1.3736700e+01
1.8000000e+00 -1.5362036e+01 -1.4858238e+01 -1.4536571e+01 -1.4400465e+01 -1.4286205e+01 -1.4304267e+01 -1.4290085e+01 -1.4317345e+01 -1.4417615e+01 -1.4512564e+01
2.0000000e+00 -1.6214517e+01 -1.5644188e+01 -1.5430546e+01 -1.5213207e+01 -1.5106337e+01 -1.5043276e+01 -1.5073168e+01 -1.5100214e+01 -1.5156638e+01 -1.5317564e+01
