########################################################################
# Reference Counts for Solar Model AGSS09met_old                       #
# Column 1: log10(Axion mass in eV)                                    #
#        n>1: log10(Reference photon counts in energy bin n-1)         #
########################################################################
-3.0000000e+00 -2.4945388e+00 -2.3376058e+00 -2.2919474e+00 -2.3415861e+00 -2.4634841e+00 -2.5895108e+00 -2.7290059e+00 -2.8705917e+00 -3.0068205e+00 -2.9654954e+00
-2.8000000e+00 -2.4945593e+00 -2.3376198e+00 -2.2919574e+00 -2.3415936e+00 -2.4634900e+00 -2.5895155e+00 -2.7290098e+00 -2.8705949e+00 -3.0068232e+00 -2.9654978e+00
-2.6000000e+00 -2.4946887e+00 -2.3377083e+00 -2.2920211e+00 -2.3416415e+00 -2.4635273e+00 -2.5895454e+00 -2.7290342e+00 -2.8706152e+00 -3.0068404e+00 -2.9655127e+00
-2.4000000e+00 -2.4955051e+00 -2.3382668e+00 -2.2924228e+00 -2.3419434e+00 -2.4637626e+00 -2.5897336e+00 -2.7291881e+00 -2.8707435e+00 -3.0069486e+00 -2.9656068e+00
-2.2000000e+00 -2.5006630e+00 -2.3417939e+00 -2.2949593e+00 -2.3438491e+00 -2.4652480e+00 -2.5909215e+00 -2.7301598e+00 -2.8715531e+00 -3.0076318e+00 -2.9662010e+00
-2.1500000e+00 -2.5042548e+00 -2.3442487e+00 -2.2967240e+00 -2.3451747e+00 -2.4662810e+00 -2.5917475e+00 -2.7308355e+00 -2.8721160e+00 -3.0081068e+00 -2.9666140e+00
-2.1000000e+00 -2.5099587e+00 -2.3481446e+00 -2.2995236e+00 -2.3472772e+00 -2.4679192e+00 -2.5930573e+00 -2.7319067e+00 -2.8730084e+00 -3.0088598e+00 -2.9672688e+00
-2.0500000e+00 -2.5190279e+00 -2.3543331e+00 -2.3039680e+00 -2.3506135e+00 -2.4705181e+00 -2.5951348e+00 -2.7336055e+00 -2.8744236e+00 -3.0100538e+00 -2.9683070e+00
-2.0000000e+00 -2.5334750e+00 -2.3641760e+00 -2.3110300e+00 -2.3559115e+00 -2.4746433e+00 -2.5984315e+00 -2.7363007e+00 -2.8766683e+00 -3.0119474e+00 -2.9699535e+00
-1.9500000e+00 -2.5565605e+00 -2.3798649e+00 -2.3222686e+00 -2.3643344e+00 -2.4811972e+00 -2.6036665e+00 -2.7405791e+00 -2.8802306e+00 -3.0149520e+00 -2.9725655e+00
-1.9000000e+00 -2.5936368e+00 -2.4049580e+00 -2.3401984e+00 -2.3777501e+00 -2.4916247e+00 -2.6119891e+00 -2.7473771e+00 -2.8858885e+00 -3.0197224e+00 -2.9767117e+00
-1.8500000e+00 -2.6536888e+00 -2.4453207e+00 -2.3689177e+00 -2.3991823e+00 -2.5082537e+00 -2.6252449e+00 -2.7581948e+00 -2.8948858e+00 -3.0273045e+00 -2.9832992e+00
-1.8475000e+00 -2.6575346e+00 -2.4478934e+00 -2.3707432e+00 -2.4005422e+00 -2.5093075e+00 -2.6260843e+00 -2.7588794e+00 -2.8954549e+00 -3.0277840e+00 -2.9837156e+00
-1.8400000e+00 -2.6696619e+00 -2.4559958e+00 -2.3764887e+00 -2.4048203e+00 -2.5126220e+00 -2.6287237e+00 -2.7610318e+00 -2.8972441e+00 -3.0292911e+00 -2.9850246e+00
-1.8325000e+00 -2.6827319e+00 -2.4647121e+00 -2.3826620e+00 -2.4094137e+00 -2.5161791e+00 -2.6315555e+00 -2.7633404e+00 -2.8991628e+00 -3.0309071e+00 -2.9864281e+00
-1.8250000e+00 -2.6968248e+00 -2.4740910e+00 -2.3892964e+00 -2.4143465e+00 -2.5199972e+00 -2.6345939e+00 -2.7658169e+00 -2.9012207e+00 -3.0326401e+00 -2.9879330e+00
-1.8175000e+00 -2.7120286e+00 -2.4841858e+00 -2.3964281e+00 -2.4196446e+00 -2.5240958e+00 -2.6378543e+00 -2.7684737e+00 -2.9034279e+00 -3.0344985e+00 -2.9895467e+00
-1.8100000e+00 -2.7284460e+00 -2.4950558e+00 -2.4040902e+00 -2.4253361e+00 -2.5284961e+00 -2.6413534e+00 -2.7713241e+00 -2.9057955e+00 -3.0364916e+00 -2.9912771e+00
-1.8025000e+00 -2.7461730e+00 -2.5067649e+00 -2.4123372e+00 -2.4314513e+00 -2.5332212e+00 -2.6451090e+00 -2.7743825e+00 -2.9083353e+00 -3.0386293e+00 -2.9931328e+00
-1.7950000e+00 -2.7653341e+00 -2.5193832e+00 -2.4211929e+00 -2.4380234e+00 -2.5382957e+00 -2.6491405e+00 -2.7776645e+00 -2.9110601e+00 -3.0409222e+00 -2.9951231e+00
-1.7875000e+00 -2.7860614e+00 -2.5329878e+00 -2.4307408e+00 -2.4450879e+00 -2.5437465e+00 -2.6534688e+00 -2.7811868e+00 -2.9139835e+00 -3.0433818e+00 -2.9972576e+00
-1.7800000e+00 -2.8085022e+00 -2.5476635e+00 -2.4410193e+00 -2.4526837e+00 -2.5496026e+00 -2.6581163e+00 -2.7849674e+00 -2.9171205e+00 -3.0460205e+00 -2.9995473e+00
-1.7725000e+00 -2.8328213e+00 -2.5635036e+00 -2.4520887e+00 -2.4608529e+00 -2.5558953e+00 -2.6631073e+00 -2.7890257e+00 -2.9204868e+00 -3.0488514e+00 -3.0020033e+00
-1.7650000e+00 -2.8592039e+00 -2.5806113e+00 -2.4640147e+00 -2.4696414e+00 -2.5626587e+00 -2.6684683e+00 -2.7933829e+00 -2.9240998e+00 -3.0518890e+00 -3.0046382e+00
-1.7575000e+00 -2.8878591e+00 -2.5991007e+00 -2.4768693e+00 -2.4790992e+00 -2.5699298e+00 -2.6742276e+00 -2.7980615e+00 -2.9279780e+00 -3.0551485e+00 -3.0074650e+00
-1.7500000e+00 -2.9190240e+00 -2.6190986e+00 -2.4907318e+00 -2.4892806e+00 -2.5777487e+00 -2.6804162e+00 -2.8030861e+00 -2.9321413e+00 -3.0586467e+00 -3.0104982e+00
-1.7425000e+00 -2.9529691e+00 -2.6407465e+00 -2.5057054e+00 -2.5002454e+00 -2.5861590e+00 -2.6870674e+00 -2.8084832e+00 -2.9366113e+00 -3.0624014e+00 -3.0137531e+00
-1.7350000e+00 -2.9900050e+00 -2.6642024e+00 -2.5218536e+00 -2.5120585e+00 -2.5952081e+00 -2.6942176e+00 -2.8142815e+00 -2.9414115e+00 -3.0664319e+00 -3.0172462e+00
-1.7275000e+00 -3.0305213e+00 -2.6896439e+00 -2.5392991e+00 -2.5247913e+00 -2.6049479e+00 -2.7019060e+00 -2.8205122e+00 -2.9465670e+00 -3.0707592e+00 -3.0209955e+00
-1.7200000e+00 -3.0748755e+00 -2.7172697e+00 -2.5581602e+00 -2.5385223e+00 -2.6154348e+00 -2.7101755e+00 -2.8272088e+00 -2.9521050e+00 -3.0754057e+00 -3.0250203e+00
-1.7125000e+00 -3.1235894e+00 -2.7473097e+00 -2.5785666e+00 -2.5533376e+00 -2.6267306e+00 -2.7190727e+00 -2.8344080e+00 -2.9580553e+00 -3.0803957e+00 -3.0293414e+00
-1.7050000e+00 -3.1772467e+00 -2.7800211e+00 -2.6006652e+00 -2.5693323e+00 -2.6389029e+00 -2.7286484e+00 -2.8421494e+00 -2.9644497e+00 -3.0857557e+00 -3.0339813e+00
-1.6975000e+00 -3.2365480e+00 -2.8157007e+00 -2.6246199e+00 -2.5866116e+00 -2.6520259e+00 -2.7389579e+00 -2.8504763e+00 -2.9713229e+00 -3.0915140e+00 -3.0389643e+00
-1.6900000e+00 -3.3023451e+00 -2.8546920e+00 -2.6506148e+00 -2.6052911e+00 -2.6661810e+00 -2.7500619e+00 -2.8594356e+00 -2.9787127e+00 -3.0977016e+00 -3.0443167e+00
-1.6825000e+00 -3.3756882e+00 -2.8973922e+00 -2.6788584e+00 -2.6255025e+00 -2.6814582e+00 -2.7620264e+00 -2.8690785e+00 -2.9866599e+00 -3.1043519e+00 -3.0500670e+00
-1.6750000e+00 -3.4578954e+00 -2.9442710e+00 -2.7095873e+00 -2.6473896e+00 -2.6979564e+00 -2.7749243e+00 -2.8794609e+00 -2.9952091e+00 -3.1115012e+00 -3.0562459e+00
-1.6675000e+00 -3.5506357e+00 -2.9958836e+00 -2.7430721e+00 -2.6711145e+00 -2.7157856e+00 -2.7888353e+00 -2.8906439e+00 -3.0044088e+00 -3.1191889e+00 -3.0628870e+00
-1.6600000e+00 -3.6560846e+00 -3.0528984e+00 -2.7796240e+00 -2.6968595e+00 -2.7350676e+00 -2.8038474e+00 -2.9026944e+00 -3.0143117e+00 -3.1274578e+00 -3.0700263e+00
-1.6525000e+00 -3.7771053e+00 -3.1161235e+00 -2.8196037e+00 -2.7248309e+00 -2.7559382e+00 -2.8200576e+00 -2.9156857e+00 -3.0249757e+00 -3.1363545e+00 -3.0777034e+00
-1.6450000e+00 -3.9174076e+00 -3.1865603e+00 -2.8634328e+00 -2.7552628e+00 -2.7785492e+00 -2.8375731e+00 -2.9296985e+00 -3.0364638e+00 -3.1459300e+00 -3.0859610e+00
-1.6375000e+00 -4.0821600e+00 -3.2654639e+00 -2.9115925e+00 -2.7884231e+00 -2.8030709e+00 -2.8565133e+00 -2.9448216e+00 -3.0488453e+00 -3.1562396e+00 -3.0948457e+00
-1.6300000e+00 -4.2771069e+00 -3.3544401e+00 -2.9647089e+00 -2.8246196e+00 -2.8296956e+00 -2.8770107e+00 -2.9611530e+00 -3.0621960e+00 -3.1673439e+00 -3.1044082e+00
-1.6225000e+00 -4.5053509e+00 -3.4555986e+00 -3.0234821e+00 -2.8642093e+00 -2.8586355e+00 -2.8992135e+00 -2.9788012e+00 -3.0765995e+00 -3.1793094e+00 -3.1147039e+00
-1.6150000e+00 -4.7485679e+00 -3.5717334e+00 -3.0887899e+00 -2.9076095e+00 -2.8901492e+00 -2.9232880e+00 -2.9978867e+00 -3.0921479e+00 -3.1922087e+00 -3.1257935e+00
-1.6075000e+00 -4.9111438e+00 -3.7067191e+00 -3.1617253e+00 -2.9553125e+00 -2.9245155e+00 -2.9494213e+00 -3.0185438e+00 -3.1089428e+00 -3.2061218e+00 -3.1377432e+00
-1.6000000e+00 -4.8575706e+00 -3.8659791e+00 -3.2436753e+00 -3.0079057e+00 -2.9620627e+00 -2.9778255e+00 -3.0409224e+00 -3.1270971e+00 -3.2211369e+00 -3.1506256e+00
-1.5925000e+00 -4.6622047e+00 -4.0571154e+00 -3.3364398e+00 -3.0660986e+00 -3.0031726e+00 -3.0087417e+00 -3.0651909e+00 -3.1467361e+00 -3.2373511e+00 -3.1645209e+00
-1.5850000e+00 -4.4588962e+00 -4.2897307e+00 -3.4424147e+00 -3.1307611e+00 -3.0482935e+00 -3.0424462e+00 -3.0915391e+00 -3.1679995e+00 -3.2548721e+00 -3.1795168e+00
-1.5775000e+00 -4.2884361e+00 -4.5678136e+00 -3.5648862e+00 -3.2029770e+00 -3.0979572e+00 -3.0792574e+00 -3.1201818e+00 -3.1910439e+00 -3.2738193e+00 -3.1957106e+00
-1.5700000e+00 -4.1529428e+00 -4.8383098e+00 -3.7085150e+00 -3.2841239e+00 -3.1528066e+00 -3.1195454e+00 -3.1513639e+00 -3.2160451e+00 -3.2943257e+00 -3.2132099e+00
-1.5625000e+00 -4.0476595e+00 -4.8875276e+00 -3.8801448e+00 -3.3759933e+00 -3.2136039e+00 -3.1637440e+00 -3.1853660e+00 -3.2432018e+00 -3.3165399e+00 -3.2321340e+00
-1.5550000e+00 -3.9680731e+00 -4.6725775e+00 -4.0900586e+00 -3.4809789e+00 -3.2813227e+00 -3.2123668e+00 -3.2225120e+00 -3.2727395e+00 -3.3406289e+00 -3.2526160e+00
-1.5475000e+00 -3.9109587e+00 -4.4216449e+00 -4.3529202e+00 -3.6023838e+00 -3.3571656e+00 -3.2660291e+00 -3.2631785e+00 -3.3049156e+00 -3.3667804e+00 -3.2748043e+00
-1.5400000e+00 -3.8742358e+00 -4.2151875e+00 -4.6784209e+00 -3.7449423e+00 -3.4426851e+00 -3.3254775e+00 -3.3078077e+00 -3.3400259e+00 -3.3952075e+00 -3.2988659e+00
-1.5325000e+00 -3.8569422e+00 -4.0545332e+00 -4.9757620e+00 -3.9157453e+00 -3.5399288e+00 -3.3916324e+00 -3.3569241e+00 -3.3784129e+00 -3.4261524e+00 -3.3249886e+00
-1.5250000e+00 -3.8587885e+00 -3.9308796e+00 -4.9116434e+00 -4.1259018e+00 -3.6516809e+00 -3.4656486e+00 -3.4111568e+00 -3.4204761e+00 -3.4598930e+00 -3.3533853e+00
-1.5175000e+00 -3.8803269e+00 -3.8370334e+00 -4.6083350e+00 -4.3931223e+00 -3.7818695e+00 -3.5490063e+00 -3.4712711e+00 -3.4666868e+00 -3.4967495e+00 -3.3842986e+00
-1.5100000e+00 -3.9227430e+00 -3.7681856e+00 -4.3380650e+00 -4.7398355e+00 -3.9362875e+00 -3.6436506e+00 -3.5382126e+00 -3.5176058e+00 -3.5370947e+00 -3.4180062e+00
-1.5025000e+00 -3.9882068e+00 -3.7213477e+00 -4.1316759e+00 -5.1127031e+00 -4.1239448e+00 -3.7522163e+00 -3.6131715e+00 -3.5739099e+00 -3.5813657e+00 -3.4548289e+00
-1.4950000e+00 -4.0798457e+00 -3.6948480e+00 -3.9752204e+00 -5.0860791e+00 -4.3596799e+00 -3.8784059e+00 -3.6976787e+00 -3.6364270e+00 -3.6300807e+00 -3.4951389e+00
-1.4875000e+00 -4.2018962e+00 -3.6880461e+00 -3.8564059e+00 -4.7330639e+00 -4.6685437e+00 -4.0276621e+00 -3.7937555e+00 -3.7061874e+00 -3.6838611e+00 -3.5393759e+00
-1.4800000e+00 -4.3592756e+00 -3.7011784e+00 -3.7672955e+00 -4.4318000e+00 -5.0786624e+00 -4.2084458e+00 -3.9041559e+00 -3.7844990e+00 -3.7434627e+00 -3.5880575e+00
-1.4725000e+00 -4.5543994e+00 -3.7353352e+00 -3.7030053e+00 -4.2091698e+00 -5.4032352e+00 -4.4348267e+00 -4.0327798e+00 -3.8730610e+00 -3.8098184e+00 -3.6418070e+00
-1.4650000e+00 -4.7724213e+00 -3.7926016e+00 -3.6606531e+00 -4.0431230e+00 -5.1208889e+00 -4.7318230e+00 -4.1854210e+00 -3.9741448e+00 -3.8841020e+00 -3.7013821e+00
-1.4575000e+00 -4.9385069e+00 -3.8762224e+00 -3.6387416e+00 -3.9179256e+00 -4.7402583e+00 -5.1409515e+00 -4.3712249e+00 -4.0908928e+00 -3.9678226e+00 -3.7677195e+00
-1.4500000e+00 -4.9303080e+00 -3.9910734e+00 -3.6368366e+00 -3.8241325e+00 -4.4623644e+00 -5.5942761e+00 -4.6057653e+00 -4.2278423e+00 -4.0629721e+00 -3.8419985e+00
-1.4425000e+00 -4.7809858e+00 -4.1440879e+00 -3.6554379e+00 -3.7561251e+00 -4.2605796e+00 -5.3960308e+00 -4.9179082e+00 -4.3919077e+00 -4.1722639e+00 -3.9257374e+00
-1.4350000e+00 -4.6163107e+00 -4.3438940e+00 -3.6960037e+00 -3.7106258e+00 -4.1103465e+00 -4.9609876e+00 -5.3598203e+00 -4.5943829e+00 -4.2995421e+00 -4.0209437e+00
-1.4275000e+00 -4.4895691e+00 -4.5937710e+00 -3.7611321e+00 -3.6859065e+00 -3.9975022e+00 -4.6501900e+00 -5.8393423e+00 -4.8554359e+00 -4.4505273e+00 -4.1303592e+00
-1.4200000e+00 -4.4101724e+00 -4.8484098e+00 -3.8549507e+00 -3.6813887e+00 -3.9139021e+00 -4.4296507e+00 -5.5283671e+00 -5.2148385e+00 -4.6342882e+00 -4.2578826e+00
-1.4125000e+00 -4.3775543e+00 -4.9226664e+00 -3.9838183e+00 -3.6974798e+00 -3.8547989e+00 -4.2673451e+00 -5.0766190e+00 -5.7407392e+00 -4.8664445e+00 -4.4093485e+00
-1.4050000e+00 -4.3907627e+00 -4.7482921e+00 -4.1574156e+00 -3.7355831e+00 -3.8175176e+00 -4.1458537e+00 -4.7691882e+00 -6.0352109e+00 -5.1769329e+00 -4.5940936e+00
-1.3975000e+00 -4.4502376e+00 -4.5301238e+00 -4.3894576e+00 -3.7982850e+00 -3.8007897e+00 -4.0554983e+00 -4.5526932e+00 -5.5071658e+00 -5.6283993e+00 -4.8284793e+00
-1.3900000e+00 -4.5570585e+00 -4.3619916e+00 -4.6891865e+00 -3.8897814e+00 -3.8044406e+00 -3.9907217e+00 -4.3936836e+00 -5.0992918e+00 -6.2209586e+00 -5.1450734e+00
-1.3825000e+00 -4.7087079e+00 -4.2529865e+00 -4.9796796e+00 -4.0167015e+00 -3.8292943e+00 -3.9483699e+00 -4.2748651e+00 -4.8263517e+00 -5.9146545e+00 -5.6205069e+00
-1.3750000e+00 -4.8845075e+00 -4.1986060e+00 -4.9537980e+00 -4.1896163e+00 -3.8772609e+00 -3.9268565e+00 -4.1867717e+00 -4.6318894e+00 -5.4055913e+00 -6.3505343e+00
-1.3675000e+00 -5.0163400e+00 -4.1957991e+00 -4.6810451e+00 -4.4253594e+00 -3.9516341e+00 -3.9257640e+00 -4.1240114e+00 -4.4881421e+00 -5.0766850e+00 -5.9536738e+00
-1.3600000e+00 -5.0179802e+00 -4.2448953e+00 -4.4385056e+00 -4.7453850e+00 -4.0577196e+00 -3.9457011e+00 -4.0835545e+00 -4.3808470e+00 -4.8498644e+00 -5.3872968e+00
-1.3525000e+00 -4.9201830e+00 -4.3493815e+00 -4.2712920e+00 -5.1075766e+00 -4.2040713e+00 -3.9883510e+00 -4.0639175e+00 -4.3021350e+00 -4.6847650e+00 -5.0451644e+00
-1.3450000e+00 -4.8185221e+00 -4.5137252e+00 -4.1704103e+00 -5.1234499e+00 -4.4049021e+00 -4.0567308e+00 -4.0647811e+00 -4.2475347e+00 -4.5618152e+00 -4.8134197e+00
-1.3375000e+00 -4.7612211e+00 -4.7309911e+00 -4.1273481e+00 -4.7975750e+00 -4.6841188e+00 -4.1557690e+00 -4.0868636e+00 -4.2146110e+00 -4.4706142e+00 -4.6458913e+00
-1.3300000e+00 -4.7608154e+00 -4.9315671e+00 -4.1389945e+00 -4.5192129e+00 -5.0697471e+00 -4.2934749e+00 -4.1319917e+00 -4.2023184e+00 -4.4053184e+00 -4.5215097e+00
-1.3225000e+00 -4.8176404e+00 -4.9500243e+00 -4.2073801e+00 -4.3323468e+00 -5.4083017e+00 -4.4833460e+00 -4.2033969e+00 -4.2107183e+00 -4.3626497e+00 -4.4293537e+00
-1.3150000e+00 -4.9244640e+00 -4.7995491e+00 -4.3395756e+00 -4.2191224e+00 -5.1717197e+00 -4.7493211e+00 -4.3063671e+00 -4.2409246e+00 -4.3409711e+00 -4.3633607e+00
-1.3075000e+00 -5.0570555e+00 -4.6488892e+00 -4.5462494e+00 -4.1672648e+00 -4.8077244e+00 -5.1313546e+00 -4.4495897e+00 -4.2952538e+00 -4.3398561e+00 -4.3201496e+00
-1.3000000e+00 -5.1581067e+00 -4.5652882e+00 -4.8231311e+00 -4.1721989e+00 -4.5554068e+00 -5.5832946e+00 -4.6480198e+00 -4.3776417e+00 -4.3599376e+00 -4.2980319e+00
-1.2925000e+00 -5.1664634e+00 -4.5591047e+00 -5.0405643e+00 -4.2357028e+00 -4.3953058e+00 -5.4431251e+00 -4.9292610e+00 -4.4945263e+00 -4.4029637e+00 -4.2965581e+00
-1.2850000e+00 -5.1029254e+00 -4.6296393e+00 -4.9422165e+00 -4.3660225e+00 -4.3056719e+00 -5.0216153e+00 -5.3434385e+00 -4.6567100e+00 -4.4720839e+00 -4.3163575e+00
-1.2775000e+00 -5.0412538e+00 -4.7688660e+00 -4.7100012e+00 -4.5788342e+00 -4.2762206e+00 -4.7314666e+00 -5.8301315e+00 -4.8835522e+00 -4.5724957e+00 -4.3591952e+00
-1.2700000e+00 -5.0311631e+00 -4.9375728e+00 -4.5440116e+00 -4.8880500e+00 -4.3048461e+00 -4.5480518e+00 -5.5793101e+00 -5.2129432e+00 -4.7128006e+00 -4.4282690e+00
-1.2625000e+00 -5.0944355e+00 -5.0301595e+00 -4.4723947e+00 -5.1873837e+00 -4.3964202e+00 -4.4415527e+00 -5.1363279e+00 -5.7119303e+00 -4.9079945e+00 -4.5288877e+00
-1.2550000e+00 -5.2277671e+00 -4.9822097e+00 -4.4934773e+00 -5.0859642e+00 -4.5641141e+00 -4.3979813e+00 -4.8498941e+00 -6.0605139e+00 -5.1866865e+00 -4.6699197e+00
-1.2475000e+00 -5.3605262e+00 -4.8923023e+00 -4.6080700e+00 -4.7947787e+00 -4.8320375e+00 -4.4132646e+00 -4.6718321e+00 -5.5611543e+00 -5.6083615e+00 -4.8670908e+00
-1.2400000e+00 -5.3521613e+00 -4.8508359e+00 -4.8121939e+00 -4.5938099e+00 -5.2121610e+00 -4.4909329e+00 -4.5704857e+00 -5.1624449e+00 -6.1972441e+00 -5.1515283e+00
-1.2325000e+00 -5.2461661e+00 -4.8801266e+00 -5.0356609e+00 -4.5027011e+00 -5.4184937e+00 -4.6431860e+00 -4.5321276e+00 -4.9161191e+00 -5.9682296e+00 -5.5954928e+00
-1.2250000e+00 -5.2045986e+00 -4.9666897e+00 -5.0605881e+00 -4.5134678e+00 -5.1141434e+00 -4.8954861e+00 -4.5532890e+00 -4.7665678e+00 -5.4617658e+00 -6.3130064e+00
-1.2175000e+00 -5.2944332e+00 -5.0690170e+00 -4.8991803e+00 -4.6281273e+00 -4.8183465e+00 -5.2850503e+00 -4.6384829e+00 -4.6882063e+00 -5.1507145e+00 -6.0120692e+00
-1.2100000e+00 -5.4767638e+00 -5.1303514e+00 -4.7740068e+00 -4.8551375e+00 -4.6527677e+00 -5.6444872e+00 -4.8018948e+00 -4.6711418e+00 -4.9601139e+00 -5.4396871e+00
-1.2025000e+00 -5.5228467e+00 -5.1305062e+00 -4.7563656e+00 -5.1492157e+00 -4.6009751e+00 -5.3583504e+00 -5.0739938e+00 -4.7148260e+00 -4.8505937e+00 -5.1138711e+00
-1.1950000e+00 -5.3976496e+00 -5.1026018e+00 -4.8489547e+00 -5.2054163e+00 -4.6561685e+00 -5.0021643e+00 -5.5047007e+00 -4.8271979e+00 -4.8058854e+00 -4.9178028e+00
-1.1875000e+00 -5.3661086e+00 -5.0895527e+00 -5.0167225e+00 -4.9761731e+00 -4.8283128e+00 -4.7976518e+00 -5.8670715e+00 -5.0284372e+00 -4.8214498e+00 -4.8055874e+00
-1.1800000e+00 -5.4975151e+00 -5.1254632e+00 -5.1329331e+00 -4.8030001e+00 -5.1330591e+00 -4.7178755e+00 -5.4809764e+00 -5.3621114e+00 -4.9012844e+00 -4.7593944e+00
-1.1725000e+00 -5.6352281e+00 -5.2237033e+00 -5.0877572e+00 -4.7656858e+00 -5.4375385e+00 -4.7491563e+00 -5.1159572e+00 -5.8827534e+00 -5.0595428e+00 -4.7742901e+00
-1.1650000e+00 -5.5665175e+00 -5.3228982e+00 -5.0072559e+00 -4.8665481e+00 -5.2816555e+00 -4.8995529e+00 -4.9180041e+00 -5.9744047e+00 -5.3286055e+00 -4.8544280e+00
-1.1575000e+00 -5.5107615e+00 -5.2982404e+00 -5.0034883e+00 -5.0869139e+00 -5.0018350e+00 -5.1968633e+00 -4.8472079e+00 -5.4776749e+00 -5.7767291e+00 -5.0149406e+00
-1.1500000e+00 -5.6023275e+00 -5.2242031e+00 -5.0795781e+00 -5.2687718e+00 -4.8680751e+00 -5.5984499e+00 -4.8901394e+00 -5.1668521e+00 -6.2764374e+00 -5.2921527e+00
-1.1425000e+00 -5.7202771e+00 -5.2647699e+00 -5.1729108e+00 -5.1722137e+00 -4.8907345e+00 -5.5290941e+00 -5.0586264e+00 -5.0148179e+00 -5.8399915e+00 -5.7769199e+00
-1.1350000e+00 -5.6801843e+00 -5.4314628e+00 -5.2135994e+00 -5.0228514e+00 -5.0707245e+00 -5.1802324e+00 -5.3908537e+00 -4.9846422e+00 -5.4222705e+00 -6.4319300e+00
-1.1275000e+00 -5.6408863e+00 -5.4679646e+00 -5.2116829e+00 -5.0031239e+00 -5.3700300e+00 -4.9939697e+00 -5.8382701e+00 -5.0718718e+00 -5.2013534e+00 -5.8465572e+00
-1.1200000e+00 -5.7554047e+00 -5.3470305e+00 -5.2067290e+00 -5.1232555e+00 -5.4454653e+00 -4.9795832e+00 -5.6695820e+00 -5.3005902e+00 -5.1167528e+00 -5.3853722e+00
-1.1125000e+00 -5.8311307e+00 -5.3860371e+00 -5.2192741e+00 -5.2874179e+00 -5.2130632e+00 -5.1358832e+00 -5.2914218e+00 -5.7266000e+00 -5.1494107e+00 -5.1534044e+00
-1.1050000e+00 -5.7314009e+00 -5.5703310e+00 -5.2805088e+00 -5.2964604e+00 -5.0826309e+00 -5.4668510e+00 -5.1122438e+00 -6.0936495e+00 -5.3104401e+00 -5.0649699e+00
-1.0975000e+00 -5.8252833e+00 -5.5318318e+00 -5.3758436e+00 -5.2136695e+00 -5.1380569e+00 -5.6767098e+00 -5.1135425e+00 -5.6677572e+00 -5.6469822e+00 -5.0973839e+00
-1.0900000e+00 -5.9247866e+00 -5.4578638e+00 -5.3740402e+00 -5.2129000e+00 -5.3546033e+00 -5.3989354e+00 -5.2975714e+00 -5.3397295e+00 -6.1885198e+00 -5.2633751e+00
-1.0825000e+00 -5.8163453e+00 -5.5898441e+00 -5.3127167e+00 -5.2987815e+00 -5.5086765e+00 -5.1981261e+00 -5.6820870e+00 -5.2237137e+00 -6.0512464e+00 -5.6229407e+00
-1.0750000e+00 -5.9508721e+00 -5.6475560e+00 -5.3864491e+00 -5.3734452e+00 -5.3729262e+00 -5.2112970e+00 -5.8686018e+00 -5.2907324e+00 -5.5964678e+00 -6.2919022e+00
-1.0675000e+00 -5.9602461e+00 -5.5796883e+00 -5.5366811e+00 -5.3865404e+00 -5.2755030e+00 -5.4349358e+00 -5.5121122e+00 -5.5623253e+00 -5.3843370e+00 -6.0895251e+00
-1.0600000e+00 -5.9313137e+00 -5.6523882e+00 -5.4530855e+00 -5.3839077e+00 -5.3556627e+00 -5.7042274e+00 -5.3109125e+00 -6.0305159e+00 -5.3674018e+00 -5.5550198e+00
-1.0525000e+00 -6.0569959e+00 -5.7198361e+00 -5.4200475e+00 -5.3917425e+00 -5.5204304e+00 -5.5548392e+00 -5.3469858e+00 -5.9251920e+00 -5.5433859e+00 -5.3271631e+00
-1.0450000e+00 -6.0017069e+00 -5.6969190e+00 -5.6085866e+00 -5.4491897e+00 -5.5237735e+00 -5.3757492e+00 -5.6200489e+00 -5.5455156e+00 -5.9622466e+00 -5.3084454e+00
-1.0375000e+00 -6.0779518e+00 -5.7279149e+00 -5.5807077e+00 -5.5397885e+00 -5.4550170e+00 -5.4252192e+00 -5.9209399e+00 -5.4229107e+00 -6.2781566e+00 -5.4958357e+00
-1.0300000e+00 -6.1004571e+00 -5.8187877e+00 -5.5082363e+00 -5.5081549e+00 -5.4970486e+00 -5.6587831e+00 -5.6764768e+00 -5.5523105e+00 -5.8299171e+00 -5.9784887e+00
-1.0225000e+00 -6.1077487e+00 -5.7665584e+00 -5.6902231e+00 -5.4816711e+00 -5.5822799e+00 -5.7137096e+00 -5.4838977e+00 -5.9384405e+00 -5.5759181e+00 -6.4085993e+00
-1.0150000e+00 -6.1758534e+00 -5.8561429e+00 -5.6473739e+00 -5.6313277e+00 -5.6036564e+00 -5.5574573e+00 -5.5662991e+00 -6.0699777e+00 -5.5890554e+00 -5.7940057e+00
-1.0075000e+00 -6.1685007e+00 -5.8691242e+00 -5.6308173e+00 -5.6393862e+00 -5.6187735e+00 -5.5726659e+00 -5.8667929e+00 -5.7095395e+00 -5.8743417e+00 -5.5093020e+00
-1.0000000e+00 -6.2230728e+00 -5.8724124e+00 -5.7680490e+00 -5.5508043e+00 -5.6314842e+00 -5.7387840e+00 -5.8737558e+00 -5.6021962e+00 -6.3073454e+00 -5.5245544e+00
-9.9250000e-01 -6.2444298e+00 -5.9599045e+00 -5.7063019e+00 -5.7334540e+00 -5.6649290e+00 -5.7553995e+00 -5.6607698e+00 -5.8034119e+00 -6.0044277e+00 -5.8534417e+00
-9.8500000e-01 -6.2692269e+00 -5.9212404e+00 -5.7709550e+00 -5.7094072e+00 -5.7551380e+00 -5.6927273e+00 -5.7038167e+00 -6.1458361e+00 -5.7383874e+00 -6.4588125e+00
-9.7750000e-01 -6.3195311e+00 -6.0175753e+00 -5.8133875e+00 -5.6516294e+00 -5.7202985e+00 -5.7577191e+00 -5.9407081e+00 -5.9258736e+00 -5.7999386e+00 -5.9759681e+00
-9.7000000e-01 -6.3041116e+00 -5.9904349e+00 -5.8082237e+00 -5.8585777e+00 -5.7278994e+00 -5.8219050e+00 -5.9023379e+00 -5.7571045e+00 -6.1730036e+00 -5.6596219e+00
-9.6250000e-01 -6.4094357e+00 -6.0672647e+00 -5.8729680e+00 -5.7237267e+00 -5.8818421e+00 -5.8292679e+00 -5.7938983e+00 -5.9257278e+00 -6.2435995e+00 -5.7359481e+00
-9.5500000e-01 -6.3738717e+00 -6.0522509e+00 -5.8808022e+00 -5.8368139e+00 -5.7796082e+00 -5.8534578e+00 -5.9168524e+00 -6.1771143e+00 -5.9194426e+00 -6.2338856e+00
-9.4750000e-01 -6.4084505e+00 -6.1357638e+00 -5.9188853e+00 -5.8574856e+00 -5.8496570e+00 -5.8679008e+00 -6.0051909e+00 -5.9696579e+00 -5.9312500e+00 -6.2872370e+00
-9.4000000e-01 -6.4838683e+00 -6.1060021e+00 -5.9467294e+00 -5.8432228e+00 -5.9593596e+00 -5.9513830e+00 -5.9340899e+00 -5.9288443e+00 -6.2657409e+00 -5.8316962e+00
-9.3250000e-01 -6.4704770e+00 -6.1769084e+00 -5.9857875e+00 -5.9417377e+00 -5.8340879e+00 -5.9399645e+00 -5.9919750e+00 -6.1595668e+00 -6.2396472e+00 -5.8578517e+00
-9.2500000e-01 -6.4966605e+00 -6.2168498e+00 -5.9872295e+00 -5.9047776e+00 -6.0498624e+00 -5.9432275e+00 -6.0493191e+00 -6.1309237e+00 -6.0227519e+00 -6.3618441e+00
-9.1750000e-01 -6.5687704e+00 -6.1899914e+00 -6.0737685e+00 -5.9851185e+00 -5.9133883e+00 -6.0826243e+00 -6.0589558e+00 -6.0437426e+00 -6.1748979e+00 -6.2306728e+00
-9.1000000e-01 -6.6012586e+00 -6.2720204e+00 -6.0294388e+00 -5.9837186e+00 -6.0571416e+00 -5.9701507e+00 -6.0844556e+00 -6.1974707e+00 -6.3721741e+00 -5.9140708e+00
-9.0250000e-01 -6.6013114e+00 -6.2901521e+00 -6.1304579e+00 -6.0286940e+00 -6.0120849e+00 -6.1244171e+00 -6.1107026e+00 -6.2013464e+00 -6.1731163e+00 -6.1632431e+00
-8.9500000e-01 -6.6167610e+00 -6.3023047e+00 -6.1120380e+00 -6.0476302e+00 -6.0852245e+00 -6.0766613e+00 -6.1869204e+00 -6.1772863e+00 -6.2384219e+00 -6.4758316e+00
-8.8750000e-01 -6.6533885e+00 -6.3673031e+00 -6.1659717e+00 -6.1040471e+00 -6.0854070e+00 -6.1198753e+00 -6.1323591e+00 -6.2653138e+00 -6.4048729e+00 -6.0523246e+00
-8.8000000e-01 -6.6952475e+00 -6.3905994e+00 -6.1833461e+00 -6.0763189e+00 -6.1427715e+00 -6.1879217e+00 -6.2626479e+00 -6.2689471e+00 -6.2845877e+00 -6.2020271e+00
-8.7250000e-01 -6.7316659e+00 -6.3827732e+00 -6.2001564e+00 -6.1988455e+00 -6.1440104e+00 -6.1502186e+00 -6.2075802e+00 -6.3058188e+00 -6.3625850e+00 -6.5149610e+00
-8.6500000e-01 -6.7642656e+00 -6.4063881e+00 -6.2828142e+00 -6.1411931e+00 -6.1988860e+00 -6.2588403e+00 -6.2845835e+00 -6.3170421e+00 -6.4287067e+00 -6.1425772e+00
-8.5750000e-01 -6.7989812e+00 -6.4571735e+00 -6.2883887e+00 -6.1928647e+00 -6.2183225e+00 -6.2192387e+00 -6.3040282e+00 -6.3978532e+00 -6.4001362e+00 -6.3867597e+00
-8.5000000e-01 -6.8313861e+00 -6.5046581e+00 -6.2732122e+00 -6.2791746e+00 -6.2395077e+00 -6.2901406e+00 -6.3166381e+00 -6.3486046e+00 -6.4621496e+00 -6.4334943e+00
-8.4250000e-01 -6.8522427e+00 -6.5373102e+00 -6.3196354e+00 -6.2443208e+00 -6.2806546e+00 -6.3175479e+00 -6.3754540e+00 -6.4806294e+00 -6.4937406e+00 -6.2567032e+00
-8.3500000e-01 -6.8761782e+00 -6.5634923e+00 -6.3805355e+00 -6.2793150e+00 -6.3355380e+00 -6.3105006e+00 -6.3854848e+00 -6.3986336e+00 -6.5056266e+00 -6.6150226e+00
-8.2750000e-01 -6.9018606e+00 -6.5923732e+00 -6.4075483e+00 -6.3328311e+00 -6.2929326e+00 -6.4030580e+00 -6.4053472e+00 -6.5500889e+00 -6.5478015e+00 -6.3260173e+00
-8.2000000e-01 -6.9201504e+00 -6.6239821e+00 -6.4175813e+00 -6.3479053e+00 -6.3846828e+00 -6.3760905e+00 -6.4949684e+00 -6.4483009e+00 -6.5856300e+00 -6.5858982e+00
-8.1250000e-01 -6.9628773e+00 -6.6511734e+00 -6.4359384e+00 -6.3843734e+00 -6.4479827e+00 -6.4339808e+00 -6.4186140e+00 -6.6322852e+00 -6.5853441e+00 -6.4416147e+00
-8.0500000e-01 -7.0015876e+00 -6.6755600e+00 -6.4647311e+00 -6.4406678e+00 -6.3950888e+00 -6.4504809e+00 -6.5888782e+00 -6.4902092e+00 -6.6628281e+00 -6.5850074e+00
-7.9750000e-01 -7.0291127e+00 -6.7147213e+00 -6.4968042e+00 -6.4750369e+00 -6.4220465e+00 -6.5089187e+00 -6.4960504e+00 -6.7060390e+00 -6.6430386e+00 -6.5229546e+00
-7.9000000e-01 -7.0465211e+00 -6.7573717e+00 -6.5290214e+00 -6.4864161e+00 -6.5059637e+00 -6.5174289e+00 -6.5715956e+00 -6.5681317e+00 -6.7032725e+00 -6.6482036e+00
-7.8250000e-01 -7.0908393e+00 -6.7707237e+00 -6.5646354e+00 -6.4989618e+00 -6.5451866e+00 -6.5063325e+00 -6.6294424e+00 -6.6829760e+00 -6.7487249e+00 -6.5595836e+00
-7.7500000e-01 -7.1082958e+00 -6.7910817e+00 -6.6047278e+00 -6.5235182e+00 -6.5515040e+00 -6.5867560e+00 -6.6135059e+00 -6.7382533e+00 -6.6969286e+00 -6.7593332e+00
-7.6750000e-01 -7.1475227e+00 -6.8088117e+00 -6.6354909e+00 -6.5572947e+00 -6.5748624e+00 -6.6667437e+00 -6.6607063e+00 -6.6547424e+00 -6.8945758e+00 -6.5838968e+00
-7.6000000e-01 -7.1701377e+00 -6.8668801e+00 -6.6480603e+00 -6.5926469e+00 -6.6183545e+00 -6.6574225e+00 -6.6804974e+00 -6.7928747e+00 -6.7310309e+00 -6.8397571e+00
-7.5250000e-01 -7.2158447e+00 -6.8868025e+00 -6.6794028e+00 -6.6205424e+00 -6.6653844e+00 -6.6367958e+00 -6.7136554e+00 -6.8115274e+00 -6.8801399e+00 -6.6835116e+00
-7.4500000e-01 -7.2302867e+00 -6.9067268e+00 -6.7379272e+00 -6.6368477e+00 -6.7060938e+00 -6.6569091e+00 -6.7841396e+00 -6.7780501e+00 -6.9341734e+00 -6.7546084e+00
-7.3750000e-01 -7.2769650e+00 -6.9591466e+00 -6.7662482e+00 -6.6553558e+00 -6.7390296e+00 -6.7033522e+00 -6.8158378e+00 -6.8366100e+00 -6.8289100e+00 -6.9185136e+00
-7.3000000e-01 -7.3289289e+00 -6.9592540e+00 -6.7942449e+00 -6.6996573e+00 -6.7633938e+00 -6.7508786e+00 -6.8008601e+00 -6.8814717e+00 -6.9452781e+00 -6.7457485e+00
-7.2250000e-01 -7.3589565e+00 -7.0122617e+00 -6.7982996e+00 -6.7537874e+00 -6.7780533e+00 -6.7894006e+00 -6.7956497e+00 -6.8992314e+00 -7.0313892e+00 -6.8501112e+00
-7.1500000e-01 -7.3253860e+00 -7.0246208e+00 -6.8654014e+00 -6.7798971e+00 -6.7907845e+00 -6.8229898e+00 -6.8192586e+00 -6.9420612e+00 -6.9813091e+00 -7.0175523e+00
-7.0750000e-01 -7.2731917e+00 -7.0758151e+00 -6.8705543e+00 -6.8178771e+00 -6.8192620e+00 -6.8599758e+00 -6.8595642e+00 -6.9964057e+00 -6.9921958e+00 -6.8988922e+00
-7.0000000e-01 -7.4958725e+00 -7.1004521e+00 -6.9029105e+00 -6.8223516e+00 -6.8574154e+00 -6.9048840e+00 -6.9018724e+00 -7.0297707e+00 -7.0552962e+00 -6.8669959e+00
-6.5000000e-01 -7.5693055e+00 -7.2862417e+00 -7.1099019e+00 -7.0473840e+00 -7.0446132e+00 -7.0624678e+00 -7.1349095e+00 -7.1747203e+00 -7.3201808e+00 -7.1649313e+00
-6.0000000e-01 -7.8776559e+00 -7.5119447e+00 -7.2991653e+00 -7.2453971e+00 -7.2342370e+00 -7.2776701e+00 -7.3561181e+00 -7.3593187e+00 -7.4500622e+00 -7.3616435e+00
-5.5000000e-01 -7.9402639e+00 -7.7233930e+00 -7.5118055e+00 -7.4218072e+00 -7.4594382e+00 -7.4633663e+00 -7.5472227e+00 -7.5802805e+00 -7.6787166e+00 -7.5156923e+00
-5.0000000e-01 -8.2250638e+00 -7.8765121e+00 -7.7129379e+00 -7.6271517e+00 -7.6537079e+00 -7.6852323e+00 -7.7276044e+00 -7.7745222e+00 -7.8630435e+00 -7.7696754e+00
-4.0000000e-01 -8.6612647e+00 -8.3260239e+00 -8.1081164e+00 -8.1571204e+00 -8.2311300e+00 -7.9652180e+00 -8.1366953e+00 -8.1941104e+00 -8.2452718e+00 -8.1689143e+00
-2.0000000e-01 -9.3188807e+00 -9.1539912e+00 -8.8855010e+00 -8.9047416e+00 -8.8129909e+00 -8.8721991e+00 -9.0336035e+00 -8.9990295e+00 -9.0597991e+00 -8.9535797e+00
0.0000000e+00 -1.0220975e+01 -9.8971422e+00 -9.7526931e+00 -9.5590824e+00 -9.7341583e+00 -9.6475973e+00 -9.7533463e+00 -9.8578285e+00 -9.9374082e+00 -9.6858530e+00
2.0000000e-01 -1.1028504e+01 -1.0714334e+01 -1.0488638e+01 -1.0380188e+01 -1.0562627e+01 -1.0497261e+01 -1.0507932e+01 -1.0564080e+01 -1.0630604e+01 -1.0623680e+01
4.0000000e-01 -1.1807175e+01 -1.1536217e+01 -1.1273116e+01 -1.1192980e+01 -1.1197777e+01 -1.1247127e+01 -1.1395048e+01 -1.1406856e+01 -1.1558961e+01 -1.1409221e+01
6.0000000e-01 -1.2583776e+01 -1.2393060e+01 -1.2124866e+01 -1.2003553e+01 -1.2036785e+01 -1.2115884e+01 -1.2143317e+01 -1.2184001e+01 -1.2220433e+01 -1.2054285e+01
8.0000000e-01 -1.3392776e+01 -1.2991037e+01 -1.2950551e+01 -1.2938587e+01 -1.2853218e+01 -1.2908450e+01 -1.2981436e+01 -1.2986509e+01 -1.3019269e+01 -1.3043831e+01
1.0000000e+00 -1.4176537e+01 -1.3888292e+01 -1.3660592e+01 -1.3684576e+01 -1.3644081e+01 -1.3620542e+01 -1.3729676e+01 -1.3761601e+01 -1.3912928e+01 -1.3677668e+01
1.2000000e+00 -1.4980682e+01 -1.4742041e+01 -1.4523419e+01 -1.4370105e+01 -1.4441640e+01 -1.4486412e+01 -1.4426431e+01 -1.4541431e+01 -1.4634981e+01 -1.4544593e+01
1.4000000e+00 -1.5904311e+01 -1.5588453e+01 -1.5190850e+01 -1.5226958e+01 -1.5277146e+01 -1.5294828e+01 -1.5268752e+01 -1.5434343e+01 -1.5430014e+01 -1.5316586e+01
1.6000000e+00 -1.6625898e+01 -1.6231914e+01 -1.6050363e+01 -1.6173300e+01 -1.6095300e+01 -1.6129360e+01 -1.6301832e+01 -1.6180867e+01 -1.6218902e+01 -1.6121226e+01
1.8000000e+00 -1.7521383e+01 -1.7136812e+01 -1.6975220e+01 -1.6843255e+01 -1.6818925e+01 -1.7023011e+01 -1.6974532e+01 -1.6970780e+01 -1.7146816e+01 -1.6985419e+01
2.0000000e+00 -1.8302728e+01 -1.7947051e+01 -1.7652543e+01 -1.7574911e+01 -1.7679070e+01 -1.7760167e+01 -1.7772540e+01 -1.7811545e+01 -1.7813304e+01 -1.7697488e+01