########################################################################
# Reference Counts for Solar Model AGSS09met                           #
# Column 1: log10(Axion mass in eV)                                    #
#        n>1: log10(Reference photon counts in energy bin n-1)         #
########################################################################
-3.0000000e+00 -2.0688465e-01 5.9196323e-02 1.7431484e-01 1.5813010e-01 3.6656288e-02 -9.9811854e-02 -2.4527796e-01 -4.3656246e-01 -7.1347753e-01 -1.0856395e+00
-2.8000000e+00 -2.0690512e-01 5.9182360e-02 1.7430485e-01 1.5812250e-01 3.6650375e-02 -9.9816582e-02 -2.4528183e-01 -4.3656569e-01 -7.1348027e-01 -1.0856419e+00
-2.6000000e+00 -2.0703422e-01 5.9094255e-02 1.7424186e-01 1.5807457e-01 3.6613065e-02 -9.9846413e-02 -2.4530625e-01 -4.3658607e-01 -7.1349756e-01 -1.0856567e+00
-2.4000000e+00 -2.0784900e-01 5.8538271e-02 1.7384435e-01 1.5777215e-01 3.6377644e-02 -1.0003464e-01 -2.4546032e-01 -4.3671468e-01 -7.1360664e-01 -1.0857504e+00
-2.2000000e+00 -2.1299651e-01 5.5027107e-02 1.7133463e-01 1.5586302e-01 3.4891654e-02 -1.0122267e-01 -2.4643265e-01 -4.3752627e-01 -7.1429503e-01 -1.0863415e+00
-2.1500000e+00 -2.1658104e-01 5.2583462e-02 1.6958859e-01 1.5453511e-01 3.3858227e-02 -1.0204878e-01 -2.4710872e-01 -4.3809055e-01 -7.1477363e-01 -1.0867525e+00
-2.1000000e+00 -2.2227352e-01 4.8705136e-02 1.6681850e-01 1.5242889e-01 3.2219364e-02 -1.0335872e-01 -2.4818065e-01 -4.3898517e-01 -7.1553237e-01 -1.0874040e+00
-2.0500000e+00 -2.3132433e-01 4.2544746e-02 1.6242115e-01 1.4908666e-01 2.9619446e-02 -1.0543643e-01 -2.4988062e-01 -4.4040380e-01 -7.1673542e-01 -1.0884369e+00
-2.0000000e+00 -2.4574221e-01 3.2746592e-02 1.5543401e-01 1.4377922e-01 2.5492566e-02 -1.0873340e-01 -2.5257759e-01 -4.4265406e-01 -7.1864350e-01 -1.0900750e+00
-1.9500000e+00 -2.6878080e-01 1.7129494e-02 1.4431495e-01 1.3534131e-01 1.8936016e-02 -1.1396892e-01 -2.5685882e-01 -4.4622522e-01 -7.2167101e-01 -1.0926737e+00
-1.9000000e+00 -3.0578113e-01 -7.8479585e-03 1.2657716e-01 1.2190156e-01 8.5043122e-03 -1.2229237e-01 -2.6366132e-01 -4.5189712e-01 -7.2647792e-01 -1.0967988e+00
-1.8500000e+00 -3.6570873e-01 -4.8022277e-02 9.8167871e-02 1.0043063e-01 -8.1314724e-03 -1.3554950e-01 -2.7448621e-01 -4.6091683e-01 -7.3411815e-01 -1.1033526e+00
-1.8475000e+00 -3.6954643e-01 -5.0582869e-02 9.6362286e-02 9.9068323e-02 -9.1857541e-03 -1.3638897e-01 -2.7517126e-01 -4.6148739e-01 -7.3460129e-01 -1.1037669e+00
-1.8400000e+00 -3.8164835e-01 -5.8647762e-02 9.0679459e-02 9.4782461e-02 -1.2501579e-02 -1.3902865e-01 -2.7732505e-01 -4.6328102e-01 -7.3611996e-01 -1.1050692e+00
-1.8325000e+00 -3.9469096e-01 -6.7322836e-02 8.4573628e-02 9.0180662e-02 -1.6060181e-02 -1.4186069e-01 -2.7963525e-01 -4.6520458e-01 -7.3774843e-01 -1.1064655e+00
-1.8250000e+00 -4.0875413e-01 -7.6657116e-02 7.8011933e-02 8.5238869e-02 -1.9879789e-02 -1.4489938e-01 -2.8211341e-01 -4.6726761e-01 -7.3949473e-01 -1.1079627e+00
-1.8175000e+00 -4.2392573e-01 -8.6704039e-02 7.0958737e-02 7.9931074e-02 -2.3980071e-02 -1.4816013e-01 -2.8477196e-01 -4.6948036e-01 -7.4136749e-01 -1.1095681e+00
-1.8100000e+00 -4.4030260e-01 -9.7521938e-02 6.3375359e-02 7.4229135e-02 -2.8382257e-02 -1.5165956e-01 -2.8762427e-01 -4.7185388e-01 -7.4337598e-01 -1.1112896e+00
-1.8025000e+00 -4.5799174e-01 -1.0917458e-01 5.5219770e-02 6.8102587e-02 -3.3109279e-02 -1.5541557e-01 -2.9068476e-01 -4.7440005e-01 -7.4553019e-01 -1.1131358e+00
-1.7950000e+00 -4.7711172e-01 -1.2173181e-01 4.6446251e-02 6.1518413e-02 -3.8185923e-02 -1.5944748e-01 -2.9396896e-01 -4.7713166e-01 -7.4784085e-01 -1.1151157e+00
-1.7875000e+00 -4.9779428e-01 -1.3527023e-01 3.7005010e-02 5.4440805e-02 -4.3638992e-02 -1.6377615e-01 -2.9749361e-01 -4.8006246e-01 -7.5031951e-01 -1.1172393e+00
-1.7800000e+00 -5.2018632e-01 -1.4987406e-01 2.6841745e-02 4.6830890e-02 -4.9497498e-02 -1.6842410e-01 -3.0127675e-01 -4.8320731e-01 -7.5297861e-01 -1.1195171e+00
-1.7725000e+00 -5.4445224e-01 -1.6563610e-01 1.5897152e-02 3.8646424e-02 -5.5792862e-02 -1.7341567e-01 -3.0533786e-01 -4.8658218e-01 -7.5583154e-01 -1.1219604e+00
-1.7650000e+00 -5.7077673e-01 -1.8265880e-01 4.1063614e-03 2.9841444e-02 -6.2559146e-02 -1.7877717e-01 -3.0969796e-01 -4.9020430e-01 -7.5889270e-01 -1.1245816e+00
-1.7575000e+00 -5.9936826e-01 -2.0105565e-01 -8.6017070e-03 2.0365886e-02 -6.9833311e-02 -1.8453710e-01 -3.1437976e-01 -4.9409227e-01 -7.6217764e-01 -1.1273938e+00
-1.7500000e+00 -6.3046330e-01 -2.2095266e-01 -2.2305086e-02 1.0165137e-02 -7.7655496e-02 -1.9072630e-01 -3.1940780e-01 -4.9826615e-01 -7.6570310e-01 -1.1304112e+00
-1.7425000e+00 -6.6433160e-01 -2.4249022e-01 -3.7089617e-02 -8.2045701e-04 -8.6069347e-02 -1.9737820e-01 -3.2480861e-01 -5.0274759e-01 -7.6948714e-01 -1.1336491e+00
-1.7350000e+00 -7.0128278e-01 -2.6582535e-01 -5.3049951e-02 -1.2656165e-02 -9.5122373e-02 -2.0452906e-01 -3.3061093e-01 -5.0755999e-01 -7.7354924e-01 -1.1371240e+00
-1.7275000e+00 -7.4167471e-01 -2.9113430e-01 -7.0290707e-02 -2.5413524e-02 -1.0486636e-01 -2.1221828e-01 -3.3684586e-01 -5.1272866e-01 -7.7791045e-01 -1.1408537e+00
-1.7200000e+00 -7.8592434e-01 -3.1861583e-01 -8.8927848e-02 -3.9171092e-02 -1.1535782e-01 -2.2048866e-01 -3.4354712e-01 -5.1828095e-01 -7.8259348e-01 -1.1448574e+00
-1.7125000e+00 -8.3452170e-01 -3.4849518e-01 -1.0909030e-01 -5.4015315e-02 -1.2665855e-01 -2.2938680e-01 -3.5075130e-01 -5.2424649e-01 -7.8762289e-01 -1.1491558e+00
-1.7050000e+00 -8.8804848e-01 -3.8102899e-01 -1.3092188e-01 -7.0041543e-02 -1.3883620e-01 -2.3896346e-01 -3.5849814e-01 -5.3065738e-01 -7.9302523e-01 -1.1537712e+00
-1.6975000e+00 -9.4720295e-01 -4.1651154e-01 -1.5458362e-01 -8.7355211e-02 -1.5196496e-01 -2.4927406e-01 -3.6683083e-01 -5.3754842e-01 -7.9882925e-01 -1.1587278e+00
-1.6900000e+00 -1.0128339e+00 -4.5528258e-01 -1.8025659e-01 -1.0607323e-01 -1.6612643e-01 -2.6037913e-01 -3.7579640e-01 -5.4495740e-01 -8.0506607e-01 -1.1640518e+00
-1.6825000e+00 -1.0859879e+00 -4.9773741e-01 -2.0814531e-01 -1.2632566e-01 -1.8141043e-01 -2.7234495e-01 -3.8544611e-01 -5.5292537e-01 -8.1176946e-01 -1.1697715e+00
-1.6750000e+00 -1.1679756e+00 -5.4434011e-01 -2.3848198e-01 -1.4825763e-01 -1.9791620e-01 -2.8524419e-01 -3.9583589e-01 -5.6149697e-01 -8.1897603e-01 -1.1759174e+00
-1.6675000e+00 -1.2604670e+00 -5.9564092e-01 -2.7153177e-01 -1.7203177e-01 -2.1575357e-01 -2.9915669e-01 -4.0702689e-01 -5.7072083e-01 -8.2672555e-01 -1.1825228e+00
-1.6600000e+00 -1.3656284e+00 -6.5229968e-01 -3.0759948e-01 -1.9783104e-01 -2.3504451e-01 -3.1417037e-01 -4.1908605e-01 -5.8064998e-01 -8.3506127e-01 -1.1896238e+00
-1.6525000e+00 -1.4863179e+00 -7.1511806e-01 -3.4703798e-01 -2.2586225e-01 -2.5592491e-01 -3.3038226e-01 -4.3208679e-01 -5.9134232e-01 -8.4403026e-01 -1.1972593e+00
-1.6450000e+00 -1.6263453e+00 -7.8508445e-01 -3.9025924e-01 -2.5636043e-01 -2.7854666e-01 -3.4789975e-01 -4.4610981e-01 -6.0286121e-01 -8.5368383e-01 -1.2054719e+00
-1.6375000e+00 -1.7907213e+00 -8.6343831e-01 -4.3774869e-01 -2.8959421e-01 -3.0308027e-01 -3.6684199e-01 -4.6124401e-01 -6.1527604e-01 -8.6407799e-01 -1.2143080e+00
-1.6300000e+00 -1.9853990e+00 -9.5176428e-01 -4.9008446e-01 -3.2587269e-01 -3.2971799e-01 -3.8734166e-01 -4.7758751e-01 -6.2866300e-01 -8.7527396e-01 -1.2238179e+00
-1.6225000e+00 -2.2139249e+00 -1.0521333e+00 -5.4796355e-01 -3.6555421e-01 -3.5867761e-01 -4.0954695e-01 -4.9524897e-01 -6.4310589e-01 -8.8733878e-01 -1.2340566e+00
-1.6150000e+00 -2.4593970e+00 -1.1673187e+00 -6.1223809e-01 -4.0905769e-01 -3.9020731e-01 -4.3362413e-01 -5.1434899e-01 -6.5869710e-01 -9.0034598e-01 -1.2450844e+00
-1.6075000e+00 -2.6280177e+00 -1.3011318e+00 -6.8396682e-01 -4.5687761e-01 -4.2459157e-01 -4.5976045e-01 -5.3502192e-01 -6.7553877e-01 -9.1437640e-01 -1.2569669e+00
-1.6000000e+00 -2.5790584e+00 -1.4589306e+00 -7.6449010e-01 -5.0960405e-01 -4.6215884e-01 -4.8816790e-01 -5.5741795e-01 -6.9374407e-01 -9.2951908e-01 -1.2697765e+00
-1.5925000e+00 -2.3829346e+00 -1.6482779e+00 -8.5554216e-01 -5.6795012e-01 -5.0329133e-01 -5.1908774e-01 -5.8170560e-01 -7.1343883e-01 -9.4587234e-01 -1.2835923e+00
-1.5850000e+00 -2.1775623e+00 -1.8789926e+00 -9.5942476e-01 -6.3279013e-01 -5.4843780e-01 -5.5279625e-01 -6.0807487e-01 -7.3476339e-01 -9.6354504e-01 -1.2985017e+00
-1.5775000e+00 -2.0053854e+00 -2.1567753e+00 -1.0792847e+00 -7.0521426e-01 -5.9813062e-01 -5.8961196e-01 -6.3674096e-01 -7.5787490e-01 -9.8265808e-01 -1.3146012e+00
-1.5700000e+00 -1.8686066e+00 -2.4363918e+00 -1.2195722e+00 -7.8660871e-01 -6.5300878e-01 -6.2990500e-01 -6.6794903e-01 -7.8295003e-01 -1.0033461e+00 -1.3319973e+00
-1.5625000e+00 -1.7623377e+00 -2.5074425e+00 -1.3868146e+00 -8.7877719e-01 -7.1384967e-01 -6.7410926e-01 -7.0198005e-01 -8.1018831e-01 -1.0257598e+00 -1.3508085e+00
-1.5550000e+00 -1.6819575e+00 -2.2979069e+00 -1.5908755e+00 -9.8413143e-01 -7.8161403e-01 -7.2273848e-01 -7.3915835e-01 -8.3981629e-01 -1.0500680e+00 -1.3711665e+00
-1.5475000e+00 -1.6241701e+00 -2.0424282e+00 -1.8463468e+00 -1.1060019e+00 -8.5751110e-01 -7.7640803e-01 -7.7986123e-01 -8.7209268e-01 -1.0764614e+00 -1.3932186e+00
-1.5400000e+00 -1.5868963e+00 -1.8314706e+00 -2.1673558e+00 -1.2491666e+00 -9.4309596e-01 -8.3586479e-01 -8.2453163e-01 -9.0731484e-01 -1.1051560e+00 -1.4171300e+00
-1.5325000e+00 -1.5690461e+00 -1.6674647e+00 -2.4951910e+00 -1.4207881e+00 -1.0404201e+00 -9.0202934e-01 -8.7369485e-01 -9.4582710e-01 -1.1363978e+00 -1.4430867e+00
-1.5250000e+00 -1.5703569e+00 -1.5412940e+00 -2.4976440e+00 -1.6320936e+00 -1.1522740e+00 -9.7605687e-01 -9.2798131e-01 -9.8803150e-01 -1.1704691e+00 -1.4712993e+00
-1.5175000e+00 -1.5913225e+00 -1.4454587e+00 -2.1961112e+00 -1.9009473e+00 -1.2825950e+00 -1.0594280e+00 -9.8815787e-01 -1.0344020e+00 -1.2076957e+00 -1.5020078e+00
-1.5100000e+00 -1.6332042e+00 -1.3749437e+00 -1.9120028e+00 -2.2494546e+00 -1.4371931e+00 -1.1540885e+00 -1.0551723e+00 -1.0855033e+00 -1.2484568e+00 -1.5354866e+00
-1.5025000e+00 -1.6981223e+00 -1.3266256e+00 -1.6949727e+00 -2.6182697e+00 -1.6251082e+00 -1.2626742e+00 -1.1302176e+00 -1.1420170e+00 -1.2931981e+00 -1.5720525e+00
-1.4950000e+00 -1.7892115e+00 -1.2987483e+00 -1.5309877e+00 -2.5771922e+00 -1.8612388e+00 -1.3888891e+00 -1.2148290e+00 -1.2047776e+00 -1.3424484e+00 -1.6120735e+00
-1.4875000e+00 -1.9107482e+00 -1.2906020e+00 -1.4065671e+00 -2.2238858e+00 -2.1707504e+00 -1.5381783e+00 -1.3110339e+00 -1.2748241e+00 -1.3968428e+00 -1.6559813e+00
-1.4800000e+00 -2.0677859e+00 -1.3023662e+00 -1.3129991e+00 -1.9251766e+00 -2.5817577e+00 -1.7190067e+00 -1.4215958e+00 -1.3534763e+00 -1.4571551e+00 -1.7042870e+00
-1.4725000e+00 -2.2631662e+00 -1.3350848e+00 -1.2449340e+00 -1.7043967e+00 -2.9043266e+00 -1.9454511e+00 -1.5504298e+00 -1.4424512e+00 -1.5243425e+00 -1.7576034e+00
-1.4650000e+00 -2.4832135e+00 -1.3907629e+00 -1.1991943e+00 -1.5396294e+00 -2.6187562e+00 -2.2425382e+00 -1.7033564e+00 -1.5440462e+00 -1.5996123e+00 -1.8166747e+00
-1.4575000e+00 -2.6544437e+00 -1.4726029e+00 -1.1740785e+00 -1.4153751e+00 -2.2383482e+00 -2.6517506e+00 -1.8895703e+00 -1.6614446e+00 -1.6845212e+00 -1.8824191e+00
-1.4500000e+00 -2.6504052e+00 -1.5854062e+00 -1.1689927e+00 -1.3223285e+00 -1.9608986e+00 -3.1044897e+00 -2.1247477e+00 -1.7992515e+00 -1.7811314e+00 -1.9559903e+00
-1.4425000e+00 -2.5001222e+00 -1.7360813e+00 -1.1842927e+00 -1.2549523e+00 -1.7594378e+00 -2.9054248e+00 -2.4379874e+00 -1.9645013e+00 -1.8922645e+00 -2.0388701e+00
-1.4350000e+00 -2.3328709e+00 -1.9335109e+00 -1.2212858e+00 -1.2100197e+00 -1.6094402e+00 -2.4706916e+00 -2.8818587e+00 -2.1687218e+00 -2.0219406e+00 -2.1330112e+00
-1.4275000e+00 -2.2038650e+00 -2.1826734e+00 -1.2823881e+00 -1.1858377e+00 -1.4967777e+00 -2.1601000e+00 -3.3592840e+00 -2.4325880e+00 -2.1761860e+00 -2.2410699e+00
-1.4200000e+00 -2.1226854e+00 -2.4453984e+00 -1.3714870e+00 -1.1818556e+00 -1.4133275e+00 -1.9396779e+00 -3.0403764e+00 -2.7970652e+00 -2.3646497e+00 -2.3668038e+00
-1.4125000e+00 -2.0886479e+00 -2.5406563e+00 -1.4946090e+00 -1.1985062e+00 -1.3543557e+00 -1.7774473e+00 -2.5895384e+00 -3.3307345e+00 -2.6041836e+00 -2.5157960e+00
-1.4050000e+00 -2.1007248e+00 -2.3727221e+00 -1.6610264e+00 -1.2372209e+00 -1.3171962e+00 -1.6560094e+00 -2.2830811e+00 -3.5918398e+00 -2.9277391e+00 -2.6968906e+00
-1.3975000e+00 -2.1593787e+00 -2.1492594e+00 -1.8844305e+00 -1.3006212e+00 -1.3005876e+00 -1.5656957e+00 -2.0672121e+00 -3.0560194e+00 -3.4055349e+00 -2.9253426e+00
-1.3900000e+00 -2.2658741e+00 -1.9751955e+00 -2.1782897e+00 -1.3929527e+00 -1.3043610e+00 -1.5009540e+00 -1.9086317e+00 -2.6537970e+00 -3.9865509e+00 -3.2306946e+00
-1.3825000e+00 -2.4181925e+00 -1.8612555e+00 -2.4949848e+00 -1.5209212e+00 -1.3293470e+00 -1.4586335e+00 -1.7901336e+00 -2.3842646e+00 -3.5627701e+00 -3.6785261e+00
-1.3750000e+00 -2.5965604e+00 -1.8026463e+00 -2.5362936e+00 -1.6952189e+00 -1.3774635e+00 -1.4371495e+00 -1.7022983e+00 -2.1919284e+00 -3.0708176e+00 -4.3432621e+00
-1.3675000e+00 -2.7326570e+00 -1.7959474e+00 -2.2678366e+00 -1.9328336e+00 -1.4520152e+00 -1.4360864e+00 -1.6397602e+00 -2.0496561e+00 -2.7548985e+00 -4.0935767e+00
-1.3600000e+00 -2.7358875e+00 -1.8412431e+00 -2.0089450e+00 -2.2549369e+00 -1.5583253e+00 -1.4560539e+00 -1.5995069e+00 -1.9434820e+00 -2.5358542e+00 -3.5323802e+00
-1.3525000e+00 -2.6355748e+00 -1.9419799e+00 -1.8277270e+00 -2.6140021e+00 -1.7049789e+00 -1.4987370e+00 -1.5800666e+00 -1.8656898e+00 -2.3759285e+00 -3.1839258e+00
-1.3450000e+00 -2.5308037e+00 -2.1032004e+00 -1.7156496e+00 -2.6152017e+00 -1.9062480e+00 -1.5671546e+00 -1.5811306e+00 -1.8118963e+00 -2.2567778e+00 -2.9476557e+00
-1.3375000e+00 -2.4713715e+00 -2.3208670e+00 -1.6628362e+00 -2.2883954e+00 -2.1861520e+00 -1.6662379e+00 -1.6034276e+00 -1.7797232e+00 -2.1686056e+00 -2.7769322e+00
-1.3300000e+00 -2.4700378e+00 -2.5334248e+00 -1.6651088e+00 -2.0129971e+00 -2.5727357e+00 -1.8040003e+00 -1.6487966e+00 -1.7681683e+00 -2.1058999e+00 -2.6501337e+00
-1.3225000e+00 -2.5272444e+00 -2.5704011e+00 -1.7236764e+00 -1.8285282e+00 -2.9097365e+00 -1.9939461e+00 -1.7204869e+00 -1.7773308e+00 -2.0655886e+00 -2.5560161e+00
-1.3150000e+00 -2.6358826e+00 -2.4207273e+00 -1.8450190e+00 -1.7171894e+00 -2.6696493e+00 -2.2600227e+00 -1.8238143e+00 -1.8083649e+00 -2.0461800e+00 -2.4883242e+00
-1.3075000e+00 -2.7712170e+00 -2.2619407e+00 -2.0404093e+00 -1.6669795e+00 -2.3058212e+00 -2.6421553e+00 -1.9675159e+00 -1.8636385e+00 -2.0473684e+00 -2.4435508e+00
-1.3000000e+00 -2.8734557e+00 -2.1699485e+00 -2.3142482e+00 -1.6735270e+00 -2.0540314e+00 -3.0936049e+00 -2.1666472e+00 -1.9471619e+00 -2.0699072e+00 -2.4199133e+00
-1.2925000e+00 -2.8793160e+00 -2.1564435e+00 -2.5740838e+00 -1.7387851e+00 -1.8943644e+00 -2.9525254e+00 -2.4490358e+00 -2.0654974e+00 -2.1156881e+00 -2.4168800e+00
-1.2850000e+00 -2.8129429e+00 -2.2211604e+00 -2.5295652e+00 -1.8711882e+00 -1.8050990e+00 -2.5313360e+00 -2.8652151e+00 -2.2296793e+00 -2.1880616e+00 -2.4349939e+00
-1.2775000e+00 -2.7508664e+00 -2.3581733e+00 -2.2881270e+00 -2.0865595e+00 -1.7759970e+00 -2.2414266e+00 -3.3507769e+00 -2.4595576e+00 -2.2925463e+00 -2.4759119e+00
-1.2700000e+00 -2.7421711e+00 -2.5340626e+00 -2.1004361e+00 -2.3978848e+00 -1.8049951e+00 -2.0581594e+00 -3.0914025e+00 -2.7941627e+00 -2.4383245e+00 -2.5426750e+00
-1.2625000e+00 -2.8072320e+00 -2.6441272e+00 -2.0091024e+00 -2.6902639e+00 -1.8970164e+00 -1.9517671e+00 -2.6492525e+00 -3.3013839e+00 -2.6415905e+00 -2.6403315e+00
-1.2550000e+00 -2.9411860e+00 -2.6019422e+00 -2.0120556e+00 -2.5763937e+00 -2.0653139e+00 -1.9082857e+00 -2.3639526e+00 -3.6205457e+00 -2.9338236e+00 -2.7772595e+00
-1.2475000e+00 -3.0719492e+00 -2.5023529e+00 -2.1095861e+00 -2.2868446e+00 -2.3341292e+00 -1.9236553e+00 -2.1866994e+00 -3.1098123e+00 -3.3817772e+00 -2.9681127e+00
-1.2400000e+00 -3.0618097e+00 -2.4490096e+00 -2.3029000e+00 -2.0896252e+00 -2.7151887e+00 -2.0014162e+00 -2.0859940e+00 -2.7173026e+00 -3.9724147e+00 -3.2411530e+00
-1.2325000e+00 -2.9570969e+00 -2.4708125e+00 -2.5486281e+00 -2.0018816e+00 -2.9186018e+00 -2.1537786e+00 -2.0482187e+00 -2.4750625e+00 -3.6166960e+00 -3.6584248e+00
-1.2250000e+00 -2.9169473e+00 -2.5589387e+00 -2.6356519e+00 -2.0158949e+00 -2.6119993e+00 -2.4062114e+00 -2.0699850e+00 -2.3283602e+00 -3.1270217e+00 -4.3070795e+00
-1.2175000e+00 -3.0068975e+00 -2.6740125e+00 -2.4782053e+00 -2.1340408e+00 -2.3166925e+00 -2.7958454e+00 -2.1558931e+00 -2.2523197e+00 -2.8309775e+00 -4.1491774e+00
-1.2100000e+00 -3.1878114e+00 -2.7467296e+00 -2.3238939e+00 -2.3644682e+00 -2.1517977e+00 -3.1544108e+00 -2.3202709e+00 -2.2374409e+00 -2.6502602e+00 -3.5858581e+00
-1.2025000e+00 -3.2332585e+00 -2.7398354e+00 -2.2764035e+00 -2.6564806e+00 -2.1006769e+00 -2.8678492e+00 -2.5938802e+00 -2.2834784e+00 -2.5483127e+00 -3.2527778e+00
-1.1950000e+00 -3.1091625e+00 -2.6978062e+00 -2.3459515e+00 -2.6983172e+00 -2.1566203e+00 -2.5120343e+00 -3.0269266e+00 -2.3987427e+00 -2.5103641e+00 -3.0508886e+00
-1.1875000e+00 -3.0781268e+00 -2.6814065e+00 -2.5139419e+00 -2.4675394e+00 -2.3297395e+00 -2.3077765e+00 -3.3845433e+00 -2.6040875e+00 -2.5328684e+00 -2.9338976e+00
-1.1800000e+00 -3.2096941e+00 -2.7262123e+00 -2.6796832e+00 -2.2993690e+00 -2.6357199e+00 -2.2281874e+00 -2.9930796e+00 -2.9445172e+00 -2.6208605e+00 -2.8832522e+00
-1.1725000e+00 -3.3466121e+00 -2.8349112e+00 -2.6675918e+00 -2.2674537e+00 -2.9392213e+00 -2.2596364e+00 -2.6294296e+00 -3.4720778e+00 -2.7902045e+00 -2.8933883e+00
-1.1650000e+00 -3.2767019e+00 -2.9297026e+00 -2.5570236e+00 -2.3736233e+00 -2.7797318e+00 -2.4102070e+00 -2.4327949e+00 -3.5249855e+00 -3.0771621e+00 -2.9676637e+00
-1.1575000e+00 -3.2224687e+00 -2.8926480e+00 -2.5133299e+00 -2.5967379e+00 -2.5000673e+00 -2.7076695e+00 -2.3631465e+00 -3.0286560e+00 -3.5581740e+00 -3.1196971e+00
-1.1500000e+00 -3.3162543e+00 -2.8211864e+00 -2.5747400e+00 -2.7685918e+00 -2.3672650e+00 -3.1088419e+00 -2.4072924e+00 -2.7243907e+00 -4.0039550e+00 -3.3817387e+00
-1.1425000e+00 -3.4302245e+00 -2.8698753e+00 -2.7024099e+00 -2.6628815e+00 -2.3910677e+00 -3.0385543e+00 -2.5773651e+00 -2.5772082e+00 -3.4912851e+00 -3.8291352e+00
-1.1350000e+00 -3.3890181e+00 -3.0375994e+00 -2.7856935e+00 -2.5184254e+00 -2.5724874e+00 -2.6900800e+00 -2.9119971e+00 -2.5513548e+00 -3.0949437e+00 -4.4401505e+00
-1.1275000e+00 -3.3559492e+00 -3.0654989e+00 -2.7571456e+00 -2.5066201e+00 -2.8727187e+00 -2.5041797e+00 -3.3593341e+00 -2.6434200e+00 -2.8905101e+00 -3.9943373e+00
-1.1200000e+00 -3.4669104e+00 -2.9465380e+00 -2.7088138e+00 -2.6328035e+00 -2.9447717e+00 -2.4900748e+00 -3.1818979e+00 -2.8788757e+00 -2.8193919e+00 -3.5302541e+00
-1.1125000e+00 -3.5371419e+00 -2.9891726e+00 -2.7296281e+00 -2.7917338e+00 -2.7110670e+00 -2.6466200e+00 -2.8046205e+00 -3.3146287e+00 -2.8659838e+00 -3.2892858e+00
-1.1050000e+00 -3.4476106e+00 -3.1721809e+00 -2.8340996e+00 -2.7882471e+00 -2.5817316e+00 -2.9776033e+00 -2.6272868e+00 -3.6575900e+00 -3.0453270e+00 -3.1922885e+00
-1.0975000e+00 -3.5357919e+00 -3.1327270e+00 -2.9281637e+00 -2.7088931e+00 -2.6388460e+00 -3.1864016e+00 -2.6304796e+00 -3.2169026e+00 -3.4122009e+00 -3.2149785e+00
-1.0900000e+00 -3.6316504e+00 -3.0589449e+00 -2.8800472e+00 -2.7186034e+00 -2.8570514e+00 -2.9086591e+00 -2.8169243e+00 -2.8970694e+00 -3.9689050e+00 -3.3667071e+00
-1.0825000e+00 -3.5332328e+00 -3.1902650e+00 -2.8312061e+00 -2.8076054e+00 -3.0092057e+00 -2.7083576e+00 -3.2042290e+00 -2.7882561e+00 -3.7017546e+00 -3.6971047e+00
-1.0750000e+00 -3.6575733e+00 -3.2512271e+00 -2.9375113e+00 -2.8704176e+00 -2.8709572e+00 -2.7219240e+00 -3.3837073e+00 -2.8627761e+00 -3.2653503e+00 -4.2905926e+00
-1.0675000e+00 -3.6726294e+00 -3.1801508e+00 -3.0676591e+00 -2.8792740e+00 -2.7746031e+00 -2.9457584e+00 -3.0246726e+00 -3.1444436e+00 -3.0764121e+00 -4.2245809e+00
-1.0600000e+00 -3.6454271e+00 -3.2519410e+00 -2.9654327e+00 -2.8885449e+00 -2.8569945e+00 -3.2142701e+00 -2.8257731e+00 -3.6155166e+00 -3.0814461e+00 -3.7041830e+00
-1.0525000e+00 -3.7631434e+00 -3.3250384e+00 -2.9576240e+00 -2.8995269e+00 -3.0223908e+00 -3.0645092e+00 -2.8646726e+00 -3.4737530e+00 -3.2857591e+00 -3.4642258e+00
-1.0450000e+00 -3.7181772e+00 -3.2953727e+00 -3.1443798e+00 -2.9453242e+00 -3.0225305e+00 -2.8860414e+00 -3.1412245e+00 -3.1006522e+00 -3.7466847e+00 -3.4307705e+00
-1.0375000e+00 -3.7848454e+00 -3.3300117e+00 -3.0989777e+00 -3.0350637e+00 -2.9535971e+00 -2.9359886e+00 -3.4391937e+00 -2.9882430e+00 -3.9662964e+00 -3.5951313e+00
-1.0300000e+00 -3.8156869e+00 -3.4217365e+00 -3.0428494e+00 -3.0159045e+00 -2.9981383e+00 -3.1693630e+00 -3.1888520e+00 -3.1290552e+00 -3.4890457e+00 -4.0225079e+00
-1.0225000e+00 -3.8165264e+00 -3.3653647e+00 -3.2183189e+00 -2.9836428e+00 -3.0837930e+00 -3.2233535e+00 -2.9987408e+00 -3.5260828e+00 -3.2657205e+00 -4.4641985e+00
-1.0150000e+00 -3.8905435e+00 -3.4605311e+00 -3.1751362e+00 -3.1248248e+00 -3.1022848e+00 -3.0676287e+00 -3.0850560e+00 -3.6238289e+00 -3.3117904e+00 -3.9483218e+00
-1.0075000e+00 -3.8765037e+00 -3.4681222e+00 -3.1622165e+00 -3.1446983e+00 -3.1180035e+00 -3.0834598e+00 -3.3881812e+00 -3.2632613e+00 -3.6423206e+00 -3.6514199e+00
-1.0000000e+00 -3.9397714e+00 -3.4750938e+00 -3.2934002e+00 -3.0539594e+00 -3.1330703e+00 -3.2492179e+00 -3.3872145e+00 -3.1692097e+00 -4.0467848e+00 -3.6437993e+00
-9.9250000e-01 -3.9497748e+00 -3.5606028e+00 -3.2402977e+00 -3.2278817e+00 -3.1648276e+00 -3.2651306e+00 -3.1746195e+00 -3.3857433e+00 -3.6587224e+00 -3.9262730e+00
-9.8500000e-01 -3.9880536e+00 -3.5224595e+00 -3.2938272e+00 -3.2141753e+00 -3.2537309e+00 -3.2032177e+00 -3.2223139e+00 -3.7199605e+00 -3.4278785e+00 -4.4600101e+00
-9.7750000e-01 -4.0231372e+00 -3.6195280e+00 -3.3498689e+00 -3.1534083e+00 -3.2214062e+00 -3.2684783e+00 -3.4612685e+00 -3.4761555e+00 -3.5358579e+00 -4.1300923e+00
-9.7000000e-01 -4.0220735e+00 -3.5910469e+00 -3.3313260e+00 -3.3544453e+00 -3.2280960e+00 -3.3317797e+00 -3.4154547e+00 -3.3215063e+00 -3.9552300e+00 -3.8063051e+00
-9.6250000e-01 -4.1185747e+00 -3.6690956e+00 -3.4081535e+00 -3.2288102e+00 -3.3805789e+00 -3.3395679e+00 -3.3090270e+00 -3.5082538e+00 -3.9063319e+00 -3.8476273e+00
-9.5500000e-01 -4.0803150e+00 -3.6538394e+00 -3.4053818e+00 -3.3347271e+00 -3.2805265e+00 -3.3642315e+00 -3.4372531e+00 -3.7449253e+00 -3.5963348e+00 -4.2583903e+00
-9.4750000e-01 -4.1286506e+00 -3.7358083e+00 -3.4523229e+00 -3.3590418e+00 -3.3494868e+00 -3.3778549e+00 -3.5210437e+00 -3.5224723e+00 -3.6647545e+00 -4.4029394e+00
-9.4000000e-01 -4.1927410e+00 -3.7086657e+00 -3.4724158e+00 -3.3459565e+00 -3.4587870e+00 -3.4618121e+00 -3.4478798e+00 -3.5009387e+00 -4.0399994e+00 -3.9896650e+00
-9.3250000e-01 -4.1758022e+00 -3.7777455e+00 -3.5182056e+00 -3.4390047e+00 -3.3348404e+00 -3.4505427e+00 -3.5115266e+00 -3.7411009e+00 -3.8983630e+00 -3.9758143e+00
-9.2500000e-01 -4.2141148e+00 -3.8176048e+00 -3.5142622e+00 -3.4100624e+00 -3.5489227e+00 -3.4532196e+00 -3.5657418e+00 -3.6833576e+00 -3.7155973e+00 -4.3732582e+00
-9.1750000e-01 -4.2866765e+00 -3.7910818e+00 -3.6048510e+00 -3.4808669e+00 -3.4138387e+00 -3.5933664e+00 -3.5730492e+00 -3.6108759e+00 -3.9397230e+00 -4.3691519e+00
-9.1000000e-01 -4.3076312e+00 -3.8746547e+00 -3.5573374e+00 -3.4899689e+00 -3.5570444e+00 -3.4803159e+00 -3.6038915e+00 -3.7783783e+00 -4.0685430e+00 -4.0695009e+00
-9.0250000e-01 -4.3046119e+00 -3.8923917e+00 -3.6622015e+00 -3.5245794e+00 -3.5119899e+00 -3.6348444e+00 -3.6258304e+00 -3.7556279e+00 -3.8480271e+00 -4.2380477e+00
-8.9500000e-01 -4.3258814e+00 -3.9019954e+00 -3.6383217e+00 -3.5529849e+00 -3.5855976e+00 -3.5870177e+00 -3.7030421e+00 -3.7471181e+00 -3.9926133e+00 -4.5324465e+00
-8.8750000e-01 -4.3694070e+00 -3.9664919e+00 -3.6974288e+00 -3.6023574e+00 -3.5850772e+00 -3.6301608e+00 -3.6504158e+00 -3.8396970e+00 -4.1097038e+00 -4.2216848e+00
-8.8000000e-01 -4.4151345e+00 -3.9916483e+00 -3.7133743e+00 -3.5772345e+00 -3.6431946e+00 -3.6983293e+00 -3.7769374e+00 -3.8249272e+00 -3.9628588e+00 -4.2960719e+00
-8.7250000e-01 -4.4522550e+00 -3.9851388e+00 -3.7270928e+00 -3.7036148e+00 -3.6437958e+00 -3.6605255e+00 -3.7257502e+00 -3.8829441e+00 -4.1220549e+00 -4.5608136e+00
-8.6500000e-01 -4.4839040e+00 -4.0091725e+00 -3.8139062e+00 -3.6375084e+00 -3.6990308e+00 -3.7691775e+00 -3.7999456e+00 -3.8788654e+00 -4.1098831e+00 -4.3169149e+00
-8.5750000e-01 -4.5176090e+00 -4.0601769e+00 -3.8174659e+00 -3.6978432e+00 -3.7184687e+00 -3.7296360e+00 -3.8212011e+00 -3.9658871e+00 -4.1080999e+00 -4.4514117e+00
-8.5000000e-01 -4.5504799e+00 -4.1078078e+00 -3.7997918e+00 -3.7800820e+00 -3.7393047e+00 -3.8003652e+00 -3.8330425e+00 -3.9176804e+00 -4.1987671e+00 -4.5421477e+00
-8.4250000e-01 -4.5721829e+00 -4.1403712e+00 -3.8498139e+00 -3.7420626e+00 -3.7809665e+00 -3.8280365e+00 -3.8918752e+00 -4.0434537e+00 -4.1686691e+00 -4.4198611e+00
-8.3500000e-01 -4.5931124e+00 -4.1660775e+00 -3.9149295e+00 -3.7833654e+00 -3.8353981e+00 -3.8207377e+00 -3.9023766e+00 -3.9691772e+00 -4.2518834e+00 -4.6198574e+00
-8.2750000e-01 -4.6130826e+00 -4.1940070e+00 -3.9411262e+00 -3.8352003e+00 -3.7931126e+00 -3.9133983e+00 -3.9214963e+00 -4.1131724e+00 -4.2288886e+00 -4.5078244e+00
-8.2000000e-01 -4.6260632e+00 -4.2244566e+00 -3.9481119e+00 -3.8453473e+00 -3.8844829e+00 -3.8865728e+00 -4.0119702e+00 -4.0175660e+00 -4.3195700e+00 -4.6330100e+00
-8.1250000e-01 -4.6704613e+00 -4.2512527e+00 -3.9648543e+00 -3.8839429e+00 -3.9480509e+00 -3.9441303e+00 -3.9350638e+00 -4.1972450e+00 -4.2794282e+00 -4.5922200e+00
-8.0500000e-01 -4.7184127e+00 -4.2766200e+00 -3.9939098e+00 -3.9450904e+00 -3.8956125e+00 -3.9608446e+00 -4.1049147e+00 -4.0582439e+00 -4.3870654e+00 -4.6834863e+00
-7.9750000e-01 -4.7424081e+00 -4.3168109e+00 -4.0272526e+00 -3.9804343e+00 -3.9219064e+00 -4.0194647e+00 -4.0136880e+00 -4.2713539e+00 -4.3428599e+00 -4.6465514e+00
-7.9000000e-01 -4.7526820e+00 -4.3592386e+00 -4.0605401e+00 -3.9892074e+00 -4.0052615e+00 -4.0276602e+00 -4.0865980e+00 -4.1372845e+00 -4.4228808e+00 -4.7610420e+00
-7.8250000e-01 -4.8074530e+00 -4.3718491e+00 -4.0956188e+00 -3.9991333e+00 -4.0450747e+00 -4.0165195e+00 -4.1469069e+00 -4.2461145e+00 -4.4504549e+00 -4.6880702e+00
-7.7500000e-01 -4.8164647e+00 -4.3921005e+00 -4.1329157e+00 -4.0223313e+00 -4.0520968e+00 -4.0971639e+00 -4.1308258e+00 -4.3092227e+00 -4.4128619e+00 -4.8406551e+00
-7.6750000e-01 -4.8632589e+00 -4.4105302e+00 -4.1612507e+00 -4.0557199e+00 -4.0755424e+00 -4.1772739e+00 -4.1757471e+00 -4.2218939e+00 -4.5957356e+00 -4.7473788e+00
-7.6000000e-01 -4.8793397e+00 -4.4674558e+00 -4.1755907e+00 -4.0911220e+00 -4.1187599e+00 -4.1678511e+00 -4.1971414e+00 -4.3540838e+00 -4.4491377e+00 -4.8636420e+00
-7.5250000e-01 -4.9306275e+00 -4.4891450e+00 -4.2089363e+00 -4.1191763e+00 -4.1655123e+00 -4.1471276e+00 -4.2314548e+00 -4.3843735e+00 -4.5764315e+00 -4.8826109e+00
-7.4500000e-01 -4.9363108e+00 -4.5074707e+00 -4.2664564e+00 -4.1358433e+00 -4.2060865e+00 -4.1672054e+00 -4.3006443e+00 -4.3475657e+00 -4.6538817e+00 -4.8218862e+00
-7.3750000e-01 -4.9734201e+00 -4.5597036e+00 -4.2973706e+00 -4.1555589e+00 -4.2389681e+00 -4.2136383e+00 -4.3315096e+00 -4.3972131e+00 -4.5461783e+00 -5.0226133e+00
-7.3000000e-01 -5.0161218e+00 -4.5617955e+00 -4.3235052e+00 -4.2023641e+00 -4.2632257e+00 -4.2611603e+00 -4.3172219e+00 -4.4459307e+00 -4.6340550e+00 -4.9271945e+00
-7.2250000e-01 -5.0439464e+00 -4.6145029e+00 -4.3264286e+00 -4.2579331e+00 -4.2776698e+00 -4.2996864e+00 -4.3126088e+00 -4.4711520e+00 -4.7440811e+00 -4.9144793e+00
-7.1500000e-01 -5.0672565e+00 -4.6251228e+00 -4.3955084e+00 -4.2807577e+00 -4.2902454e+00 -4.3333035e+00 -4.3361882e+00 -4.5138925e+00 -4.7155347e+00 -5.0938112e+00
-7.0750000e-01 -5.0909853e+00 -4.6759229e+00 -4.3995155e+00 -4.3164387e+00 -4.3189754e+00 -4.3703580e+00 -4.3761199e+00 -4.5639017e+00 -4.7026052e+00 -5.0853590e+00
-7.0000000e-01 -5.1254510e+00 -4.7009067e+00 -4.4328696e+00 -4.3242303e+00 -4.3577575e+00 -4.4153663e+00 -4.4180458e+00 -4.5946681e+00 -4.7426196e+00 -5.0091013e+00
-6.5000000e-01 -5.3320748e+00 -4.8884165e+00 -4.6382865e+00 -4.5483419e+00 -4.5443864e+00 -4.5727079e+00 -4.6515742e+00 -4.7447134e+00 -5.0234144e+00 -5.2515743e+00
-6.0000000e-01 -5.5187597e+00 -5.1005617e+00 -4.8280532e+00 -4.7469778e+00 -4.7344333e+00 -4.7880619e+00 -4.8723135e+00 -4.9268205e+00 -5.1754754e+00 -5.5264385e+00
-5.5000000e-01 -5.7313907e+00 -5.2986573e+00 -5.0419836e+00 -4.9235779e+00 -4.9595176e+00 -4.9736871e+00 -5.0637166e+00 -5.1484490e+00 -5.3848723e+00 -5.6412198e+00
-5.0000000e-01 -5.9226627e+00 -5.4969177e+00 -5.2426459e+00 -5.1265200e+00 -5.1539269e+00 -5.1955826e+00 -5.2437918e+00 -5.3416957e+00 -5.5801632e+00 -5.8689982e+00
-4.0000000e-01 -6.2813559e+00 -5.8927873e+00 -5.6366230e+00 -5.5376989e+00 -5.5482304e+00 -5.5834801e+00 -5.6557049e+00 -5.7601257e+00 -5.9546812e+00 -6.2791932e+00
-2.0000000e-01 -7.2265597e+00 -6.6502842e+00 -6.3936570e+00 -6.3358179e+00 -6.3458304e+00 -6.3877138e+00 -6.4467468e+00 -6.5658514e+00 -6.7640707e+00 -7.0643692e+00
0.0000000e+00 -7.9067443e+00 -7.4529804e+00 -7.2180917e+00 -7.1137006e+00 -7.1267283e+00 -7.2064187e+00 -7.2529737e+00 -7.3603137e+00 -7.5668468e+00 -7.8714312e+00
2.0000000e-01 -8.6671242e+00 -8.3122976e+00 -8.0385212e+00 -7.9237280e+00 -7.9329694e+00 -7.9798769e+00 -8.0775096e+00 -8.1372520e+00 -8.3841997e+00 -8.6718405e+00
4.0000000e-01 -9.5826296e+00 -9.0628699e+00 -8.8736042e+00 -8.7330797e+00 -8.7454950e+00 -8.8221257e+00 -8.8394103e+00 -8.9625661e+00 -9.1624604e+00 -9.4665610e+00
6.0000000e-01 -1.0344692e+01 -9.9016404e+00 -9.6019357e+00 -9.5271896e+00 -9.5078878e+00 -9.6130313e+00 -9.6233718e+00 -9.7040265e+00 -9.9880225e+00 -1.0259949e+01
8.0000000e-01 -1.1089930e+01 -1.0680444e+01 -1.0451368e+01 -1.0337901e+01 -1.0308704e+01 -1.0388538e+01 -1.0419573e+01 -1.0612887e+01 -1.0737937e+01 -1.1018526e+01
1.0000000e+00 -1.1931124e+01 -1.1498054e+01 -1.1257956e+01 -1.1159664e+01 -1.1099579e+01 -1.1244348e+01 -1.1220525e+01 -1.1334696e+01 -1.1600647e+01 -1.1904767e+01
1.2000000e+00 -1.2691198e+01 -1.2357210e+01 -1.2038754e+01 -1.1904865e+01 -1.1985217e+01 -1.1992812e+01 -1.2069664e+01 -1.2171385e+01 -1.2399384e+01 -1.2678961e+01
1.4000000e+00 -1.3517912e+01 -1.3104028e+01 -1.2808073e+01 -1.2693989e+01 -1.2751409e+01 -1.2746297e+01 -1.2880452e+01 -1.2947369e+01 -1.3143063e+01 -1.3491963e+01
1.6000000e+00 -1.4324261e+01 -1.3866639e+01 -1.3648501e+01 -1.3490345e+01 -1.3546764e+01 -1.3597450e+01 -1.3656543e+01 -1.3722644e+01 -1.3990345e+01 -1.4316567e+01
1.8000000e+00 -1.5174898e+01 -1.4709330e+01 -1.4443354e+01 -1.4349338e+01 -1.4325646e+01 -1.4424740e+01 -1.4469894e+01 -1.4519931e+01 -1.4802888e+01 -1.5090567e+01
2.0000000e+00 -1.6027506e+01 -1.5493048e+01 -1.5323313e+01 -1.5160511e+01 -1.5145378e+01 -1.5161508e+01 -1.5253694e+01 -1.5356960e+01 -1.5541865e+01 -1.5892906e+01
