########################################################################
# Reference Counts for Solar Model AGSS09met_old                       #
# Column 1: log10(Axion mass in eV)                                    #
#        n>1: log10(Reference photon counts in energy bin n-1)         #
########################################################################
-3.0000000e+00 -4.0549104e-01 -9.0101088e-02 7.3120358e-02 1.1892760e-01 8.7483634e-02 2.3760357e-02 -6.5233200e-02 -1.7646840e-01 -3.2796256e-01 -5.2404310e-01
-2.8000000e+00 -4.0551138e-01 -9.0114971e-02 7.3110344e-02 1.1892004e-01 8.7477743e-02 2.3755641e-02 -6.5237062e-02 -1.7647161e-01 -3.2796529e-01 -5.2404544e-01
-2.6000000e+00 -4.0563973e-01 -9.0202569e-02 7.3047161e-02 1.1887235e-01 8.7440574e-02 2.3725882e-02 -6.5261425e-02 -1.7649192e-01 -3.2798250e-01 -5.2406020e-01
-2.4000000e+00 -4.0644973e-01 -9.0755354e-02 7.2648461e-02 1.1857139e-01 8.7206043e-02 2.3538109e-02 -6.5415151e-02 -1.7662008e-01 -3.2809110e-01 -5.2415330e-01
-2.2000000e+00 -4.1156701e-01 -9.4246297e-02 7.0131198e-02 1.1667158e-01 8.5725673e-02 2.2352971e-02 -6.6385348e-02 -1.7742882e-01 -3.2877648e-01 -5.2474086e-01
-2.1500000e+00 -4.1513046e-01 -9.6675851e-02 6.8379903e-02 1.1535015e-01 8.4696155e-02 2.1528863e-02 -6.7059937e-02 -1.7799112e-01 -3.2925297e-01 -5.2514933e-01
-2.1000000e+00 -4.2078944e-01 -1.0053178e-01 6.5601477e-02 1.1325421e-01 8.3063497e-02 2.0222109e-02 -6.8129513e-02 -1.7888260e-01 -3.3000838e-01 -5.2579688e-01
-2.0500000e+00 -4.2978690e-01 -1.0665651e-01 6.1190881e-02 1.0992831e-01 8.0473433e-02 1.8149451e-02 -6.9825746e-02 -1.8029623e-01 -3.3120616e-01 -5.2682356e-01
-2.0000000e+00 -4.4411955e-01 -1.1639775e-01 5.4182649e-02 1.0464688e-01 7.6362218e-02 1.4860503e-02 -7.2516782e-02 -1.8253857e-01 -3.3310586e-01 -5.2845173e-01
-1.9500000e+00 -4.6702133e-01 -1.3192360e-01 4.3029925e-02 9.6250434e-02 6.9830618e-02 9.6377597e-03 -7.6788569e-02 -1.8609715e-01 -3.3612006e-01 -5.3103469e-01
-1.9000000e+00 -5.0380034e-01 -1.5675374e-01 2.5238176e-02 8.2877071e-02 5.9438768e-02 1.3346815e-03 -8.3576031e-02 -1.9174902e-01 -3.4090578e-01 -5.3513469e-01
-1.8500000e+00 -5.6336507e-01 -1.9668746e-01 -3.2582141e-03 6.1513071e-02 4.2866948e-02 -1.1889837e-02 -9.4376889e-02 -2.0073676e-01 -3.4851226e-01 -5.4164861e-01
-1.8475000e+00 -5.6717934e-01 -1.9923256e-01 -5.0693645e-03 6.0157584e-02 4.1816737e-02 -1.2727235e-02 -9.5060413e-02 -2.0130529e-01 -3.4899325e-01 -5.4206041e-01
-1.8400000e+00 -5.7920722e-01 -2.0724853e-01 -1.0769729e-02 5.5893213e-02 3.8513730e-02 -1.5360392e-02 -9.7209405e-02 -2.0309255e-01 -3.5050520e-01 -5.4335476e-01
-1.8325000e+00 -5.9216977e-01 -2.1587077e-01 -1.6894441e-02 5.1314538e-02 3.4968905e-02 -1.8185421e-02 -9.9514455e-02 -2.0500926e-01 -3.5212646e-01 -5.4474254e-01
-1.8250000e+00 -6.0614630e-01 -2.2514796e-01 -2.3476472e-02 4.6397635e-02 3.1164111e-02 -2.1216586e-02 -1.0198708e-01 -2.0706494e-01 -3.5386501e-01 -5.4623055e-01
-1.8175000e+00 -6.2122407e-01 -2.3513313e-01 -3.0551581e-02 4.1116638e-02 2.7079763e-02 -2.4469253e-02 -1.0463969e-01 -2.0926981e-01 -3.5572945e-01 -5.4782613e-01
-1.8100000e+00 -6.3749921e-01 -2.4588419e-01 -3.8158578e-02 3.5443567e-02 2.2694719e-02 -2.7959986e-02 -1.0748562e-01 -2.1163486e-01 -3.5772901e-01 -5.4953712e-01
-1.8025000e+00 -6.5507796e-01 -2.5746445e-01 -4.6339641e-02 2.9348124e-02 1.7986144e-02 -3.1706647e-02 -1.1053925e-01 -2.1417193e-01 -3.5987363e-01 -5.5137198e-01
-1.7950000e+00 -6.7407801e-01 -2.6994319e-01 -5.5140647e-02 2.2797483e-02 1.2929361e-02 -3.5728504e-02 -1.1381608e-01 -2.1689376e-01 -3.6217400e-01 -5.5333980e-01
-1.7875000e+00 -6.9463010e-01 -2.8339643e-01 -6.4611564e-02 1.5756043e-02 7.4976781e-03 -4.0046356e-02 -1.1733279e-01 -2.1981407e-01 -3.6464162e-01 -5.5545035e-01
-1.7800000e+00 -7.1688003e-01 -2.9790772e-01 -7.4806889e-02 8.1851583e-03 1.6622132e-03 -4.4682664e-02 -1.2110741e-01 -2.2294763e-01 -3.6728884e-01 -5.5771413e-01
-1.7725000e+00 -7.4099090e-01 -3.1356910e-01 -8.5786140e-02 4.2833081e-05 -4.6083176e-03 -4.9661701e-02 -1.2515935e-01 -2.2631037e-01 -3.7012901e-01 -5.6014245e-01
-1.7650000e+00 -7.6714594e-01 -3.3048216e-01 -9.7614425e-02 -8.7166175e-03 -1.1347825e-02 -5.5009717e-02 -1.2950959e-01 -2.2991945e-01 -3.7317647e-01 -5.6274749e-01
-1.7575000e+00 -7.9555193e-01 -3.4875942e-01 -1.1036309e-01 -1.8142954e-02 -1.8593102e-02 -6.0755112e-02 -1.3418078e-01 -2.3379340e-01 -3.7644667e-01 -5.6554233e-01
-1.7500000e+00 -8.2644338e-01 -3.6852576e-01 -1.2411046e-01 -2.8290450e-02 -2.6384106e-02 -6.6928645e-02 -1.3919739e-01 -2.3795219e-01 -3.7995630e-01 -5.6854110e-01
-1.7425000e+00 -8.6008774e-01 -3.8992031e-01 -1.3894272e-01 -3.9218382e-02 -3.4764279e-02 -7.3563654e-02 -1.4458590e-01 -2.4241739e-01 -3.8372331e-01 -5.7175898e-01
-1.7350000e+00 -8.9679193e-01 -4.1309859e-01 -1.5495487e-01 -5.0991602e-02 -4.3780910e-02 -8.0696302e-02 -1.5037496e-01 -2.4721233e-01 -3.8776710e-01 -5.7521237e-01
-1.7275000e+00 -9.3691064e-01 -4.3823513e-01 -1.7225197e-01 -6.3681177e-02 -5.3485534e-02 -8.8365857e-02 -1.5659560e-01 -2.5236218e-01 -3.9210860e-01 -5.7891893e-01
-1.7200000e+00 -9.8085699e-01 -4.6552667e-01 -1.9095044e-01 -7.7365138e-02 -6.3934399e-02 -9.6615005e-02 -1.6328145e-01 -2.5789420e-01 -3.9677042e-01 -5.8289771e-01
-1.7125000e+00 -1.0291164e+00 -4.9519607e-01 -2.1117976e-01 -9.2129341e-02 -7.5188982e-02 -1.0549020e-01 -1.7046901e-01 -2.6383791e-01 -4.0177699e-01 -5.8716929e-01
-1.7050000e+00 -1.0822650e+00 -5.2749714e-01 -2.3308436e-01 -1.0806846e-01 -8.7316595e-02 -1.1504206e-01 -1.7819790e-01 -2.7022526e-01 -4.0715474e-01 -5.9175589e-01
-1.6975000e+00 -1.1409943e+00 -5.6272076e-01 -2.5682599e-01 -1.2528718e-01 -1.0039107e-01 -1.2532581e-01 -1.8651121e-01 -2.7709092e-01 -4.1293227e-01 -5.9668150e-01
-1.6900000e+00 -1.2061448e+00 -6.0120252e-01 -2.8258652e-01 -1.4390155e-01 -1.1449354e-01 -1.3640181e-01 -1.9545583e-01 -2.8447251e-01 -4.1914054e-01 -6.0197208e-01
-1.6825000e+00 -1.2787525e+00 -6.4333268e-01 -3.1057144e-01 -1.6404060e-01 -1.2971337e-01 -1.4833611e-01 -2.0508289e-01 -2.9241089e-01 -4.2581314e-01 -6.0765573e-01
-1.6750000e+00 -1.3601159e+00 -6.8956902e-01 -3.4101407e-01 -1.8584836e-01 -1.4614924e-01 -1.6120115e-01 -2.1544815e-01 -3.0095054e-01 -4.3298648e-01 -6.1376287e-01
-1.6675000e+00 -1.4518900e+00 -7.4045385e-01 -3.7418091e-01 -2.0948609e-01 -1.6391037e-01 -1.7507651e-01 -2.2661258e-01 -3.1013985e-01 -4.4070013e-01 -6.2032644e-01
-1.6600000e+00 -1.5562254e+00 -7.9663690e-01 -4.1037833e-01 -2.3513522e-01 -1.8311800e-01 -1.9004980e-01 -2.3864294e-01 -3.2003162e-01 -4.4899711e-01 -6.2738222e-01
-1.6525000e+00 -1.6759680e+00 -8.5890666e-01 -4.4996113e-01 -2.6300072e-01 -2.0390721e-01 -2.0621770e-01 -2.5161242e-01 -3.3068350e-01 -4.5792423e-01 -6.3496902e-01
-1.6450000e+00 -1.8149356e+00 -9.2823409e-01 -4.9334356e-01 -2.9331545e-01 -2.2642894e-01 -2.2368722e-01 -2.6560148e-01 -3.4215853e-01 -4.6753251e-01 -6.4312906e-01
-1.6375000e+00 -1.9782232e+00 -1.0058351e+00 -5.4101393e-01 -3.2634545e-01 -2.5085260e-01 -2.4257708e-01 -2.8069872e-01 -3.5452579e-01 -4.7787765e-01 -6.5190826e-01
-1.6300000e+00 -2.1721360e+00 -1.0932618e+00 -5.9355393e-01 -3.6239668e-01 -2.7736913e-01 -2.6301941e-01 -2.9700198e-01 -3.6786109e-01 -4.8902052e-01 -6.6135666e-01
-1.6225000e+00 -2.4015238e+00 -1.1925390e+00 -6.5166505e-01 -4.0182363e-01 -3.0619483e-01 -2.8516186e-01 -3.1461952e-01 -3.8224782e-01 -5.0102775e-01 -6.7152884e-01
-1.6150000e+00 -2.6537315e+00 -1.3063734e+00 -7.1620521e-01 -4.4504048e-01 -3.3757601e-01 -3.0916997e-01 -3.3367156e-01 -3.9777791e-01 -5.1397244e-01 -6.8248448e-01
-1.6075000e+00 -2.8410110e+00 -1.4384783e+00 -7.8824069e-01 -4.9253575e-01 -3.7179500e-01 -3.3523022e-01 -3.5429196e-01 -4.1455294e-01 -5.2793493e-01 -6.9428886e-01
-1.6000000e+00 -2.8069600e+00 -1.5940702e+00 -8.6912186e-01 -5.4489194e-01 -4.0917758e-01 -3.6355364e-01 -3.7663036e-01 -4.3268550e-01 -5.4300371e-01 -7.0701356e-01
-1.5925000e+00 -2.6082668e+00 -1.7805320e+00 -9.6059649e-01 -6.0281231e-01 -4.5010267e-01 -3.9438036e-01 -4.0085466e-01 -4.5230072e-01 -5.5927645e-01 -7.2073722e-01
-1.5850000e+00 -2.3961388e+00 -2.0076301e+00 -1.0649848e+00 -6.6715821e-01 -4.9501496e-01 -4.2798532e-01 -4.2715409e-01 -4.7353812e-01 -5.7686131e-01 -7.3554642e-01
-1.5775000e+00 -2.2184561e+00 -2.2823649e+00 -1.1854590e+00 -7.3900223e-01 -5.4444168e-01 -4.6468540e-01 -4.5574298e-01 -4.9655394e-01 -5.9587834e-01 -7.5153667e-01
-1.5700000e+00 -2.0776162e+00 -2.5683608e+00 -1.3265032e+00 -8.1970627e-01 -5.9901517e-01 -5.0484873e-01 -4.8686543e-01 -5.2152373e-01 -6.1646126e-01 -7.6881369e-01
-1.5625000e+00 -1.9682654e+00 -2.6672258e+00 -1.4946830e+00 -9.1103931e-01 -6.5950418e-01 -5.4890667e-01 -5.2080115e-01 -5.4864577e-01 -6.3875955e-01 -7.8749472e-01
-1.5550000e+00 -1.8854203e+00 -2.4711407e+00 -1.6998698e+00 -1.0153618e+00 -7.2685782e-01 -5.9736984e-01 -5.5787291e-01 -5.7814507e-01 -6.6294095e-01 -8.0771027e-01
-1.5475000e+00 -1.8255518e+00 -2.2128408e+00 -1.9564137e+00 -1.1359257e+00 -8.0226946e-01 -6.5084953e-01 -5.9845613e-01 -6.1027854e-01 -6.8919454e-01 -8.2960614e-01
-1.5400000e+00 -1.7864313e+00 -1.9972087e+00 -2.2766128e+00 -1.2773833e+00 -8.8727177e-01 -7.1008736e-01 -6.4299137e-01 -6.4534133e-01 -7.1773451e-01 -8.5334576e-01
-1.5325000e+00 -1.7668685e+00 -1.8293738e+00 -2.5927507e+00 -1.4466874e+00 -9.8388367e-01 -7.7599685e-01 -6.9200094e-01 -6.8367507e-01 -7.4880481e-01 -8.7911319e-01
-1.5250000e+00 -1.7665310e+00 -1.7002117e+00 -2.5772226e+00 -1.6547093e+00 -1.0948461e+00 -8.4972358e-01 -7.4611138e-01 -7.2567850e-01 -7.8268508e-01 -9.0711670e-01
-1.5175000e+00 -1.7858605e+00 -1.6019574e+00 -2.2789146e+00 -1.9187961e+00 -1.2240185e+00 -9.3273462e-01 -8.0608453e-01 -7.7182137e-01 -8.1969805e-01 -9.3759324e-01
-1.5100000e+00 -1.8260816e+00 -1.5293854e+00 -2.0005813e+00 -2.2615679e+00 -1.3770803e+00 -1.0269562e+00 -8.7286131e-01 -8.2266315e-01 -8.6021918e-01 -9.7081401e-01
-1.5025000e+00 -1.8892956e+00 -1.4792250e+00 -1.7873407e+00 -2.6390367e+00 -1.5628415e+00 -1.1349946e+00 -9.4762550e-01 -8.7887846e-01 -9.0468924e-01 -1.0070916e+00
-1.4950000e+00 -1.9786557e+00 -1.4496140e+00 -1.6258493e+00 -2.6385809e+00 -1.7957800e+00 -1.2605068e+00 -1.0318990e+00 -9.4129262e-01 -9.5363099e-01 -1.0467888e+00
-1.4875000e+00 -2.0985565e+00 -1.4397580e+00 -1.5032047e+00 -2.2883355e+00 -2.1004014e+00 -1.4088600e+00 -1.1276900e+00 -1.0109323e+00 -1.0076718e+00 -1.0903311e+00
-1.4800000e+00 -2.2544629e+00 -1.4497616e+00 -1.4110053e+00 -1.9831637e+00 -2.5062269e+00 -1.5883798e+00 -1.2377325e+00 -1.0891002e+00 -1.0675750e+00 -1.1382216e+00
-1.4725000e+00 -2.4505310e+00 -1.4805916e+00 -1.3440716e+00 -1.7574646e+00 -2.8514965e+00 -1.8128771e+00 -1.3658940e+00 -1.1774883e+00 -1.1342841e+00 -1.1910628e+00
-1.4650000e+00 -2.6768396e+00 -1.5341637e+00 -1.2993264e+00 -1.5892462e+00 -2.5914955e+00 -2.1068665e+00 -1.5179141e+00 -1.2783573e+00 -1.2089871e+00 -1.2495852e+00
-1.4575000e+00 -2.8649547e+00 -1.6135670e+00 -1.2751333e+00 -1.4624314e+00 -2.2059315e+00 -2.5114939e+00 -1.7028383e+00 -1.3948326e+00 -1.2932139e+00 -1.3146891e+00
-1.4500000e+00 -2.8756365e+00 -1.7234543e+00 -1.2709453e+00 -1.3673509e+00 -1.9232545e+00 -2.9716844e+00 -1.9360425e+00 -1.5314239e+00 -1.3889866e+00 -1.3875035e+00
-1.4425000e+00 -2.7223542e+00 -1.8705620e+00 -1.2871568e+00 -1.2982516e+00 -1.7183225e+00 -2.7986583e+00 -2.2459790e+00 -1.6949966e+00 -1.4990654e+00 -1.4694748e+00
-1.4350000e+00 -2.5463294e+00 -2.0637504e+00 -1.3251110e+00 -1.2517702e+00 -1.5659055e+00 -2.3604659e+00 -2.6843968e+00 -1.8967504e+00 -1.6273707e+00 -1.5625046e+00
-1.4275000e+00 -2.4096466e+00 -2.3092589e+00 -1.3872618e+00 -1.2261187e+00 -1.4514203e+00 -2.0458078e+00 -3.1712264e+00 -2.1566524e+00 -1.7797563e+00 -1.6691709e+00
-1.4200000e+00 -2.3224279e+00 -2.5768043e+00 -1.4775382e+00 -1.2206707e+00 -1.3664933e+00 -1.8228296e+00 -2.8764555e+00 -2.5140170e+00 -1.9655447e+00 -1.7931052e+00
-1.4125000e+00 -2.2835385e+00 -2.6976219e+00 -1.6020075e+00 -1.2357888e+00 -1.3062446e+00 -1.6588869e+00 -2.4212450e+00 -3.0369453e+00 -2.2008997e+00 -1.9396745e+00
-1.4050000e+00 -2.2916573e+00 -2.5447707e+00 -1.7699422e+00 -1.2728272e+00 -1.2679141e+00 -1.5361949e+00 -2.1111720e+00 -3.3455075e+00 -2.5171150e+00 -2.1173194e+00
-1.3975000e+00 -2.3472913e+00 -2.3183591e+00 -1.9947704e+00 -1.3343094e+00 -1.2501725e+00 -1.4448866e+00 -1.8930806e+00 -2.8206602e+00 -2.9805522e+00 -2.3404538e+00
-1.3900000e+00 -2.4523070e+00 -2.1382310e+00 -2.2881661e+00 -1.4243407e+00 -1.2527937e+00 -1.3792997e+00 -1.7330077e+00 -2.4101901e+00 -3.5755719e+00 -2.6365889e+00
-1.3825000e+00 -2.6064426e+00 -2.0186631e+00 -2.5940578e+00 -1.5494078e+00 -1.2765513e+00 -1.3362153e+00 -1.6134092e+00 -2.1357285e+00 -3.2138190e+00 -3.0657066e+00
-1.3750000e+00 -2.7935387e+00 -1.9549663e+00 -2.6165149e+00 -1.7198467e+00 -1.3232960e+00 -1.3140016e+00 -1.5246951e+00 -1.9403295e+00 -2.7097246e+00 -3.7138768e+00
-1.3675000e+00 -2.9460233e+00 -1.9433739e+00 -2.3509517e+00 -1.9521407e+00 -1.3962411e+00 -1.3122046e+00 -1.4614047e+00 -1.7959377e+00 -2.3859348e+00 -3.5858267e+00
-1.3600000e+00 -2.9571336e+00 -1.9836264e+00 -2.0990047e+00 -2.2678870e+00 -1.5005701e+00 -1.3313976e+00 -1.4204667e+00 -1.6881555e+00 -2.1622869e+00 -3.0082947e+00
-1.3525000e+00 -2.8480799e+00 -2.0789237e+00 -1.9227557e+00 -2.6330820e+00 -1.6446334e+00 -1.3732236e+00 -1.4003678e+00 -1.6090456e+00 -1.9993251e+00 -2.6471324e+00
-1.3450000e+00 -2.7312925e+00 -2.2345045e+00 -1.8143067e+00 -2.6743655e+00 -1.8422875e+00 -1.4406460e+00 -1.4007646e+00 -1.5540976e+00 -1.8779546e+00 -2.4037319e+00
-1.3375000e+00 -2.6630057e+00 -2.4487726e+00 -1.7644466e+00 -2.3524944e+00 -2.1169064e+00 -1.5385115e+00 -1.4223517e+00 -1.5208512e+00 -1.7880173e+00 -2.2284505e+00
-1.3300000e+00 -2.6569625e+00 -2.6702518e+00 -1.7693769e+00 -2.0697202e+00 -2.4976337e+00 -1.6746910e+00 -1.4669284e+00 -1.5082425e+00 -1.7238045e+00 -2.0983946e+00
-1.3225000e+00 -2.7142979e+00 -2.7320855e+00 -1.8305105e+00 -1.8789680e+00 -2.8536491e+00 -1.8624263e+00 -1.5376887e+00 -1.5163166e+00 -1.6821234e+00 -2.0017326e+00
-1.3150000e+00 -2.8292764e+00 -2.5908869e+00 -1.9543466e+00 -1.7626208e+00 -2.6419360e+00 -2.1251673e+00 -1.6398624e+00 -1.5461703e+00 -1.6613972e+00 -1.9319003e+00
-1.3075000e+00 -2.9770690e+00 -2.4258158e+00 -2.1516011e+00 -1.7080118e+00 -2.2730015e+00 -2.5024422e+00 -1.7820357e+00 -1.6000988e+00 -1.6612506e+00 -1.8852065e+00
-1.3000000e+00 -3.0884500e+00 -2.3248111e+00 -2.4234552e+00 -1.7102397e+00 -2.0150049e+00 -2.9589388e+00 -1.9789695e+00 -1.6820068e+00 -1.6823673e+00 -1.8597432e+00
-1.2925000e+00 -3.0860889e+00 -2.3023159e+00 -2.6675129e+00 -1.7707856e+00 -1.8507558e+00 -2.8452339e+00 -2.2578683e+00 -1.7982817e+00 -1.7265571e+00 -1.8548788e+00
-1.2850000e+00 -3.0052853e+00 -2.3585303e+00 -2.6093999e+00 -1.8975514e+00 -1.7578032e+00 -2.4209893e+00 -2.6683955e+00 -1.9596319e+00 -1.7970561e+00 -1.8710614e+00
-1.2775000e+00 -2.9374668e+00 -2.4891614e+00 -2.3751691e+00 -2.1058534e+00 -1.7253410e+00 -2.1263722e+00 -3.1602699e+00 -2.1852215e+00 -1.8992011e+00 -1.9098390e+00
-1.2700000e+00 -2.9323033e+00 -2.6672292e+00 -2.1960381e+00 -2.4106243e+00 -1.7508864e+00 -1.9398487e+00 -2.9273172e+00 -2.5125024e+00 -2.0418473e+00 -1.9741048e+00
-1.2625000e+00 -3.0063020e+00 -2.7960071e+00 -2.1112493e+00 -2.7188201e+00 -1.8389376e+00 -1.8309645e+00 -2.4808537e+00 -3.0083036e+00 -2.2405189e+00 -2.0686776e+00
-1.2550000e+00 -3.1485302e+00 -2.7688298e+00 -2.1194095e+00 -2.6394825e+00 -2.0021744e+00 -1.7852948e+00 -2.1913428e+00 -3.3693489e+00 -2.5251146e+00 -2.2015287e+00
-1.2475000e+00 -3.2753081e+00 -2.6643018e+00 -2.2208627e+00 -2.3474197e+00 -2.2642162e+00 -1.7984773e+00 -2.0112375e+00 -2.8747644e+00 -2.9586458e+00 -2.3864913e+00
-1.2400000e+00 -3.2518137e+00 -2.5985670e+00 -2.4146610e+00 -2.1408449e+00 -2.6407613e+00 -1.8737707e+00 -1.9083292e+00 -2.4731951e+00 -3.5549771e+00 -2.6498908e+00
-1.2325000e+00 -3.1465863e+00 -2.6090348e+00 -2.6494296e+00 -2.0444686e+00 -2.8744459e+00 -2.0230023e+00 -1.8685881e+00 -2.2250444e+00 -3.2679038e+00 -3.0484912e+00
-1.2250000e+00 -3.1133844e+00 -2.6924127e+00 -2.7173859e+00 -2.0500890e+00 -2.5831871e+00 -2.2710371e+00 -1.8883498e+00 -2.0742411e+00 -2.7657959e+00 -3.6748203e+00
-1.2175000e+00 -3.2087169e+00 -2.8156701e+00 -2.5644396e+00 -2.1591370e+00 -2.2802033e+00 -2.6553901e+00 -1.9719370e+00 -1.9948707e+00 -2.4606371e+00 -3.6402504e+00
-1.2100000e+00 -3.3869005e+00 -2.9052325e+00 -2.4226207e+00 -2.3802536e+00 -2.1077947e+00 -3.0285115e+00 -2.1332562e+00 -1.9768647e+00 -2.2740699e+00 -3.0620299e+00
-1.2025000e+00 -3.4246743e+00 -2.9010073e+00 -2.3848401e+00 -2.6754711e+00 -2.0500438e+00 -2.7605776e+00 -2.4022770e+00 -2.0195446e+00 -2.1676837e+00 -2.7144798e+00
-1.1950000e+00 -3.3035636e+00 -2.8462819e+00 -2.4594592e+00 -2.7533828e+00 -2.0991800e+00 -2.3992472e+00 -2.8290058e+00 -2.1306953e+00 -2.1257960e+00 -2.5037633e+00
-1.1875000e+00 -3.2761712e+00 -2.8199472e+00 -2.6227480e+00 -2.5288185e+00 -2.2643118e+00 -2.1896490e+00 -3.2046004e+00 -2.3302271e+00 -2.1442767e+00 -2.3803500e+00
-1.1800000e+00 -3.4071480e+00 -2.8658533e+00 -2.7690801e+00 -2.3488593e+00 -2.5622448e+00 -2.1056661e+00 -2.8281992e+00 -2.6611622e+00 -2.2275666e+00 -2.3241919e+00
-1.1725000e+00 -3.5417662e+00 -2.9850149e+00 -2.7510139e+00 -2.3037349e+00 -2.8805031e+00 -2.1327924e+00 -2.4587956e+00 -3.1792068e+00 -2.3905701e+00 -2.3288528e+00
-1.1650000e+00 -3.4730257e+00 -3.0869825e+00 -2.6565995e+00 -2.3967389e+00 -2.7502011e+00 -2.2782749e+00 -2.2574143e+00 -3.2873817e+00 -2.6674255e+00 -2.3968894e+00
-1.1575000e+00 -3.4186048e+00 -3.0414829e+00 -2.6263923e+00 -2.6121091e+00 -2.4641471e+00 -2.5693925e+00 -2.1838361e+00 -2.7902265e+00 -3.1307242e+00 -2.5407127e+00
-1.1500000e+00 -3.5124287e+00 -2.9633310e+00 -2.6877883e+00 -2.8059703e+00 -2.3206723e+00 -2.9731243e+00 -2.2239808e+00 -2.4764109e+00 -3.6161647e+00 -2.7899238e+00
-1.1425000e+00 -3.6280980e+00 -3.0130346e+00 -2.7982062e+00 -2.7238112e+00 -2.3338191e+00 -2.9298774e+00 -2.3890575e+00 -2.3222267e+00 -3.1393472e+00 -3.2130489e+00
-1.1350000e+00 -3.5844579e+00 -3.1874524e+00 -2.8692556e+00 -2.5690851e+00 -2.5041166e+00 -2.5781799e+00 -2.7167129e+00 -2.2901728e+00 -2.7289393e+00 -3.8324795e+00
-1.1275000e+00 -3.5515993e+00 -3.2183457e+00 -2.8590053e+00 -2.5392283e+00 -2.8019619e+00 -2.3848941e+00 -3.1671631e+00 -2.3753402e+00 -2.5146182e+00 -3.4847387e+00
-1.1200000e+00 -3.6651907e+00 -3.0929635e+00 -2.8255310e+00 -2.6511985e+00 -2.9066888e+00 -2.3638641e+00 -3.0170329e+00 -2.6012569e+00 -2.4355803e+00 -2.9996682e+00
-1.1125000e+00 -3.7320411e+00 -3.1308675e+00 -2.8357631e+00 -2.8200337e+00 -2.6777209e+00 -2.5128662e+00 -2.6348113e+00 -3.0234029e+00 -2.4740886e+00 -2.7437334e+00
-1.1050000e+00 -3.6439757e+00 -3.3192975e+00 -2.9210574e+00 -2.8444241e+00 -2.5348079e+00 -2.8378585e+00 -2.4507745e+00 -3.4008232e+00 -2.6429537e+00 -2.6354766e+00
-1.0975000e+00 -3.7330115e+00 -3.2871152e+00 -3.0249307e+00 -2.7590216e+00 -2.5768992e+00 -3.0676134e+00 -2.4476177e+00 -2.9812318e+00 -2.9929718e+00 -2.6472437e+00
-1.0900000e+00 -3.8266560e+00 -3.2032337e+00 -2.9979031e+00 -2.7471259e+00 -2.7855712e+00 -2.7989580e+00 -2.6265546e+00 -2.6493933e+00 -3.5472115e+00 -2.7853627e+00
-1.0825000e+00 -3.7306408e+00 -3.3304540e+00 -2.9351103e+00 -2.8290759e+00 -2.9608147e+00 -2.5895324e+00 -3.0067742e+00 -2.5301700e+00 -3.3520839e+00 -3.0938110e+00
-1.0750000e+00 -3.8525476e+00 -3.4069129e+00 -3.0252767e+00 -2.9143226e+00 -2.8378211e+00 -2.5930948e+00 -3.2110710e+00 -2.5939519e+00 -2.9013928e+00 -3.6583820e+00
-1.0675000e+00 -3.8704101e+00 -3.3269138e+00 -3.1754856e+00 -2.9319147e+00 -2.7261904e+00 -2.8076670e+00 -2.8572704e+00 -2.8613679e+00 -2.6984012e+00 -3.7125669e+00
-1.0600000e+00 -3.8405271e+00 -3.3914478e+00 -3.0786349e+00 -2.9199589e+00 -2.7906197e+00 -3.0864261e+00 -2.6495757e+00 -3.3286568e+00 -2.6905715e+00 -3.1779133e+00
-1.0525000e+00 -3.9609279e+00 -3.4804090e+00 -3.0507519e+00 -2.9253796e+00 -2.9593862e+00 -2.9549519e+00 -2.6791118e+00 -3.2391401e+00 -2.8787138e+00 -2.9171120e+00
-1.0450000e+00 -3.9134829e+00 -3.4400618e+00 -3.2441714e+00 -2.9897587e+00 -2.9862516e+00 -2.7669454e+00 -2.9457065e+00 -2.8562178e+00 -3.3175805e+00 -2.8659615e+00
-1.0375000e+00 -3.9821659e+00 -3.4733264e+00 -3.2130677e+00 -3.0805369e+00 -2.9091512e+00 -2.8038432e+00 -3.2564758e+00 -2.7290001e+00 -3.6000293e+00 -3.0091896e+00
-1.0300000e+00 -4.0112697e+00 -3.5752838e+00 -3.1380178e+00 -3.0443281e+00 -2.9330830e+00 -3.0325684e+00 -3.0224111e+00 -2.8534817e+00 -3.1311560e+00 -3.4028816e+00
-1.0225000e+00 -4.0133386e+00 -3.5079280e+00 -3.3204037e+00 -3.0196843e+00 -3.0253343e+00 -3.1094106e+00 -2.8222184e+00 -3.2352666e+00 -2.8885694e+00 -3.8960706e+00
-1.0150000e+00 -4.0868598e+00 -3.6089128e+00 -3.2845635e+00 -3.1693587e+00 -3.0643996e+00 -2.9517961e+00 -2.8959198e+00 -3.3816901e+00 -2.9153428e+00 -3.4320182e+00
-1.0075000e+00 -4.0723541e+00 -3.6166234e+00 -3.2574513e+00 -3.1783975e+00 -3.0651227e+00 -2.9520194e+00 -3.1937442e+00 -3.0209621e+00 -3.2208455e+00 -3.1073393e+00
-1.0000000e+00 -4.1370558e+00 -3.6182172e+00 -3.4013712e+00 -3.0895522e+00 -3.0694608e+00 -3.1151788e+00 -3.2188032e+00 -2.9075071e+00 -3.6513417e+00 -3.0735038e+00
-9.9250000e-01 -4.1455502e+00 -3.7129404e+00 -3.3418928e+00 -3.2675796e+00 -3.1194831e+00 -3.1516854e+00 -3.0013005e+00 -3.1021576e+00 -3.3044145e+00 -3.3215264e+00
-9.8500000e-01 -4.1839046e+00 -3.6640646e+00 -3.3943404e+00 -3.2516864e+00 -3.2060436e+00 -3.0821107e+00 -3.0336294e+00 -3.4485322e+00 -3.0503257e+00 -3.8463048e+00
-9.7750000e-01 -4.2209037e+00 -3.7728902e+00 -3.4553191e+00 -3.1887263e+00 -3.1604348e+00 -3.1332809e+00 -3.2699004e+00 -3.2391175e+00 -3.1312323e+00 -3.6181781e+00
-9.7000000e-01 -4.2176856e+00 -3.7319076e+00 -3.4312709e+00 -3.3926372e+00 -3.1797914e+00 -3.2104671e+00 -3.2472620e+00 -3.0635592e+00 -3.5286420e+00 -3.2637094e+00
-9.6250000e-01 -4.3143775e+00 -3.8227521e+00 -3.5123695e+00 -3.2677983e+00 -3.3303129e+00 -3.2223357e+00 -3.1305665e+00 -3.2242472e+00 -3.5514440e+00 -3.2685160e+00
-9.5500000e-01 -4.2768286e+00 -3.7950358e+00 -3.5070314e+00 -3.3665186e+00 -3.2240456e+00 -3.2311427e+00 -3.2439250e+00 -3.4826226e+00 -3.2259521e+00 -3.6337782e+00
-9.4750000e-01 -4.3255139e+00 -3.8875832e+00 -3.5546851e+00 -3.4031002e+00 -3.3001671e+00 -3.2550324e+00 -3.3454893e+00 -3.2817488e+00 -3.2607252e+00 -3.8734875e+00
-9.4000000e-01 -4.3897983e+00 -3.8528379e+00 -3.5753285e+00 -3.3765943e+00 -3.4054715e+00 -3.3425258e+00 -3.2739672e+00 -3.2317198e+00 -3.6193769e+00 -3.4589343e+00
-9.3250000e-01 -4.3720494e+00 -3.9258605e+00 -3.6199820e+00 -3.4830562e+00 -3.2817991e+00 -3.3193220e+00 -3.3201299e+00 -3.4586368e+00 -3.5438873e+00 -3.3996547e+00
-9.2500000e-01 -4.4099163e+00 -3.9646223e+00 -3.6168098e+00 -3.4417826e+00 -3.4969894e+00 -3.3325612e+00 -3.3882713e+00 -3.4435911e+00 -3.3345233e+00 -3.7482439e+00
-9.1750000e-01 -4.4825151e+00 -3.9353766e+00 -3.7080903e+00 -3.5235178e+00 -3.3621568e+00 -3.4679588e+00 -3.3975367e+00 -3.3488150e+00 -3.5187128e+00 -3.8488439e+00
-9.1000000e-01 -4.5033688e+00 -4.0264698e+00 -3.6580577e+00 -3.5217924e+00 -3.5017076e+00 -3.3541919e+00 -3.4139951e+00 -3.4965554e+00 -3.6972026e+00 -3.5267241e+00
-9.0250000e-01 -4.5001353e+00 -4.0376228e+00 -3.7670541e+00 -3.5672326e+00 -3.4633197e+00 -3.5129335e+00 -3.4513780e+00 -3.5133542e+00 -3.4777667e+00 -3.6346266e+00
-8.9500000e-01 -4.5213832e+00 -4.0447864e+00 -3.7393661e+00 -3.5847152e+00 -3.5278319e+00 -3.4606905e+00 -3.5201452e+00 -3.4809342e+00 -3.5762022e+00 -3.9622170e+00
-8.8750000e-01 -4.5651405e+00 -4.1159097e+00 -3.7996068e+00 -3.6441051e+00 -3.5382693e+00 -3.5062624e+00 -3.4672171e+00 -3.5674548e+00 -3.7335348e+00 -3.6944029e+00
-8.8000000e-01 -4.6113280e+00 -4.1409460e+00 -3.8167169e+00 -3.6118600e+00 -3.5845816e+00 -3.5740069e+00 -3.6010217e+00 -3.5801076e+00 -3.5897292e+00 -3.7023585e+00
-8.7250000e-01 -4.6490223e+00 -4.1299708e+00 -3.8292758e+00 -3.7419360e+00 -3.5965141e+00 -3.5348246e+00 -3.5404181e+00 -3.6057527e+00 -3.7041722e+00 -3.9834641e+00
-8.6500000e-01 -4.6809477e+00 -4.1540494e+00 -3.9160909e+00 -3.6736976e+00 -3.6429675e+00 -3.6467439e+00 -3.6228440e+00 -3.6258113e+00 -3.7450079e+00 -3.7876047e+00
-8.5750000e-01 -4.7141716e+00 -4.2083156e+00 -3.9194133e+00 -3.7366985e+00 -3.6664462e+00 -3.6023458e+00 -3.6376323e+00 -3.7020672e+00 -3.7149807e+00 -3.8466457e+00
-8.5000000e-01 -4.7464831e+00 -4.2582948e+00 -3.9021153e+00 -3.8168536e+00 -3.6897656e+00 -3.6795742e+00 -3.6533694e+00 -3.6533706e+00 -3.8018748e+00 -3.9971640e+00
-8.4250000e-01 -4.7687749e+00 -4.2906817e+00 -3.9530544e+00 -3.7754738e+00 -3.7236512e+00 -3.6990769e+00 -3.7105081e+00 -3.7880879e+00 -3.7984541e+00 -3.8674394e+00
-8.3500000e-01 -4.7896847e+00 -4.3148465e+00 -4.0180258e+00 -3.8235684e+00 -3.7866514e+00 -3.6997048e+00 -3.7208103e+00 -3.7021350e+00 -3.8426409e+00 -4.0157573e+00
-8.2750000e-01 -4.8090548e+00 -4.3411513e+00 -4.0429706e+00 -3.8762116e+00 -3.7404188e+00 -3.7869086e+00 -3.7418050e+00 -3.8579550e+00 -3.8608747e+00 -3.9806595e+00
-8.2000000e-01 -4.8226565e+00 -4.3706560e+00 -4.0491608e+00 -3.8797666e+00 -3.8308706e+00 -3.7602357e+00 -3.8289679e+00 -3.7522557e+00 -3.9133285e+00 -4.0302817e+00
-8.1250000e-01 -4.8663068e+00 -4.3978575e+00 -4.0659362e+00 -3.9172967e+00 -3.8958968e+00 -3.8242543e+00 -3.7552689e+00 -3.9390656e+00 -3.9062200e+00 -4.0557160e+00
-8.0500000e-01 -4.9153097e+00 -4.4245958e+00 -4.0953828e+00 -3.9818856e+00 -3.8418293e+00 -3.8324644e+00 -3.9243541e+00 -3.7952685e+00 -3.9854289e+00 -4.0969616e+00
-7.9750000e-01 -4.9386448e+00 -4.4652800e+00 -4.1290689e+00 -4.0187644e+00 -3.8706633e+00 -3.8941313e+00 -3.8298275e+00 -4.0112661e+00 -3.9660255e+00 -4.0974223e+00
-7.9000000e-01 -4.9486700e+00 -4.5076343e+00 -4.1625389e+00 -4.0260251e+00 -3.9564906e+00 -3.9064527e+00 -3.9105250e+00 -3.8738891e+00 -4.0259290e+00 -4.1813759e+00
-7.8250000e-01 -5.0042661e+00 -4.5206029e+00 -4.1977545e+00 -4.0341772e+00 -3.9928365e+00 -3.8912231e+00 -3.9629684e+00 -3.9882158e+00 -4.0697192e+00 -4.1366901e+00
-7.7500000e-01 -5.0129468e+00 -4.5378336e+00 -4.2352026e+00 -4.0564339e+00 -3.9958254e+00 -3.9709566e+00 -3.9472055e+00 -4.0434037e+00 -4.0227734e+00 -4.2579849e+00
-7.6750000e-01 -5.0595984e+00 -4.5558594e+00 -4.2633607e+00 -4.0894134e+00 -4.0187998e+00 -4.0528280e+00 -3.9995762e+00 -3.9602360e+00 -4.2085846e+00 -4.1985999e+00
-7.6000000e-01 -5.0754450e+00 -4.6147082e+00 -4.2770851e+00 -4.1246967e+00 -4.0637317e+00 -4.0428461e+00 -4.0166294e+00 -4.0992640e+00 -4.0615767e+00 -4.2827081e+00
-7.5250000e-01 -5.1269008e+00 -4.6375739e+00 -4.3106591e+00 -4.1532858e+00 -4.1122591e+00 -4.0214100e+00 -4.0465121e+00 -4.1155892e+00 -4.1920522e+00 -4.3293649e+00
-7.4500000e-01 -5.1324138e+00 -4.6521840e+00 -4.3694098e+00 -4.1713983e+00 -4.1537047e+00 -4.0423590e+00 -4.1186406e+00 -4.0830259e+00 -4.2617649e+00 -4.2555220e+00
-7.3750000e-01 -5.1697908e+00 -4.7079504e+00 -4.3998606e+00 -4.1921634e+00 -4.1868805e+00 -4.0904201e+00 -4.1526669e+00 -4.1438613e+00 -4.1570615e+00 -4.4548947e+00
-7.3000000e-01 -5.2128465e+00 -4.7077890e+00 -4.4261603e+00 -4.2379907e+00 -4.2117142e+00 -4.1391718e+00 -4.1374049e+00 -4.1874796e+00 -4.2554137e+00 -4.3639243e+00
-7.2250000e-01 -5.2403484e+00 -4.7629883e+00 -4.4283823e+00 -4.2936348e+00 -4.2274536e+00 -4.1780985e+00 -4.1313465e+00 -4.2029687e+00 -4.3550736e+00 -4.3524957e+00
-7.1500000e-01 -5.2634208e+00 -4.7703815e+00 -4.4981633e+00 -4.3204767e+00 -4.2410371e+00 -4.2114843e+00 -4.1548281e+00 -4.2458707e+00 -4.3166953e+00 -4.5324020e+00
-7.0750000e-01 -5.2875205e+00 -4.8238698e+00 -4.5019171e+00 -4.3543084e+00 -4.2683598e+00 -4.2478572e+00 -4.1955702e+00 -4.3018043e+00 -4.3140159e+00 -4.5111315e+00
-7.0000000e-01 -5.3215765e+00 -4.8480167e+00 -4.5350356e+00 -4.3598633e+00 -4.3036609e+00 -4.2917875e+00 -4.2384158e+00 -4.3363153e+00 -4.3654376e+00 -4.4417333e+00
-6.5000000e-01 -5.5285625e+00 -5.0346846e+00 -4.7406088e+00 -4.5866311e+00 -4.4936719e+00 -4.4481755e+00 -4.4700215e+00 -4.4795908e+00 -4.6358166e+00 -4.7030559e+00
-6.0000000e-01 -5.7151779e+00 -5.2473084e+00 -4.9302680e+00 -4.7840004e+00 -4.6815633e+00 -4.6621926e+00 -4.6917341e+00 -4.6644431e+00 -4.7802244e+00 -4.9602048e+00
-5.5000000e-01 -5.9276818e+00 -5.4461706e+00 -5.1445066e+00 -4.9605968e+00 -4.9068870e+00 -4.8487145e+00 -4.8824939e+00 -4.8865038e+00 -4.9986574e+00 -5.0776748e+00
-5.0000000e-01 -6.1190827e+00 -5.6435169e+00 -5.3451937e+00 -5.1635368e+00 -5.1010964e+00 -5.0715279e+00 -5.0638899e+00 -5.0792675e+00 -5.1892892e+00 -5.3004804e+00
-4.0000000e-01 -6.4815413e+00 -6.0393396e+00 -5.7387489e+00 -5.5747010e+00 -5.4958869e+00 -5.4586367e+00 -5.4747275e+00 -5.4998198e+00 -5.5680405e+00 -5.7145545e+00
-2.0000000e-01 -7.4283476e+00 -6.7956825e+00 -6.5010451e+00 -6.3731408e+00 -6.2933550e+00 -6.2628563e+00 -6.2654145e+00 -6.3042976e+00 -6.3778182e+00 -6.5004826e+00
0.0000000e+00 -8.1041301e+00 -7.6011681e+00 -7.3230394e+00 -7.1486117e+00 -7.0734795e+00 -7.0830222e+00 -7.0716371e+00 -7.0985911e+00 -7.1792716e+00 -7.3071521e+00
2.0000000e-01 -8.8646680e+00 -8.4590078e+00 -8.1392869e+00 -7.9612546e+00 -7.8802194e+00 -7.9169866e+00 -7.8967772e+00 -7.8752130e+00 -7.9969193e+00 -8.1127395e+00
4.0000000e-01 -9.7817044e+00 -9.2080049e+00 -8.9738666e+00 -8.7689861e+00 -8.6909391e+00 -8.6999453e+00 -8.6578203e+00 -8.7035108e+00 -8.7780562e+00 -8.9012560e+00
6.0000000e-01 -1.0540509e+01 -1.0049825e+01 -9.7035620e+00 -9.5616304e+00 -9.4542663e+00 -9.4889963e+00 -9.4425042e+00 -9.4435453e+00 -9.5969384e+00 -9.6925405e+00
8.0000000e-01 -1.1283755e+01 -1.0825948e+01 -1.0553293e+01 -1.0376999e+01 -1.0257984e+01 -1.0263364e+01 -1.0238748e+01 -1.0354847e+01 -1.0349726e+01 -1.0460934e+01
1.0000000e+00 -1.2128704e+01 -1.1641782e+01 -1.1358616e+01 -1.1196565e+01 -1.1049924e+01 -1.1121414e+01 -1.1039775e+01 -1.1075088e+01 -1.1216319e+01 -1.1343026e+01
1.2000000e+00 -1.2886326e+01 -1.2503823e+01 -1.2144546e+01 -1.1942852e+01 -1.1931698e+01 -1.1866992e+01 -1.1889936e+01 -1.1909780e+01 -1.2013092e+01 -1.2112570e+01
1.4000000e+00 -1.3711995e+01 -1.3250652e+01 -1.2908221e+01 -1.2728673e+01 -1.2696266e+01 -1.2623272e+01 -1.2699806e+01 -1.2686277e+01 -1.2755937e+01 -1.2931313e+01
1.6000000e+00 -1.4518872e+01 -1.4048461e+01 -1.3752192e+01 -1.3526793e+01 -1.3493619e+01 -1.3472102e+01 -1.3476353e+01 -1.3456716e+01 -1.3616546e+01 -1.3747728e+01
1.8000000e+00 -1.5372440e+01 -1.4855628e+01 -1.4528167e+01 -1.4386161e+01 -1.4273546e+01 -1.4300045e+01 -1.4288663e+01 -1.4313354e+01 -1.4416874e+01 -1.4523491e+01
2.0000000e+00 -1.6224557e+01 -1.5641846e+01 -1.5422148e+01 -1.5198982e+01 -1.5093660e+01 -1.5038788e+01 -1.5071716e+01 -1.5096246e+01 -1.5155889e+01 -1.5328337e+01