########################################################################
# Reference Counts for Solar Model AGSS09met_old                       #
# Column 1: log10(Axion mass in eV)                                    #
#        n>1: log10(Reference photon counts in energy bin n-1)         #
########################################################################
-3.0000000e+00 -3.9160197e-01 -2.2321503e-01 -8.3021288e-02 -2.4704295e-03 1.1323937e-02 -8.7962433e-04 -5.2965851e-02 -1.3895298e-01 -2.5763723e-01 -4.0663857e-01
-2.8000000e+00 -3.9162270e-01 -2.2322901e-01 -8.3031283e-02 -2.4779746e-03 1.1318061e-02 -8.8433161e-04 -5.2969708e-02 -1.3895620e-01 -2.5763995e-01 -4.0664091e-01
-2.6000000e+00 -3.9175347e-01 -2.2331720e-01 -8.3094345e-02 -2.5255815e-03 1.1280983e-02 -9.1403277e-04 -5.2994047e-02 -1.3897649e-01 -2.5765714e-01 -4.0665565e-01
-2.4000000e+00 -3.9257874e-01 -2.2387375e-01 -8.3492285e-02 -2.8259840e-03 1.1047026e-02 -1.1014436e-03 -5.3147625e-02 -1.3910453e-01 -2.5776561e-01 -4.0674862e-01
-2.2000000e+00 -3.9779262e-01 -2.2738847e-01 -8.6004743e-02 -4.7223324e-03 9.5702813e-03 -2.2842941e-03 -5.4116878e-02 -1.3991261e-01 -2.5845008e-01 -4.0733534e-01
-2.1500000e+00 -4.0142346e-01 -2.2983459e-01 -8.7752692e-02 -6.0413458e-03 8.5432867e-03 -3.1068102e-03 -5.4790811e-02 -1.4047443e-01 -2.5892596e-01 -4.0774323e-01
-2.1000000e+00 -4.0718964e-01 -2.3371685e-01 -9.0525804e-02 -8.1334473e-03 6.9146316e-03 -4.4110402e-03 -5.5859346e-02 -1.4136517e-01 -2.5968038e-01 -4.0838985e-01
-2.0500000e+00 -4.1635800e-01 -2.3988349e-01 -9.4927949e-02 -1.1453250e-02 4.3309242e-03 -6.4796899e-03 -5.7553926e-02 -1.4277763e-01 -2.6087659e-01 -4.0941507e-01
-2.0000000e+00 -4.3096414e-01 -2.4969159e-01 -1.0192272e-01 -1.6724993e-02 2.2981493e-04 -9.7622706e-03 -6.0242339e-02 -1.4501809e-01 -2.6277380e-01 -4.1104092e-01
-1.9500000e+00 -4.5430609e-01 -2.6532457e-01 -1.1305393e-01 -2.5105975e-02 -6.2856908e-03 -1.4974883e-02 -6.4509955e-02 -1.4857369e-01 -2.6578405e-01 -4.1362021e-01
-1.9000000e+00 -4.9180039e-01 -2.9032749e-01 -1.3081111e-01 -3.8454586e-02 -1.6651832e-02 -2.3261805e-02 -7.1290772e-02 -1.5422082e-01 -2.7056349e-01 -4.1771435e-01
-1.8500000e+00 -5.5254648e-01 -3.3054295e-01 -1.5925153e-01 -5.9778721e-02 -3.3182393e-02 -3.6460460e-02 -8.2081013e-02 -1.6320100e-01 -2.7815995e-01 -4.2421895e-01
-1.8475000e+00 -5.5643741e-01 -3.3310617e-01 -1.6105910e-01 -6.1131665e-02 -3.4229978e-02 -3.7296214e-02 -8.2763863e-02 -1.6376905e-01 -2.7864031e-01 -4.2463015e-01
-1.8400000e+00 -5.6870781e-01 -3.4117935e-01 -1.6674816e-01 -6.5388025e-02 -3.7524719e-02 -3.9924201e-02 -8.4910735e-02 -1.6555480e-01 -2.8015026e-01 -4.2592264e-01
-1.8325000e+00 -5.8193311e-01 -3.4986335e-01 -1.7286069e-01 -6.9958080e-02 -4.1060658e-02 -4.2743675e-02 -8.7213509e-02 -1.6746990e-01 -2.8176937e-01 -4.2730843e-01
-1.8250000e+00 -5.9619460e-01 -3.5920724e-01 -1.7942960e-01 -7.4865705e-02 -4.4855897e-02 -4.5768871e-02 -8.9683693e-02 -1.6952384e-01 -2.8350562e-01 -4.2879431e-01
-1.8175000e+00 -6.1158171e-01 -3.6926453e-01 -1.8649055e-01 -8.0136712e-02 -4.8929969e-02 -4.9015124e-02 -9.2333672e-02 -1.7172684e-01 -2.8536759e-01 -4.3038759e-01
-1.8100000e+00 -6.2819305e-01 -3.8009360e-01 -1.9408227e-01 -8.5799023e-02 -5.3303957e-02 -5.2498963e-02 -9.5176782e-02 -1.7408989e-01 -2.8736451e-01 -4.3209612e-01
-1.8025000e+00 -6.4613766e-01 -3.9175830e-01 -2.0224683e-01 -9.1882872e-02 -5.8000635e-02 -5.6238211e-02 -9.8227384e-02 -1.7662481e-01 -2.8950629e-01 -4.3392834e-01
-1.7950000e+00 -6.6553637e-01 -4.0432854e-01 -2.1103001e-01 -9.8421014e-02 -6.3044612e-02 -6.0252096e-02 -1.0150095e-01 -1.7934433e-01 -2.9180361e-01 -4.3589332e-01
-1.7875000e+00 -6.8652356e-01 -4.1788101e-01 -2.2048166e-01 -1.0544897e-01 -6.8462503e-02 -6.4561371e-02 -1.0501417e-01 -1.8226215e-01 -2.9426794e-01 -4.3800082e-01
-1.7800000e+00 -7.0924915e-01 -4.3250004e-01 -2.3065614e-01 -1.1300531e-01 -7.4283110e-02 -6.9188450e-02 -1.0878502e-01 -1.8539305e-01 -2.9691164e-01 -4.4026134e-01
-1.7725000e+00 -7.3388101e-01 -4.4827850e-01 -2.4161282e-01 -1.2113193e-01 -8.0537628e-02 -7.4157554e-02 -1.1283292e-01 -1.8875292e-01 -2.9974803e-01 -4.4268615e-01
-1.7650000e+00 -7.6060791e-01 -4.6531900e-01 -2.5341664e-01 -1.2987442e-01 -8.7259870e-02 -7.9494872e-02 -1.1717880e-01 -1.9235892e-01 -3.0279142e-01 -4.4528741e-01
-1.7575000e+00 -7.8964307e-01 -4.8373512e-01 -2.6613878e-01 -1.3928241e-01 -9.4486520e-02 -8.5228745e-02 -1.2184530e-01 -1.9622955e-01 -3.0605725e-01 -4.4807821e-01
-1.7500000e+00 -8.2122859e-01 -5.0365302e-01 -2.7985734e-01 -1.4941006e-01 -1.0225742e-01 -9.1389861e-02 -1.2685687e-01 -2.0038477e-01 -3.0956218e-01 -4.5107262e-01
-1.7425000e+00 -8.5564090e-01 -5.2521328e-01 -2.9465827e-01 -1.6031651e-01 -1.1061588e-01 -9.8011482e-02 -1.3223994e-01 -2.0484614e-01 -3.1332414e-01 -4.5428583e-01
-1.7350000e+00 -8.9319766e-01 -5.4857307e-01 -3.1063633e-01 -1.7206645e-01 -1.1960905e-01 -1.0512969e-01 -1.3802315e-01 -2.0963695e-01 -3.1736249e-01 -4.5773419e-01
-1.7275000e+00 -9.3426651e-01 -5.7390887e-01 -3.2789627e-01 -1.8473077e-01 -1.2928830e-01 -1.1278366e-01 -1.4423748e-01 -2.1478235e-01 -3.2169815e-01 -4.6143534e-01
-1.7200000e+00 -9.7927634e-01 -6.0141966e-01 -3.4655418e-01 -1.9838731e-01 -1.3970970e-01 -1.2101598e-01 -1.5091653e-01 -2.2030959e-01 -3.2635368e-01 -4.6540831e-01
-1.7125000e+00 -1.0287320e+00 -6.3133096e-01 -3.6673913e-01 -2.1312171e-01 -1.5093455e-01 -1.2987299e-01 -1.5809675e-01 -2.2624814e-01 -3.3135348e-01 -4.6967363e-01
-1.7050000e+00 -1.0832339e+00 -6.6389972e-01 -3.8859513e-01 -2.2902839e-01 -1.6302991e-01 -1.3940519e-01 -1.6581772e-01 -2.3262993e-01 -3.3672394e-01 -4.7425349e-01
-1.6975000e+00 -1.1435041e+00 -6.9942056e-01 -4.1228339e-01 -2.4621175e-01 -1.7606940e-01 -1.4966766e-01 -1.7412248e-01 -2.3948959e-01 -3.4249360e-01 -4.7917186e-01
-1.6900000e+00 -1.2104220e+00 -7.3823366e-01 -4.3798518e-01 -2.6478751e-01 -1.9013385e-01 -1.6072062e-01 -1.8305787e-01 -2.4686470e-01 -3.4869341e-01 -4.8445465e-01
-1.6825000e+00 -1.2850745e+00 -7.8073480e-01 -4.6590529e-01 -2.8488436e-01 -2.0531234e-01 -1.7262995e-01 -1.9267493e-01 -2.5479610e-01 -3.5535687e-01 -4.9012989e-01
-1.6750000e+00 -1.3688260e+00 -8.2738861e-01 -4.9627618e-01 -3.0664587e-01 -2.2170318e-01 -1.8546790e-01 -2.0302937e-01 -2.6332819e-01 -3.6252036e-01 -4.9622796e-01
-1.6675000e+00 -1.4634189e+00 -8.7874599e-01 -5.2936335e-01 -3.3023283e-01 -2.3941519e-01 -1.9931382e-01 -2.1418209e-01 -2.7250934e-01 -3.7022338e-01 -5.0278177e-01
-1.6600000e+00 -1.5711178e+00 -9.3546756e-01 -5.6547195e-01 -3.5582608e-01 -2.5856917e-01 -2.1425511e-01 -2.2619975e-01 -2.8239229e-01 -3.7850887e-01 -5.0982701e-01
-1.6525000e+00 -1.6949119e+00 -9.9835587e-01 -6.0495529e-01 -3.8362992e-01 -2.7929964e-01 -2.3038817e-01 -2.3915545e-01 -2.9303461e-01 -3.8742358e-01 -5.1740245e-01
-1.6450000e+00 -1.8387717e+00 -1.0684003e+00 -6.4822579e-01 -4.1387641e-01 -3.0175697e-01 -2.4781970e-01 -2.5312954e-01 -3.0449928e-01 -3.9701844e-01 -5.2555021e-01
-1.6375000e+00 -2.0078407e+00 -1.1468415e+00 -6.9576945e-01 -4.4683061e-01 -3.2610984e-01 -2.6666805e-01 -2.6821050e-01 -3.1685531e-01 -4.0734905e-01 -5.3431614e-01
-1.6300000e+00 -2.2078560e+00 -1.2352650e+00 -7.4816505e-01 -4.8279734e-01 -3.5254838e-01 -2.8706499e-01 -2.8449602e-01 -3.3017841e-01 -4.1847617e-01 -5.4375019e-01
-1.6225000e+00 -2.4403125e+00 -1.3357424e+00 -8.0611031e-01 -5.2212967e-01 -3.8128789e-01 -3.0915767e-01 -3.0209422e-01 -3.4455189e-01 -4.3046633e-01 -5.5390686e-01
-1.6150000e+00 -2.6789440e+00 -1.4510460e+00 -8.7045817e-01 -5.6524001e-01 -4.1257353e-01 -3.3311111e-01 -3.2112513e-01 -3.6006756e-01 -4.4339250e-01 -5.6484568e-01
-1.6075000e+00 -2.8119739e+00 -1.5849813e+00 -9.4226826e-01 -6.1261469e-01 -4.4668622e-01 -3.5911114e-01 -3.4172241e-01 -3.7682687e-01 -4.5733487e-01 -5.7663184e-01
-1.6000000e+00 -2.7249947e+00 -1.7428874e+00 -1.0228817e+00 -6.6483341e-01 -4.8395003e-01 -3.8736806e-01 -3.6403546e-01 -3.9494228e-01 -4.7238175e-01 -5.8933676e-01
-1.5925000e+00 -2.5229572e+00 -1.9322654e+00 -1.1140334e+00 -7.2259582e-01 -5.2474182e-01 -4.1812111e-01 -3.8823189e-01 -4.1453873e-01 -4.8863065e-01 -6.0303894e-01
-1.5850000e+00 -2.3245628e+00 -2.1627305e+00 -1.2180246e+00 -7.8675848e-01 -5.6950366e-01 -4.5164415e-01 -4.1450061e-01 -4.3575559e-01 -5.0618949e-01 -6.1782478e-01
-1.5775000e+00 -2.1603458e+00 -2.4392730e+00 -1.3379989e+00 -8.5838753e-01 -6.1875948e-01 -4.8825279e-01 -4.4305558e-01 -4.5874884e-01 -5.2517810e-01 -6.3378960e-01
-1.5700000e+00 -2.0303169e+00 -2.7147991e+00 -1.4783961e+00 -9.3883594e-01 -6.7313743e-01 -5.2831356e-01 -4.7414041e-01 -4.8369382e-01 -5.4572990e-01 -6.5103888e-01
-1.5625000e+00 -1.9296260e+00 -2.7809811e+00 -1.6457114e+00 -1.0298600e+00 -7.3340071e-01 -5.7225587e-01 -5.0803429e-01 -5.1078847e-01 -5.6799406e-01 -6.6968961e-01
-1.5550000e+00 -1.8539899e+00 -2.5727961e+00 -1.8497088e+00 -1.1338014e+00 -8.0049110e-01 -6.2058783e-01 -5.4505930e-01 -5.4025748e-01 -5.9213793e-01 -6.8987202e-01
-1.5475000e+00 -1.8004115e+00 -2.3198808e+00 -2.1046349e+00 -1.2538835e+00 -8.7559186e-01 -6.7391759e-01 -5.8559005e-01 -5.7235730e-01 -6.1835016e-01 -7.1173155e-01
-1.5400000e+00 -1.7670425e+00 -2.1106046e+00 -2.4232792e+00 -1.3947128e+00 -9.6022149e-01 -7.3298261e-01 -6.3006606e-01 -6.0738259e-01 -6.4684440e-01 -7.3543123e-01
-1.5325000e+00 -1.7529744e+00 -1.9476617e+00 -2.7431526e+00 -1.5631661e+00 -1.0563783e+00 -7.9869091e-01 -6.7900836e-01 -6.4567435e-01 -6.7786400e-01 -7.6115467e-01
-1.5250000e+00 -1.7580993e+00 -1.8222146e+00 -2.7402628e+00 -1.7699857e+00 -1.1667722e+00 -8.7218052e-01 -7.3304182e-01 -6.8763055e-01 -7.1168782e-01 -7.8910960e-01
-1.5175000e+00 -1.7830556e+00 -1.7269141e+00 -2.4440211e+00 -2.0323281e+00 -1.2952134e+00 -9.5490797e-01 -7.9292609e-01 -7.3371995e-01 -7.4863770e-01 -8.1953230e-01
-1.5100000e+00 -1.8292539e+00 -1.6568240e+00 -2.1637585e+00 -2.3729507e+00 -1.4472999e+00 -1.0487842e+00 -8.5959918e-01 -7.8450080e-01 -7.8908798e-01 -8.5269321e-01
-1.5025000e+00 -1.8989773e+00 -1.6088655e+00 -1.9487871e+00 -2.7530525e+00 -1.6316983e+00 -1.1563924e+00 -9.3424087e-01 -8.4064613e-01 -8.3347801e-01 -8.8890390e-01
-1.4950000e+00 -1.9955287e+00 -1.5813089e+00 -1.7860152e+00 -2.7679397e+00 -1.8626257e+00 -1.2813534e+00 -1.0183675e+00 -9.0297911e-01 -8.8232878e-01 -9.2852619e-01
-1.4875000e+00 -2.1232863e+00 -1.5734612e+00 -1.6623969e+00 -2.4193241e+00 -2.1641753e+00 -1.4289739e+00 -1.1139788e+00 -9.7252358e-01 -9.3626539e-01 -9.7198389e-01
-1.4800000e+00 -2.2870046e+00 -1.5855132e+00 -1.5694140e+00 -2.1117088e+00 -2.5666133e+00 -1.6074720e+00 -1.2237963e+00 -1.0505782e+00 -9.9604813e-01 -1.0197784e+00
-1.4725000e+00 -2.4874576e+00 -1.6185156e+00 -1.5018113e+00 -1.8841280e+00 -2.9252833e+00 -1.8304552e+00 -1.3516676e+00 -1.1388294e+00 -1.0626165e+00 -1.0725098e+00
-1.4650000e+00 -2.7026408e+00 -1.6744764e+00 -1.4564620e+00 -1.7145939e+00 -2.6830643e+00 -2.1220474e+00 -1.5032982e+00 -1.2395292e+00 -1.1371531e+00 -1.1309056e+00
-1.4575000e+00 -2.8430442e+00 -1.7565936e+00 -1.4316942e+00 -1.5868070e+00 -2.2942468e+00 -2.5231210e+00 -1.6876715e+00 -1.3557901e+00 -1.2211797e+00 -1.1958620e+00
-1.4500000e+00 -2.8007697e+00 -1.8696470e+00 -1.4269323e+00 -1.4909573e+00 -2.0080907e+00 -2.9885758e+00 -1.9200405e+00 -1.4920998e+00 -1.3167071e+00 -1.2685023e+00
-1.4425000e+00 -2.6426691e+00 -2.0204751e+00 -1.4425441e+00 -1.4212086e+00 -1.8008573e+00 -2.8367800e+00 -2.2286009e+00 -1.6552855e+00 -1.4264777e+00 -1.3502653e+00
-1.4350000e+00 -2.4844121e+00 -2.2177398e+00 -1.4798436e+00 -1.3741454e+00 -1.6468450e+00 -2.3959027e+00 -2.6648310e+00 -1.8564736e+00 -1.5543835e+00 -1.4430408e+00
-1.4275000e+00 -2.3672264e+00 -2.4657014e+00 -1.5412488e+00 -1.3479434e+00 -1.5311636e+00 -2.0779250e+00 -3.1559549e+00 -2.1154748e+00 -1.7062289e+00 -1.5493897e+00
-1.4200000e+00 -2.2974109e+00 -2.7244185e+00 -1.6306385e+00 -1.3419478e+00 -1.4452713e+00 -1.8528718e+00 -2.8717185e+00 -2.4712487e+00 -1.8912444e+00 -1.6729153e+00
-1.4125000e+00 -2.2741263e+00 -2.8145680e+00 -1.7540062e+00 -1.3564949e+00 -1.3841907e+00 -1.6875465e+00 -2.4143286e+00 -2.9918378e+00 -2.1254013e+00 -1.8189374e+00
-1.4050000e+00 -2.2966869e+00 -2.6478866e+00 -1.9205176e+00 -1.3929104e+00 -1.3450997e+00 -1.5638458e+00 -2.1025658e+00 -3.3113273e+00 -2.4395383e+00 -1.9958092e+00
-1.3975000e+00 -2.3656907e+00 -2.4275271e+00 -2.1435036e+00 -1.4536818e+00 -1.3266243e+00 -1.4717403e+00 -1.8834560e+00 -2.7892102e+00 -2.8989881e+00 -2.2177655e+00
-1.3900000e+00 -2.4816839e+00 -2.2556779e+00 -2.4350940e+00 -1.5428633e+00 -1.3285014e+00 -1.4054778e+00 -1.7227064e+00 -2.3766681e+00 -3.4973338e+00 -2.5118964e+00
-1.3825000e+00 -2.6393203e+00 -2.1432483e+00 -2.7438968e+00 -1.6668622e+00 -1.3514678e+00 -1.3617844e+00 -1.6026125e+00 -2.1009923e+00 -3.1547296e+00 -2.9370858e+00
-1.3750000e+00 -2.8092830e+00 -2.0857542e+00 -2.7787524e+00 -1.8358854e+00 -1.3973315e+00 -1.3389901e+00 -1.5135046e+00 -1.9048476e+00 -2.6468653e+00 -3.5817867e+00
-1.3675000e+00 -2.9134489e+00 -2.0799332e+00 -2.5159365e+00 -2.0662310e+00 -1.4692479e+00 -1.3366104e+00 -1.4498787e+00 -1.7599437e+00 -2.3206295e+00 -3.4818640e+00
-1.3600000e+00 -2.8864034e+00 -2.1259127e+00 -2.2617625e+00 -2.3796067e+00 -1.5723129e+00 -1.3551898e+00 -1.4086364e+00 -1.6517751e+00 -2.0955683e+00 -2.9001123e+00
-1.3525000e+00 -2.7858232e+00 -2.2270542e+00 -2.0832402e+00 -2.7465487e+00 -1.7147307e+00 -1.3963383e+00 -1.3882456e+00 -1.5723498e+00 -1.9316822e+00 -2.5357262e+00
-1.3450000e+00 -2.6972041e+00 -2.3880412e+00 -1.9728773e+00 -2.8028115e+00 -1.9101003e+00 -1.4629760e+00 -1.3883478e+00 -1.5171265e+00 -1.8096400e+00 -2.2905619e+00
-1.3375000e+00 -2.6567639e+00 -2.6037802e+00 -1.9213019e+00 -2.4833574e+00 -2.1813934e+00 -1.5598838e+00 -1.4096226e+00 -1.4836250e+00 -1.7191710e+00 -2.1141701e+00
-1.3300000e+00 -2.6723444e+00 -2.8111989e+00 -1.9245424e+00 -2.1978105e+00 -2.5583283e+00 -1.6948232e+00 -1.4538521e+00 -1.4707666e+00 -1.6545062e+00 -1.9833288e+00
-1.3225000e+00 -2.7410069e+00 -2.8445015e+00 -1.9838540e+00 -2.0046671e+00 -2.9253822e+00 -1.8808342e+00 -1.5242068e+00 -1.4785836e+00 -1.6124155e+00 -1.8860580e+00
-1.3150000e+00 -2.8498814e+00 -2.6978093e+00 -2.1055826e+00 -1.8864250e+00 -2.7331745e+00 -2.1409882e+00 -1.6258802e+00 -1.5081593e+00 -1.5912968e+00 -1.8157169e+00
-1.3075000e+00 -2.9669758e+00 -2.5429230e+00 -2.3004067e+00 -1.8301637e+00 -2.3610828e+00 -2.5144987e+00 -1.7673958e+00 -1.5617723e+00 -1.5907535e+00 -1.7685689e+00
-1.3000000e+00 -3.0391903e+00 -2.4536914e+00 -2.5706084e+00 -1.8307808e+00 -2.0989675e+00 -2.9744395e+00 -1.9633935e+00 -1.6433031e+00 -1.6114492e+00 -1.7426760e+00
-1.2925000e+00 -3.0351875e+00 -2.4419166e+00 -2.8202902e+00 -1.8895814e+00 -1.9316956e+00 -2.8828922e+00 -2.2408309e+00 -1.7590992e+00 -1.6551695e+00 -1.7373829e+00
-1.2850000e+00 -2.9869323e+00 -2.5072496e+00 -2.7731694e+00 -2.0142724e+00 -1.8363309e+00 -2.4563425e+00 -2.6490759e+00 -1.9197962e+00 -1.7251175e+00 -1.7531155e+00
-1.2775000e+00 -2.9471705e+00 -2.6429868e+00 -2.5391714e+00 -2.2199794e+00 -1.8016877e+00 -2.1578897e+00 -3.1439303e+00 -2.1444066e+00 -1.8265781e+00 -1.7913971e+00
-1.2700000e+00 -2.9500512e+00 -2.8143787e+00 -2.3568303e+00 -2.5222452e+00 -1.8250088e+00 -1.9687316e+00 -2.9225149e+00 -2.4700429e+00 -1.9683137e+00 -1.8550878e+00
-1.2625000e+00 -3.0120943e+00 -2.9192055e+00 -2.2687262e+00 -2.8355799e+00 -1.9105215e+00 -1.8578464e+00 -2.4738759e+00 -2.9633500e+00 -2.1656609e+00 -1.9489554e+00
-1.2550000e+00 -3.1286076e+00 -2.8788593e+00 -2.2736241e+00 -2.7696583e+00 -2.0705480e+00 -1.8104309e+00 -2.1824003e+00 -3.3339808e+00 -2.4480844e+00 -2.0808830e+00
-1.2475000e+00 -3.2389794e+00 -2.7848872e+00 -2.3717240e+00 -2.4769998e+00 -2.3283125e+00 -1.8218790e+00 -2.0009946e+00 -2.8433915e+00 -2.8775970e+00 -2.2645284e+00
-1.2400000e+00 -3.2349965e+00 -2.7354351e+00 -2.5626491e+00 -2.2668975e+00 -2.7017374e+00 -1.8952277e+00 -1.8970959e+00 -2.4395472e+00 -3.4750133e+00 -2.5258150e+00
-1.2325000e+00 -3.1498439e+00 -2.7578919e+00 -2.7992500e+00 -2.1672715e+00 -2.9539423e+00 -2.0420089e+00 -1.8564808e+00 -2.1899451e+00 -3.2088485e+00 -2.9204674e+00
-1.2250000e+00 -3.1187360e+00 -2.8426817e+00 -2.8780957e+00 -2.1697668e+00 -2.6738808e+00 -2.2866272e+00 -1.8753606e+00 -2.0381494e+00 -2.7029056e+00 -3.5422020e+00
-1.2175000e+00 -3.2059025e+00 -2.9517301e+00 -2.7285179e+00 -2.2754594e+00 -2.3659142e+00 -2.6668488e+00 -1.9579386e+00 -1.9579820e+00 -2.3949203e+00 -3.5359481e+00
-1.2100000e+00 -3.3703965e+00 -3.0228522e+00 -2.5827837e+00 -2.4931117e+00 -2.1885519e+00 -3.0507204e+00 -2.1179477e+00 -1.9392345e+00 -2.2065659e+00 -2.9539183e+00
-1.2025000e+00 -3.4051795e+00 -3.0225238e+00 -2.5399253e+00 -2.7890047e+00 -2.1264819e+00 -2.7983901e+00 -2.3850482e+00 -1.9811257e+00 -2.0988393e+00 -2.6027041e+00
-1.1950000e+00 -3.2963967e+00 -2.9859011e+00 -2.6098437e+00 -2.8802123e+00 -2.1712418e+00 -2.4326395e+00 -2.8092719e+00 -2.0913206e+00 -2.0557735e+00 -2.3898179e+00
-1.1875000e+00 -3.2792050e+00 -2.9677259e+00 -2.7712494e+00 -2.6586646e+00 -2.3312968e+00 -2.2187142e+00 -3.1928672e+00 -2.2895211e+00 -2.0730620e+00 -2.2648574e+00
-1.1800000e+00 -3.4092405e+00 -3.0064309e+00 -2.9242290e+00 -2.4743363e+00 -2.6240350e+00 -2.1312109e+00 -2.8229292e+00 -2.6183292e+00 -2.1549724e+00 -2.2073921e+00
-1.1725000e+00 -3.5214040e+00 -3.1116296e+00 -2.9142857e+00 -2.4242808e+00 -2.9506375e+00 -2.1549124e+00 -2.4507464e+00 -3.1343054e+00 -2.3161385e+00 -2.2107734e+00
-1.1650000e+00 -3.4553295e+00 -3.2125015e+00 -2.8171971e+00 -2.5124113e+00 -2.8402393e+00 -2.2964087e+00 -2.2471851e+00 -3.2553682e+00 -2.5901180e+00 -2.2773742e+00
-1.1575000e+00 -3.4236103e+00 -3.1812835e+00 -2.7802887e+00 -2.7246996e+00 -2.5503177e+00 -2.5825874e+00 -2.1718475e+00 -2.7579932e+00 -3.0484857e+00 -2.4193432e+00
-1.1500000e+00 -3.5160102e+00 -3.1053927e+00 -2.8372778e+00 -2.9259765e+00 -2.3998393e+00 -2.9878647e+00 -2.2102397e+00 -2.4418066e+00 -3.5445077e+00 -2.6657344e+00
-1.1425000e+00 -3.6029076e+00 -3.1485565e+00 -2.9507779e+00 -2.8533454e+00 -2.4060977e+00 -2.9663773e+00 -2.3731836e+00 -2.2859262e+00 -3.0793696e+00 -3.0837668e+00
-1.1350000e+00 -3.5758635e+00 -3.3176956e+00 -3.0302520e+00 -2.6950823e+00 -2.5692861e+00 -2.6123317e+00 -2.6979835e+00 -2.2523988e+00 -2.6645804e+00 -3.7046555e+00
-1.1275000e+00 -3.5593257e+00 -3.3530729e+00 -3.0193409e+00 -2.6585254e+00 -2.8650463e+00 -2.4130755e+00 -3.1500839e+00 -2.3359583e+00 -2.4472259e+00 -3.3803346e+00
-1.1200000e+00 -3.6513477e+00 -3.2308913e+00 -2.9784418e+00 -2.7651080e+00 -2.9904669e+00 -2.3865285e+00 -3.0118524e+00 -2.5597038e+00 -2.3658047e+00 -2.8898374e+00
-1.1125000e+00 -3.7175414e+00 -3.2688832e+00 -2.9867096e+00 -2.9368469e+00 -2.7656385e+00 -2.5296135e+00 -2.6271210e+00 -2.9788567e+00 -2.4019239e+00 -2.6301804e+00
-1.1050000e+00 -3.6466856e+00 -3.4536743e+00 -3.0776286e+00 -2.9719257e+00 -2.6138868e+00 -2.8498118e+00 -2.4400034e+00 -3.3641158e+00 -2.5677556e+00 -2.5192173e+00
-1.0975000e+00 -3.7253415e+00 -3.4187541e+00 -3.1855228e+00 -2.8848922e+00 -2.6462713e+00 -3.0955407e+00 -2.4340424e+00 -2.9496911e+00 -2.9130252e+00 -2.5284346e+00
-1.0900000e+00 -3.8131336e+00 -3.3417947e+00 -3.1522854e+00 -2.8650121e+00 -2.8485251e+00 -2.8349081e+00 -2.6097981e+00 -2.6148594e+00 -3.4661562e+00 -2.6634767e+00
-1.0825000e+00 -3.7298211e+00 -3.4702114e+00 -3.0874655e+00 -2.9438314e+00 -3.0376199e+00 -2.6181444e+00 -2.9872701e+00 -2.4931264e+00 -3.2927424e+00 -2.9671832e+00
-1.0750000e+00 -3.8468216e+00 -3.5351109e+00 -3.1816820e+00 -3.0368766e+00 -2.9258495e+00 -2.6137483e+00 -3.2025246e+00 -2.5543988e+00 -2.8376944e+00 -3.5258045e+00
-1.0675000e+00 -3.8565717e+00 -3.4648995e+00 -3.3339102e+00 -3.0586075e+00 -2.8044467e+00 -2.8210136e+00 -2.8507029e+00 -2.8186037e+00 -2.6303956e+00 -3.6074149e+00
-1.0600000e+00 -3.8443506e+00 -3.5319879e+00 -3.2326308e+00 -3.0390262e+00 -2.8571802e+00 -3.1071434e+00 -2.6389071e+00 -3.2850765e+00 -2.6187339e+00 -3.0691928e+00
-1.0525000e+00 -3.9432973e+00 -3.6080748e+00 -3.2049463e+00 -3.0416888e+00 -3.0270725e+00 -2.9909665e+00 -2.6643423e+00 -3.2078671e+00 -2.8022084e+00 -2.8031919e+00
-1.0450000e+00 -3.9144235e+00 -3.5807703e+00 -3.4011094e+00 -3.1126111e+00 -3.0717102e+00 -2.7954128e+00 -2.9268798e+00 -2.8224752e+00 -3.2348691e+00 -2.7478412e+00
-1.0375000e+00 -3.9717350e+00 -3.6090559e+00 -3.3690808e+00 -3.2047478e+00 -2.9901306e+00 -2.8219375e+00 -3.2434960e+00 -2.6916800e+00 -3.5350321e+00 -2.8863002e+00
-1.0300000e+00 -4.0064164e+00 -3.7075922e+00 -3.2921303e+00 -3.1620753e+00 -3.0005225e+00 -3.0466350e+00 -3.0163138e+00 -2.8123938e+00 -3.0693725e+00 -3.2728906e+00
-1.0225000e+00 -4.0081112e+00 -3.6476720e+00 -3.4758686e+00 -3.1394308e+00 -3.0958279e+00 -3.1414938e+00 -2.8113569e+00 -3.1908281e+00 -2.8208599e+00 -3.7768073e+00
-1.0150000e+00 -4.0775687e+00 -3.7415683e+00 -3.4414899e+00 -3.2928433e+00 -3.1490934e+00 -2.9829563e+00 -2.8796177e+00 -3.3485292e+00 -2.8419119e+00 -3.3258826e+00
-1.0075000e+00 -4.0706978e+00 -3.7538821e+00 -3.4110012e+00 -3.2982290e+00 -3.1407534e+00 -2.9707227e+00 -3.1755875e+00 -2.9877398e+00 -3.1403039e+00 -2.9941751e+00
-1.0000000e+00 -4.1251156e+00 -3.7546231e+00 -3.5577038e+00 -3.2092405e+00 -3.1371821e+00 -3.1312680e+00 -3.2119929e+00 -2.8696056e+00 -3.5774796e+00 -2.9541364e+00
-9.9250000e-01 -4.1437352e+00 -3.8468870e+00 -3.4979538e+00 -3.3892254e+00 -3.1987058e+00 -3.1843431e+00 -2.9918464e+00 -3.0592940e+00 -3.2437551e+00 -3.1946150e+00
-9.8500000e-01 -4.1771088e+00 -3.8026757e+00 -3.5475878e+00 -3.3727663e+00 -3.2851316e+00 -3.1091420e+00 -3.0174828e+00 -3.4084156e+00 -2.9825377e+00 -3.7172826e+00
-9.7750000e-01 -4.2110505e+00 -3.9047486e+00 -3.6134195e+00 -3.3083595e+00 -3.2299598e+00 -3.1488343e+00 -3.2530887e+00 -3.2072022e+00 -3.0554812e+00 -3.5131728e+00
-9.7000000e-01 -4.2162050e+00 -3.8719959e+00 -3.5842578e+00 -3.5139303e+00 -3.2571159e+00 -3.2364486e+00 -3.2404204e+00 -3.0265372e+00 -3.4464751e+00 -3.1509289e+00
-9.6250000e-01 -4.3038533e+00 -3.9538919e+00 -3.6698211e+00 -3.3891176e+00 -3.4077483e+00 -3.2525039e+00 -3.1187307e+00 -3.1813016e+00 -3.4903389e+00 -3.1471741e+00
-9.5500000e-01 -4.2746364e+00 -3.9344227e+00 -3.6608847e+00 -3.4850175e+00 -3.2961830e+00 -3.2484266e+00 -3.2260204e+00 -3.4446139e+00 -3.1603931e+00 -3.5027761e+00
-9.4750000e-01 -4.3176129e+00 -4.0216920e+00 -3.7110851e+00 -3.5265261e+00 -3.3772637e+00 -3.2798162e+00 -3.3355426e+00 -3.2488929e+00 -3.1851852e+00 -3.7636861e+00
-9.4000000e-01 -4.3774727e+00 -3.9885504e+00 -3.7298866e+00 -3.4946988e+00 -3.4805106e+00 -3.3711243e+00 -3.2641373e+00 -3.1920788e+00 -3.5387091e+00 -3.3491305e+00
-9.3250000e-01 -4.3697974e+00 -4.0626380e+00 -3.7758533e+00 -3.6063449e+00 -3.3560822e+00 -3.3378433e+00 -3.3029601e+00 -3.4160656e+00 -3.4830730e+00 -3.2789980e+00
-9.2500000e-01 -4.4072454e+00 -4.1004989e+00 -3.7717344e+00 -3.5604373e+00 -3.5730490e+00 -3.3592957e+00 -3.3774635e+00 -3.4109693e+00 -3.2657809e+00 -3.6171304e+00
-9.1750000e-01 -4.4734215e+00 -4.0720254e+00 -3.8638490e+00 -3.6461095e+00 -3.4374617e+00 -3.4917202e+00 -3.3869246e+00 -3.3108175e+00 -3.4383136e+00 -3.7414942e+00
-9.1000000e-01 -4.4961863e+00 -4.1595662e+00 -3.8127770e+00 -3.6405950e+00 -3.5752054e+00 -3.3763780e+00 -3.3976065e+00 -3.4541405e+00 -3.6306910e+00 -3.4139485e+00
-9.0250000e-01 -4.4982108e+00 -4.1744219e+00 -3.9236109e+00 -3.6897773e+00 -3.5407719e+00 -3.5393584e+00 -3.4417168e+00 -3.4800943e+00 -3.4123509e+00 -3.5080384e+00
-8.9500000e-01 -4.5204800e+00 -4.1836932e+00 -3.8932566e+00 -3.7034512e+00 -3.5996135e+00 -3.4829285e+00 -3.5062916e+00 -3.4419855e+00 -3.4971450e+00 -3.8424891e+00
-8.8750000e-01 -4.5615968e+00 -4.2513079e+00 -3.9559976e+00 -3.7664549e+00 -3.6170317e+00 -3.5307346e+00 -3.4538946e+00 -3.5271948e+00 -3.6655292e+00 -3.5855125e+00
-8.8000000e-01 -4.6041985e+00 -4.2753461e+00 -3.9722749e+00 -3.7314199e+00 -3.6557483e+00 -3.5980528e+00 -3.5902253e+00 -3.5461772e+00 -3.5234999e+00 -3.5778703e+00
-8.7250000e-01 -4.6391015e+00 -4.2662231e+00 -3.9834367e+00 -3.8633348e+00 -3.6750773e+00 -3.5577417e+00 -3.5260439e+00 -3.5643758e+00 -3.6245459e+00 -3.8621350e+00
-8.6500000e-01 -4.6699115e+00 -4.2903342e+00 -4.0722370e+00 -3.7936837e+00 -3.7155711e+00 -3.6723262e+00 -3.6117475e+00 -3.5899417e+00 -3.6807743e+00 -3.6782234e+00
-8.5750000e-01 -4.7041949e+00 -4.3429693e+00 -4.0750383e+00 -3.8581318e+00 -3.7421168e+00 -3.6240692e+00 -3.6238833e+00 -3.6636532e+00 -3.6428265e+00 -3.7197942e+00
-8.5000000e-01 -4.7378803e+00 -4.3917156e+00 -4.0566280e+00 -3.9374153e+00 -3.7665053e+00 -3.7063382e+00 -3.6412348e+00 -3.6149264e+00 -3.7277194e+00 -3.8834687e+00
-8.4250000e-01 -4.7592017e+00 -4.4242718e+00 -4.1084981e+00 -3.8945298e+00 -3.7956850e+00 -3.7196564e+00 -3.6976962e+00 -3.7515789e+00 -3.7331640e+00 -3.7524263e+00
-8.3500000e-01 -4.7814917e+00 -4.4495412e+00 -4.1745224e+00 -3.9454951e+00 -3.8645166e+00 -3.7261678e+00 -3.7078113e+00 -3.6631020e+00 -3.7652713e+00 -3.8887790e+00
-8.2750000e-01 -4.8046480e+00 -4.4772071e+00 -4.1989121e+00 -3.9983407e+00 -3.8149760e+00 -3.8094336e+00 -3.7297949e+00 -3.8214403e+00 -3.7959804e+00 -3.8717865e+00
-8.2000000e-01 -4.8183594e+00 -4.5075911e+00 -4.2040842e+00 -3.9991664e+00 -3.9052767e+00 -3.7826382e+00 -3.8152548e+00 -3.7136354e+00 -3.8370400e+00 -3.9038412e+00
-8.1250000e-01 -4.8625923e+00 -4.5342213e+00 -4.2204586e+00 -4.0364894e+00 -3.9716549e+00 -3.8517837e+00 -3.7432246e+00 -3.9018414e+00 -3.8395608e+00 -3.9442541e+00
-8.0500000e-01 -4.9059088e+00 -4.5594181e+00 -4.2500712e+00 -4.1026451e+00 -3.9159627e+00 -3.8533866e+00 -3.9117751e+00 -3.7571624e+00 -3.9104863e+00 -3.9741276e+00
-7.9750000e-01 -4.9318494e+00 -4.6001099e+00 -4.2841263e+00 -4.1400744e+00 -3.9462748e+00 -3.9174221e+00 -3.8158782e+00 -3.9736834e+00 -3.8983106e+00 -3.9827657e+00
-7.9000000e-01 -4.9455411e+00 -4.6431074e+00 -4.3178637e+00 -4.1465531e+00 -4.0339493e+00 -3.9329225e+00 -3.9000617e+00 -3.8355727e+00 -3.9521600e+00 -4.0601044e+00
-7.8250000e-01 -4.9951570e+00 -4.6549707e+00 -4.3530436e+00 -4.1539027e+00 -4.0681825e+00 -3.9144224e+00 -3.9490320e+00 -3.9513470e+00 -4.0010679e+00 -4.0215078e+00
-7.7500000e-01 -5.0075359e+00 -4.6747958e+00 -4.3901292e+00 -4.1757832e+00 -4.0685691e+00 -3.9935594e+00 -3.9332818e+00 -4.0043578e+00 -3.9507962e+00 -4.1359894e+00
-7.6750000e-01 -5.0525450e+00 -4.6925059e+00 -4.4179826e+00 -4.2086427e+00 -4.0912668e+00 -4.0769131e+00 -3.9889931e+00 -3.9224489e+00 -4.1382250e+00 -4.0841680e+00
-7.6000000e-01 -5.0710861e+00 -4.7505636e+00 -4.4318575e+00 -4.2439153e+00 -4.1373700e+00 -4.0663938e+00 -4.0043178e+00 -4.0630501e+00 -3.9904665e+00 -4.1608563e+00
-7.5250000e-01 -5.1191409e+00 -4.7722688e+00 -4.4655412e+00 -4.2726960e+00 -4.1871117e+00 -4.0442948e+00 -4.0321641e+00 -4.0758837e+00 -4.1220127e+00 -4.2141455e+00
-7.4500000e-01 -5.1284008e+00 -4.7897063e+00 -4.5245574e+00 -4.2912917e+00 -4.2291569e+00 -4.0659072e+00 -4.1053224e+00 -4.0445227e+00 -4.1897493e+00 -4.1367706e+00
-7.3750000e-01 -5.1637730e+00 -4.8431088e+00 -4.5560027e+00 -4.3124082e+00 -4.2625136e+00 -4.1152827e+00 -4.1407244e+00 -4.1080658e+00 -4.0855742e+00 -4.3363377e+00
-7.3000000e-01 -5.2040180e+00 -4.8439313e+00 -4.5814012e+00 -4.3579375e+00 -4.2876478e+00 -4.1650461e+00 -4.1252241e+00 -4.1502876e+00 -4.1870552e+00 -4.2461504e+00
-7.2250000e-01 -5.2330246e+00 -4.8976985e+00 -4.5832736e+00 -4.4137533e+00 -4.3040890e+00 -4.2043134e+00 -4.1186660e+00 -4.1634671e+00 -4.2837701e+00 -4.2348014e+00
-7.1500000e-01 -5.2578012e+00 -4.9071858e+00 -4.6537409e+00 -4.4421582e+00 -4.3182101e+00 -4.2375301e+00 -4.1421434e+00 -4.2065132e+00 -4.2425593e+00 -4.4152093e+00
-7.0750000e-01 -5.2814480e+00 -4.9593906e+00 -4.6572823e+00 -4.4752927e+00 -4.3446619e+00 -4.2733865e+00 -4.1832285e+00 -4.2638976e+00 -4.2428576e+00 -4.3909839e+00
-7.0000000e-01 -5.3163155e+00 -4.9838282e+00 -4.6902494e+00 -4.4798391e+00 -4.3778367e+00 -4.3165025e+00 -4.2264518e+00 -4.2992679e+00 -4.2976438e+00 -4.3228820e+00
-6.5000000e-01 -5.5210874e+00 -5.1707648e+00 -4.8957543e+00 -4.7077679e+00 -4.5698709e+00 -4.4720035e+00 -4.4570668e+00 -4.4408681e+00 -4.5651932e+00 -4.5887176e+00
-6.0000000e-01 -5.7097622e+00 -5.3835034e+00 -5.0852872e+00 -4.9046570e+00 -4.7563310e+00 -4.6850259e+00 -4.6791412e+00 -4.6263442e+00 -4.7071301e+00 -4.8417980e+00
-5.5000000e-01 -5.9210571e+00 -5.5816085e+00 -5.3001503e+00 -5.0811175e+00 -4.9819615e+00 -4.8722078e+00 -4.8696610e+00 -4.8485416e+00 -4.9281849e+00 -4.9597720e+00
-5.0000000e-01 -6.1131839e+00 -5.7796837e+00 -5.5007035e+00 -5.2840705e+00 -5.1759974e+00 -5.0958012e+00 -5.0517055e+00 -5.0411836e+00 -5.1174385e+00 -5.1814659e+00
-4.0000000e-01 -6.4649798e+00 -6.1753638e+00 -5.8942457e+00 -5.6952893e+00 -5.5710657e+00 -5.4822578e+00 -5.4620268e+00 -5.4622688e+00 -5.4973274e+00 -5.5964557e+00
-2.0000000e-01 -7.4095754e+00 -6.9326496e+00 -6.6545079e+00 -6.4938433e+00 -6.3684340e+00 -6.2864786e+00 -6.2525781e+00 -6.2664412e+00 -6.3072659e+00 -6.3825330e+00
0.0000000e+00 -8.0930647e+00 -7.7356131e+00 -7.4778094e+00 -7.2684453e+00 -7.1479676e+00 -7.1077914e+00 -7.0587327e+00 -7.0606909e+00 -7.1083390e+00 -7.1891216e+00
2.0000000e-01 -8.8560599e+00 -8.5944206e+00 -8.2941668e+00 -8.0820903e+00 -7.9550936e+00 -7.8802268e+00 -7.8842175e+00 -7.8372575e+00 -7.9261296e+00 -7.9959030e+00
4.0000000e-01 -9.7671559e+00 -9.3467808e+00 -9.1296830e+00 -8.8893039e+00 -8.7646641e+00 -8.7256878e+00 -8.6448233e+00 -8.6662344e+00 -8.7080115e+00 -8.7829847e+00
6.0000000e-01 -1.0530228e+01 -1.0183412e+01 -9.8589975e+00 -9.6813616e+00 -9.5286504e+00 -9.5132602e+00 -9.4298817e+00 -9.4059503e+00 -9.5250208e+00 -9.5737850e+00
8.0000000e-01 -1.1284022e+01 -1.0963508e+01 -1.0709687e+01 -1.0498410e+01 -1.0334154e+01 -1.0286750e+01 -1.0226073e+01 -1.0317796e+01 -1.0278692e+01 -1.0344502e+01
1.0000000e+00 -1.2117291e+01 -1.1780525e+01 -1.1514554e+01 -1.1317042e+01 -1.1126935e+01 -1.1146617e+01 -1.1027270e+01 -1.1037686e+01 -1.1146316e+01 -1.1225630e+01
1.2000000e+00 -1.2883941e+01 -1.2640115e+01 -1.2298764e+01 -1.2063866e+01 -1.2006133e+01 -1.1889877e+01 -1.1877729e+01 -1.1871900e+01 -1.1942566e+01 -1.1994050e+01
1.4000000e+00 -1.3714878e+01 -1.3387299e+01 -1.3063392e+01 -1.2848432e+01 -1.2769697e+01 -1.2648376e+01 -1.2687318e+01 -1.2648537e+01 -1.2685057e+01 -1.2814192e+01
1.6000000e+00 -1.4511775e+01 -1.4150316e+01 -1.3908112e+01 -1.3647337e+01 -1.3568226e+01 -1.3495408e+01 -1.3463977e+01 -1.3417812e+01 -1.3544475e+01 -1.3628703e+01
1.8000000e+00 -1.5361971e+01 -1.4992263e+01 -1.4701591e+01 -1.4506671e+01 -1.4348889e+01 -1.4323814e+01 -1.4275887e+01 -1.4275507e+01 -1.4346436e+01 -1.4404768e+01
2.0000000e+00 -1.6217673e+01 -1.5775017e+01 -1.5579129e+01 -1.5320219e+01 -1.5169199e+01 -1.5064139e+01 -1.5058641e+01 -1.5058585e+01 -1.5085477e+01 -1.5210236e+01