########################################################################
# Reference Counts for Solar Model AGSS09ph                            #
# Column 1: log10(Axion mass in eV)                                    #
#        n>1: log10(Reference photon counts in energy bin n-1)         #
########################################################################
-3.0000000e+00 -3.8709836e-01 -2.1839798e-01 -7.7796430e-02 3.2080149e-03 1.7503624e-02 5.8315685e-03 -4.5704718e-02 -1.3112417e-01 -2.4923201e-01 -3.9764580e-01
-2.8000000e+00 -3.8711908e-01 -2.1841195e-01 -7.7806424e-02 3.2004700e-03 1.7497748e-02 5.8268613e-03 -4.5708575e-02 -1.3112739e-01 -2.4923473e-01 -3.9764814e-01
-2.6000000e+00 -3.8724985e-01 -2.1850015e-01 -7.7869485e-02 3.1528643e-03 1.7460671e-02 5.7971608e-03 -4.5732914e-02 -1.3114768e-01 -2.4925192e-01 -3.9766287e-01
-2.4000000e+00 -3.8807510e-01 -2.1905668e-01 -7.8267414e-02 2.8524692e-03 1.7226719e-02 5.6097541e-03 -4.5886488e-02 -1.3127572e-01 -2.4936038e-01 -3.9775584e-01
-2.2000000e+00 -3.9328887e-01 -2.2257131e-01 -8.0779808e-02 9.5616791e-04 1.5750010e-02 4.4269297e-03 -4.6855721e-02 -1.3208378e-01 -2.5004485e-01 -3.9834255e-01
-2.1500000e+00 -3.9691963e-01 -2.2501737e-01 -8.2527713e-02 -3.6281278e-04 1.4723039e-02 3.6044316e-03 -4.7529640e-02 -1.3264560e-01 -2.5052071e-01 -3.9875044e-01
-2.1000000e+00 -4.0268567e-01 -2.2889952e-01 -8.5300754e-02 -2.4548622e-03 1.3094422e-02 2.3002304e-03 -4.8598154e-02 -1.3353632e-01 -2.5127512e-01 -3.9939705e-01
-2.0500000e+00 -4.1185384e-01 -2.3506600e-01 -8.9702786e-02 -5.7745826e-03 1.0510776e-02 2.3162626e-04 -5.0292699e-02 -1.3494875e-01 -2.5247131e-01 -4.0042225e-01
-2.0000000e+00 -4.2645964e-01 -2.4487385e-01 -9.6697376e-02 -1.1046194e-02 6.4097634e-03 -3.0508819e-03 -5.2981057e-02 -1.3718917e-01 -2.5436848e-01 -4.0204808e-01
-1.9500000e+00 -4.4980106e-01 -2.6050642e-01 -1.0782829e-01 -1.9426966e-02 -1.0558814e-04 -8.2633793e-03 -5.7248585e-02 -1.4074470e-01 -2.5737868e-01 -4.0462731e-01
-1.9000000e+00 -4.8729450e-01 -2.8550868e-01 -1.2558502e-01 -3.2775242e-02 -1.0471483e-02 -1.6550117e-02 -6.4029262e-02 -1.4639172e-01 -2.6215804e-01 -4.0872139e-01
-1.8500000e+00 -5.4803917e-01 -3.2572305e-01 -1.5402469e-01 -5.4098836e-02 -2.7001648e-02 -2.9748478e-02 -7.4819279e-02 -1.5537173e-01 -2.6975436e-01 -4.1522587e-01
-1.8475000e+00 -5.5193000e-01 -3.2828621e-01 -1.5583221e-01 -5.5451746e-02 -2.8049208e-02 -3.0584214e-02 -7.5502115e-02 -1.5593977e-01 -2.7023471e-01 -4.1563707e-01
-1.8400000e+00 -5.6420010e-01 -3.3635917e-01 -1.6152112e-01 -5.9707997e-02 -3.1343871e-02 -3.3212142e-02 -7.7648942e-02 -1.5772549e-01 -2.7174464e-01 -4.1692954e-01
-1.8325000e+00 -5.7742509e-01 -3.4504293e-01 -1.6763349e-01 -6.4277935e-02 -3.4879724e-02 -3.6031553e-02 -7.9951668e-02 -1.5964055e-01 -2.7336372e-01 -4.1831531e-01
-1.8250000e+00 -5.9168623e-01 -3.5438657e-01 -1.7420222e-01 -6.9185434e-02 -3.8674872e-02 -3.9056681e-02 -8.2421800e-02 -1.6169445e-01 -2.7509994e-01 -4.1980116e-01
-1.8175000e+00 -6.0707296e-01 -3.6444357e-01 -1.8126298e-01 -7.4456305e-02 -4.2748845e-02 -4.2302860e-02 -8.5071724e-02 -1.6389741e-01 -2.7696187e-01 -4.2139441e-01
-1.8100000e+00 -6.2368390e-01 -3.7527235e-01 -1.8885450e-01 -8.0118471e-02 -4.7122728e-02 -4.5786621e-02 -8.7914774e-02 -1.6626041e-01 -2.7895875e-01 -4.2310291e-01
-1.8025000e+00 -6.4162806e-01 -3.8693672e-01 -1.9701884e-01 -8.6202162e-02 -5.1819292e-02 -4.9525785e-02 -9.0965312e-02 -1.6879528e-01 -2.8110050e-01 -4.2493510e-01
-1.7950000e+00 -6.6102628e-01 -3.9950661e-01 -2.0580179e-01 -9.2740135e-02 -5.6863146e-02 -5.3539579e-02 -9.4238813e-02 -1.7151475e-01 -2.8339777e-01 -4.2690005e-01
-1.7875000e+00 -6.8201294e-01 -4.1305870e-01 -2.1525318e-01 -9.9767912e-02 -6.2280904e-02 -5.7848756e-02 -9.7751956e-02 -1.7443252e-01 -2.8586206e-01 -4.2900752e-01
-1.7800000e+00 -7.0473795e-01 -4.2767731e-01 -2.2542738e-01 -1.0732405e-01 -6.8101369e-02 -6.2475731e-02 -1.0152273e-01 -1.7756335e-01 -2.8850571e-01 -4.3126799e-01
-1.7725000e+00 -7.2936917e-01 -4.4345532e-01 -2.3638376e-01 -1.1545046e-01 -7.4355734e-02 -6.7444721e-02 -1.0557054e-01 -1.8092315e-01 -2.9134205e-01 -4.3369276e-01
-1.7650000e+00 -7.5609537e-01 -4.6049532e-01 -2.4818726e-01 -1.2419272e-01 -8.1077810e-02 -7.2781918e-02 -1.0991633e-01 -1.8452908e-01 -2.9438538e-01 -4.3629398e-01
-1.7575000e+00 -7.8512976e-01 -4.7891090e-01 -2.6090903e-01 -1.3360046e-01 -8.8304283e-02 -7.8515660e-02 -1.1458273e-01 -1.8839964e-01 -2.9765116e-01 -4.3908473e-01
-1.7500000e+00 -8.1671443e-01 -4.9882822e-01 -2.7462721e-01 -1.4372784e-01 -9.6074990e-02 -8.4676635e-02 -1.1959419e-01 -1.9255478e-01 -3.0115602e-01 -4.4207909e-01
-1.7425000e+00 -8.5112579e-01 -5.2038784e-01 -2.8942773e-01 -1.5463400e-01 -1.0443324e-01 -9.1298103e-02 -1.2497715e-01 -1.9701607e-01 -3.0491791e-01 -4.4529224e-01
-1.7350000e+00 -8.8868150e-01 -5.4374693e-01 -3.0540534e-01 -1.6638362e-01 -1.1342619e-01 -9.8416146e-02 -1.3076024e-01 -2.0180677e-01 -3.0895619e-01 -4.4874054e-01
-1.7275000e+00 -9.2974916e-01 -5.6908195e-01 -3.2266478e-01 -1.7904760e-01 -1.2310519e-01 -1.0606994e-01 -1.3697443e-01 -2.0695208e-01 -3.1329177e-01 -4.5244163e-01
-1.7200000e+00 -9.7475767e-01 -5.9659189e-01 -3.4132215e-01 -1.9270377e-01 -1.3352634e-01 -1.1430207e-01 -1.4365334e-01 -2.1247921e-01 -3.1794721e-01 -4.5641453e-01
-1.7125000e+00 -1.0242119e+00 -6.2650224e-01 -3.6150652e-01 -2.0743777e-01 -1.4475089e-01 -1.2315887e-01 -1.5083340e-01 -2.1841764e-01 -3.2294692e-01 -4.6067978e-01
-1.7050000e+00 -1.0787121e+00 -6.5906996e-01 -3.8336186e-01 -2.2334401e-01 -1.5684595e-01 -1.3269084e-01 -1.5855421e-01 -2.2479930e-01 -3.2831728e-01 -4.6525957e-01
-1.6975000e+00 -1.1389803e+00 -6.9458964e-01 -4.0704941e-01 -2.4052689e-01 -1.6988510e-01 -1.4295308e-01 -1.6685879e-01 -2.3165882e-01 -3.3408684e-01 -4.7017785e-01
-1.6900000e+00 -1.2058959e+00 -7.3340144e-01 -4.3275043e-01 -2.5910213e-01 -1.8394919e-01 -1.5400577e-01 -1.7579398e-01 -2.3903379e-01 -3.4028652e-01 -4.7546054e-01
-1.6825000e+00 -1.2805459e+00 -7.7590113e-01 -4.6066968e-01 -2.7919840e-01 -1.9912729e-01 -1.6591482e-01 -1.8541083e-01 -2.4696503e-01 -3.4694986e-01 -4.8113568e-01
-1.6750000e+00 -1.3642943e+00 -8.2255330e-01 -4.9103962e-01 -3.0095929e-01 -2.1551769e-01 -1.7875246e-01 -1.9576504e-01 -2.5549695e-01 -3.5411322e-01 -4.8723365e-01
-1.6675000e+00 -1.4588836e+00 -8.7390881e-01 -5.2412574e-01 -3.2454556e-01 -2.3322923e-01 -1.9259805e-01 -2.0691752e-01 -2.6467791e-01 -3.6181609e-01 -4.9378734e-01
-1.6600000e+00 -1.5665781e+00 -9.3062825e-01 -5.6023317e-01 -3.5013805e-01 -2.5238269e-01 -2.0753897e-01 -2.1893490e-01 -2.7456066e-01 -3.7010143e-01 -5.0083246e-01
-1.6525000e+00 -1.6903668e+00 -9.9351410e-01 -5.9971519e-01 -3.7794106e-01 -2.7311261e-01 -2.2367164e-01 -2.3189031e-01 -2.8520276e-01 -3.7901596e-01 -5.0840776e-01
-1.6450000e+00 -1.8342200e+00 -1.0635557e+00 -6.4298422e-01 -4.0818662e-01 -2.9556932e-01 -2.4110273e-01 -2.4586409e-01 -2.9666720e-01 -3.8861064e-01 -5.1655538e-01
-1.6375000e+00 -2.0032810e+00 -1.1419935e+00 -6.9052621e-01 -4.4113980e-01 -3.1992152e-01 -2.5995061e-01 -2.6094470e-01 -3.0902297e-01 -3.9894105e-01 -5.2532116e-01
-1.6300000e+00 -2.2032876e+00 -1.2304130e+00 -7.4291991e-01 -4.7710539e-01 -3.4635931e-01 -2.8034703e-01 -2.7722985e-01 -3.2234580e-01 -4.1006796e-01 -5.3475504e-01
-1.6225000e+00 -2.4357389e+00 -1.3308855e+00 -8.0086299e-01 -5.1643644e-01 -3.7509799e-01 -3.0243915e-01 -2.9482765e-01 -3.3671897e-01 -4.2205789e-01 -5.4491152e-01
-1.6150000e+00 -2.6743870e+00 -1.4461830e+00 -8.6520833e-01 -5.5954534e-01 -4.0638272e-01 -3.2639197e-01 -3.1385811e-01 -3.5223431e-01 -4.3498381e-01 -5.5585015e-01
-1.6075000e+00 -2.8074831e+00 -1.5801108e+00 -9.3701547e-01 -6.0691839e-01 -4.4049439e-01 -3.5239131e-01 -3.3445490e-01 -3.6899327e-01 -4.4892590e-01 -5.6763608e-01
-1.6000000e+00 -2.7205634e+00 -1.7380071e+00 -1.0176255e+00 -6.5913525e-01 -4.7775707e-01 -3.8064747e-01 -3.5676741e-01 -3.8710828e-01 -4.6397249e-01 -5.8034078e-01
-1.5925000e+00 -2.5185311e+00 -1.9273725e+00 -1.1087729e+00 -7.1689553e-01 -5.1854758e-01 -4.1139968e-01 -3.8096325e-01 -4.0670430e-01 -4.8022106e-01 -5.9404271e-01
-1.5850000e+00 -2.3201234e+00 -2.1578222e+00 -1.2127590e+00 -7.8105571e-01 -5.6330798e-01 -4.4492179e-01 -4.0723133e-01 -4.2792069e-01 -4.9777955e-01 -6.0882827e-01
-1.5775000e+00 -2.1558925e+00 -2.4343538e+00 -1.3327268e+00 -8.5268186e-01 -6.1256217e-01 -4.8152939e-01 -4.3578558e-01 -4.5091343e-01 -5.1676776e-01 -6.2479279e-01
-1.5700000e+00 -2.0258520e+00 -2.7099158e+00 -1.4731157e+00 -9.3312683e-01 -6.6693825e-01 -5.2158899e-01 -4.6686962e-01 -4.7585784e-01 -5.3731914e-01 -6.4204174e-01
-1.5625000e+00 -1.9251516e+00 -2.7762223e+00 -1.6404201e+00 -1.0241467e+00 -7.2719938e-01 -5.6552998e-01 -5.0076261e-01 -5.0295187e-01 -5.5958284e-01 -6.6069211e-01
-1.5550000e+00 -1.8495073e+00 -2.5680882e+00 -1.8444025e+00 -1.1280830e+00 -7.9428726e-01 -6.1386046e-01 -5.3778664e-01 -5.3242019e-01 -5.8372620e-01 -6.8087413e-01
-1.5475000e+00 -1.7959216e+00 -2.3151579e+00 -2.0993089e+00 -1.2481586e+00 -8.6938505e-01 -6.6718851e-01 -5.7831628e-01 -5.6451924e-01 -6.0993786e-01 -7.0273323e-01
-1.5400000e+00 -1.7625458e+00 -2.1058605e+00 -2.4179362e+00 -1.3889795e+00 -9.5401113e-01 -7.2625157e-01 -6.2279104e-01 -5.9954368e-01 -6.3843148e-01 -7.2643244e-01
-1.5325000e+00 -1.7484712e+00 -1.9429004e+00 -2.7378644e+00 -1.5574213e+00 -1.0501636e+00 -7.9195757e-01 -6.7173191e-01 -6.3783449e-01 -6.6945039e-01 -7.5215537e-01
-1.5250000e+00 -1.7535895e+00 -1.8174400e+00 -2.7351414e+00 -1.7642249e+00 -1.1605521e+00 -8.6544449e-01 -7.2576375e-01 -6.7978961e-01 -7.0327345e-01 -7.8010972e-01
-1.5175000e+00 -1.7785388e+00 -1.7221286e+00 -2.4389212e+00 -2.0265441e+00 -1.2889864e+00 -9.4816871e-01 -7.8564613e-01 -7.2587780e-01 -7.4022247e-01 -8.1053179e-01
-1.5100000e+00 -1.8247297e+00 -1.6520293e+00 -2.1586297e+00 -2.3671383e+00 -1.4410635e+00 -1.0420410e+00 -8.5231703e-01 -7.7665726e-01 -7.8067178e-01 -8.4369199e-01
-1.5025000e+00 -1.8944447e+00 -1.6040625e+00 -1.9436338e+00 -2.7472755e+00 -1.6254491e+00 -1.1496443e+00 -9.2695613e-01 -8.3280099e-01 -8.2506072e-01 -8.7990189e-01
-1.4950000e+00 -1.9909867e+00 -1.5764982e+00 -1.7808441e+00 -2.7623710e+00 -1.8563575e+00 -1.2745991e+00 -1.0110796e+00 -8.9513213e-01 -8.7391025e-01 -9.1952330e-01
-1.4875000e+00 -2.1187338e+00 -1.5686428e+00 -1.6572125e+00 -2.4137775e+00 -2.1578781e+00 -1.4222112e+00 -1.1066871e+00 -9.6467444e-01 -9.2784545e-01 -9.6298000e-01
-1.4800000e+00 -2.2824411e+00 -1.5806868e+00 -1.5642190e+00 -2.1061282e+00 -2.5602840e+00 -1.6006977e+00 -1.2164999e+00 -1.0427265e+00 -9.8762655e-01 -1.0107734e+00
-1.4725000e+00 -2.4828870e+00 -1.6136807e+00 -1.4966072e+00 -1.8785215e+00 -2.9190786e+00 -1.8236636e+00 -1.3443651e+00 -1.1309746e+00 -1.0541930e+00 -1.0635034e+00
-1.4650000e+00 -2.6980833e+00 -1.6696321e+00 -1.4512498e+00 -1.7089693e+00 -2.6770337e+00 -2.1152286e+00 -1.4959874e+00 -1.2316706e+00 -1.1287273e+00 -1.1218978e+00
-1.4575000e+00 -2.8385451e+00 -1.7517383e+00 -1.4264743e+00 -1.5811690e+00 -2.2881849e+00 -2.5162612e+00 -1.6803490e+00 -1.3479265e+00 -1.2127513e+00 -1.1868525e+00
-1.4500000e+00 -2.7963309e+00 -1.8647787e+00 -1.4217048e+00 -1.4853089e+00 -2.0019948e+00 -2.9817701e+00 -1.9127003e+00 -1.4842298e+00 -1.3082753e+00 -1.2594907e+00
-1.4425000e+00 -2.6382376e+00 -2.0155910e+00 -1.4373086e+00 -1.4155513e+00 -1.7947391e+00 -2.8302204e+00 -2.2212313e+00 -1.6474068e+00 -1.4180417e+00 -1.3412512e+00
-1.4350000e+00 -2.4799633e+00 -2.2128374e+00 -1.4745995e+00 -1.3684802e+00 -1.6407113e+00 -2.3893148e+00 -2.6574140e+00 -1.8485821e+00 -1.5459421e+00 -1.4340238e+00
-1.4275000e+00 -2.3627568e+00 -2.4607853e+00 -1.5359950e+00 -1.3422708e+00 -1.5250184e+00 -2.0712993e+00 -3.1486222e+00 -2.1075630e+00 -1.6977802e+00 -1.5403689e+00
-1.4200000e+00 -2.2929216e+00 -2.7195314e+00 -1.6253733e+00 -1.3362677e+00 -1.4391168e+00 -1.8462224e+00 -2.8646141e+00 -2.4633012e+00 -1.8827853e+00 -1.6638897e+00
-1.4125000e+00 -2.2696185e+00 -2.8097973e+00 -1.7487268e+00 -1.3508071e+00 -1.3780282e+00 -1.6808813e+00 -2.4071801e+00 -2.9838386e+00 -2.1169261e+00 -1.8099054e+00
-1.4050000e+00 -2.2921612e+00 -2.6431740e+00 -1.9152203e+00 -1.3872141e+00 -1.3389299e+00 -1.5571691e+00 -2.0953820e+00 -3.3035769e+00 -2.4310354e+00 -1.9867682e+00
-1.3975000e+00 -2.3611474e+00 -2.4227980e+00 -2.1381837e+00 -1.4479759e+00 -1.3204475e+00 -1.4650545e+00 -1.8762507e+00 -2.7815213e+00 -2.8904327e+00 -2.2087106e+00
-1.3900000e+00 -2.4771253e+00 -2.2509209e+00 -2.4297540e+00 -1.5371460e+00 -1.3223174e+00 -1.3987843e+00 -1.7154869e+00 -2.3689309e+00 -3.4888257e+00 -2.5028182e+00
-1.3825000e+00 -2.6347554e+00 -2.1384658e+00 -2.7386008e+00 -1.6611305e+00 -1.3452763e+00 -1.3550839e+00 -1.5953825e+00 -2.0932271e+00 -3.1464812e+00 -2.9279619e+00
-1.3750000e+00 -2.8047385e+00 -2.0809486e+00 -2.7736196e+00 -1.8301347e+00 -1.3911315e+00 -1.3322830e+00 -1.5062663e+00 -1.8970653e+00 -2.6385631e+00 -3.5726215e+00
-1.3675000e+00 -2.9089624e+00 -2.0751054e+00 -2.5108337e+00 -2.0604544e+00 -1.4630382e+00 -1.3298967e+00 -1.4426333e+00 -1.7521496e+00 -2.3122933e+00 -3.4730309e+00
-1.3600000e+00 -2.8819613e+00 -2.1210622e+00 -2.2566263e+00 -2.3737987e+00 -1.5660911e+00 -1.3484691e+00 -1.4013846e+00 -1.6439722e+00 -2.0872125e+00 -2.8912292e+00
-1.3525000e+00 -2.7813751e+00 -2.2221794e+00 -2.0780722e+00 -2.7407643e+00 -1.7084933e+00 -1.3896099e+00 -1.3809877e+00 -1.5645397e+00 -1.9233137e+00 -2.5268046e+00
-1.3450000e+00 -2.6927264e+00 -2.3831420e+00 -1.9676832e+00 -2.7972302e+00 -1.9038413e+00 -1.4562386e+00 -1.3810836e+00 -1.5093101e+00 -1.8012622e+00 -2.2816193e+00
-1.3375000e+00 -2.6522536e+00 -2.5988698e+00 -1.9160848e+00 -2.4778091e+00 -2.1751030e+00 -1.5531356e+00 -1.4023519e+00 -1.4758027e+00 -1.7107860e+00 -2.1052143e+00
-1.3300000e+00 -2.6678063e+00 -2.8063374e+00 -1.9193031e+00 -2.1922237e+00 -2.5520020e+00 -1.6880608e+00 -1.4465740e+00 -1.4629387e+00 -1.6461149e+00 -1.9743637e+00
-1.3225000e+00 -2.7364521e+00 -2.8397499e+00 -1.9785911e+00 -1.9990473e+00 -2.9191580e+00 -1.8740522e+00 -1.5169201e+00 -1.4707498e+00 -1.6040187e+00 -1.8770857e+00
-1.3150000e+00 -2.8453319e+00 -2.6930869e+00 -2.1002931e+00 -1.8807792e+00 -2.7271406e+00 -2.1341769e+00 -1.6185829e+00 -1.5003192e+00 -1.5828946e+00 -1.8067386e+00
-1.3075000e+00 -2.9624628e+00 -2.5381691e+00 -2.2950877e+00 -1.8244954e+00 -2.3550186e+00 -2.5076440e+00 -1.7600846e+00 -1.5539250e+00 -1.5823459e+00 -1.7595853e+00
-1.3000000e+00 -3.0347243e+00 -2.4488955e+00 -2.5652725e+00 -1.8250906e+00 -2.0928632e+00 -2.9676187e+00 -1.9560624e+00 -1.6354472e+00 -1.6030358e+00 -1.7336873e+00
-1.2925000e+00 -3.0307279e+00 -2.4370795e+00 -2.8150333e+00 -1.8838677e+00 -1.9255621e+00 -2.8763269e+00 -2.2334687e+00 -1.7512325e+00 -1.6467497e+00 -1.7283891e+00
-1.2850000e+00 -2.9824381e+00 -2.5023744e+00 -2.7680533e+00 -2.0085308e+00 -1.8301741e+00 -2.4497538e+00 -2.6416644e+00 -1.9119146e+00 -1.7166903e+00 -1.7441164e+00
-1.2775000e+00 -2.9426409e+00 -2.6380857e+00 -2.5340512e+00 -2.2142031e+00 -1.7955100e+00 -2.1512573e+00 -3.1365755e+00 -2.1365030e+00 -1.8181416e+00 -1.7823921e+00
-1.2700000e+00 -2.9455079e+00 -2.8094961e+00 -2.3516644e+00 -2.5164358e+00 -1.8188098e+00 -1.9620692e+00 -2.9154089e+00 -2.4621023e+00 -1.9598649e+00 -1.8460761e+00
-1.2625000e+00 -3.0075629e+00 -2.9144126e+00 -2.2635156e+00 -2.8298397e+00 -1.9042984e+00 -1.8511611e+00 -2.4667264e+00 -2.9553541e+00 -2.1571944e+00 -1.9399354e+00
-1.2550000e+00 -3.1241069e+00 -2.8741250e+00 -2.2683712e+00 -2.7641010e+00 -2.0642944e+00 -1.8037258e+00 -2.1752096e+00 -3.3262033e+00 -2.4395887e+00 -2.0718522e+00
-1.2475000e+00 -3.2345026e+00 -2.7801235e+00 -2.3664293e+00 -2.4714337e+00 -2.3220185e+00 -1.8151541e+00 -1.9937766e+00 -2.8357044e+00 -2.8690484e+00 -2.2554821e+00
-1.2400000e+00 -3.2305017e+00 -2.7306120e+00 -2.5573217e+00 -2.2612826e+00 -2.6954136e+00 -1.8884808e+00 -1.8898570e+00 -2.4318071e+00 -3.4664819e+00 -2.5167440e+00
-1.2325000e+00 -3.1453220e+00 -2.7530179e+00 -2.7939530e+00 -2.1616121e+00 -2.9477924e+00 -2.0352340e+00 -1.8492234e+00 -2.1821716e+00 -3.2006007e+00 -2.9113505e+00
-1.2250000e+00 -3.1142068e+00 -2.8377929e+00 -2.8729394e+00 -2.1640649e+00 -2.6678419e+00 -2.2798134e+00 -1.8680846e+00 -2.0303531e+00 -2.6946030e+00 -3.5330310e+00
-1.2175000e+00 -3.2013813e+00 -2.9468891e+00 -2.7233968e+00 -2.2697123e+00 -2.3598270e+00 -2.6599871e+00 -1.9506413e+00 -1.9501674e+00 -2.3865783e+00 -3.5271107e+00
-1.2100000e+00 -3.3658958e+00 -3.0180860e+00 -2.5776066e+00 -2.4873184e+00 -2.1824167e+00 -3.0439742e+00 -2.1106226e+00 -1.9314030e+00 -2.1981992e+00 -2.9450360e+00
-1.2025000e+00 -3.4006878e+00 -3.0177577e+00 -2.5346820e+00 -2.7832209e+00 -2.1203052e+00 -2.7918282e+00 -2.3776821e+00 -1.9732763e+00 -2.0904542e+00 -2.5937782e+00
-1.1950000e+00 -3.2918865e+00 -2.9810701e+00 -2.6045435e+00 -2.8746090e+00 -2.1650233e+00 -2.4260288e+00 -2.8018511e+00 -2.0834494e+00 -2.0473723e+00 -2.3808661e+00
-1.1875000e+00 -3.2746778e+00 -2.9628535e+00 -2.7659322e+00 -2.6531025e+00 -2.3250302e+00 -2.2120542e+00 -3.1856089e+00 -2.2816198e+00 -2.0646445e+00 -2.2558873e+00
-1.1800000e+00 -3.4047150e+00 -3.0015757e+00 -2.9190010e+00 -2.4687135e+00 -2.6177194e+00 -2.1245108e+00 -2.8158148e+00 -2.6103802e+00 -2.1465362e+00 -2.1984065e+00
-1.1725000e+00 -3.5169114e+00 -3.1068281e+00 -2.9091540e+00 -2.4185906e+00 -2.9443983e+00 -2.1481734e+00 -2.4435749e+00 -3.1263109e+00 -2.3076776e+00 -2.2017727e+00
-1.1650000e+00 -3.4508323e+00 -3.2077204e+00 -2.8120228e+00 -2.5066553e+00 -2.8341934e+00 -2.2896243e+00 -2.2399677e+00 -3.2476674e+00 -2.5816186e+00 -2.2683566e+00
-1.1575000e+00 -3.4190815e+00 -3.1764522e+00 -2.7750298e+00 -2.7189026e+00 -2.5442351e+00 -2.5757464e+00 -2.1645931e+00 -2.7502860e+00 -3.0399216e+00 -2.4103039e+00
-1.1500000e+00 -3.5114839e+00 -3.1005392e+00 -2.8319710e+00 -2.9202800e+00 -2.3936890e+00 -2.9810362e+00 -2.2029481e+00 -2.4340444e+00 -3.5360886e+00 -2.6566621e+00
-1.1425000e+00 -3.5984194e+00 -3.1437208e+00 -2.9455160e+00 -2.8477794e+00 -2.3998816e+00 -2.9597984e+00 -2.3658467e+00 -2.2781250e+00 -3.0711081e+00 -3.0746353e+00
-1.1350000e+00 -3.5713541e+00 -3.3128894e+00 -3.0250898e+00 -2.6894668e+00 -2.5630027e+00 -2.6057298e+00 -2.6905852e+00 -2.2445639e+00 -2.6562572e+00 -3.6955388e+00
-1.1275000e+00 -3.5547941e+00 -3.3482612e+00 -3.0141604e+00 -2.6528181e+00 -2.8587420e+00 -2.4064060e+00 -3.1427142e+00 -2.3280868e+00 -2.4388606e+00 -3.3714966e+00
-1.1200000e+00 -3.6468438e+00 -3.2260555e+00 -2.9731729e+00 -2.7593281e+00 -2.9843587e+00 -2.3797962e+00 -3.0047386e+00 -2.5517833e+00 -2.3574067e+00 -2.8809346e+00
-1.1125000e+00 -3.7130401e+00 -3.2640400e+00 -2.9814255e+00 -2.9311068e+00 -2.7595727e+00 -2.5228139e+00 -2.6199574e+00 -2.9708695e+00 -2.3934934e+00 -2.6212334e+00
-1.1050000e+00 -3.6421611e+00 -3.4488540e+00 -3.0724121e+00 -2.9663320e+00 -2.6077359e+00 -2.8429556e+00 -2.4327752e+00 -3.3563077e+00 -2.5592842e+00 -2.5102382e+00
-1.0975000e+00 -3.7208291e+00 -3.4139493e+00 -3.1803444e+00 -2.8792752e+00 -2.6400280e+00 -3.0888601e+00 -2.4267549e+00 -2.9420001e+00 -2.9044909e+00 -2.5194255e+00
-1.0900000e+00 -3.8086317e+00 -3.3369540e+00 -3.1470358e+00 -2.8592853e+00 -2.8422205e+00 -2.8283263e+00 -2.6024427e+00 -2.6070987e+00 -3.4576100e+00 -2.6544314e+00
-1.0825000e+00 -3.7253005e+00 -3.4653641e+00 -3.0821995e+00 -2.9380628e+00 -3.0314441e+00 -2.6114804e+00 -2.9798534e+00 -2.4853081e+00 -3.2844905e+00 -2.9580826e+00
-1.0750000e+00 -3.8423074e+00 -3.5303173e+00 -3.1764584e+00 -3.0312149e+00 -2.9197845e+00 -2.6069939e+00 -3.1953354e+00 -2.5465234e+00 -2.8293801e+00 -3.5166344e+00
-1.0675000e+00 -3.8520698e+00 -3.4600652e+00 -3.3287046e+00 -3.0530025e+00 -2.7982882e+00 -2.8141750e+00 -2.8435631e+00 -2.8106559e+00 -2.6220217e+00 -3.5985670e+00
-1.0600000e+00 -3.8398232e+00 -3.5271365e+00 -3.2273844e+00 -3.0333152e+00 -2.8509105e+00 -3.1003812e+00 -2.6316817e+00 -3.2771118e+00 -2.6103077e+00 -3.0603034e+00
-1.0525000e+00 -3.9388001e+00 -3.6032816e+00 -3.1996977e+00 -3.0359407e+00 -3.0208110e+00 -2.9843845e+00 -2.6570299e+00 -3.2001830e+00 -2.7937195e+00 -2.7942406e+00
-1.0450000e+00 -3.9099007e+00 -3.5759265e+00 -3.3958851e+00 -3.1069538e+00 -3.0656188e+00 -2.7887478e+00 -2.9194793e+00 -2.8147328e+00 -3.2262990e+00 -2.7388403e+00
-1.0375000e+00 -3.9672275e+00 -3.6042221e+00 -3.3638603e+00 -3.1991086e+00 -2.9839984e+00 -2.8151547e+00 -3.2362119e+00 -2.6838552e+00 -3.5267036e+00 -2.8772433e+00
-1.0300000e+00 -4.0019019e+00 -3.7027855e+00 -3.2868790e+00 -3.1563457e+00 -2.9942615e+00 -3.0398017e+00 -3.0091837e+00 -2.8044835e+00 -3.0610849e+00 -3.2637512e+00
-1.0225000e+00 -4.0035965e+00 -3.6428262e+00 -3.4706292e+00 -3.1337302e+00 -3.0895927e+00 -3.1348627e+00 -2.8041283e+00 -3.1828433e+00 -2.8124897e+00 -3.7677899e+00
-1.0150000e+00 -4.0730602e+00 -3.7367521e+00 -3.4362812e+00 -3.2871953e+00 -3.1429949e+00 -2.9763222e+00 -2.8722730e+00 -3.3408021e+00 -2.8334639e+00 -3.3170240e+00
-1.0075000e+00 -4.0661784e+00 -3.7490528e+00 -3.4057380e+00 -3.2925276e+00 -3.1345707e+00 -2.9639476e+00 -3.1681973e+00 -2.9800095e+00 -3.1317616e+00 -2.9852329e+00
-1.0000000e+00 -4.1206104e+00 -3.7497881e+00 -3.5524850e+00 -3.2035387e+00 -3.1309226e+00 -3.1244567e+00 -3.2048442e+00 -2.8617674e+00 -3.5690304e+00 -2.9451210e+00
-9.9250000e-01 -4.1392160e+00 -3.8420729e+00 -3.4927263e+00 -3.3835526e+00 -3.1925532e+00 -3.1777201e+00 -2.9846483e+00 -3.0513435e+00 -3.2354834e+00 -3.1855114e+00
-9.8500000e-01 -4.1725969e+00 -3.7978325e+00 -3.5423254e+00 -3.3670815e+00 -3.2789817e+00 -3.1024624e+00 -3.0101420e+00 -3.4005294e+00 -2.9741662e+00 -3.7081525e+00
-9.7750000e-01 -4.2065422e+00 -3.8999411e+00 -3.6082208e+00 -3.3026577e+00 -3.2237180e+00 -3.1420217e+00 -3.2457257e+00 -3.1995027e+00 -3.0470019e+00 -3.5043275e+00
-9.7000000e-01 -4.2116855e+00 -3.8671481e+00 -3.5789906e+00 -3.5082517e+00 -3.2509450e+00 -3.2297468e+00 -3.2332734e+00 -3.0187190e+00 -3.4379130e+00 -3.1419913e+00
-9.6250000e-01 -4.2993466e+00 -3.9490864e+00 -3.6646148e+00 -3.3834364e+00 -3.4015830e+00 -3.2458591e+00 -3.1114834e+00 -3.1733491e+00 -3.4820626e+00 -3.1381356e+00
-9.5500000e-01 -4.2701178e+00 -3.9295770e+00 -3.6556288e+00 -3.4793020e+00 -3.2899652e+00 -3.2416351e+00 -3.2186389e+00 -3.4367758e+00 -3.1520521e+00 -3.4936251e+00
-9.4750000e-01 -4.3131021e+00 -4.0168768e+00 -3.7058636e+00 -3.5208737e+00 -3.3710911e+00 -3.2731012e+00 -3.3283253e+00 -3.2411713e+00 -3.1767085e+00 -3.7547814e+00
-9.4000000e-01 -4.3729677e+00 -3.9837181e+00 -3.7246426e+00 -3.4889766e+00 -3.4743232e+00 -3.3644622e+00 -3.2569331e+00 -3.1842005e+00 -3.5301675e+00 -3.3402284e+00
-9.3250000e-01 -4.3652788e+00 -4.0578099e+00 -3.7706207e+00 -3.6006920e+00 -3.3498829e+00 -3.3310641e+00 -3.2955953e+00 -3.4081226e+00 -3.4747997e+00 -3.2699677e+00
-9.2500000e-01 -4.4027278e+00 -4.0956722e+00 -3.7664993e+00 -3.5547214e+00 -3.5668697e+00 -3.3526041e+00 -3.3702281e+00 -3.4032542e+00 -3.2573956e+00 -3.6079780e+00
-9.1750000e-01 -4.4689129e+00 -4.0671908e+00 -3.8586120e+00 -3.6404479e+00 -3.4312738e+00 -3.4850052e+00 -3.3797048e+00 -3.3029766e+00 -3.4297732e+00 -3.7326195e+00
-9.1000000e-01 -4.4916749e+00 -4.1547528e+00 -3.8075367e+00 -3.6348808e+00 -3.5689995e+00 -3.3696358e+00 -3.3902556e+00 -3.4462005e+00 -3.6223410e+00 -3.4050112e+00
-9.0250000e-01 -4.4936921e+00 -4.1695898e+00 -3.9183932e+00 -3.6841152e+00 -3.5346057e+00 -3.5326690e+00 -3.4345095e+00 -3.4723648e+00 -3.4040111e+00 -3.4989392e+00
-8.9500000e-01 -4.5159599e+00 -4.1788515e+00 -3.8879977e+00 -3.6977360e+00 -3.5933908e+00 -3.4761908e+00 -3.4990023e+00 -3.4341225e+00 -3.4886218e+00 -3.8334666e+00
-8.8750000e-01 -4.5570805e+00 -4.2464853e+00 -3.9507776e+00 -3.7607900e+00 -3.6108781e+00 -3.5240193e+00 -3.4466055e+00 -3.5193042e+00 -3.6571588e+00 -3.5766212e+00
-8.8000000e-01 -4.5996872e+00 -4.2705259e+00 -3.9670461e+00 -3.7257164e+00 -3.6495201e+00 -3.5913378e+00 -3.5830019e+00 -3.5384315e+00 -3.5151485e+00 -3.5687958e+00
-8.7250000e-01 -4.6345938e+00 -4.2613910e+00 -3.9781843e+00 -3.8576556e+00 -3.6689212e+00 -3.5510082e+00 -3.5187343e+00 -3.5564575e+00 -3.6160163e+00 -3.8530940e+00
-8.6500000e-01 -4.6654053e+00 -4.2855020e+00 -4.0670075e+00 -3.7879876e+00 -3.7093572e+00 -3.6656287e+00 -3.6045142e+00 -3.5821525e+00 -3.6724539e+00 -3.6693262e+00
-8.5750000e-01 -4.6996873e+00 -4.3381463e+00 -4.0698061e+00 -3.8524520e+00 -3.7359322e+00 -3.6173228e+00 -3.6165890e+00 -3.6558022e+00 -3.6343940e+00 -3.7106924e+00
-8.5000000e-01 -4.7333710e+00 -4.3868995e+00 -4.0513848e+00 -3.9317263e+00 -3.7603314e+00 -3.6996532e+00 -3.6339779e+00 -3.6070773e+00 -3.7192655e+00 -3.8745175e+00
-8.4250000e-01 -4.7546933e+00 -4.4194549e+00 -4.1032673e+00 -3.8888210e+00 -3.7894658e+00 -3.7128977e+00 -3.6904221e+00 -3.7437729e+00 -3.7248251e+00 -3.7434630e+00
-8.3500000e-01 -4.7769812e+00 -4.4447192e+00 -4.1693038e+00 -3.9398222e+00 -3.8583534e+00 -3.7194787e+00 -3.7005366e+00 -3.6552383e+00 -3.7567728e+00 -3.8796741e+00
-8.2750000e-01 -4.8001326e+00 -4.4723793e+00 -4.1936850e+00 -3.9926717e+00 -3.8087807e+00 -3.8026970e+00 -3.7225367e+00 -3.8136351e+00 -3.7876486e+00 -3.8628946e+00
-8.2000000e-01 -4.8138437e+00 -4.5027598e+00 -4.1988434e+00 -3.9934624e+00 -3.8990809e+00 -3.7759025e+00 -3.8079664e+00 -3.7057808e+00 -3.8285545e+00 -3.8947445e+00
-8.1250000e-01 -4.8580760e+00 -4.5293919e+00 -4.2152127e+00 -4.0307815e+00 -3.9654713e+00 -3.8451055e+00 -3.7359661e+00 -3.8940199e+00 -3.8312056e+00 -3.9353299e+00
-8.0500000e-01 -4.9014000e+00 -4.5545944e+00 -4.2448279e+00 -4.0969568e+00 -3.9097628e+00 -3.8466314e+00 -3.9045085e+00 -3.7493200e+00 -3.9020187e+00 -3.9650734e+00
-7.9750000e-01 -4.9273373e+00 -4.5952873e+00 -4.2788885e+00 -4.1343937e+00 -3.9400902e+00 -3.9106985e+00 -3.8085824e+00 -3.9658523e+00 -3.8899405e+00 -3.9738033e+00
-7.9000000e-01 -4.9410240e+00 -4.6382835e+00 -4.3126298e+00 -4.1408632e+00 -4.0277832e+00 -3.9262317e+00 -3.8928373e+00 -3.8277269e+00 -3.9437093e+00 -4.0510686e+00
-7.8250000e-01 -4.9906479e+00 -4.6501495e+00 -4.3478087e+00 -4.1482027e+00 -4.0619952e+00 -3.9076921e+00 -3.9417351e+00 -3.9435306e+00 -3.9926834e+00 -4.0125393e+00
-7.7500000e-01 -5.0030218e+00 -4.6699635e+00 -4.3848879e+00 -4.1700784e+00 -4.0623560e+00 -3.9868265e+00 -3.9259878e+00 -3.9964966e+00 -3.9423708e+00 -4.1269453e+00
-7.6750000e-01 -5.0480332e+00 -4.6876734e+00 -4.4127370e+00 -4.2029361e+00 -4.0850511e+00 -4.0701988e+00 -3.9817678e+00 -3.9146130e+00 -4.1298165e+00 -4.0752085e+00
-7.6000000e-01 -5.0665706e+00 -4.7457367e+00 -4.4266158e+00 -4.2382084e+00 -4.1311658e+00 -4.0596698e+00 -3.9970526e+00 -4.0552499e+00 -3.9820513e+00 -4.1518131e+00
-7.5250000e-01 -5.1146301e+00 -4.7674463e+00 -4.4603002e+00 -4.2669915e+00 -4.1809196e+00 -4.0375615e+00 -4.0248583e+00 -4.0680075e+00 -4.1136126e+00 -4.2051777e+00
-7.4500000e-01 -5.1238847e+00 -4.7848709e+00 -4.5193181e+00 -4.2855936e+00 -4.2229706e+00 -4.0591824e+00 -4.0980427e+00 -4.0366706e+00 -4.1813190e+00 -4.1277616e+00
-7.3750000e-01 -5.1592597e+00 -4.8382852e+00 -4.5507789e+00 -4.3067149e+00 -4.2563291e+00 -4.1085745e+00 -4.1334737e+00 -4.1002744e+00 -4.0771533e+00 -4.3273333e+00
-7.3000000e-01 -5.1995085e+00 -4.8391011e+00 -4.5761631e+00 -4.3522402e+00 -4.2814662e+00 -4.1583504e+00 -4.1179649e+00 -4.1424675e+00 -4.1786783e+00 -4.2371516e+00
-7.2250000e-01 -5.2285132e+00 -4.8928762e+00 -4.5780339e+00 -4.4080577e+00 -4.2979143e+00 -4.1976217e+00 -4.1113939e+00 -4.1555949e+00 -4.2753515e+00 -4.2258057e+00
-7.1500000e-01 -5.2532874e+00 -4.9023530e+00 -4.6485069e+00 -4.4364827e+00 -4.3120408e+00 -4.2308363e+00 -4.1348706e+00 -4.1986420e+00 -4.2341011e+00 -4.4062204e+00
-7.0750000e-01 -5.2769347e+00 -4.9545654e+00 -4.6520480e+00 -4.4696083e+00 -4.3384842e+00 -4.2666871e+00 -4.1759632e+00 -4.2560579e+00 -4.2344401e+00 -4.3819575e+00
-7.0000000e-01 -5.3118013e+00 -4.9790009e+00 -4.6850132e+00 -4.4741420e+00 -4.3716381e+00 -4.3097942e+00 -4.2191949e+00 -4.2914483e+00 -4.2892735e+00 -4.3138718e+00
-6.5000000e-01 -5.5165761e+00 -5.1659352e+00 -4.8905156e+00 -4.7020856e+00 -4.5636917e+00 -4.4652819e+00 -4.4497915e+00 -4.4330124e+00 -4.5567817e+00 -4.5797613e+00
-6.0000000e-01 -5.7052480e+00 -5.3786747e+00 -5.0800480e+00 -4.8989682e+00 -4.7501377e+00 -4.6782938e+00 -4.6718747e+00 -4.6185032e+00 -4.6986867e+00 -4.8327937e+00
-5.5000000e-01 -5.9165447e+00 -5.5767828e+00 -5.2949192e+00 -5.0754274e+00 -4.9757715e+00 -4.8654829e+00 -4.8623888e+00 -4.8407029e+00 -4.9197771e+00 -4.9507722e+00
-5.0000000e-01 -6.1086704e+00 -5.7748548e+00 -5.4954701e+00 -5.2783804e+00 -5.1698057e+00 -5.0890864e+00 -5.0444456e+00 -5.0333424e+00 -5.1090121e+00 -5.1724532e+00
-4.0000000e-01 -6.4604785e+00 -6.1705351e+00 -5.8890083e+00 -5.6895999e+00 -5.5648766e+00 -5.4755347e+00 -5.4547568e+00 -5.4544390e+00 -5.4889174e+00 -5.5874548e+00
-2.0000000e-01 -7.4050765e+00 -6.9278164e+00 -6.6492489e+00 -6.4881554e+00 -6.3622439e+00 -6.2797558e+00 -6.2453051e+00 -6.2586046e+00 -6.2988575e+00 -6.3735337e+00
0.0000000e+00 -8.0885579e+00 -7.7307919e+00 -7.4725683e+00 -7.2627460e+00 -7.1417717e+00 -7.1010821e+00 -7.0514592e+00 -7.0528534e+00 -7.0999254e+00 -7.1801215e+00
2.0000000e-01 -8.8515494e+00 -8.5895933e+00 -8.2889274e+00 -8.0764038e+00 -7.9489015e+00 -7.8735119e+00 -7.8769500e+00 -7.8294183e+00 -7.9177176e+00 -7.9869172e+00
4.0000000e-01 -9.7626526e+00 -9.3419429e+00 -9.1244539e+00 -8.8836101e+00 -8.7584608e+00 -8.7189897e+00 -8.6375476e+00 -8.6584111e+00 -8.6996105e+00 -8.7739817e+00
6.0000000e-01 -1.0525720e+01 -1.0178591e+01 -9.8537652e+00 -9.6756598e+00 -9.5224536e+00 -9.5065442e+00 -9.4226130e+00 -9.3981194e+00 -9.5165937e+00 -9.5647764e+00
8.0000000e-01 -1.1279501e+01 -1.0958673e+01 -1.0704464e+01 -1.0492732e+01 -1.0327974e+01 -1.0280023e+01 -1.0218804e+01 -1.0309978e+01 -1.0270277e+01 -1.0335521e+01
1.0000000e+00 -1.2112784e+01 -1.1775685e+01 -1.1509326e+01 -1.1311351e+01 -1.1120764e+01 -1.1139912e+01 -1.1020003e+01 -1.1029860e+01 -1.1137915e+01 -1.1216638e+01
1.2000000e+00 -1.2879424e+01 -1.2635286e+01 -1.2293514e+01 -1.2058182e+01 -1.1999937e+01 -1.1883147e+01 -1.1870471e+01 -1.1864063e+01 -1.1934158e+01 -1.1985044e+01
1.4000000e+00 -1.3710354e+01 -1.3382468e+01 -1.3058154e+01 -1.2842731e+01 -1.2763491e+01 -1.2641671e+01 -1.2680051e+01 -1.2640702e+01 -1.2676645e+01 -1.2805203e+01
1.6000000e+00 -1.4507270e+01 -1.4145488e+01 -1.3902881e+01 -1.3641647e+01 -1.3562032e+01 -1.3488683e+01 -1.3456714e+01 -1.3409952e+01 -1.3536046e+01 -1.3619691e+01
1.8000000e+00 -1.5357464e+01 -1.4987432e+01 -1.4696364e+01 -1.4500981e+01 -1.4342702e+01 -1.4317094e+01 -1.4268615e+01 -1.4267670e+01 -1.4338029e+01 -1.4395759e+01
2.0000000e+00 -1.6213160e+01 -1.5770198e+01 -1.5573915e+01 -1.5314539e+01 -1.5163013e+01 -1.5057437e+01 -1.5051362e+01 -1.5050753e+01 -1.5077070e+01 -1.5201235e+01