########################################################################
# Reference Counts for Solar Model AGSS09met_old                       #
# Column 1: log10(Axion mass in eV)                                    #
#        n>1: log10(Reference photon counts in energy bin n-1)         #
########################################################################
-3.0000000e+00 -2.4605915e+00 -2.3169496e+00 -2.2775946e+00 -2.3329566e+00 -2.4536123e+00 -2.5712202e+00 -2.7075948e+00 -2.8517692e+00 -2.9846107e+00 -2.9331088e+00
-2.8000000e+00 -2.4606120e+00 -2.3169636e+00 -2.2776047e+00 -2.3329642e+00 -2.4536182e+00 -2.5712250e+00 -2.7075986e+00 -2.8517724e+00 -2.9846134e+00 -2.9331112e+00
-2.6000000e+00 -2.4607417e+00 -2.3170522e+00 -2.2776684e+00 -2.3330120e+00 -2.4536555e+00 -2.5712548e+00 -2.7076230e+00 -2.8517928e+00 -2.9846306e+00 -2.9331261e+00
-2.4000000e+00 -2.4615598e+00 -2.3176110e+00 -2.2780703e+00 -2.3333140e+00 -2.4538907e+00 -2.5714429e+00 -2.7077770e+00 -2.8519211e+00 -2.9847388e+00 -2.9332202e+00
-2.2000000e+00 -2.4667283e+00 -2.3211401e+00 -2.2806076e+00 -2.3352203e+00 -2.4553756e+00 -2.5726305e+00 -2.7087488e+00 -2.8527307e+00 -2.9854218e+00 -2.9338142e+00
-2.1500000e+00 -2.4703274e+00 -2.3235962e+00 -2.2823729e+00 -2.3365462e+00 -2.4564082e+00 -2.5734562e+00 -2.7094245e+00 -2.8532936e+00 -2.9858966e+00 -2.9342272e+00
-2.1000000e+00 -2.4760432e+00 -2.3274944e+00 -2.2851735e+00 -2.3386492e+00 -2.4580458e+00 -2.5747656e+00 -2.7104958e+00 -2.8541861e+00 -2.9866494e+00 -2.9348818e+00
-2.0500000e+00 -2.4851311e+00 -2.3336863e+00 -2.2896194e+00 -2.3419864e+00 -2.4606438e+00 -2.5768424e+00 -2.7121948e+00 -2.8556014e+00 -2.9878430e+00 -2.9359197e+00
-2.0000000e+00 -2.4996082e+00 -2.3435349e+00 -2.2966839e+00 -2.3472859e+00 -2.4647675e+00 -2.5801380e+00 -2.7148902e+00 -2.8578462e+00 -2.9897361e+00 -2.9375657e+00
-1.9500000e+00 -2.5227421e+00 -2.3592326e+00 -2.3079265e+00 -2.3557110e+00 -2.4713190e+00 -2.5853713e+00 -2.7191689e+00 -2.8614089e+00 -2.9927397e+00 -2.9401770e+00
-1.9000000e+00 -2.5598968e+00 -2.3843402e+00 -2.3258626e+00 -2.3691303e+00 -2.4817427e+00 -2.5936913e+00 -2.7259674e+00 -2.8670672e+00 -2.9975087e+00 -2.9443221e+00
-1.8500000e+00 -2.6200784e+00 -2.4247265e+00 -2.3545927e+00 -2.3905683e+00 -2.4983657e+00 -2.6069428e+00 -2.7367860e+00 -2.8760651e+00 -3.0050884e+00 -2.9509078e+00
-1.8475000e+00 -2.6239325e+00 -2.4273007e+00 -2.3564188e+00 -2.3919285e+00 -2.4994191e+00 -2.6077819e+00 -2.7374706e+00 -2.8766343e+00 -3.0055677e+00 -2.9513242e+00
-1.8400000e+00 -2.6360864e+00 -2.4354086e+00 -2.3621657e+00 -2.3962078e+00 -2.5027324e+00 -2.6104204e+00 -2.7396231e+00 -2.8784236e+00 -3.0070743e+00 -2.9526328e+00
-1.8325000e+00 -2.6491852e+00 -2.4441301e+00 -2.3683413e+00 -2.4008025e+00 -2.5062882e+00 -2.6132512e+00 -2.7419320e+00 -2.8803425e+00 -3.0086899e+00 -2.9540360e+00
-1.8250000e+00 -2.6633093e+00 -2.4535138e+00 -2.3749781e+00 -2.4057366e+00 -2.5101048e+00 -2.6162886e+00 -2.7444087e+00 -2.8824006e+00 -3.0104223e+00 -2.9555404e+00
-1.8175000e+00 -2.6785469e+00 -2.4636149e+00 -2.3821123e+00 -2.4110361e+00 -2.5142019e+00 -2.6195480e+00 -2.7470656e+00 -2.8846080e+00 -3.0122801e+00 -2.9571537e+00
-1.8100000e+00 -2.6949955e+00 -2.4744915e+00 -2.3897831e+00 -2.4167292e+00 -2.5186006e+00 -2.6230459e+00 -2.7499163e+00 -2.8869757e+00 -3.0142726e+00 -2.9588837e+00
-1.8025000e+00 -2.7127681e+00 -2.4862074e+00 -2.3980331e+00 -2.4228462e+00 -2.5233240e+00 -2.6268003e+00 -2.7529749e+00 -2.8895157e+00 -3.0164097e+00 -2.9607389e+00
-1.7950000e+00 -2.7319728e+00 -2.4988333e+00 -2.4069026e+00 -2.4294200e+00 -2.5283966e+00 -2.6308305e+00 -2.7562572e+00 -2.8922407e+00 -3.0187019e+00 -2.9627286e+00
-1.7875000e+00 -2.7527477e+00 -2.5124463e+00 -2.4164540e+00 -2.4364865e+00 -2.5338454e+00 -2.6351573e+00 -2.7597797e+00 -2.8951644e+00 -3.0211607e+00 -2.9648626e+00
-1.7800000e+00 -2.7752404e+00 -2.5271311e+00 -2.4267199e+00 -2.4440844e+00 -2.5396992e+00 -2.6398032e+00 -2.7635606e+00 -2.8983015e+00 -3.0237985e+00 -2.9671516e+00
-1.7725000e+00 -2.7996164e+00 -2.5429810e+00 -2.4377934e+00 -2.4522559e+00 -2.5459896e+00 -2.6447926e+00 -2.7676193e+00 -2.9016682e+00 -3.0266286e+00 -2.9696070e+00
-1.7650000e+00 -2.8260614e+00 -2.5600994e+00 -2.4497239e+00 -2.4610469e+00 -2.5527505e+00 -2.6501518e+00 -2.7719768e+00 -2.9052814e+00 -3.0296652e+00 -2.9722411e+00
-1.7575000e+00 -2.8547852e+00 -2.5786004e+00 -2.4625833e+00 -2.4705073e+00 -2.5600188e+00 -2.6559092e+00 -2.7766558e+00 -2.9091599e+00 -3.0329237e+00 -2.9750672e+00
-1.7500000e+00 -2.8860257e+00 -2.5986112e+00 -2.4764510e+00 -2.4806916e+00 -2.5678347e+00 -2.6620957e+00 -2.7816808e+00 -2.9133235e+00 -3.0364208e+00 -2.9780995e+00
-1.7425000e+00 -2.9200545e+00 -2.6202730e+00 -2.4914140e+00 -2.4916595e+00 -2.5762418e+00 -2.6687447e+00 -2.7870784e+00 -2.9177939e+00 -3.0401743e+00 -2.9813535e+00
-1.7350000e+00 -2.9571832e+00 -2.6437442e+00 -2.5075849e+00 -2.5034760e+00 -2.5852875e+00 -2.6758924e+00 -2.7928772e+00 -2.9225944e+00 -3.0442036e+00 -2.9848457e+00
-1.7275000e+00 -2.9978024e+00 -2.6692025e+00 -2.5250371e+00 -2.5162125e+00 -2.5950235e+00 -2.6835782e+00 -2.7991083e+00 -2.9277503e+00 -3.0485294e+00 -2.9885940e+00
-1.7200000e+00 -3.0422721e+00 -2.6968482e+00 -2.5439056e+00 -2.5299474e+00 -2.6055064e+00 -2.6918449e+00 -2.8058055e+00 -2.9332889e+00 -3.0531744e+00 -2.9926177e+00
-1.7125000e+00 -3.0911157e+00 -2.7269073e+00 -2.5643202e+00 -2.5447670e+00 -2.6167978e+00 -2.7007391e+00 -2.8130053e+00 -2.9392396e+00 -3.0581629e+00 -2.9969376e+00
-1.7050000e+00 -3.1449195e+00 -2.7596413e+00 -2.5864276e+00 -2.5607665e+00 -2.6289653e+00 -2.7103115e+00 -2.8207474e+00 -2.9456345e+00 -3.0635211e+00 -3.0015762e+00
-1.6975000e+00 -3.2043874e+00 -2.7953461e+00 -2.6103920e+00 -2.5780510e+00 -2.6420831e+00 -2.7206174e+00 -2.8290749e+00 -2.9525082e+00 -3.0692776e+00 -3.0065578e+00
-1.6900000e+00 -3.2703751e+00 -2.8343647e+00 -2.6363977e+00 -2.5967361e+00 -2.6562327e+00 -2.7317175e+00 -2.8380349e+00 -2.9598986e+00 -3.0754633e+00 -3.0119087e+00
-1.6825000e+00 -3.3439382e+00 -2.8770972e+00 -2.6646532e+00 -2.6169536e+00 -2.6715037e+00 -2.7436779e+00 -2.8476786e+00 -2.9678465e+00 -3.0821114e+00 -3.0176574e+00
-1.6750000e+00 -3.4264017e+00 -2.9240114e+00 -2.6953952e+00 -2.6388474e+00 -2.6879953e+00 -2.7565712e+00 -2.8580619e+00 -2.9763964e+00 -3.0892584e+00 -3.0238346e+00
-1.6675000e+00 -3.5194431e+00 -2.9756645e+00 -2.7288946e+00 -2.6625797e+00 -2.7058172e+00 -2.7704773e+00 -2.8692459e+00 -2.9855967e+00 -3.0969435e+00 -3.0304738e+00
-1.6600000e+00 -3.6252496e+00 -3.0327254e+00 -2.7654628e+00 -2.6883328e+00 -2.7250913e+00 -2.7854840e+00 -2.8812974e+00 -2.9955005e+00 -3.1052098e+00 -3.0376112e+00
-1.6525000e+00 -3.7466978e+00 -3.0960035e+00 -2.8054607e+00 -2.7163131e+00 -2.7459531e+00 -2.8016883e+00 -2.8942898e+00 -3.0061653e+00 -3.1141036e+00 -3.0452861e+00
-1.6450000e+00 -3.8875108e+00 -3.1665020e+00 -2.8493103e+00 -2.7467550e+00 -2.7685546e+00 -2.8191975e+00 -2.9083038e+00 -3.0176544e+00 -3.1236759e+00 -3.0535414e+00
-1.6375000e+00 -4.0528562e+00 -3.2454782e+00 -2.8975096e+00 -2.7799262e+00 -2.7930658e+00 -2.8381307e+00 -2.9234282e+00 -3.0300369e+00 -3.1339821e+00 -3.0624235e+00
-1.6300000e+00 -4.2484040e+00 -3.3345408e+00 -2.9506361e+00 -2.8161350e+00 -2.8196737e+00 -2.8586205e+00 -2.9397610e+00 -3.0433887e+00 -3.1450827e+00 -3.0719833e+00
-1.6225000e+00 -4.4768748e+00 -3.4358041e+00 -3.0094398e+00 -2.8557384e+00 -2.8486061e+00 -2.8808150e+00 -2.9574108e+00 -3.0577934e+00 -3.1570442e+00 -3.0822761e+00
-1.6150000e+00 -4.7184872e+00 -3.5520679e+00 -3.0747830e+00 -2.8991540e+00 -2.8801055e+00 -2.9048803e+00 -2.9764981e+00 -3.0733431e+00 -3.1699391e+00 -3.0933624e+00
-1.6075000e+00 -4.8751932e+00 -3.6872156e+00 -3.1477600e+00 -2.9468745e+00 -2.9144560e+00 -2.9310035e+00 -2.9971570e+00 -3.0901395e+00 -3.1838476e+00 -3.1053086e+00
-1.6000000e+00 -4.8160091e+00 -3.8466826e+00 -3.2297595e+00 -2.9994876e+00 -2.9519855e+00 -2.9593965e+00 -3.0195377e+00 -3.1082953e+00 -3.1988575e+00 -3.1181874e+00
-1.5925000e+00 -4.6203428e+00 -4.0380830e+00 -3.3225837e+00 -3.0577034e+00 -2.9930755e+00 -2.9903003e+00 -3.0438085e+00 -3.1279360e+00 -3.2150661e+00 -3.1320785e+00
-1.5850000e+00 -4.4185750e+00 -4.2710082e+00 -3.4286323e+00 -3.1223924e+00 -3.0381740e+00 -3.0239910e+00 -3.0701591e+00 -3.1492012e+00 -3.2325810e+00 -3.1470699e+00
-1.5775000e+00 -4.2496181e+00 -4.5492586e+00 -3.5511968e+00 -3.1946394e+00 -3.0878169e+00 -3.0607869e+00 -3.0988046e+00 -3.1722477e+00 -3.2515215e+00 -3.1632589e+00
-1.5700000e+00 -4.1153291e+00 -4.8187907e+00 -3.6949465e+00 -3.2758233e+00 -3.1426323e+00 -3.1010576e+00 -3.1299898e+00 -3.1972511e+00 -3.2720206e+00 -3.1807529e+00
-1.5625000e+00 -4.0110084e+00 -4.8653101e+00 -3.8667385e+00 -3.3677374e+00 -3.2033956e+00 -3.1452368e+00 -3.1639953e+00 -3.2244103e+00 -3.2942268e+00 -3.1996712e+00
-1.5550000e+00 -3.9322214e+00 -4.6494767e+00 -4.0768758e+00 -3.4727780e+00 -3.2710748e+00 -3.1938376e+00 -3.2011450e+00 -3.2539508e+00 -3.3183070e+00 -3.2201468e+00
-1.5475000e+00 -3.8758028e+00 -4.3989432e+00 -4.3400373e+00 -3.5942524e+00 -3.3468708e+00 -3.2474746e+00 -3.2418158e+00 -3.2861299e+00 -3.3444488e+00 -3.2423282e+00
-1.5400000e+00 -3.8397191e+00 -4.1929636e+00 -4.6657820e+00 -3.7369015e+00 -3.4323339e+00 -3.3068939e+00 -3.2864499e+00 -3.3212436e+00 -3.3728652e+00 -3.2663820e+00
-1.5325000e+00 -3.8230291e+00 -4.0326858e+00 -4.9621806e+00 -3.9078268e+00 -3.5295085e+00 -3.3730148e+00 -3.3355718e+00 -3.3596343e+00 -3.4037982e+00 -3.2924963e+00
-1.5250000e+00 -3.8254729e+00 -3.9093235e+00 -4.8958997e+00 -4.1181553e+00 -3.6411738e+00 -3.4469910e+00 -3.3898109e+00 -3.4017018e+00 -3.4375255e+00 -3.3208837e+00
-1.5175000e+00 -3.8475813e+00 -3.8157124e+00 -4.5924099e+00 -4.3856213e+00 -3.7712500e+00 -3.5303008e+00 -3.4499325e+00 -3.4479173e+00 -3.4743673e+00 -3.3517865e+00
-1.5100000e+00 -3.8906840e+00 -3.7470647e+00 -4.3224918e+00 -4.7326106e+00 -3.9255171e+00 -3.6248866e+00 -3.5168826e+00 -3.4988418e+00 -3.5146959e+00 -3.3854826e+00
-1.5025000e+00 -3.9568464e+00 -3.7004062e+00 -4.1164018e+00 -5.1049117e+00 -4.1129611e+00 -3.7333794e+00 -3.5918517e+00 -3.5551521e+00 -3.5589481e+00 -3.4222923e+00
-1.4950000e+00 -4.0492475e+00 -3.6740756e+00 -3.9601680e+00 -5.0761161e+00 -4.3483765e+00 -3.8594753e+00 -3.6763711e+00 -3.6176765e+00 -3.6076418e+00 -3.4625884e+00
-1.4875000e+00 -4.1721143e+00 -3.6674405e+00 -3.8415234e+00 -4.7230289e+00 -4.6567398e+00 -4.0086067e+00 -3.7724630e+00 -3.6874455e+00 -3.6613979e+00 -3.5068083e+00
-1.4800000e+00 -4.3302731e+00 -3.6807445e+00 -3.7525507e+00 -4.4221417e+00 -5.0662835e+00 -4.1892156e+00 -3.8828824e+00 -3.7657672e+00 -3.7209712e+00 -3.5554711e+00
-1.4725000e+00 -4.5257551e+00 -3.7150853e+00 -3.6883792e+00 -4.1997868e+00 -5.3929554e+00 -4.4153363e+00 -4.0115309e+00 -3.8543415e+00 -3.7872940e+00 -3.6091991e+00
-1.4650000e+00 -4.7424266e+00 -3.7725561e+00 -3.6461348e+00 -4.0339306e+00 -5.1131170e+00 -4.7119179e+00 -4.1642056e+00 -3.9554403e+00 -3.8615386e+00 -3.6687493e+00
-1.4575000e+00 -4.9033419e+00 -3.8564119e+00 -3.6243266e+00 -3.9088737e+00 -4.7320795e+00 -5.1204346e+00 -4.3500574e+00 -4.0722074e+00 -3.9452126e+00 -3.7350575e+00
-1.4500000e+00 -4.8895459e+00 -3.9715411e+00 -3.6225253e+00 -3.8151918e+00 -4.4537218e+00 -5.5748085e+00 -4.5846721e+00 -4.2091819e+00 -4.0403048e+00 -3.8093018e+00
-1.4425000e+00 -4.7397848e+00 -4.1248879e+00 -3.6412357e+00 -3.7472784e+00 -4.2516210e+00 -5.3799722e+00 -4.8969420e+00 -4.3732815e+00 -4.1495248e+00 -3.8929989e+00
-1.4350000e+00 -4.5771157e+00 -4.3250649e+00 -3.6819212e+00 -3.7018634e+00 -4.1011647e+00 -4.9444578e+00 -5.3390775e+00 -4.5758062e+00 -4.2767101e+00 -3.9881538e+00
-1.4275000e+00 -4.4525574e+00 -4.5751674e+00 -3.7471866e+00 -3.6772239e+00 -3.9881509e+00 -4.6331247e+00 -5.8183361e+00 -4.8369374e+00 -4.4275700e+00 -4.0975045e+00
-1.4200000e+00 -4.3750951e+00 -4.8289929e+00 -3.8411692e+00 -3.6727857e+00 -3.9044126e+00 -4.4122486e+00 -5.5064374e+00 -5.1964743e+00 -4.6111523e+00 -4.2249433e+00
-1.4125000e+00 -4.3441921e+00 -4.9006977e+00 -3.9702416e+00 -3.6889597e+00 -3.8451894e+00 -4.2497171e+00 -5.0548063e+00 -5.7225392e+00 -4.8430332e+00 -4.3762937e+00
-1.4050000e+00 -4.3589611e+00 -4.7253055e+00 -4.1441044e+00 -3.7271535e+00 -3.8077975e+00 -4.1280599e+00 -4.7474935e+00 -6.0159379e+00 -5.1530483e+00 -4.5608713e+00
-1.3975000e+00 -4.4198416e+00 -4.5075893e+00 -4.3764870e+00 -3.7899587e+00 -3.7909623e+00 -4.0375729e+00 -4.5310737e+00 -5.4877696e+00 -5.6036189e+00 -4.7949911e+00
-1.3900000e+00 -4.5277536e+00 -4.3400864e+00 -4.6765090e+00 -3.8815783e+00 -3.7945035e+00 -3.9726844e+00 -4.3721154e+00 -5.0801020e+00 -6.1967138e+00 -5.1110997e+00
-1.3825000e+00 -4.6796225e+00 -4.2316417e+00 -4.9662246e+00 -4.0086530e+00 -3.8192398e+00 -3.9302314e+00 -4.2533351e+00 -4.8072764e+00 -5.8950689e+00 -5.5854273e+00
-1.3750000e+00 -4.8534258e+00 -4.1777627e+00 -4.9381813e+00 -4.1817716e+00 -3.8670747e+00 -3.9086211e+00 -4.1652725e+00 -4.6128831e+00 -5.3851641e+00 -6.3141639e+00
-1.3675000e+00 -4.9800985e+00 -4.1754352e+00 -4.6651580e+00 -4.4177910e+00 -3.9412926e+00 -3.9074312e+00 -4.1025385e+00 -4.4691829e+00 -5.0556729e+00 -5.9235523e+00
-1.3600000e+00 -4.9777687e+00 -4.2250198e+00 -4.4230293e+00 -4.7381276e+00 -4.0471853e+00 -3.9272654e+00 -4.0621058e+00 -4.3619232e+00 -4.8285140e+00 -5.3564393e+00
-1.3525000e+00 -4.8810130e+00 -4.3300180e+00 -4.2562110e+00 -5.0998899e+00 -4.1932827e+00 -3.9698012e+00 -4.0424922e+00 -4.2832400e+00 -4.6631941e+00 -5.0138087e+00
-1.3450000e+00 -4.7825268e+00 -4.4948475e+00 -4.1556644e+00 -5.1135977e+00 -4.3937537e+00 -4.0380486e+00 -4.0433795e+00 -4.2286649e+00 -4.5400844e+00 -4.7817779e+00
-1.3375000e+00 -4.7282868e+00 -4.7122439e+00 -4.1129069e+00 -4.7875593e+00 -4.6724323e+00 -4.1369244e+00 -4.0654874e+00 -4.1957644e+00 -4.4487573e+00 -4.6140625e+00
-1.3300000e+00 -4.7301465e+00 -4.9115577e+00 -4.1248579e+00 -4.5096302e+00 -5.0574208e+00 -4.2744191e+00 -4.1106440e+00 -4.1834945e+00 -4.3833544e+00 -4.4895450e+00
-1.3225000e+00 -4.7880120e+00 -4.9277239e+00 -4.1935760e+00 -4.3231162e+00 -5.3977133e+00 -4.4639947e+00 -4.1820828e+00 -4.1919177e+00 -4.3405890e+00 -4.3972815e+00
-1.3150000e+00 -4.8939786e+00 -4.7768605e+00 -4.3261594e+00 -4.2101683e+00 -5.1639065e+00 -4.7295232e+00 -4.2850951e+00 -4.2221491e+00 -4.3188179e+00 -4.3311969e+00
-1.3075000e+00 -5.0232473e+00 -4.6269713e+00 -4.5332740e+00 -4.1585516e+00 -4.7995189e+00 -5.1109075e+00 -4.4283740e+00 -4.2765067e+00 -4.3176096e+00 -4.2879029e+00
-1.3000000e+00 -5.1202739e+00 -4.5442973e+00 -4.8103770e+00 -4.1637205e+00 -4.5466489e+00 -5.5635710e+00 -4.6268862e+00 -4.3589285e+00 -4.3375922e+00 -4.2657055e+00
-1.2925000e+00 -5.1286427e+00 -4.5389998e+00 -5.0265200e+00 -4.2274786e+00 -4.3861276e+00 -5.4270024e+00 -4.9082608e+00 -4.4758558e+00 -4.3805083e+00 -4.2641510e+00
-1.2850000e+00 -5.0687532e+00 -4.6103216e+00 -4.9264373e+00 -4.3580987e+00 -4.2961497e+00 -5.0050697e+00 -5.3226678e+00 -4.6380974e+00 -4.4494997e+00 -4.2838645e+00
-1.2775000e+00 -5.0099911e+00 -4.7499999e+00 -4.6943364e+00 -4.5712782e+00 -4.2663805e+00 -4.7143002e+00 -5.8092094e+00 -4.8650253e+00 -4.5497520e+00 -4.3266059e+00
-1.2700000e+00 -5.0005056e+00 -4.9180989e+00 -4.5289184e+00 -4.8808010e+00 -4.2946752e+00 -4.5304554e+00 -5.5573877e+00 -5.1945565e+00 -4.6898455e+00 -4.3955659e+00
-1.2625000e+00 -5.0623655e+00 -5.0086949e+00 -4.4578833e+00 -5.1791628e+00 -4.3858632e+00 -4.4236265e+00 -5.1145150e+00 -5.6937270e+00 -4.8847339e+00 -4.4960417e+00
-1.2550000e+00 -5.1930863e+00 -4.9597697e+00 -4.4795482e+00 -5.0759349e+00 -4.5530554e+00 -4.3797647e+00 -4.8282190e+00 -6.0413378e+00 -5.1629292e+00 -4.6368807e+00
-1.2475000e+00 -5.3243457e+00 -4.8706726e+00 -4.5947440e+00 -4.7849761e+00 -4.8202857e+00 -4.3947572e+00 -4.6502544e+00 -5.5417499e+00 -5.5836987e+00 -4.8337640e+00
-1.2400000e+00 -5.3181482e+00 -4.8305058e+00 -4.7993406e+00 -4.5845460e+00 -5.1998743e+00 -4.4720964e+00 -4.5489847e+00 -5.1432694e+00 -6.1726524e+00 -5.1177045e+00
-1.2325000e+00 -5.2140688e+00 -4.8608080e+00 -5.0222370e+00 -4.4939175e+00 -5.4090537e+00 -4.6239311e+00 -4.5106961e+00 -4.8970806e+00 -5.9486381e+00 -5.5605914e+00
-1.2250000e+00 -5.1725514e+00 -4.9474798e+00 -5.0452533e+00 -4.5051425e+00 -5.1062763e+00 -4.8756419e+00 -4.5319294e+00 -4.7476213e+00 -5.4413364e+00 -6.2764141e+00
-1.2175000e+00 -5.2616046e+00 -5.0485886e+00 -4.8835297e+00 -4.6202881e+00 -4.8098324e+00 -5.2645032e+00 -4.6172078e+00 -4.6693330e+00 -5.1296103e+00 -5.9819345e+00
-1.2100000e+00 -5.4427223e+00 -5.1084961e+00 -4.7590780e+00 -4.8477688e+00 -4.6435692e+00 -5.6259474e+00 -4.7807335e+00 -4.6523361e+00 -4.9385830e+00 -5.4088351e+00
-1.2025000e+00 -5.4883995e+00 -5.1089759e+00 -4.7423248e+00 -5.1415655e+00 -4.5911526e+00 -5.3422197e+00 -5.0530088e+00 -4.6960917e+00 -4.8287444e+00 -5.0824506e+00
-1.1950000e+00 -5.3643392e+00 -5.0824982e+00 -4.8357252e+00 -5.1957775e+00 -4.6456874e+00 -4.9852965e+00 -5.4839825e+00 -4.8085492e+00 -4.7837577e+00 -4.8860249e+00
-1.1875000e+00 -5.3339146e+00 -5.0701063e+00 -5.0036730e+00 -4.9663217e+00 -4.8170324e+00 -4.7800778e+00 -5.8457734e+00 -5.0099059e+00 -4.7990418e+00 -4.7735412e+00
-1.1800000e+00 -5.4653675e+00 -5.1053995e+00 -5.1184961e+00 -4.7938466e+00 -5.1209153e+00 -4.6997184e+00 -5.4590574e+00 -5.3437606e+00 -4.8785541e+00 -4.7271113e+00
-1.1725000e+00 -5.6005973e+00 -5.2025588e+00 -5.0722055e+00 -4.7572688e+00 -5.4267074e+00 -4.7304231e+00 -5.0942104e+00 -5.8645178e+00 -5.0363868e+00 -4.7417650e+00
-1.1650000e+00 -5.5320811e+00 -5.3017114e+00 -4.9923116e+00 -4.8588347e+00 -5.2736991e+00 -4.8801385e+00 -4.8964175e+00 -5.9549733e+00 -5.3047909e+00 -4.8216178e+00
-1.1575000e+00 -5.4788703e+00 -5.2781290e+00 -4.9896911e+00 -5.0795456e+00 -4.9933913e+00 -5.1765986e+00 -4.8257593e+00 -5.4583628e+00 -5.7518008e+00 -4.9817387e+00
-1.1500000e+00 -5.5702753e+00 -5.2042353e+00 -5.0664213e+00 -5.2600783e+00 -4.8586565e+00 -5.5785724e+00 -4.8688358e+00 -5.1477717e+00 -6.2536068e+00 -5.2582932e+00
-1.1425000e+00 -5.6850027e+00 -5.2443185e+00 -5.1589628e+00 -5.1623327e+00 -4.8802896e+00 -5.5127978e+00 -5.0375103e+00 -4.9958963e+00 -5.8202368e+00 -5.7416100e+00
-1.1350000e+00 -5.6468602e+00 -5.4106775e+00 -5.1983875e+00 -5.0136421e+00 -5.0591462e+00 -5.1634824e+00 -5.3700172e+00 -4.9658559e+00 -5.4015007e+00 -6.3971574e+00
-1.1275000e+00 -5.6092611e+00 -5.4474384e+00 -5.1968388e+00 -4.9949335e+00 -5.3580825e+00 -4.9762395e+00 -5.8174023e+00 -5.0532307e+00 -5.1798599e+00 -5.8162926e+00
-1.1200000e+00 -5.7213913e+00 -5.3266998e+00 -5.1930856e+00 -5.1157892e+00 -5.4366481e+00 -4.9609297e+00 -5.6476790e+00 -5.2821394e+00 -5.0946941e+00 -5.3542485e+00
-1.1125000e+00 -5.7971689e+00 -5.3658160e+00 -5.2057122e+00 -5.2792601e+00 -5.2048609e+00 -5.1162180e+00 -5.2696399e+00 -5.7083814e+00 -5.1267908e+00 -5.1216830e+00
-1.1050000e+00 -5.6992247e+00 -5.5498846e+00 -5.2659430e+00 -5.2867948e+00 -5.0732076e+00 -5.4463929e+00 -5.0906883e+00 -6.0745901e+00 -5.2871167e+00 -5.0327763e+00
-1.0975000e+00 -5.7919866e+00 -5.5109899e+00 -5.3609476e+00 -5.2044956e+00 -5.1271585e+00 -5.6591102e+00 -5.0922158e+00 -5.6483718e+00 -5.6225771e+00 -5.0647061e+00
-1.0900000e+00 -5.8908913e+00 -5.4376276e+00 -5.3601388e+00 -5.2049581e+00 -5.3426394e+00 -5.3824826e+00 -5.2765318e+00 -5.3206485e+00 -6.1637227e+00 -5.2300486e+00
-1.0825000e+00 -5.7838010e+00 -5.5698413e+00 -5.2988866e+00 -5.2911027e+00 -5.4988600e+00 -5.1804546e+00 -5.6613654e+00 -5.2048687e+00 -6.0315752e+00 -5.5884243e+00
-1.0750000e+00 -5.9178117e+00 -5.6264731e+00 -5.3720033e+00 -5.3644111e+00 -5.3647459e+00 -5.1922862e+00 -5.8470191e+00 -5.2721159e+00 -5.5758678e+00 -6.2552956e+00
-1.0675000e+00 -5.9262818e+00 -5.5593902e+00 -5.5221828e+00 -5.3771734e+00 -5.2659681e+00 -5.4146823e+00 -5.4902464e+00 -5.5439851e+00 -5.3627122e+00 -6.0593063e+00
-1.0600000e+00 -5.8993268e+00 -5.6324301e+00 -5.4390639e+00 -5.3758361e+00 -5.3443030e+00 -5.6854144e+00 -5.2893359e+00 -6.0121348e+00 -5.3448722e+00 -5.5240549e+00
-1.0525000e+00 -6.0225136e+00 -5.6987147e+00 -5.4059381e+00 -5.3838322e+00 -5.5092164e+00 -5.5384190e+00 -5.3257533e+00 -5.9057335e+00 -5.5197736e+00 -5.2953666e+00
-1.0450000e+00 -5.9694626e+00 -5.6768693e+00 -5.5942682e+00 -5.4401354e+00 -5.5152323e+00 -5.3580394e+00 -5.5992273e+00 -5.5263638e+00 -5.9372101e+00 -5.2758895e+00
-1.0375000e+00 -6.0442530e+00 -5.7075301e+00 -5.5663544e+00 -5.5308669e+00 -5.4458877e+00 -5.4057535e+00 -5.8997339e+00 -5.4041017e+00 -6.2569072e+00 -5.4622649e+00
-1.0300000e+00 -6.0675995e+00 -5.7980303e+00 -5.4941855e+00 -5.5002263e+00 -5.4858225e+00 -5.6387200e+00 -5.6545787e+00 -5.5338412e+00 -5.8097772e+00 -5.9428949e+00
-1.0225000e+00 -6.0746587e+00 -5.7464605e+00 -5.6761004e+00 -5.4731212e+00 -5.5715075e+00 -5.6967428e+00 -5.4623206e+00 -5.9202032e+00 -5.5543818e+00 -6.3762239e+00
-1.0150000e+00 -6.1424711e+00 -5.8354867e+00 -5.6328318e+00 -5.6223473e+00 -5.5950400e+00 -5.5401876e+00 -5.5452020e+00 -6.0506378e+00 -5.5661700e+00 -5.7634289e+00
-1.0075000e+00 -6.1358454e+00 -5.8487619e+00 -5.6169547e+00 -5.6312002e+00 -5.6088526e+00 -5.5532856e+00 -5.8459874e+00 -5.6903403e+00 -5.8498162e+00 -5.4776159e+00
-1.0000000e+00 -6.1893851e+00 -5.8520884e+00 -5.7536477e+00 -5.5423150e+00 -5.6202684e+00 -5.7190938e+00 -5.8519680e+00 -5.5834537e+00 -6.2840440e+00 -5.4917345e+00
-9.9250000e-01 -6.2117197e+00 -5.9392586e+00 -5.6919838e+00 -5.7247225e+00 -5.6555164e+00 -5.7384966e+00 -5.6390670e+00 -5.7851025e+00 -5.9845400e+00 -5.8188030e+00
-9.8500000e-01 -6.2361830e+00 -5.9010957e+00 -5.7571107e+00 -5.7009960e+00 -5.7457486e+00 -5.6747452e+00 -5.6826978e+00 -6.1271069e+00 -5.7168541e+00 -6.4235456e+00
-9.7750000e-01 -6.2858652e+00 -5.9967657e+00 -5.7987086e+00 -5.6431392e+00 -5.7093612e+00 -5.7378267e+00 -5.9198028e+00 -5.9065210e+00 -5.7765312e+00 -5.9455985e+00
-9.7000000e-01 -6.2715679e+00 -5.9704121e+00 -5.7944534e+00 -5.8499935e+00 -5.7182193e+00 -5.8039635e+00 -5.8805051e+00 -5.7382929e+00 -6.1480470e+00 -5.6279796e+00
-9.6250000e-01 -6.3758839e+00 -6.0463999e+00 -5.8583672e+00 -5.7151797e+00 -5.8721988e+00 -5.8118271e+00 -5.7723651e+00 -5.9074359e+00 -6.2234274e+00 -5.7026897e+00
-9.5500000e-01 -6.3411245e+00 -6.0321644e+00 -5.8668927e+00 -5.8284748e+00 -5.7690754e+00 -5.8338346e+00 -5.8959668e+00 -6.1581882e+00 -5.8984610e+00 -6.1978252e+00
-9.4750000e-01 -6.3752549e+00 -6.1151492e+00 -5.9044668e+00 -5.8486910e+00 -5.8399861e+00 -5.8497510e+00 -5.9836784e+00 -5.9504199e+00 -5.9079113e+00 -6.2564878e+00
-9.4000000e-01 -6.4500175e+00 -6.0856007e+00 -5.9326642e+00 -5.8350083e+00 -5.9492768e+00 -5.9336751e+00 -5.9123774e+00 -5.9102945e+00 -6.2410705e+00 -5.8005101e+00
-9.3250000e-01 -6.4376732e+00 -6.1565211e+00 -5.9715182e+00 -5.9328561e+00 -5.8239416e+00 -5.9205921e+00 -5.9710054e+00 -6.1411447e+00 -6.2196331e+00 -5.8247167e+00
-9.2500000e-01 -6.4640141e+00 -6.1964446e+00 -5.9730310e+00 -5.8965744e+00 -6.0400065e+00 -5.9253821e+00 -6.0278724e+00 -6.1115927e+00 -6.0010450e+00 -6.3256599e+00
-9.1750000e-01 -6.5354818e+00 -6.1696567e+00 -6.0595787e+00 -5.9762503e+00 -5.9033538e+00 -6.0640542e+00 -6.0372864e+00 -6.0250562e+00 -6.1504202e+00 -6.2001608e+00
-9.1000000e-01 -6.5679951e+00 -6.2513075e+00 -6.0152867e+00 -5.9755423e+00 -6.0469302e+00 -5.9515072e+00 -6.0634704e+00 -6.1790653e+00 -6.3505929e+00 -5.8823815e+00
-9.0250000e-01 -6.5685589e+00 -6.2698204e+00 -6.1160398e+00 -6.0198211e+00 -6.0023514e+00 -6.1064067e+00 -6.0890820e+00 -6.1820638e+00 -6.1522166e+00 -6.1285869e+00
-8.9500000e-01 -6.5841946e+00 -6.2821751e+00 -6.0981224e+00 -6.0394375e+00 -6.0747490e+00 -6.0579361e+00 -6.1655563e+00 -6.1587081e+00 -6.2142765e+00 -6.4433345e+00
-8.8750000e-01 -6.6206340e+00 -6.3468201e+00 -6.1515847e+00 -6.0952816e+00 -6.0758708e+00 -6.1016155e+00 -6.1111399e+00 -6.2466584e+00 -6.3829415e+00 -6.0212447e+00
-8.8000000e-01 -6.6621575e+00 -6.3700375e+00 -6.1690414e+00 -6.0678882e+00 -6.1321807e+00 -6.1694564e+00 -6.2409775e+00 -6.2497961e+00 -6.2635243e+00 -6.1679091e+00
-8.7250000e-01 -6.6982767e+00 -6.3624001e+00 -6.1861579e+00 -6.1903779e+00 -6.1344789e+00 -6.1317030e+00 -6.1864443e+00 -6.2874407e+00 -6.3382604e+00 -6.4820566e+00
-8.6500000e-01 -6.7307534e+00 -6.3860113e+00 -6.2685556e+00 -6.1326190e+00 -6.1884649e+00 -6.2406363e+00 -6.2629853e+00 -6.2979493e+00 -6.4077745e+00 -6.1114008e+00
-8.5750000e-01 -6.7656034e+00 -6.4366302e+00 -6.2741454e+00 -6.1843282e+00 -6.2084205e+00 -6.2005082e+00 -6.2828125e+00 -6.3792492e+00 -6.3777034e+00 -6.3518941e+00
-8.5000000e-01 -6.7981580e+00 -6.4839930e+00 -6.2590901e+00 -6.2706865e+00 -6.2296751e+00 -6.2721526e+00 -6.2951522e+00 -6.3297740e+00 -6.4388601e+00 -6.4021524e+00
-8.4250000e-01 -6.8188781e+00 -6.5166608e+00 -6.3053602e+00 -6.2359277e+00 -6.2701814e+00 -6.2986117e+00 -6.3541579e+00 -6.4617974e+00 -6.4728925e+00 -6.2245403e+00
-8.3500000e-01 -6.8429600e+00 -6.5429476e+00 -6.3661123e+00 -6.2707046e+00 -6.3259487e+00 -6.2924755e+00 -6.3640572e+00 -6.3799090e+00 -6.4817659e+00 -6.5801387e+00
-8.2750000e-01 -6.8689451e+00 -6.5719570e+00 -6.3932251e+00 -6.3241303e+00 -6.2827843e+00 -6.3844523e+00 -6.3839976e+00 -6.5312113e+00 -6.5268541e+00 -6.2949867e+00
-8.2000000e-01 -6.8871350e+00 -6.6036504e+00 -6.4034249e+00 -6.3394442e+00 -6.3745410e+00 -6.3573960e+00 -6.4735846e+00 -6.4295555e+00 -6.5621149e+00 -6.5509704e+00
-8.1250000e-01 -6.9299804e+00 -6.6307934e+00 -6.4218468e+00 -6.3760414e+00 -6.4381047e+00 -6.4161677e+00 -6.3972325e+00 -6.6134790e+00 -6.5638920e+00 -6.4104914e+00
-8.0500000e-01 -6.9682110e+00 -6.6550404e+00 -6.4506071e+00 -6.4322624e+00 -6.3849274e+00 -6.4316066e+00 -6.5674901e+00 -6.4713973e+00 -6.6396450e+00 -6.5510622e+00
-7.9750000e-01 -6.9959569e+00 -6.6941968e+00 -6.4826103e+00 -6.4665403e+00 -6.4120556e+00 -6.4903303e+00 -6.4747295e+00 -6.6873137e+00 -6.6213561e+00 -6.4914212e+00
-7.9000000e-01 -7.0136854e+00 -6.7369021e+00 -6.5147782e+00 -6.4779157e+00 -6.4962427e+00 -6.4994538e+00 -6.5500976e+00 -6.5493064e+00 -6.6802978e+00 -6.6145879e+00
-7.8250000e-01 -7.0574808e+00 -6.7501656e+00 -6.5504127e+00 -6.4904989e+00 -6.5351947e+00 -6.4878646e+00 -6.6081766e+00 -6.6641847e+00 -6.7269248e+00 -6.5279523e+00
-7.7500000e-01 -7.0751915e+00 -6.7707543e+00 -6.5906019e+00 -6.5150917e+00 -6.5411512e+00 -6.5680870e+00 -6.5921642e+00 -6.7195039e+00 -6.6742610e+00 -6.7254321e+00
-7.6750000e-01 -7.1143622e+00 -6.7884561e+00 -6.6214264e+00 -6.5488982e+00 -6.5644757e+00 -6.6482841e+00 -6.6391703e+00 -6.6359518e+00 -6.8725249e+00 -6.5522918e+00
-7.6000000e-01 -7.1371802e+00 -6.8464596e+00 -6.6339249e+00 -6.5842670e+00 -6.6081439e+00 -6.6389609e+00 -6.6591665e+00 -6.7739845e+00 -6.7085363e+00 -6.8059440e+00
-7.5250000e-01 -7.1826968e+00 -6.8662632e+00 -6.6652498e+00 -6.6121349e+00 -6.6553538e+00 -6.6182629e+00 -6.6924236e+00 -6.7928312e+00 -6.8580638e+00 -6.6514859e+00
-7.4500000e-01 -7.1975025e+00 -6.8864547e+00 -6.7237747e+00 -6.6283557e+00 -6.6961515e+00 -6.6384633e+00 -6.7627305e+00 -6.7593409e+00 -6.9115954e+00 -6.7221704e+00
-7.3750000e-01 -7.2440195e+00 -6.9386607e+00 -6.7518948e+00 -6.6468078e+00 -6.7291111e+00 -6.6850869e+00 -6.7943225e+00 -6.8176887e+00 -6.8063869e+00 -6.8853399e+00
-7.3000000e-01 -7.2959711e+00 -6.9388489e+00 -6.7800772e+00 -6.6911886e+00 -6.7535073e+00 -6.7327594e+00 -6.7794348e+00 -6.8625635e+00 -6.9235735e+00 -6.7135481e+00
-7.2250000e-01 -7.3266440e+00 -6.9917256e+00 -6.7841376e+00 -6.7453607e+00 -6.7682461e+00 -6.7713357e+00 -6.7743143e+00 -6.8805262e+00 -7.0089299e+00 -6.8177878e+00
-7.1500000e-01 -7.2928226e+00 -7.0042897e+00 -6.8511832e+00 -6.7712744e+00 -6.7810352e+00 -6.8049011e+00 -6.7979413e+00 -6.9234427e+00 -6.9582088e+00 -6.9846686e+00
-7.0750000e-01 -7.2390278e+00 -7.0553567e+00 -6.8563316e+00 -6.8093369e+00 -6.8093952e+00 -6.8417996e+00 -6.8382197e+00 -6.9777174e+00 -6.9698532e+00 -6.8661160e+00
-7.0000000e-01 -7.4631916e+00 -7.0800254e+00 -6.8887058e+00 -6.8138857e+00 -6.8472666e+00 -6.8865598e+00 -6.8804911e+00 -7.0109738e+00 -7.0337526e+00 -6.8346439e+00
-6.5000000e-01 -7.5367179e+00 -7.2658339e+00 -7.0957391e+00 -7.0388270e+00 -7.0347368e+00 -7.0440668e+00 -7.1135449e+00 -7.1559758e+00 -7.2980625e+00 -7.1331343e+00
-6.0000000e-01 -7.8445559e+00 -7.4914942e+00 -7.2850000e+00 -7.2369087e+00 -7.2241583e+00 -7.2590855e+00 -7.3347039e+00 -7.3404906e+00 -7.4272033e+00 -7.3291389e+00
-5.5000000e-01 -7.9076626e+00 -7.7031374e+00 -7.4975450e+00 -7.4132803e+00 -7.4494147e+00 -7.4449007e+00 -7.5258396e+00 -7.5614774e+00 -7.6565019e+00 -7.4832390e+00
-5.0000000e-01 -8.1927929e+00 -7.8559048e+00 -7.6987058e+00 -7.6186286e+00 -7.6436547e+00 -7.6668674e+00 -7.7062019e+00 -7.7557256e+00 -7.8404716e+00 -7.7369768e+00
-4.0000000e-01 -8.6292519e+00 -8.3052583e+00 -8.0939366e+00 -8.1488164e+00 -8.2214174e+00 -7.9470032e+00 -8.1153066e+00 -8.1753013e+00 -8.2229542e+00 -8.1363520e+00
-2.0000000e-01 -9.2860065e+00 -9.1335056e+00 -8.8713767e+00 -8.8963779e+00 -8.8025854e+00 -8.8539908e+00 -9.0122876e+00 -8.9802413e+00 -9.0375437e+00 -8.9210668e+00
0.0000000e+00 -1.0188451e+01 -9.8764691e+00 -9.7383987e+00 -9.5507307e+00 -9.7241276e+00 -9.6296051e+00 -9.7318953e+00 -9.8389965e+00 -9.9145973e+00 -9.6529479e+00
2.0000000e-01 -1.0995683e+01 -1.0693973e+01 -1.0474355e+01 -1.0371666e+01 -1.0553100e+01 -1.0478465e+01 -1.0486431e+01 -1.0545314e+01 -1.0608171e+01 -1.0591387e+01
4.0000000e-01 -1.1773782e+01 -1.1515934e+01 -1.1259071e+01 -1.1184633e+01 -1.1187848e+01 -1.1228580e+01 -1.1373673e+01 -1.1387964e+01 -1.1537108e+01 -1.1376846e+01
6.0000000e-01 -1.2548958e+01 -1.2372021e+01 -1.2110757e+01 -1.1995028e+01 -1.2026674e+01 -1.2097431e+01 -1.2122025e+01 -1.2165226e+01 -1.2198203e+01 -1.2021383e+01
8.0000000e-01 -1.3359327e+01 -1.2970668e+01 -1.2936475e+01 -1.2929937e+01 -1.2843215e+01 -1.2890202e+01 -1.2960118e+01 -1.2967675e+01 -1.2997190e+01 -1.3011763e+01
1.0000000e+00 -1.4144099e+01 -1.3867770e+01 -1.3646276e+01 -1.3675864e+01 -1.3634169e+01 -1.3601560e+01 -1.3708240e+01 -1.3742816e+01 -1.3890763e+01 -1.3644744e+01
1.2000000e+00 -1.4946894e+01 -1.4721557e+01 -1.4509061e+01 -1.4361316e+01 -1.4431944e+01 -1.4468408e+01 -1.4405072e+01 -1.4522636e+01 -1.4611969e+01 -1.4512206e+01
1.4000000e+00 -1.5873993e+01 -1.5567852e+01 -1.5176833e+01 -1.5218662e+01 -1.5267322e+01 -1.5276572e+01 -1.5247421e+01 -1.5415591e+01 -1.5407649e+01 -1.5284097e+01
1.6000000e+00 -1.6594063e+01 -1.6211510e+01 -1.6036315e+01 -1.6165128e+01 -1.6085508e+01 -1.6111165e+01 -1.6280510e+01 -1.6162109e+01 -1.6196742e+01 -1.6088713e+01
1.8000000e+00 -1.7489517e+01 -1.7116660e+01 -1.6960841e+01 -1.6834643e+01 -1.6809121e+01 -1.7004891e+01 -1.6953070e+01 -1.6951870e+01 -1.7124530e+01 -1.6952758e+01
2.0000000e+00 -1.8270136e+01 -1.7926458e+01 -1.7638451e+01 -1.7566115e+01 -1.7669090e+01 -1.7742688e+01 -1.7751126e+01 -1.7792585e+01 -1.7790926e+01 -1.7664598e+01