########################################################################
# Reference Counts for Solar Model AGSS09met                           #
# Column 1: log10(Axion mass in eV)                                    #
#        n>1: log10(Reference photon counts in energy bin n-1)         #
########################################################################
-3.0000000e+00 -4.0419291e-01 -8.9241609e-02 7.3531543e-02 1.1888991e-01 8.6990848e-02 2.2811541e-02 -6.6637940e-02 -1.7832881e-01 -3.3027458e-01 -5.2680906e-01
-2.8000000e+00 -4.0421326e-01 -8.9255492e-02 7.3521529e-02 1.1888235e-01 8.6984958e-02 2.2806825e-02 -6.6641801e-02 -1.7833203e-01 -3.3027731e-01 -5.2681140e-01
-2.6000000e+00 -4.0434161e-01 -8.9343093e-02 7.3458344e-02 1.1883466e-01 8.6947788e-02 2.2777066e-02 -6.6666165e-02 -1.7835234e-01 -3.3029452e-01 -5.2682616e-01
-2.4000000e+00 -4.0515164e-01 -8.9895896e-02 7.3059634e-02 1.1853370e-01 8.6713252e-02 2.2589289e-02 -6.6819894e-02 -1.7848049e-01 -3.3040312e-01 -5.2691926e-01
-2.2000000e+00 -4.1026910e-01 -9.3386949e-02 7.0542304e-02 1.1663383e-01 8.5232851e-02 2.1404129e-02 -6.7790107e-02 -1.7928925e-01 -3.3108851e-01 -5.2750683e-01
-2.1500000e+00 -4.1383269e-01 -9.5816580e-02 6.8790961e-02 1.1531237e-01 8.4203313e-02 2.0580006e-02 -6.8464707e-02 -1.7985156e-01 -3.3156501e-01 -5.2791530e-01
-2.1000000e+00 -4.1949187e-01 -9.9672632e-02 6.6012460e-02 1.1321639e-01 8.2570621e-02 1.9273228e-02 -6.9534301e-02 -1.8074305e-01 -3.3232043e-01 -5.2856286e-01
-2.0500000e+00 -4.2848966e-01 -1.0579756e-01 6.1601746e-02 1.0989042e-01 7.9980503e-02 1.7200532e-02 -7.1230562e-02 -1.8215671e-01 -3.3351823e-01 -5.2958955e-01
-2.0000000e+00 -4.4282284e-01 -1.1553911e-01 5.4593325e-02 1.0460886e-01 7.5869203e-02 1.3911523e-02 -7.3921644e-02 -1.8439908e-01 -3.3541795e-01 -5.3121774e-01
-1.9500000e+00 -4.6572547e-01 -1.3106546e-01 4.3440300e-02 9.6212216e-02 6.9337466e-02 8.6886827e-03 -7.8193503e-02 -1.8795771e-01 -3.3843219e-01 -5.3380074e-01
-1.9000000e+00 -5.0250586e-01 -1.5589640e-01 2.5648065e-02 8.2838538e-02 5.8945399e-02 3.8544989e-04 -8.4981079e-02 -1.9360967e-01 -3.4321798e-01 -5.3790079e-01
-1.8500000e+00 -5.6207287e-01 -1.9583143e-01 -2.8491093e-03 6.1474029e-02 4.2373232e-02 -1.2839316e-02 -9.5782121e-02 -2.0259754e-01 -3.5082456e-01 -5.4441480e-01
-1.8475000e+00 -5.6588729e-01 -1.9837661e-01 -4.6603099e-03 6.0118510e-02 4.1322999e-02 -1.3676729e-02 -9.6465656e-02 -2.0316608e-01 -3.5130556e-01 -5.4482660e-01
-1.8400000e+00 -5.7791564e-01 -2.0639285e-01 -1.0360832e-02 5.5854036e-02 3.8019921e-02 -1.6309936e-02 -9.8614684e-02 -2.0495337e-01 -3.5281754e-01 -5.4612096e-01
-1.8325000e+00 -5.9087869e-01 -2.1501538e-01 -1.6485715e-02 5.1275252e-02 3.4475022e-02 -1.9135018e-02 -1.0091977e-01 -2.0687011e-01 -3.5443881e-01 -5.4750876e-01
-1.8250000e+00 -6.0485577e-01 -2.2429287e-01 -2.3067931e-02 4.6358230e-02 3.0670147e-02 -2.2166240e-02 -1.0339244e-01 -2.0892582e-01 -3.5617739e-01 -5.4899680e-01
-1.8175000e+00 -6.1993414e-01 -2.3427838e-01 -3.0143237e-02 4.1077107e-02 2.6585712e-02 -2.5418968e-02 -1.0604509e-01 -2.1113072e-01 -3.5804185e-01 -5.5059239e-01
-1.8100000e+00 -6.3620993e-01 -2.4502981e-01 -3.7750449e-02 3.5403898e-02 2.2200575e-02 -2.8909768e-02 -1.0889107e-01 -2.1349581e-01 -3.6004144e-01 -5.5230340e-01
-1.8025000e+00 -6.5378939e-01 -2.5661045e-01 -4.5931743e-02 2.9308308e-02 1.7491900e-02 -3.2656500e-02 -1.1194476e-01 -2.1603292e-01 -3.6218610e-01 -5.5413829e-01
-1.7950000e+00 -6.7279020e-01 -2.6908962e-01 -5.4732998e-02 2.2757508e-02 1.2435008e-02 -3.6678433e-02 -1.1522164e-01 -2.1875479e-01 -3.6448650e-01 -5.5610614e-01
-1.7875000e+00 -6.9334313e-01 -2.8254332e-01 -6.4204185e-02 1.5715896e-02 7.0032090e-03 -4.0996367e-02 -1.1873842e-01 -2.2167515e-01 -3.6695415e-01 -5.5821671e-01
-1.7800000e+00 -7.1559397e-01 -2.9705512e-01 -7.4399802e-02 8.1448253e-03 1.1676187e-03 -4.5632763e-02 -1.2251310e-01 -2.2480876e-01 -3.6960141e-01 -5.6048052e-01
-1.7725000e+00 -7.3970584e-01 -3.1271704e-01 -8.5379369e-02 2.2999661e-06 -5.1030473e-03 -5.0611896e-02 -1.2656511e-01 -2.2817155e-01 -3.7244162e-01 -5.6290888e-01
-1.7650000e+00 -7.6586198e-01 -3.2963070e-01 -9.7207996e-02 -8.7573668e-03 -1.1842701e-02 -5.5960013e-02 -1.3091542e-01 -2.3178069e-01 -3.7548912e-01 -5.6551394e-01
-1.7575000e+00 -7.9426919e-01 -3.4790860e-01 -1.0995703e-01 -1.8183937e-02 -1.9088134e-02 -6.1705519e-02 -1.3558669e-01 -2.3565469e-01 -3.7875937e-01 -5.6830883e-01
-1.7500000e+00 -8.2516197e-01 -3.6767565e-01 -1.2370481e-01 -2.8331685e-02 -2.6879308e-02 -6.7879171e-02 -1.4060339e-01 -2.3981355e-01 -3.8226904e-01 -5.7130763e-01
-1.7425000e+00 -8.5880781e-01 -3.8907097e-01 -1.3853750e-01 -3.9259892e-02 -3.5259665e-02 -7.4514308e-02 -1.4599200e-01 -2.4427883e-01 -3.8603611e-01 -5.7452556e-01
-1.7350000e+00 -8.9551363e-01 -4.1225010e-01 -1.5455013e-01 -5.1033408e-02 -4.4276494e-02 -8.1647094e-02 -1.5178116e-01 -2.4907383e-01 -3.9007996e-01 -5.7797899e-01
-1.7275000e+00 -9.3563417e-01 -4.3738757e-01 -1.7184775e-01 -6.3723305e-02 -5.3981332e-02 -8.9316798e-02 -1.5800191e-01 -2.5422377e-01 -3.9442152e-01 -5.8168560e-01
-1.7200000e+00 -9.7958255e-01 -4.6468014e-01 -1.9054679e-01 -7.7407616e-02 -6.4430428e-02 -9.7566107e-02 -1.6468787e-01 -2.5975588e-01 -3.9908341e-01 -5.8566443e-01
-1.7125000e+00 -1.0278443e+00 -4.9435067e-01 -2.1077673e-01 -9.2172198e-02 -7.5685263e-02 -1.0644148e-01 -1.7187556e-01 -2.6569968e-01 -4.0409005e-01 -5.8993607e-01
-1.7050000e+00 -1.0809955e+00 -5.2665299e-01 -2.3268201e-01 -1.0811174e-01 -8.7813149e-02 -1.1599352e-01 -1.7960458e-01 -2.7208714e-01 -4.0946788e-01 -5.9452272e-01
-1.6975000e+00 -1.1397277e+00 -5.6187799e-01 -2.5642438e-01 -1.2533091e-01 -1.0088792e-01 -1.2627748e-01 -1.8791804e-01 -2.7895290e-01 -4.1524548e-01 -5.9944840e-01
-1.6900000e+00 -1.2048815e+00 -6.0036131e-01 -2.8218573e-01 -1.4394576e-01 -1.1499071e-01 -1.3735370e-01 -1.9686283e-01 -2.8633461e-01 -4.2145385e-01 -6.0473906e-01
-1.6825000e+00 -1.2774932e+00 -6.4249321e-01 -3.1017155e-01 -1.6408536e-01 -1.3021089e-01 -1.4928824e-01 -2.0649005e-01 -2.9427312e-01 -4.2812654e-01 -6.1042278e-01
-1.6750000e+00 -1.3588611e+00 -6.8873151e-01 -3.4061517e-01 -1.8589370e-01 -1.4664714e-01 -1.6215354e-01 -2.1685550e-01 -3.0281290e-01 -4.3529999e-01 -6.1653000e-01
-1.6675000e+00 -1.4506406e+00 -7.3961855e-01 -3.7378312e-01 -2.0953208e-01 -1.6440868e-01 -1.7602918e-01 -2.2802014e-01 -3.1200236e-01 -4.4301375e-01 -6.2309366e-01
-1.6600000e+00 -1.5549824e+00 -7.9580413e-01 -4.0998178e-01 -2.3518192e-01 -1.8361677e-01 -1.9100277e-01 -2.4005071e-01 -3.2189429e-01 -4.5131085e-01 -6.3014953e-01
-1.6525000e+00 -1.6747327e+00 -8.5807680e-01 -4.4956596e-01 -2.6304821e-01 -2.0440647e-01 -2.0717101e-01 -2.5302043e-01 -3.3254634e-01 -4.6023810e-01 -6.3773644e-01
-1.6450000e+00 -1.8137097e+00 -9.2740761e-01 -4.9294995e-01 -2.9336381e-01 -2.2692874e-01 -2.2464090e-01 -2.6700975e-01 -3.4402156e-01 -4.6984653e-01 -6.4589659e-01
-1.6375000e+00 -1.9770084e+00 -1.0050126e+00 -5.4062207e-01 -3.2639477e-01 -2.5135300e-01 -2.4353115e-01 -2.8210727e-01 -3.5638903e-01 -4.8019182e-01 -6.5467591e-01
-1.6300000e+00 -2.1709335e+00 -1.0924440e+00 -5.9316407e-01 -3.6244708e-01 -2.7787020e-01 -2.6397392e-01 -2.9841083e-01 -3.6972455e-01 -4.9133485e-01 -6.6412443e-01
-1.6225000e+00 -2.4003294e+00 -1.1917269e+00 -6.5127749e-01 -4.0187524e-01 -3.0669662e-01 -2.8611684e-01 -3.1602871e-01 -3.8411152e-01 -5.0334226e-01 -6.7429676e-01
-1.6150000e+00 -2.6525182e+00 -1.3055683e+00 -7.1582030e-01 -4.4509344e-01 -3.3807861e-01 -3.1012548e-01 -3.3508111e-01 -3.9964188e-01 -5.1628715e-01 -6.8525255e-01
-1.6075000e+00 -2.8396997e+00 -1.4376820e+00 -7.8785889e-01 -4.9259025e-01 -3.7229850e-01 -3.3618630e-01 -3.5570192e-01 -4.1641720e-01 -5.3024985e-01 -6.9705709e-01
-1.6000000e+00 -2.8055316e+00 -1.5932850e+00 -8.6874375e-01 -5.4494819e-01 -4.0968208e-01 -3.6451036e-01 -3.7804076e-01 -4.3455007e-01 -5.4531886e-01 -7.0978197e-01
-1.5925000e+00 -2.6068242e+00 -1.7797611e+00 -9.6022281e-01 -6.0287058e-01 -4.5060830e-01 -3.9533779e-01 -4.0226554e-01 -4.5416562e-01 -5.6159186e-01 -7.2350582e-01
-1.5850000e+00 -2.3947234e+00 -2.0068765e+00 -1.0646166e+00 -6.6721881e-01 -4.9552187e-01 -4.2894353e-01 -4.2856550e-01 -4.7540341e-01 -5.7917699e-01 -7.3831523e-01
-1.5775000e+00 -2.2170682e+00 -2.2816239e+00 -1.1850976e+00 -7.3906558e-01 -5.4495003e-01 -4.6564449e-01 -4.5715498e-01 -4.9841963e-01 -5.9819432e-01 -7.5430571e-01
-1.5700000e+00 -2.0762504e+00 -2.5675810e+00 -1.3261506e+00 -8.1977287e-01 -5.9952518e-01 -5.0580880e-01 -4.8827807e-01 -5.2338988e-01 -6.1877757e-01 -7.7158298e-01
-1.5625000e+00 -1.9669170e+00 -2.6662942e+00 -1.4943421e+00 -9.1110986e-01 -6.6001609e-01 -5.4986786e-01 -5.2221451e-01 -5.5051241e-01 -6.4107622e-01 -7.9026428e-01
-1.5550000e+00 -1.8840864e+00 -2.4701396e+00 -1.6995447e+00 -1.0154373e+00 -7.2737197e-01 -5.9833229e-01 -5.5928709e-01 -5.8001227e-01 -6.6525802e-01 -8.1048014e-01
-1.5475000e+00 -1.8242303e+00 -2.2118603e+00 -1.9561096e+00 -1.1360073e+00 -8.0278624e-01 -6.5181342e-01 -5.9987122e-01 -6.1214635e-01 -6.9151205e-01 -8.3237633e-01
-1.5400000e+00 -1.7851211e+00 -1.9962566e+00 -2.2763265e+00 -1.2774729e+00 -8.8779171e-01 -7.1105291e-01 -6.4440748e-01 -6.4720982e-01 -7.2005249e-01 -8.5611630e-01
-1.5325000e+00 -1.7655691e+00 -1.8284442e+00 -2.5924034e+00 -1.4467878e+00 -9.8440746e-01 -7.7696433e-01 -6.9341821e-01 -6.8554434e-01 -7.5112333e-01 -8.8188413e-01
-1.5250000e+00 -1.7652421e+00 -1.6992993e+00 -2.5767018e+00 -1.6548251e+00 -1.0953747e+00 -8.5069335e-01 -7.4752999e-01 -7.2754863e-01 -7.8500420e-01 -9.0988808e-01
-1.5175000e+00 -1.7845825e+00 -1.6010588e+00 -2.2783739e+00 -1.9189341e+00 -1.2245534e+00 -9.3370712e-01 -8.0750467e-01 -7.7369247e-01 -8.2201783e-01 -9.4036511e-01
-1.5100000e+00 -1.8248150e+00 -1.5284983e+00 -2.0000706e+00 -2.2617331e+00 -1.3776234e+00 -1.0279321e+00 -8.7428325e-01 -8.2453536e-01 -8.6253971e-01 -9.7358642e-01
-1.5025000e+00 -1.8880415e+00 -1.4783482e+00 -1.7868552e+00 -2.6391659e+00 -1.5633963e+00 -1.1359746e+00 -9.4904957e-01 -8.8075195e-01 -9.0701062e-01 -1.0098646e+00
-1.4950000e+00 -1.9774154e+00 -1.4487467e+00 -1.6253822e+00 -2.6385152e+00 -1.7963519e+00 -1.2614921e+00 -1.0333257e+00 -9.4316758e-01 -9.5595333e-01 -1.0495625e+00
-1.4875000e+00 -2.0973314e+00 -1.4389001e+00 -1.5027514e+00 -2.2882513e+00 -2.1009996e+00 -1.4098524e+00 -1.1291198e+00 -1.0128090e+00 -1.0099953e+00 -1.0931056e+00
-1.4800000e+00 -2.2532533e+00 -1.4489132e+00 -1.4105631e+00 -1.9831107e+00 -2.5068538e+00 -1.5893822e+00 -1.2391661e+00 -1.0909789e+00 -1.0698997e+00 -1.1409970e+00
-1.4725000e+00 -2.4493321e+00 -1.4797534e+00 -1.3436388e+00 -1.7574355e+00 -2.8520068e+00 -1.8138942e+00 -1.3673327e+00 -1.1793696e+00 -1.1366102e+00 -1.1938391e+00
-1.4650000e+00 -2.6756265e+00 -1.5333368e+00 -1.2989020e+00 -1.5892338e+00 -2.5918594e+00 -2.1079072e+00 -1.5193596e+00 -1.2802416e+00 -1.2113151e+00 -1.2523627e+00
-1.4575000e+00 -2.8636570e+00 -1.6127529e+00 -1.2747170e+00 -1.4624313e+00 -2.2063228e+00 -2.5125700e+00 -1.7042935e+00 -1.3967209e+00 -1.2955440e+00 -1.3174679e+00
-1.4500000e+00 -2.8742235e+00 -1.7226553e+00 -1.2705370e+00 -1.3673606e+00 -1.9236747e+00 -2.9727104e+00 -1.9375123e+00 -1.5333173e+00 -1.3913193e+00 -1.3902838e+00
-1.4425000e+00 -2.7209222e+00 -1.8697811e+00 -1.2867569e+00 -1.2982695e+00 -1.7187619e+00 -2.7994815e+00 -2.2474731e+00 -1.6968971e+00 -1.5014013e+00 -1.4722570e+00
-1.4350000e+00 -2.5449318e+00 -2.0629901e+00 -1.3247201e+00 -1.2517956e+00 -1.5663582e+00 -2.3613131e+00 -2.6859303e+00 -1.8986612e+00 -1.6297109e+00 -1.5652891e+00
-1.4275000e+00 -2.4082881e+00 -2.3085144e+00 -1.3868812e+00 -1.2261511e+00 -1.4518830e+00 -2.0466858e+00 -3.1726879e+00 -2.1585796e+00 -1.7821021e+00 -1.6719583e+00
-1.4200000e+00 -2.3211040e+00 -2.5760287e+00 -1.4771698e+00 -1.2207101e+00 -1.3669642e+00 -1.8237271e+00 -2.8777335e+00 -2.5159732e+00 -1.9678987e+00 -1.7958963e+00
-1.4125000e+00 -2.2822451e+00 -2.6967057e+00 -1.6016540e+00 -1.2358354e+00 -1.3067224e+00 -1.6597975e+00 -2.4225585e+00 -3.0389436e+00 -2.2032664e+00 -1.9424705e+00
-1.4050000e+00 -2.2903920e+00 -2.5437761e+00 -1.7696078e+00 -1.2728818e+00 -1.2683983e+00 -1.5371150e+00 -2.1125140e+00 -3.3473044e+00 -2.5195036e+00 -2.1201225e+00
-1.3975000e+00 -2.3460519e+00 -2.3173868e+00 -1.9944600e+00 -1.3343730e+00 -1.2506629e+00 -1.4458142e+00 -1.8944400e+00 -2.8224101e+00 -2.9829827e+00 -2.3432676e+00
-1.3900000e+00 -2.4510900e+00 -2.1372957e+00 -2.2878768e+00 -1.4244151e+00 -1.2532903e+00 -1.3802338e+00 -1.7343786e+00 -2.4119778e+00 -3.5779617e+00 -2.6394208e+00
-1.3825000e+00 -2.6052364e+00 -2.0177605e+00 -2.5937191e+00 -1.5494960e+00 -1.2770546e+00 -1.3371552e+00 -1.6147886e+00 -2.1375383e+00 -3.2160115e+00 -3.0685745e+00
-1.3750000e+00 -2.7923084e+00 -1.9540925e+00 -2.6160056e+00 -1.7199529e+00 -1.3238068e+00 -1.3149470e+00 -1.5260812e+00 -1.9421529e+00 -2.7119579e+00 -3.7167759e+00
-1.3675000e+00 -2.9447034e+00 -1.9425270e+00 -2.3504142e+00 -1.9522717e+00 -1.3967606e+00 -1.3131556e+00 -1.4627966e+00 -1.7977704e+00 -2.3881939e+00 -3.5884728e+00
-1.3600000e+00 -2.9557251e+00 -1.9828065e+00 -2.0985018e+00 -2.2680481e+00 -1.5011003e+00 -1.3323545e+00 -1.4218639e+00 -1.6899953e+00 -2.1645609e+00 -3.0109784e+00
-1.3525000e+00 -2.8466796e+00 -2.0781320e+00 -1.9222857e+00 -2.6332185e+00 -1.6451776e+00 -1.3741870e+00 -1.4017700e+00 -1.6108911e+00 -2.0016089e+00 -2.6498447e+00
-1.3450000e+00 -2.7299466e+00 -2.2337406e+00 -1.8138638e+00 -2.6743111e+00 -1.8428512e+00 -1.4416170e+00 -1.4021718e+00 -1.5559481e+00 -1.8802455e+00 -2.4064600e+00
-1.3375000e+00 -2.6617146e+00 -2.4480219e+00 -1.7640277e+00 -2.3524118e+00 -2.1174985e+00 -1.5394916e+00 -1.4237644e+00 -1.5227064e+00 -1.7903137e+00 -2.2311884e+00
-1.3300000e+00 -2.6557147e+00 -2.6694471e+00 -1.7689813e+00 -2.0696731e+00 -2.4982581e+00 -1.6756832e+00 -1.4683471e+00 -1.5101023e+00 -1.7261058e+00 -2.1011396e+00
-1.3225000e+00 -2.7130760e+00 -2.7311440e+00 -1.8301398e+00 -1.8789513e+00 -2.8541768e+00 -1.8634352e+00 -1.5391144e+00 -1.5181810e+00 -1.6844290e+00 -2.0044830e+00
-1.3150000e+00 -2.8280512e+00 -2.5899055e+00 -1.9540041e+00 -1.7626282e+00 -2.6423026e+00 -2.1262016e+00 -1.6412967e+00 -1.5480398e+00 -1.6637070e+00 -1.9346553e+00
-1.3075000e+00 -2.9757924e+00 -2.4248763e+00 -2.1512899e+00 -1.7080402e+00 -2.2733948e+00 -2.5035139e+00 -1.7834816e+00 -1.6019740e+00 -1.6635645e+00 -1.8879656e+00
-1.3000000e+00 -3.0870891e+00 -2.3239249e+00 -2.4231611e+00 -1.7102886e+00 -2.0154325e+00 -2.9599783e+00 -1.9804317e+00 -1.6838889e+00 -1.6846856e+00 -1.8625061e+00
-1.2925000e+00 -3.0847094e+00 -2.3014799e+00 -2.6671321e+00 -1.7708568e+00 -1.8512086e+00 -2.8460616e+00 -2.2593563e+00 -1.8001726e+00 -1.7288804e+00 -1.8576456e+00
-1.2850000e+00 -3.0039657e+00 -2.3577389e+00 -2.6088746e+00 -1.8976491e+00 -1.7582763e+00 -2.4218373e+00 -2.6699245e+00 -1.9615347e+00 -1.7993852e+00 -1.8738322e+00
-1.2775000e+00 -2.9362055e+00 -2.4883998e+00 -2.3746499e+00 -2.1059843e+00 -1.7258324e+00 -2.1272558e+00 -3.1617498e+00 -2.1871422e+00 -1.9015374e+00 -1.9126143e+00
-1.2700000e+00 -2.9310664e+00 -2.6664484e+00 -2.1955664e+00 -2.4107867e+00 -1.7513966e+00 -1.9407571e+00 -2.9285964e+00 -2.5144530e+00 -2.0441933e+00 -1.9768853e+00
-1.2625000e+00 -3.0050520e+00 -2.7951192e+00 -2.1108240e+00 -2.7189138e+00 -1.8394693e+00 -1.8318918e+00 -2.4821682e+00 -3.0102993e+00 -2.2428788e+00 -2.0714644e+00
-1.2550000e+00 -3.1472315e+00 -2.7678644e+00 -2.1190287e+00 -2.6394071e+00 -2.0027333e+00 -1.7862387e+00 -2.1926904e+00 -3.3711671e+00 -2.5274975e+00 -2.2043239e+00
-1.2475000e+00 -3.2739608e+00 -2.6633746e+00 -2.2205259e+00 -2.3473536e+00 -2.2648117e+00 -1.7994378e+00 -2.0126072e+00 -2.8765129e+00 -2.9610709e+00 -2.3892984e+00
-1.2400000e+00 -3.2504941e+00 -2.5977136e+00 -2.4143585e+00 -2.1408239e+00 -2.6413829e+00 -1.8747499e+00 -1.9097159e+00 -2.4749852e+00 -3.5573859e+00 -2.6527171e+00
-1.2325000e+00 -3.1453150e+00 -2.6082417e+00 -2.6490923e+00 -2.0444891e+00 -2.8749083e+00 -2.0240053e+00 -1.8699898e+00 -2.2268609e+00 -3.2700957e+00 -3.0513536e+00
-1.2250000e+00 -3.1121291e+00 -2.6916379e+00 -2.7169009e+00 -2.0501493e+00 -2.5835588e+00 -2.2720736e+00 -1.8897668e+00 -2.0760757e+00 -2.7680296e+00 -3.6777244e+00
-1.2175000e+00 -3.2074505e+00 -2.8148411e+00 -2.5639216e+00 -2.1592402e+00 -2.2806166e+00 -2.6564679e+00 -1.9733715e+00 -1.9967198e+00 -2.4629007e+00 -3.6428994e+00
-1.2100000e+00 -3.3855957e+00 -2.9043094e+00 -2.4221613e+00 -2.3804008e+00 -2.1082492e+00 -3.0294861e+00 -2.1347136e+00 -1.9787274e+00 -2.2763524e+00 -3.0647130e+00
-1.2025000e+00 -3.4233509e+00 -2.9000828e+00 -2.3844497e+00 -2.6756075e+00 -2.0505346e+00 -2.7614033e+00 -2.4037683e+00 -2.0214216e+00 -2.1699803e+00 -2.7171954e+00
-1.1950000e+00 -3.3022759e+00 -2.8454377e+00 -2.4591285e+00 -2.7533486e+00 -2.0997077e+00 -2.4001133e+00 -2.8305425e+00 -2.1325897e+00 -2.1281050e+00 -2.5064983e+00
-1.1875000e+00 -3.2749127e+00 -2.8191529e+00 -2.6224337e+00 -2.5287488e+00 -2.2648828e+00 -2.1905555e+00 -3.2060006e+00 -2.3321459e+00 -2.1465983e+00 -2.3830988e+00
-1.1800000e+00 -3.4058851e+00 -2.8650409e+00 -2.7686691e+00 -2.3488458e+00 -2.5628598e+00 -2.1066061e+00 -2.8294853e+00 -2.6631197e+00 -2.2299028e+00 -2.3269525e+00
-1.1725000e+00 -3.5404467e+00 -2.9841369e+00 -2.7505061e+00 -2.3037846e+00 -2.8810446e+00 -2.1337651e+00 -2.4601278e+00 -3.1812010e+00 -2.3929257e+00 -2.3316249e+00
-1.1650000e+00 -3.4717160e+00 -3.0860768e+00 -2.6561378e+00 -2.3968509e+00 -2.7505778e+00 -2.2792863e+00 -2.2587836e+00 -3.2891400e+00 -2.6698114e+00 -2.3996744e+00
-1.1575000e+00 -3.4173473e+00 -3.0406392e+00 -2.6260187e+00 -2.6122594e+00 -2.4645568e+00 -2.5704526e+00 -2.1852356e+00 -2.7919908e+00 -3.1331617e+00 -2.5435145e+00
-1.1500000e+00 -3.5111670e+00 -2.9625158e+00 -2.6874639e+00 -2.8060224e+00 -2.3211405e+00 -2.9741709e+00 -2.2254106e+00 -2.4782185e+00 -3.6184840e+00 -2.7927512e+00
-1.1425000e+00 -3.6267726e+00 -3.0121989e+00 -2.7978313e+00 -2.7237445e+00 -2.3343452e+00 -2.9307159e+00 -2.3905247e+00 -2.3240652e+00 -3.1415497e+00 -3.2159228e+00
-1.1350000e+00 -3.5831682e+00 -3.1865785e+00 -2.8687784e+00 -2.5690653e+00 -2.5047030e+00 -2.5790388e+00 -2.7182310e+00 -2.2920381e+00 -2.7311887e+00 -3.8353388e+00
-1.1275000e+00 -3.5503459e+00 -3.2174782e+00 -2.8585505e+00 -2.5392945e+00 -2.8025648e+00 -2.3858088e+00 -3.1686556e+00 -2.3772349e+00 -2.5168996e+00 -3.4873889e+00
-1.1200000e+00 -3.6638936e+00 -3.0921275e+00 -2.8251681e+00 -2.6513331e+00 -2.9071162e+00 -2.3648314e+00 -3.0183182e+00 -2.6031913e+00 -2.4378870e+00 -3.0023666e+00
-1.1125000e+00 -3.7307368e+00 -3.1300403e+00 -2.8354130e+00 -2.8201278e+00 -2.6781163e+00 -2.5138910e+00 -2.6361372e+00 -3.0253915e+00 -2.4764205e+00 -2.7464649e+00
-1.1050000e+00 -3.6427114e+00 -3.3184404e+00 -2.9206351e+00 -2.8443821e+00 -2.5352771e+00 -2.8389313e+00 -2.4521528e+00 -3.4026657e+00 -2.6453176e+00 -2.6382323e+00
-1.0975000e+00 -3.7317282e+00 -3.2862405e+00 -3.0244732e+00 -2.7590035e+00 -2.5774501e+00 -3.0685332e+00 -2.4490444e+00 -2.9829834e+00 -2.9953856e+00 -2.6500224e+00
-1.0900000e+00 -3.8253530e+00 -3.2024035e+00 -2.9975201e+00 -2.7472107e+00 -2.7861759e+00 -2.7998005e+00 -2.6280372e+00 -2.6511997e+00 -3.5496327e+00 -2.7881693e+00
-1.0825000e+00 -3.7293705e+00 -3.3296303e+00 -2.9347409e+00 -2.8291988e+00 -2.9613000e+00 -2.5904429e+00 -3.0083073e+00 -2.5320222e+00 -3.3542788e+00 -3.0966606e+00
-1.0750000e+00 -3.8512662e+00 -3.4060241e+00 -3.0248628e+00 -2.9143425e+00 -2.8382157e+00 -2.5940813e+00 -3.2124155e+00 -2.5958500e+00 -2.9036354e+00 -3.6612858e+00
-1.0675000e+00 -3.8691084e+00 -3.3260757e+00 -3.1750574e+00 -2.9318851e+00 -2.7266669e+00 -2.8087254e+00 -2.8585772e+00 -2.8633245e+00 -2.7006894e+00 -3.7152233e+00
-1.0600000e+00 -3.8392669e+00 -3.3906291e+00 -3.0782465e+00 -2.9200291e+00 -2.7911943e+00 -3.0874148e+00 -2.6509518e+00 -3.3306262e+00 -2.6929002e+00 -3.1806020e+00
-1.0525000e+00 -3.9596190e+00 -3.4795198e+00 -3.0503639e+00 -2.9254825e+00 -2.9599490e+00 -2.9557941e+00 -2.6805591e+00 -3.2408858e+00 -2.8810917e+00 -2.9198469e+00
-1.0450000e+00 -3.9122146e+00 -3.4392347e+00 -3.2437611e+00 -2.9897750e+00 -2.9866665e+00 -2.7678571e+00 -2.9472265e+00 -2.8580099e+00 -3.3200228e+00 -2.8687340e+00
-1.0375000e+00 -3.9808750e+00 -3.4724868e+00 -3.2126528e+00 -3.0805398e+00 -2.9096053e+00 -2.8048542e+00 -3.2578973e+00 -2.7308575e+00 -3.6022798e+00 -3.0120052e+00
-1.0300000e+00 -4.0099875e+00 -3.5744117e+00 -3.1376332e+00 -3.0444150e+00 -2.9336502e+00 -3.0336205e+00 -3.0237101e+00 -2.8554080e+00 -3.1333785e+00 -3.4057621e+00
-1.0225000e+00 -4.0120595e+00 -3.5071032e+00 -3.3200088e+00 -3.0197413e+00 -3.0258731e+00 -3.1102906e+00 -2.8235973e+00 -3.2372531e+00 -2.8908549e+00 -3.8988516e+00
-1.0150000e+00 -4.0855681e+00 -3.6080519e+00 -3.2841354e+00 -3.1693686e+00 -3.0648218e+00 -2.9526824e+00 -2.8973939e+00 -3.3834689e+00 -2.9176887e+00 -3.4346840e+00
-1.0075000e+00 -4.0710820e+00 -3.6157790e+00 -3.2570800e+00 -3.1784583e+00 -3.0656217e+00 -2.9530243e+00 -3.1952546e+00 -3.0227447e+00 -3.2232659e+00 -3.1100675e+00
-1.0000000e+00 -4.1357592e+00 -3.6173791e+00 -3.4009541e+00 -3.0896106e+00 -3.0700239e+00 -3.1162112e+00 -3.2201161e+00 -2.9093755e+00 -3.6536848e+00 -3.0762877e+00
-9.9250000e-01 -4.1442776e+00 -3.7120777e+00 -3.3414844e+00 -3.2676126e+00 -3.1199496e+00 -3.1525597e+00 -3.0026548e+00 -3.1041165e+00 -3.3066249e+00 -3.3243787e+00
-9.8500000e-01 -4.1826187e+00 -3.6632363e+00 -3.3939686e+00 -3.2517308e+00 -3.2065140e+00 -3.0830355e+00 -3.0351005e+00 -3.4504373e+00 -3.0526124e+00 -3.8491752e+00
-9.7750000e-01 -4.2196138e+00 -3.7720193e+00 -3.4548809e+00 -3.1887850e+00 -3.1609826e+00 -3.1343170e+00 -3.2713877e+00 -3.2408757e+00 -3.1336030e+00 -3.6208339e+00
-9.7000000e-01 -4.2164132e+00 -3.7310847e+00 -3.4309044e+00 -3.3926760e+00 -3.1802740e+00 -3.2114051e+00 -3.2485740e+00 -3.0654117e+00 -3.5310774e+00 -3.2664343e+00
-9.6250000e-01 -4.3130824e+00 -3.8218789e+00 -3.5119386e+00 -3.2678384e+00 -3.3307971e+00 -3.2232314e+00 -3.1319612e+00 -3.2262078e+00 -3.5536564e+00 -3.2713178e+00
-9.5500000e-01 -4.2755552e+00 -3.7942103e+00 -3.5066535e+00 -3.3665910e+00 -3.2245708e+00 -3.2321613e+00 -3.2454292e+00 -3.4844891e+00 -3.2282156e+00 -3.6366678e+00
-9.4750000e-01 -4.3242276e+00 -3.8867219e+00 -3.5542696e+00 -3.4031140e+00 -3.3006530e+00 -3.2559815e+00 -3.3468567e+00 -3.2835246e+00 -3.2630941e+00 -3.8761845e+00
-9.4000000e-01 -4.3885017e+00 -3.8519964e+00 -3.5749382e+00 -3.3766731e+00 -3.4059737e+00 -3.3434361e+00 -3.2753269e+00 -3.2336206e+00 -3.6217951e+00 -3.4616329e+00
-9.3250000e-01 -4.3707757e+00 -3.9250145e+00 -3.6195784e+00 -3.4830701e+00 -3.2823071e+00 -3.3203290e+00 -3.3216205e+00 -3.4605887e+00 -3.5460981e+00 -3.4024504e+00
-9.2500000e-01 -4.4086402e+00 -3.9637747e+00 -3.6164096e+00 -3.4418558e+00 -3.4974845e+00 -3.3334916e+00 -3.3896535e+00 -3.4453611e+00 -3.3368212e+00 -3.7511342e+00
-9.1750000e-01 -4.4812235e+00 -3.9345377e+00 -3.7076920e+00 -3.5235393e+00 -3.3626557e+00 -3.4689143e+00 -3.3989093e+00 -3.3506860e+00 -3.5211321e+00 -3.8515198e+00
-9.1000000e-01 -4.5020825e+00 -4.0256062e+00 -3.6576622e+00 -3.5218644e+00 -3.5022243e+00 -3.3551649e+00 -3.4154735e+00 -3.4985051e+00 -3.6994693e+00 -3.5294493e+00
-9.0250000e-01 -4.4988617e+00 -4.0367822e+00 -3.7666363e+00 -3.5672544e+00 -3.4638005e+00 -3.5138655e+00 -3.4527382e+00 -3.5151356e+00 -3.4800297e+00 -3.6374761e+00
-8.9500000e-01 -4.5201116e+00 -4.0439559e+00 -3.7389901e+00 -3.5847877e+00 -3.5283629e+00 -3.4616615e+00 -3.5215747e+00 -3.4828231e+00 -3.5786082e+00 -3.9650022e+00
-8.8750000e-01 -4.5638626e+00 -4.1150561e+00 -3.7991910e+00 -3.6441304e+00 -3.5387393e+00 -3.5072140e+00 -3.4686432e+00 -3.5693639e+00 -3.7358171e+00 -3.6970937e+00
-8.8000000e-01 -4.6100418e+00 -4.1400907e+00 -3.8163099e+00 -3.6119205e+00 -3.5851173e+00 -3.5749602e+00 -3.6023971e+00 -3.5819025e+00 -3.5920015e+00 -3.7051889e+00
-8.7250000e-01 -4.6477303e+00 -4.1291302e+00 -3.8288932e+00 -3.7419756e+00 -3.5969865e+00 -3.5357909e+00 -3.5418620e+00 -3.6076858e+00 -3.7065826e+00 -3.9862638e+00
-8.6500000e-01 -4.6796535e+00 -4.1532086e+00 -3.9156851e+00 -3.6737511e+00 -3.6434899e+00 -3.6476826e+00 -3.6242263e+00 -3.6276391e+00 -3.7472532e+00 -3.7903001e+00
-8.5750000e-01 -4.7128794e+00 -4.2074632e+00 -3.9190099e+00 -3.7367375e+00 -3.6669441e+00 -3.6033235e+00 -3.6390643e+00 -3.7039469e+00 -3.7173164e+00 -3.8494974e+00
-8.5000000e-01 -4.7451935e+00 -4.2574341e+00 -3.9017229e+00 -3.8169018e+00 -3.6902524e+00 -3.6805019e+00 -3.6547705e+00 -3.6552461e+00 -3.8042223e+00 -3.9998957e+00
-8.4250000e-01 -4.7674839e+00 -4.2898218e+00 -3.9526494e+00 -3.7755398e+00 -3.7241793e+00 -3.7000657e+00 -3.7119238e+00 -3.7899315e+00 -3.8007167e+00 -3.8701852e+00
-8.3500000e-01 -4.7883967e+00 -4.3139929e+00 -4.0176083e+00 -3.8236011e+00 -3.7871308e+00 -3.7006352e+00 -3.7222260e+00 -3.7040224e+00 -3.8450261e+00 -4.0186088e+00
-8.2750000e-01 -4.8077752e+00 -4.3403048e+00 -4.0425617e+00 -3.8762404e+00 -3.7409239e+00 -3.7878790e+00 -3.7432072e+00 -3.8597977e+00 -3.8631299e+00 -3.9833505e+00
-8.2000000e-01 -4.8213785e+00 -4.3698138e+00 -4.0487658e+00 -3.8798277e+00 -3.8313782e+00 -3.7612051e+00 -3.8303956e+00 -3.7541360e+00 -3.9157049e+00 -4.0331294e+00
-8.1250000e-01 -4.8650292e+00 -4.3970130e+00 -4.0655465e+00 -3.9173622e+00 -3.8963944e+00 -3.8251758e+00 -3.7566709e+00 -3.9409214e+00 -3.9084921e+00 -4.0584288e+00
-8.0500000e-01 -4.9140194e+00 -4.4237446e+00 -4.0949904e+00 -3.9819335e+00 -3.8423392e+00 -3.8334499e+00 -3.9257641e+00 -3.7971388e+00 -3.9877915e+00 -4.0997772e+00
-7.9750000e-01 -4.9373598e+00 -4.4644272e+00 -4.1286709e+00 -4.0188048e+00 -3.8711597e+00 -3.8950913e+00 -3.8312604e+00 -4.0131298e+00 -3.9683092e+00 -4.1001630e+00
-7.9000000e-01 -4.9473940e+00 -4.5067828e+00 -4.1621369e+00 -4.0260737e+00 -3.9569719e+00 -3.9073845e+00 -3.9118997e+00 -3.8757622e+00 -4.0282774e+00 -4.1841776e+00
-7.8250000e-01 -5.0029764e+00 -4.5197483e+00 -4.1973538e+00 -4.0342348e+00 -3.9933363e+00 -3.8921871e+00 -3.9644027e+00 -3.9900667e+00 -4.0720152e+00 -4.1394356e+00
-7.7500000e-01 -5.0116659e+00 -4.5369924e+00 -4.2348088e+00 -4.0564961e+00 -3.9963476e+00 -3.9719240e+00 -3.9486373e+00 -4.0452904e+00 -4.0251002e+00 -4.2607925e+00
-7.6750000e-01 -5.0583131e+00 -4.5550188e+00 -4.2629714e+00 -4.0894774e+00 -4.0193245e+00 -4.0537805e+00 -4.0009516e+00 -3.9621015e+00 -4.2109017e+00 -4.2013396e+00
-7.6000000e-01 -5.0741659e+00 -4.6138606e+00 -4.2766913e+00 -4.1247611e+00 -4.0642467e+00 -4.0438057e+00 -4.0180371e+00 -4.1011023e+00 -4.0638945e+00 -4.2855129e+00
-7.5250000e-01 -5.1256137e+00 -4.6367210e+00 -4.3102644e+00 -4.1533478e+00 -4.1127638e+00 -4.0223769e+00 -4.0479537e+00 -4.1174878e+00 -4.1943617e+00 -4.3321134e+00
-7.4500000e-01 -5.1311358e+00 -4.6513467e+00 -4.3690139e+00 -4.1714540e+00 -4.1542044e+00 -4.0433189e+00 -4.1200611e+00 -4.0849045e+00 -4.2640970e+00 -4.2582985e+00
-7.3750000e-01 -5.1685081e+00 -4.7070988e+00 -4.3994485e+00 -4.1922144e+00 -4.1873787e+00 -4.0913665e+00 -4.1540632e+00 -4.1456919e+00 -4.1593842e+00 -4.4576718e+00
-7.3000000e-01 -5.2115573e+00 -4.7069456e+00 -4.4257632e+00 -4.2380459e+00 -4.2122094e+00 -4.1401082e+00 -4.1388076e+00 -4.1893333e+00 -4.2577047e+00 -4.3666947e+00
-7.2250000e-01 -5.2390625e+00 -4.7621352e+00 -4.4279865e+00 -4.2936889e+00 -4.2279423e+00 -4.1790316e+00 -4.1327597e+00 -4.2048639e+00 -4.3573969e+00 -4.3552626e+00
-7.1500000e-01 -5.2621387e+00 -4.7695413e+00 -4.4977619e+00 -4.3205117e+00 -4.2415208e+00 -4.2124192e+00 -4.1562421e+00 -4.2477650e+00 -4.3190479e+00 -4.5351663e+00
-7.0750000e-01 -5.2862381e+00 -4.8230200e+00 -4.5015158e+00 -4.3543520e+00 -4.2688512e+00 -4.2487970e+00 -4.1969784e+00 -4.3036735e+00 -4.3163371e+00 -4.5139241e+00
-7.0000000e-01 -5.3202953e+00 -4.8471694e+00 -4.5346362e+00 -4.3599184e+00 -4.3041709e+00 -4.2927350e+00 -4.2398173e+00 -4.3381686e+00 -4.3677233e+00 -4.4445121e+00
-6.5000000e-01 -5.5272763e+00 -5.0338403e+00 -4.7402121e+00 -4.5866726e+00 -4.4941641e+00 -4.4491327e+00 -4.4714380e+00 -4.4814727e+00 -4.6381347e+00 -4.7057941e+00
-6.0000000e-01 -5.7138968e+00 -5.2464630e+00 -4.9298717e+00 -4.7840481e+00 -4.6820677e+00 -4.6631591e+00 -4.6931436e+00 -4.6663131e+00 -4.7825658e+00 -4.9629806e+00
-5.5000000e-01 -5.9263974e+00 -5.4453217e+00 -5.1441022e+00 -4.9606453e+00 -4.9073892e+00 -4.8496746e+00 -4.8839081e+00 -4.8883721e+00 -5.0009715e+00 -5.0804453e+00
-5.0000000e-01 -6.1178004e+00 -5.6426718e+00 -5.3447916e+00 -5.1635852e+00 -5.1015999e+00 -5.0724800e+00 -5.0652937e+00 -5.0811376e+00 -5.1916176e+00 -5.3032612e+00
-4.0000000e-01 -6.4802395e+00 -6.0384944e+00 -5.7383511e+00 -5.5747490e+00 -5.4963879e+00 -5.4595955e+00 -5.4761395e+00 -5.5016810e+00 -5.5703563e+00 -5.7173270e+00
-2.0000000e-01 -7.4270426e+00 -6.7948425e+00 -6.5006701e+00 -6.3731874e+00 -6.2938568e+00 -6.2638149e+00 -6.2668289e+00 -6.3061644e+00 -6.3801325e+00 -6.5032534e+00
0.0000000e+00 -8.1028365e+00 -7.6003136e+00 -7.3226454e+00 -7.1486691e+00 -7.0739861e+00 -7.0839694e+00 -7.0730522e+00 -7.1004585e+00 -7.1815899e+00 -7.3099238e+00
2.0000000e-01 -8.8633812e+00 -8.4581613e+00 -8.1388903e+00 -7.9613001e+00 -7.8807229e+00 -7.9179466e+00 -7.8981869e+00 -7.8770817e+00 -7.9992366e+00 -8.1155002e+00
4.0000000e-01 -9.7804060e+00 -9.2071708e+00 -8.9734599e+00 -8.7690387e+00 -8.6914525e+00 -8.7008833e+00 -8.6592371e+00 -8.7053669e+00 -8.7803647e+00 -8.9040297e+00
6.0000000e-01 -1.0539216e+01 -1.0048970e+01 -9.7031585e+00 -9.5616904e+00 -9.4547742e+00 -9.4899489e+00 -9.4439151e+00 -9.4454074e+00 -9.5992680e+00 -9.6953185e+00
8.0000000e-01 -1.1282483e+01 -1.0825111e+01 -1.0552880e+01 -1.0377037e+01 -1.0258477e+01 -1.0264325e+01 -1.0240159e+01 -1.0356698e+01 -1.0352047e+01 -1.0463691e+01
1.0000000e+00 -1.2127410e+01 -1.1640950e+01 -1.1358207e+01 -1.1196614e+01 -1.1050409e+01 -1.1122358e+01 -1.1041185e+01 -1.1076946e+01 -1.1218627e+01 -1.1345792e+01
1.2000000e+00 -1.2885050e+01 -1.2502978e+01 -1.2144162e+01 -1.1942895e+01 -1.1932205e+01 -1.1867958e+01 -1.1891339e+01 -1.1911646e+01 -1.2015406e+01 -1.2115346e+01
1.4000000e+00 -1.3710729e+01 -1.3249808e+01 -1.2907823e+01 -1.2728732e+01 -1.2696782e+01 -1.2624216e+01 -1.2701216e+01 -1.2688142e+01 -1.2758254e+01 -1.2934077e+01
1.6000000e+00 -1.4517592e+01 -1.4047613e+01 -1.3751788e+01 -1.3526843e+01 -1.3494125e+01 -1.3473063e+01 -1.3477759e+01 -1.3458602e+01 -1.3618876e+01 -1.3750508e+01
1.8000000e+00 -1.5371148e+01 -1.4854786e+01 -1.4527744e+01 -1.4386209e+01 -1.4274046e+01 -1.4301002e+01 -1.4290077e+01 -1.4315220e+01 -1.4419188e+01 -1.4526269e+01
2.0000000e+00 -1.6223274e+01 -1.5640989e+01 -1.5421725e+01 -1.5199022e+01 -1.5094158e+01 -1.5039729e+01 -1.5073136e+01 -1.5098109e+01 -1.5158203e+01 -1.5331109e+01