########################################################################
# Reference Counts for Solar Model AGSS09met_old                       #
# Column 1: log10(Axion mass in eV)                                    #
#        n>1: log10(Reference photon counts in energy bin n-1)         #
########################################################################
-3.0000000e+00 -2.6949950e+00 -2.5380619e+00 -2.4924038e+00 -2.5420424e+00 -2.6639406e+00 -2.7899669e+00 -2.9294622e+00 -3.0710479e+00 -3.2072762e+00 -3.1659526e+00
-2.8000000e+00 -2.6950155e+00 -2.5380759e+00 -2.4924139e+00 -2.5420499e+00 -2.6639465e+00 -2.7899716e+00 -2.9294660e+00 -3.0710511e+00 -3.2072789e+00 -3.1659550e+00
-2.6000000e+00 -2.6951449e+00 -2.5381644e+00 -2.4924775e+00 -2.5420978e+00 -2.6639838e+00 -2.7900014e+00 -2.9294904e+00 -3.0710715e+00 -3.2072961e+00 -3.1659699e+00
-2.4000000e+00 -2.6959613e+00 -2.5387229e+00 -2.4928793e+00 -2.5423997e+00 -2.6642191e+00 -2.7901896e+00 -2.9296444e+00 -3.0711998e+00 -3.2074043e+00 -3.1660641e+00
-2.2000000e+00 -2.7011192e+00 -2.5422500e+00 -2.4954157e+00 -2.5443054e+00 -2.6657045e+00 -2.7913775e+00 -2.9306161e+00 -3.0720094e+00 -3.2080875e+00 -3.1666582e+00
-2.1500000e+00 -2.7047109e+00 -2.5447048e+00 -2.4971804e+00 -2.5456310e+00 -2.6667376e+00 -2.7922036e+00 -2.9312917e+00 -3.0725723e+00 -3.2085625e+00 -3.1670713e+00
-2.1000000e+00 -2.7104203e+00 -2.5486007e+00 -2.4999800e+00 -2.5477335e+00 -2.6683758e+00 -2.7935134e+00 -2.9323630e+00 -3.0734647e+00 -3.2093155e+00 -3.1677261e+00
-2.0500000e+00 -2.7194894e+00 -2.5547892e+00 -2.5044244e+00 -2.5510698e+00 -2.6709746e+00 -2.7955909e+00 -2.9340618e+00 -3.0748798e+00 -3.2105095e+00 -3.1687643e+00
-2.0000000e+00 -2.7339366e+00 -2.5646321e+00 -2.5114864e+00 -2.5563678e+00 -2.6750999e+00 -2.7988875e+00 -2.9367570e+00 -3.0771245e+00 -3.2124031e+00 -3.1704107e+00
-1.9500000e+00 -2.7570221e+00 -2.5803210e+00 -2.5227251e+00 -2.5647907e+00 -2.6816538e+00 -2.8041225e+00 -2.9410354e+00 -3.0806868e+00 -3.2154077e+00 -3.1730227e+00
-1.9000000e+00 -2.7940984e+00 -2.6054141e+00 -2.5406549e+00 -2.5782064e+00 -2.6920812e+00 -2.8124452e+00 -2.9478334e+00 -3.0863447e+00 -3.2201782e+00 -3.1771689e+00
-1.8500000e+00 -2.8541506e+00 -2.6457768e+00 -2.5693517e+00 -2.5996386e+00 -2.7087102e+00 -2.8257010e+00 -2.9586511e+00 -3.0953420e+00 -3.2277602e+00 -3.1837564e+00
-1.8475000e+00 -2.8579963e+00 -2.6483495e+00 -2.5711772e+00 -2.6009985e+00 -2.7097641e+00 -2.8265404e+00 -2.9593357e+00 -3.0959112e+00 -3.2282397e+00 -3.1841729e+00
-1.8400000e+00 -2.8701236e+00 -2.6564527e+00 -2.5769227e+00 -2.6052765e+00 -2.7130785e+00 -2.8291798e+00 -2.9614880e+00 -3.0977003e+00 -3.2297468e+00 -3.1854819e+00
-1.8325000e+00 -2.8831937e+00 -2.6651690e+00 -2.5830960e+00 -2.6098700e+00 -2.7166357e+00 -2.8320116e+00 -2.9637967e+00 -3.0996191e+00 -3.2313628e+00 -3.1868854e+00
-1.8250000e+00 -2.8972866e+00 -2.6745479e+00 -2.5897305e+00 -2.6148027e+00 -2.7204537e+00 -2.8350499e+00 -2.9662732e+00 -3.1016770e+00 -3.2330958e+00 -3.1883903e+00
-1.8175000e+00 -2.9124904e+00 -2.6846430e+00 -2.5968621e+00 -2.6201008e+00 -2.7245523e+00 -2.8383104e+00 -2.9689299e+00 -3.1038842e+00 -3.2349542e+00 -3.1900039e+00
-1.8100000e+00 -2.9289022e+00 -2.6955129e+00 -2.6045302e+00 -2.6257923e+00 -2.7289527e+00 -2.8418094e+00 -2.9717803e+00 -3.1062518e+00 -3.2369473e+00 -3.1917344e+00
-1.8025000e+00 -2.9466292e+00 -2.7072220e+00 -2.6127771e+00 -2.6319076e+00 -2.7336777e+00 -2.8455651e+00 -2.9748388e+00 -3.1087916e+00 -3.2390850e+00 -3.1935901e+00
-1.7950000e+00 -2.9657903e+00 -2.7198403e+00 -2.6216493e+00 -2.6384796e+00 -2.7387523e+00 -2.8495966e+00 -2.9781208e+00 -3.1115163e+00 -3.2413779e+00 -3.1955803e+00
-1.7875000e+00 -2.9865176e+00 -2.7334449e+00 -2.6311972e+00 -2.6455441e+00 -2.7442031e+00 -2.8539248e+00 -2.9816430e+00 -3.1144398e+00 -3.2438376e+00 -3.1977149e+00
-1.7800000e+00 -3.0089870e+00 -2.7481206e+00 -2.6414758e+00 -2.6531399e+00 -2.7500591e+00 -2.8585723e+00 -2.9854236e+00 -3.1175767e+00 -3.2464762e+00 -3.2000045e+00
-1.7725000e+00 -3.0333063e+00 -2.7639607e+00 -2.6525452e+00 -2.6613091e+00 -2.7563519e+00 -2.8635634e+00 -2.9894820e+00 -3.1209431e+00 -3.2493072e+00 -3.2024606e+00
-1.7650000e+00 -3.0596892e+00 -2.7810684e+00 -2.6644711e+00 -2.6700976e+00 -2.7631153e+00 -2.8689243e+00 -2.9938391e+00 -3.1245561e+00 -3.2523447e+00 -3.2050954e+00
-1.7575000e+00 -3.0883446e+00 -2.7995578e+00 -2.6773258e+00 -2.6795554e+00 -2.7703864e+00 -2.8746837e+00 -2.9985177e+00 -3.1284342e+00 -3.2556043e+00 -3.2079223e+00
-1.7500000e+00 -3.1195097e+00 -2.8195544e+00 -2.6911882e+00 -2.6897369e+00 -2.7782052e+00 -2.8808723e+00 -3.0035423e+00 -3.1325975e+00 -3.2591024e+00 -3.2109554e+00
-1.7425000e+00 -3.1534552e+00 -2.8412022e+00 -2.7061455e+00 -2.7007016e+00 -2.7866155e+00 -2.8875235e+00 -3.0089395e+00 -3.1370676e+00 -3.2628571e+00 -3.2142103e+00
-1.7350000e+00 -3.1904914e+00 -2.8646581e+00 -2.7222938e+00 -2.7125147e+00 -2.7956647e+00 -2.8946736e+00 -3.0147378e+00 -3.1418677e+00 -3.2668877e+00 -3.2177035e+00
-1.7275000e+00 -3.2309775e+00 -2.8900996e+00 -2.7397393e+00 -2.7252475e+00 -2.8054044e+00 -2.9023620e+00 -3.0209684e+00 -3.1470232e+00 -3.2712149e+00 -3.2214528e+00
-1.7200000e+00 -3.2753317e+00 -2.9177268e+00 -2.7585997e+00 -2.7389785e+00 -2.8158914e+00 -2.9106316e+00 -3.0276651e+00 -3.1525613e+00 -3.2758614e+00 -3.2254776e+00
-1.7125000e+00 -3.3240456e+00 -2.9477667e+00 -2.7790062e+00 -2.7537938e+00 -2.8271872e+00 -2.9195288e+00 -3.0348643e+00 -3.1585115e+00 -3.2808514e+00 -3.2297987e+00
-1.7050000e+00 -3.3777029e+00 -2.9804784e+00 -2.8011048e+00 -2.7697885e+00 -2.8393595e+00 -2.9291045e+00 -3.0426057e+00 -3.1649059e+00 -3.2862114e+00 -3.2344386e+00
-1.6975000e+00 -3.4370042e+00 -3.0161580e+00 -2.8250595e+00 -2.7870678e+00 -2.8524824e+00 -2.9394140e+00 -3.0509326e+00 -3.1717792e+00 -3.2919697e+00 -3.2394216e+00
-1.6900000e+00 -3.5028049e+00 -3.0551484e+00 -2.8510545e+00 -2.8057484e+00 -2.8666376e+00 -2.9505179e+00 -3.0598919e+00 -3.1791689e+00 -3.2981573e+00 -3.2447740e+00
-1.6825000e+00 -3.5761477e+00 -3.0978500e+00 -2.8792981e+00 -2.8259598e+00 -2.8819147e+00 -2.9624825e+00 -3.0695348e+00 -3.1871162e+00 -3.3048076e+00 -3.2505242e+00
-1.6750000e+00 -3.6583516e+00 -3.1447285e+00 -2.9100271e+00 -2.8478469e+00 -2.8984130e+00 -2.9753803e+00 -3.0799172e+00 -3.1956654e+00 -3.3119569e+00 -3.2567032e+00
-1.6675000e+00 -3.7510920e+00 -3.1963411e+00 -2.9435120e+00 -2.8715718e+00 -2.9162422e+00 -2.9892914e+00 -3.0911002e+00 -3.2048650e+00 -3.3196446e+00 -3.2633442e+00
-1.6600000e+00 -3.8564588e+00 -3.2533546e+00 -2.9800639e+00 -2.8973168e+00 -2.9355242e+00 -3.0043034e+00 -3.1031507e+00 -3.2147679e+00 -3.3279135e+00 -3.2704836e+00
-1.6525000e+00 -3.9774724e+00 -3.3165797e+00 -3.0200437e+00 -2.9252882e+00 -2.9563948e+00 -3.0205136e+00 -3.1161420e+00 -3.2254319e+00 -3.3368103e+00 -3.2781607e+00
-1.6450000e+00 -4.1178639e+00 -3.3870165e+00 -3.0638729e+00 -2.9557201e+00 -2.9790057e+00 -3.0380292e+00 -3.1301548e+00 -3.2369201e+00 -3.3463857e+00 -3.2864183e+00
-1.6375000e+00 -4.2826164e+00 -3.4659201e+00 -3.1120490e+00 -2.9888804e+00 -3.0035223e+00 -3.0569693e+00 -3.1452778e+00 -3.2493015e+00 -3.3566953e+00 -3.2953029e+00
-1.6300000e+00 -4.4775633e+00 -3.5549056e+00 -3.1651654e+00 -3.0250769e+00 -3.0301470e+00 -3.0774667e+00 -3.1616092e+00 -3.2626523e+00 -3.3677997e+00 -3.3048654e+00
-1.6225000e+00 -4.7058073e+00 -3.6560547e+00 -3.2239386e+00 -3.0646666e+00 -3.0590921e+00 -3.0996696e+00 -3.1792574e+00 -3.2770558e+00 -3.3797651e+00 -3.3151612e+00
-1.6150000e+00 -4.9490242e+00 -3.7721895e+00 -3.2892464e+00 -3.1080668e+00 -3.0906058e+00 -3.1237440e+00 -3.1983430e+00 -3.2926041e+00 -3.3926644e+00 -3.3262508e+00
-1.6075000e+00 -5.1115999e+00 -3.9071752e+00 -3.3621818e+00 -3.1557698e+00 -3.1249721e+00 -3.1498774e+00 -3.2190001e+00 -3.3093991e+00 -3.4065776e+00 -3.3382004e+00
-1.6000000e+00 -5.0580264e+00 -4.0664352e+00 -3.4441319e+00 -3.2083629e+00 -3.1625193e+00 -3.1782815e+00 -3.2413787e+00 -3.3275533e+00 -3.4215927e+00 -3.3510829e+00
-1.5925000e+00 -4.8626605e+00 -4.2575713e+00 -3.5368964e+00 -3.2665559e+00 -3.2036292e+00 -3.2091977e+00 -3.2656472e+00 -3.3471923e+00 -3.4378069e+00 -3.3649781e+00
-1.5850000e+00 -4.6593521e+00 -4.4901866e+00 -3.6428713e+00 -3.3312183e+00 -3.2487501e+00 -3.2429022e+00 -3.2919953e+00 -3.3684557e+00 -3.4553279e+00 -3.3799741e+00
-1.5775000e+00 -4.4888920e+00 -4.7682694e+00 -3.7653428e+00 -3.4034342e+00 -3.2984138e+00 -3.2797134e+00 -3.3206380e+00 -3.3915001e+00 -3.4742750e+00 -3.3961679e+00
-1.5700000e+00 -4.3533988e+00 -5.0387657e+00 -3.9089716e+00 -3.4845811e+00 -3.3532584e+00 -3.3200014e+00 -3.3518202e+00 -3.4165013e+00 -3.4947814e+00 -3.4136672e+00
-1.5625000e+00 -4.2481155e+00 -5.0879840e+00 -4.0806015e+00 -3.5764505e+00 -3.4140605e+00 -3.3642000e+00 -3.3858223e+00 -3.4436580e+00 -3.5169957e+00 -3.4325913e+00
-1.5550000e+00 -4.1685291e+00 -4.8730342e+00 -4.2905154e+00 -3.6814362e+00 -3.4817793e+00 -3.4128228e+00 -3.4229682e+00 -3.4731957e+00 -3.5410846e+00 -3.4530732e+00
-1.5475000e+00 -4.1114148e+00 -4.6221016e+00 -4.5533770e+00 -3.8028410e+00 -3.5576223e+00 -3.4664851e+00 -3.4636347e+00 -3.5053718e+00 -3.5672362e+00 -3.4752616e+00
-1.5400000e+00 -4.0747396e+00 -4.4156441e+00 -4.8788778e+00 -3.9453995e+00 -3.6431418e+00 -3.5259335e+00 -3.5082640e+00 -3.5404821e+00 -3.5956632e+00 -3.4993224e+00
-1.5325000e+00 -4.0574445e+00 -4.2549898e+00 -5.1762186e+00 -4.1162024e+00 -3.7403855e+00 -3.5920884e+00 -3.5573803e+00 -3.5788690e+00 -3.6266082e+00 -3.5254452e+00
-1.5250000e+00 -4.0592891e+00 -4.1313353e+00 -5.1120995e+00 -4.3263589e+00 -3.8521376e+00 -3.6661046e+00 -3.6116130e+00 -3.6209323e+00 -3.6603487e+00 -3.5538420e+00
-1.5175000e+00 -4.0807831e+00 -4.0374906e+00 -4.8087909e+00 -4.5935793e+00 -3.9823262e+00 -3.7494622e+00 -3.6717273e+00 -3.6671430e+00 -3.6972053e+00 -3.5847553e+00
-1.5100000e+00 -4.1231993e+00 -3.9686441e+00 -4.5385210e+00 -4.9402925e+00 -4.1367443e+00 -3.8441065e+00 -3.7386689e+00 -3.7180620e+00 -3.7375505e+00 -3.6184630e+00
-1.5025000e+00 -4.1886631e+00 -3.9218041e+00 -4.3321321e+00 -5.3131600e+00 -4.3244016e+00 -3.9526722e+00 -3.8136278e+00 -3.7743660e+00 -3.7818215e+00 -3.6552858e+00
-1.4950000e+00 -4.2803020e+00 -3.8953044e+00 -4.1756766e+00 -5.2865365e+00 -4.5601367e+00 -4.0788618e+00 -3.8981349e+00 -3.8368831e+00 -3.8305365e+00 -3.6955965e+00
-1.4875000e+00 -4.4023526e+00 -3.8885025e+00 -4.0568622e+00 -4.9335214e+00 -4.8690007e+00 -4.2281180e+00 -3.9942118e+00 -3.9066436e+00 -3.8843169e+00 -3.7398331e+00
-1.4800000e+00 -4.5597320e+00 -3.9016347e+00 -3.9677518e+00 -4.6322574e+00 -5.2791194e+00 -4.4089016e+00 -4.1046122e+00 -3.9849552e+00 -3.9439185e+00 -3.7885147e+00
-1.4725000e+00 -4.7548558e+00 -3.9357990e+00 -3.9034617e+00 -4.4096272e+00 -5.6036916e+00 -4.6352825e+00 -4.2332361e+00 -4.0735171e+00 -4.0102742e+00 -3.8422642e+00
-1.4650000e+00 -4.9728776e+00 -3.9930579e+00 -3.8611095e+00 -4.2435804e+00 -5.3213449e+00 -4.9322787e+00 -4.3858773e+00 -4.1746009e+00 -4.0845578e+00 -3.9018394e+00
-1.4575000e+00 -5.1389630e+00 -4.0766785e+00 -3.8391980e+00 -4.1183830e+00 -4.9407144e+00 -5.3414070e+00 -4.5716812e+00 -4.2913489e+00 -4.1682785e+00 -3.9681768e+00
-1.4500000e+00 -5.1307638e+00 -4.1915295e+00 -3.8372930e+00 -4.0245898e+00 -4.6628206e+00 -5.7947319e+00 -4.8062216e+00 -4.4282984e+00 -4.2634280e+00 -4.0424557e+00
-1.4425000e+00 -4.9814416e+00 -4.3445439e+00 -3.8558944e+00 -3.9565824e+00 -4.4610360e+00 -5.5964874e+00 -5.1183645e+00 -4.5923637e+00 -4.3727198e+00 -4.1261946e+00
-1.4350000e+00 -4.8167667e+00 -4.5443499e+00 -3.8964602e+00 -3.9110831e+00 -4.3108029e+00 -5.1614441e+00 -5.5602767e+00 -4.7948388e+00 -4.4999981e+00 -4.2214009e+00
-1.4275000e+00 -4.6900251e+00 -4.7942268e+00 -3.9615886e+00 -3.8863638e+00 -4.1979586e+00 -4.8506463e+00 -6.0397989e+00 -5.0558918e+00 -4.6509833e+00 -4.3308164e+00
-1.4200000e+00 -4.6106285e+00 -5.0488657e+00 -4.0554073e+00 -3.8818460e+00 -4.1143585e+00 -4.6301069e+00 -5.7288234e+00 -5.4152942e+00 -4.8347443e+00 -4.4583398e+00
-1.4125000e+00 -4.5780104e+00 -5.1231228e+00 -4.1842750e+00 -3.8979370e+00 -4.0552554e+00 -4.4678013e+00 -5.2770753e+00 -5.9411947e+00 -5.0669007e+00 -4.6098057e+00
-1.4050000e+00 -4.5912190e+00 -4.9487489e+00 -4.3578723e+00 -3.9360404e+00 -4.0179741e+00 -4.3463099e+00 -4.9696444e+00 -6.2356675e+00 -5.3773892e+00 -4.7945508e+00
-1.3975000e+00 -4.6506939e+00 -4.7305805e+00 -4.5899144e+00 -3.9987423e+00 -4.0012463e+00 -4.2559544e+00 -4.7531494e+00 -5.7076227e+00 -5.8288559e+00 -5.0289365e+00
-1.3900000e+00 -4.7575149e+00 -4.5624482e+00 -4.8896434e+00 -4.0902387e+00 -4.0048971e+00 -4.1911778e+00 -4.5941398e+00 -5.2997484e+00 -6.4214150e+00 -5.3455305e+00
-1.3825000e+00 -4.9091643e+00 -4.4534431e+00 -5.1801363e+00 -4.2171587e+00 -4.0297509e+00 -4.1488260e+00 -4.4753213e+00 -5.0268082e+00 -6.1151092e+00 -5.8209639e+00
-1.3750000e+00 -5.0849638e+00 -4.3990624e+00 -5.1542540e+00 -4.3900734e+00 -4.0777175e+00 -4.1273125e+00 -4.3872280e+00 -4.8323458e+00 -5.6060464e+00 -6.5509911e+00
-1.3675000e+00 -5.2167960e+00 -4.3962554e+00 -4.8815011e+00 -4.6258165e+00 -4.1520908e+00 -4.1262201e+00 -4.3244676e+00 -4.6885984e+00 -5.2771403e+00 -6.1541312e+00
-1.3600000e+00 -5.2184361e+00 -4.4453515e+00 -4.6389617e+00 -4.9458420e+00 -4.2581763e+00 -4.1461571e+00 -4.2840108e+00 -4.5813033e+00 -5.0503197e+00 -5.5877542e+00
-1.3525000e+00 -5.1206390e+00 -4.5498375e+00 -4.4717482e+00 -5.3080335e+00 -4.4045280e+00 -4.1888069e+00 -4.2643738e+00 -4.5025913e+00 -4.8852205e+00 -5.2456217e+00
-1.3450000e+00 -5.0189782e+00 -4.7141811e+00 -4.3708666e+00 -5.3239072e+00 -4.6053589e+00 -4.2571868e+00 -4.2652374e+00 -4.4479910e+00 -4.7622707e+00 -5.0138770e+00
-1.3375000e+00 -4.9616773e+00 -4.9314469e+00 -4.3278044e+00 -4.9980325e+00 -4.8845758e+00 -4.3562249e+00 -4.2873199e+00 -4.4150672e+00 -4.6710698e+00 -4.8463486e+00
-1.3300000e+00 -4.9612717e+00 -5.1320231e+00 -4.3394510e+00 -4.7196704e+00 -5.2702041e+00 -4.4939307e+00 -4.3324479e+00 -4.4027746e+00 -4.6057740e+00 -4.7219670e+00
-1.3225000e+00 -5.0180968e+00 -5.1504808e+00 -4.4078367e+00 -4.5328042e+00 -5.6087582e+00 -4.6838018e+00 -4.4038531e+00 -4.4111745e+00 -4.5631054e+00 -4.6298110e+00
-1.3150000e+00 -5.1249203e+00 -5.0000059e+00 -4.5400323e+00 -4.4195798e+00 -5.3721756e+00 -4.9497768e+00 -4.5068234e+00 -4.4413808e+00 -4.5414268e+00 -4.5638179e+00
-1.3075000e+00 -5.2575116e+00 -4.8493459e+00 -4.7467062e+00 -4.3677221e+00 -5.0081805e+00 -5.3318101e+00 -4.6500460e+00 -4.4957099e+00 -4.5403118e+00 -4.5206068e+00
-1.3000000e+00 -5.3585627e+00 -4.7657447e+00 -5.0235880e+00 -4.3726562e+00 -4.7558631e+00 -5.7837503e+00 -4.8484760e+00 -4.5780978e+00 -4.5603933e+00 -4.4984891e+00
-1.2925000e+00 -5.3669194e+00 -4.7595610e+00 -5.2410208e+00 -4.4361600e+00 -4.5957622e+00 -5.6435817e+00 -5.1297173e+00 -4.6949824e+00 -4.6034195e+00 -4.4970153e+00
-1.2850000e+00 -5.3033816e+00 -4.8300953e+00 -5.1426725e+00 -4.5664797e+00 -4.5061284e+00 -5.2220717e+00 -5.5438949e+00 -4.8571660e+00 -4.6725397e+00 -4.5168147e+00
-1.2775000e+00 -5.2417101e+00 -4.9693219e+00 -4.9104573e+00 -4.7792913e+00 -4.4766771e+00 -4.9319229e+00 -6.0305881e+00 -5.0840081e+00 -4.7729516e+00 -4.5596525e+00
-1.2700000e+00 -5.2316194e+00 -5.1380287e+00 -4.7444678e+00 -5.0885069e+00 -4.5053027e+00 -4.7485080e+00 -5.7797665e+00 -5.4133990e+00 -4.9132566e+00 -4.6287263e+00
-1.2625000e+00 -5.2948917e+00 -5.2306158e+00 -4.6728511e+00 -5.3878407e+00 -4.5968769e+00 -4.6420088e+00 -5.3367841e+00 -5.9123858e+00 -5.1084506e+00 -4.7293449e+00
-1.2550000e+00 -5.4282232e+00 -5.1826664e+00 -4.6939339e+00 -5.2864216e+00 -4.7645709e+00 -4.5984374e+00 -5.0503503e+00 -6.2609704e+00 -5.3871427e+00 -4.8703769e+00
-1.2475000e+00 -5.5609823e+00 -5.0927590e+00 -4.8085267e+00 -4.9952362e+00 -5.0324944e+00 -4.6137206e+00 -4.8722884e+00 -5.7616111e+00 -5.8088181e+00 -5.0675480e+00
-1.2400000e+00 -5.5526174e+00 -5.0512923e+00 -5.0126507e+00 -4.7942673e+00 -5.4126180e+00 -4.6913888e+00 -4.7709419e+00 -5.3629015e+00 -6.3977006e+00 -5.3519854e+00
-1.2325000e+00 -5.4466224e+00 -5.0805827e+00 -5.2361176e+00 -4.7031585e+00 -5.6189499e+00 -4.8436419e+00 -4.7325838e+00 -5.1165756e+00 -6.1686844e+00 -5.7959499e+00
-1.2250000e+00 -5.4050548e+00 -5.1671456e+00 -5.2610443e+00 -4.7139251e+00 -5.3145994e+00 -5.0959417e+00 -4.7537453e+00 -4.9670242e+00 -5.6622208e+00 -6.5134633e+00
-1.2175000e+00 -5.4948894e+00 -5.2694731e+00 -5.0996363e+00 -4.8285845e+00 -5.0188027e+00 -5.4855058e+00 -4.8389391e+00 -4.8886626e+00 -5.3511698e+00 -6.2125265e+00
-1.2100000e+00 -5.6772199e+00 -5.3308080e+00 -4.9744631e+00 -5.0555946e+00 -4.8532241e+00 -5.8449432e+00 -5.0023511e+00 -4.8715980e+00 -5.1605693e+00 -5.6401444e+00
-1.2025000e+00 -5.7233029e+00 -5.3309629e+00 -4.9568221e+00 -5.3496727e+00 -4.8014316e+00 -5.5588070e+00 -5.2744501e+00 -4.9152821e+00 -5.0510493e+00 -5.3143284e+00
-1.1950000e+00 -5.5981058e+00 -5.3030582e+00 -5.0494114e+00 -5.4058735e+00 -4.8566252e+00 -5.2026207e+00 -5.7051571e+00 -5.0276539e+00 -5.0063411e+00 -5.1182601e+00
-1.1875000e+00 -5.5665649e+00 -5.2900087e+00 -5.2171793e+00 -5.1766306e+00 -5.0287696e+00 -4.9981081e+00 -6.0675281e+00 -5.2288932e+00 -5.0219056e+00 -5.0060447e+00
-1.1800000e+00 -5.6979713e+00 -5.3259192e+00 -5.3333894e+00 -5.0034575e+00 -5.3335162e+00 -4.9183316e+00 -5.6814327e+00 -5.5625671e+00 -5.1017403e+00 -4.9598516e+00
-1.1725000e+00 -5.8356842e+00 -5.4241597e+00 -5.2882132e+00 -4.9661432e+00 -5.6379950e+00 -4.9496123e+00 -5.3164135e+00 -6.0832090e+00 -5.2599989e+00 -4.9747474e+00
-1.1650000e+00 -5.7669737e+00 -5.5233549e+00 -5.2077121e+00 -5.0670053e+00 -5.4821115e+00 -5.1000087e+00 -5.1184604e+00 -6.1748616e+00 -5.5290618e+00 -5.0548852e+00
-1.1575000e+00 -5.7112177e+00 -5.4986967e+00 -5.2039449e+00 -5.2873709e+00 -5.2022912e+00 -5.3973189e+00 -5.0476641e+00 -5.6781316e+00 -5.9771858e+00 -5.2153978e+00
-1.1500000e+00 -5.8027837e+00 -5.4246591e+00 -5.2800348e+00 -5.4692289e+00 -5.0685315e+00 -5.7989056e+00 -5.0905956e+00 -5.3673086e+00 -6.4768933e+00 -5.4926099e+00
-1.1425000e+00 -5.9207332e+00 -5.4652261e+00 -5.3733674e+00 -5.3726711e+00 -5.0911912e+00 -5.7295507e+00 -5.2590826e+00 -5.2152742e+00 -6.0404463e+00 -5.9773769e+00
-1.1350000e+00 -5.8806405e+00 -5.6319194e+00 -5.4140555e+00 -5.2233088e+00 -5.2711814e+00 -5.3806889e+00 -5.5913100e+00 -5.1850984e+00 -5.6227257e+00 -6.6323869e+00
-1.1275000e+00 -5.8413425e+00 -5.6684210e+00 -5.4121392e+00 -5.2035812e+00 -5.5704869e+00 -5.1944259e+00 -6.0387267e+00 -5.2723278e+00 -5.4018089e+00 -6.0470146e+00
-1.1200000e+00 -5.9558609e+00 -5.5474866e+00 -5.4071856e+00 -5.3237127e+00 -5.6459214e+00 -5.1800392e+00 -5.8700384e+00 -5.5010461e+00 -5.3172085e+00 -5.5858296e+00
-1.1125000e+00 -6.0315868e+00 -5.5864933e+00 -5.4197307e+00 -5.4878749e+00 -5.4135193e+00 -5.3363390e+00 -5.4918781e+00 -5.9270556e+00 -5.3498666e+00 -5.3538618e+00
-1.1050000e+00 -5.9318572e+00 -5.7707875e+00 -5.4809652e+00 -5.4969177e+00 -5.2830874e+00 -5.6673065e+00 -5.3127000e+00 -6.2941059e+00 -5.5108962e+00 -5.2654272e+00
-1.0975000e+00 -6.0257395e+00 -5.7322881e+00 -5.5762998e+00 -5.4141270e+00 -5.3385138e+00 -5.8771660e+00 -5.3139987e+00 -5.8682140e+00 -5.8474387e+00 -5.2978412e+00
-1.0900000e+00 -6.1252428e+00 -5.6583199e+00 -5.5744968e+00 -5.4133573e+00 -5.5550603e+00 -5.5993919e+00 -5.4980277e+00 -5.5401860e+00 -6.3889764e+00 -5.4638323e+00
-1.0825000e+00 -6.0168015e+00 -5.7903005e+00 -5.5131733e+00 -5.4992386e+00 -5.7091328e+00 -5.3985823e+00 -5.8825434e+00 -5.4241699e+00 -6.2517011e+00 -5.8233978e+00
-1.0750000e+00 -6.1513283e+00 -5.8480124e+00 -5.5869054e+00 -5.5739024e+00 -5.5733822e+00 -5.4117529e+00 -6.0690584e+00 -5.4911884e+00 -5.7969230e+00 -6.4923591e+00
-1.0675000e+00 -6.1607023e+00 -5.7801444e+00 -5.7371374e+00 -5.5869979e+00 -5.4759595e+00 -5.6353914e+00 -5.7125685e+00 -5.7627810e+00 -5.5847925e+00 -6.2899825e+00
-1.0600000e+00 -6.1317700e+00 -5.8528445e+00 -5.6535420e+00 -5.5843650e+00 -5.5561197e+00 -5.9046832e+00 -5.5113687e+00 -6.2309716e+00 -5.5678577e+00 -5.7554772e+00
-1.0525000e+00 -6.2574521e+00 -5.9202925e+00 -5.6205040e+00 -5.5921996e+00 -5.7208872e+00 -5.7552958e+00 -5.5474420e+00 -6.1256489e+00 -5.7438421e+00 -5.5276204e+00
-1.0450000e+00 -6.2021632e+00 -5.8973752e+00 -5.8090430e+00 -5.6496470e+00 -5.7242296e+00 -5.5762055e+00 -5.8205053e+00 -5.7459721e+00 -6.1627034e+00 -5.5089026e+00
-1.0375000e+00 -6.2784080e+00 -5.9283712e+00 -5.7811642e+00 -5.7402460e+00 -5.6554734e+00 -5.6256750e+00 -6.1213964e+00 -5.6233670e+00 -6.4786120e+00 -5.6962928e+00
-1.0300000e+00 -6.3009133e+00 -6.0192441e+00 -5.7086928e+00 -5.7086122e+00 -5.6975056e+00 -5.8592386e+00 -5.8769331e+00 -5.7527664e+00 -6.0303720e+00 -6.1789457e+00
-1.0225000e+00 -6.3082049e+00 -5.9670146e+00 -5.8906796e+00 -5.6821283e+00 -5.7827365e+00 -5.9141660e+00 -5.6843539e+00 -6.1388961e+00 -5.7763735e+00 -6.6090565e+00
-1.0150000e+00 -6.3763096e+00 -6.0565993e+00 -5.8478302e+00 -5.8317851e+00 -5.8041125e+00 -5.7579136e+00 -5.7667553e+00 -6.2704345e+00 -5.7895114e+00 -5.9944631e+00
-1.0075000e+00 -6.3689569e+00 -6.0695805e+00 -5.8312738e+00 -5.8398436e+00 -5.8192303e+00 -5.7731217e+00 -6.0672494e+00 -5.9099961e+00 -6.0747982e+00 -5.7097593e+00
-1.0000000e+00 -6.4235290e+00 -6.0728687e+00 -5.9685054e+00 -5.7512614e+00 -5.8319412e+00 -5.9392396e+00 -6.0742123e+00 -5.8026524e+00 -6.5078015e+00 -5.7250116e+00
-9.9250000e-01 -6.4448860e+00 -6.1603609e+00 -5.9067583e+00 -5.9339113e+00 -5.8653852e+00 -5.9558559e+00 -5.8612259e+00 -6.0038676e+00 -6.2048825e+00 -6.0538988e+00
-9.8500000e-01 -6.4696831e+00 -6.1216966e+00 -5.9714116e+00 -5.9098646e+00 -5.9555946e+00 -5.8931835e+00 -5.9042728e+00 -6.3462922e+00 -5.9388428e+00 -6.6592694e+00
-9.7750000e-01 -6.5199873e+00 -6.2180317e+00 -6.0138438e+00 -5.8520865e+00 -5.9207554e+00 -5.9581747e+00 -6.1411645e+00 -6.1263304e+00 -6.0003948e+00 -6.1764255e+00
-9.7000000e-01 -6.5045678e+00 -6.1908911e+00 -6.0086802e+00 -6.0590351e+00 -5.9283556e+00 -6.0223611e+00 -6.1027943e+00 -5.9575607e+00 -6.3734603e+00 -5.8600792e+00
-9.6250000e-01 -6.6098919e+00 -6.2677210e+00 -6.0734243e+00 -5.9241840e+00 -6.0822988e+00 -6.0297242e+00 -5.9943543e+00 -6.1261835e+00 -6.4440544e+00 -5.9364053e+00
-9.5500000e-01 -6.5743279e+00 -6.2527071e+00 -6.0812587e+00 -6.0372711e+00 -5.9800650e+00 -6.0539134e+00 -6.1173086e+00 -6.3775706e+00 -6.1198979e+00 -6.4343426e+00
-9.4750000e-01 -6.6089067e+00 -6.3362201e+00 -6.1193417e+00 -6.0579430e+00 -6.0501132e+00 -6.0683569e+00 -6.2056474e+00 -6.1701146e+00 -6.1317062e+00 -6.4876943e+00
-9.4000000e-01 -6.6843245e+00 -6.3064584e+00 -6.1471859e+00 -6.0436800e+00 -6.1598165e+00 -6.1518394e+00 -6.1345460e+00 -6.1293002e+00 -6.4661975e+00 -6.0321535e+00
-9.3250000e-01 -6.6709332e+00 -6.3773646e+00 -6.1862439e+00 -6.1421950e+00 -6.0345443e+00 -6.1404202e+00 -6.1924311e+00 -6.3600226e+00 -6.4401021e+00 -6.0583089e+00
-9.2500000e-01 -6.6971167e+00 -6.4173062e+00 -6.1876859e+00 -6.1052349e+00 -6.2503191e+00 -6.1436837e+00 -6.2497757e+00 -6.3313804e+00 -6.2232074e+00 -6.5623010e+00
-9.1750000e-01 -6.7692266e+00 -6.3904477e+00 -6.2742250e+00 -6.1855758e+00 -6.1138449e+00 -6.2830804e+00 -6.2594119e+00 -6.2441987e+00 -6.3753544e+00 -6.4311302e+00
-9.1000000e-01 -6.8017148e+00 -6.4724767e+00 -6.2298953e+00 -6.1841758e+00 -6.2575981e+00 -6.1706066e+00 -6.2849118e+00 -6.3979266e+00 -6.5726296e+00 -6.1145282e+00
-9.0250000e-01 -6.8017676e+00 -6.4906084e+00 -6.3309143e+00 -6.2291513e+00 -6.2125416e+00 -6.3248734e+00 -6.3111591e+00 -6.4018031e+00 -6.3735715e+00 -6.3637002e+00
-8.9500000e-01 -6.8172173e+00 -6.5027610e+00 -6.3124945e+00 -6.2480874e+00 -6.2856810e+00 -6.2771171e+00 -6.3873763e+00 -6.3777423e+00 -6.4388784e+00 -6.6762888e+00
-8.8750000e-01 -6.8538447e+00 -6.5677594e+00 -6.3664281e+00 -6.3045044e+00 -6.2858636e+00 -6.3203315e+00 -6.3328156e+00 -6.4657698e+00 -6.6053284e+00 -6.2527820e+00
-8.8000000e-01 -6.8957037e+00 -6.5910557e+00 -6.3838026e+00 -6.2767761e+00 -6.3432281e+00 -6.3883777e+00 -6.4631041e+00 -6.4694036e+00 -6.4850430e+00 -6.4024842e+00
-8.7250000e-01 -6.9321221e+00 -6.5832295e+00 -6.4006129e+00 -6.3993028e+00 -6.3444669e+00 -6.3506747e+00 -6.4080364e+00 -6.5062747e+00 -6.5630415e+00 -6.7154181e+00
-8.6500000e-01 -6.9647217e+00 -6.6068443e+00 -6.4832706e+00 -6.3416503e+00 -6.3993426e+00 -6.4592963e+00 -6.4850400e+00 -6.5174986e+00 -6.6291618e+00 -6.3430345e+00
-8.5750000e-01 -6.9994374e+00 -6.6576298e+00 -6.4888451e+00 -6.3933220e+00 -6.4187790e+00 -6.4196948e+00 -6.5044842e+00 -6.5983092e+00 -6.6005920e+00 -6.5872168e+00
-8.5000000e-01 -7.0318423e+00 -6.7051144e+00 -6.4736687e+00 -6.4796319e+00 -6.4399643e+00 -6.4905966e+00 -6.5170947e+00 -6.5490609e+00 -6.6626057e+00 -6.6339515e+00
-8.4250000e-01 -7.0526989e+00 -6.7377665e+00 -6.5200918e+00 -6.4447780e+00 -6.4811112e+00 -6.5180040e+00 -6.5759099e+00 -6.6810856e+00 -6.6941958e+00 -6.4571605e+00
-8.3500000e-01 -7.0766344e+00 -6.7639486e+00 -6.5809919e+00 -6.4797723e+00 -6.5359946e+00 -6.5109566e+00 -6.5859414e+00 -6.5990898e+00 -6.7060830e+00 -6.8154796e+00
-8.2750000e-01 -7.1023168e+00 -6.7928295e+00 -6.6080047e+00 -6.5332885e+00 -6.4933892e+00 -6.6035141e+00 -6.6058032e+00 -6.7505451e+00 -6.7482566e+00 -6.5264747e+00
-8.2000000e-01 -7.1206066e+00 -6.8244383e+00 -6.6180378e+00 -6.5483625e+00 -6.5851394e+00 -6.5765464e+00 -6.6954248e+00 -6.6487571e+00 -6.7860863e+00 -6.7863553e+00
-8.1250000e-01 -7.1633335e+00 -6.8516297e+00 -6.6363949e+00 -6.5848306e+00 -6.6484392e+00 -6.6344370e+00 -6.6190702e+00 -6.8327413e+00 -6.7857994e+00 -6.6420720e+00
-8.0500000e-01 -7.2020438e+00 -6.8760163e+00 -6.6651875e+00 -6.6411251e+00 -6.5955454e+00 -6.6509369e+00 -6.7893342e+00 -6.6906655e+00 -6.8632844e+00 -6.7854646e+00
-7.9750000e-01 -7.2295689e+00 -6.9151776e+00 -6.6972606e+00 -6.6754942e+00 -6.6225031e+00 -6.7093746e+00 -6.6965069e+00 -6.9064952e+00 -6.8434940e+00 -6.7234118e+00
-7.9000000e-01 -7.2469773e+00 -6.9578281e+00 -6.7294779e+00 -6.6868734e+00 -6.7064203e+00 -6.7178850e+00 -6.7720515e+00 -6.7685879e+00 -6.9037287e+00 -6.8486608e+00
-7.8250000e-01 -7.2912955e+00 -6.9711800e+00 -6.7650918e+00 -6.6994191e+00 -6.7456432e+00 -6.7067885e+00 -6.8298987e+00 -6.8834324e+00 -6.9491803e+00 -6.7600408e+00
-7.7500000e-01 -7.3087520e+00 -6.9915379e+00 -6.8051843e+00 -6.7239754e+00 -6.7519607e+00 -6.7872120e+00 -6.8139623e+00 -6.9387093e+00 -6.8973846e+00 -6.9597904e+00
-7.6750000e-01 -7.3479789e+00 -7.0092680e+00 -6.8359474e+00 -6.7577519e+00 -6.7753190e+00 -6.8671996e+00 -6.8611624e+00 -6.8551987e+00 -7.0950315e+00 -6.7843541e+00
-7.6000000e-01 -7.3705939e+00 -7.0673364e+00 -6.8485168e+00 -6.7931042e+00 -6.8188111e+00 -6.8578786e+00 -6.8809536e+00 -6.9933311e+00 -6.9314866e+00 -7.0402142e+00
-7.5250000e-01 -7.4163009e+00 -7.0872588e+00 -6.8798592e+00 -6.8209996e+00 -6.8658410e+00 -6.8372518e+00 -6.9141118e+00 -7.0119834e+00 -7.0805957e+00 -6.8839689e+00
-7.4500000e-01 -7.4307430e+00 -7.1071831e+00 -6.9383837e+00 -6.8373050e+00 -6.9065503e+00 -6.8573652e+00 -6.9845959e+00 -6.9785062e+00 -7.1346292e+00 -6.9550655e+00
-7.3750000e-01 -7.4774212e+00 -7.1596030e+00 -6.9667046e+00 -6.8558130e+00 -6.9394862e+00 -6.9038082e+00 -7.0162940e+00 -7.0370664e+00 -7.0293657e+00 -7.1189709e+00
-7.3000000e-01 -7.5293851e+00 -7.1597103e+00 -6.9947014e+00 -6.9001145e+00 -6.9638503e+00 -6.9513347e+00 -7.0013164e+00 -7.0819280e+00 -7.1457338e+00 -6.9462058e+00
-7.2250000e-01 -7.5594127e+00 -7.2127180e+00 -6.9987561e+00 -6.9542446e+00 -6.9785098e+00 -6.9898567e+00 -6.9961060e+00 -7.0996874e+00 -7.2318451e+00 -7.0505683e+00
-7.1500000e-01 -7.5258422e+00 -7.2250770e+00 -7.0658579e+00 -6.9803544e+00 -6.9912410e+00 -7.0234458e+00 -7.0197150e+00 -7.1425173e+00 -7.1817650e+00 -7.2180095e+00
-7.0750000e-01 -7.4736478e+00 -7.2762714e+00 -7.0710107e+00 -7.0183344e+00 -7.0197186e+00 -7.0604318e+00 -7.0600205e+00 -7.1968619e+00 -7.1926515e+00 -7.0993496e+00
-7.0000000e-01 -7.6963287e+00 -7.3009084e+00 -7.1033670e+00 -7.0228089e+00 -7.0578720e+00 -7.1053400e+00 -7.1023287e+00 -7.2302269e+00 -7.2557517e+00 -7.0674531e+00
-6.5000000e-01 -7.7697617e+00 -7.4866980e+00 -7.3103584e+00 -7.2478413e+00 -7.2450697e+00 -7.2629238e+00 -7.3353657e+00 -7.3751764e+00 -7.5206365e+00 -7.3653885e+00
-6.0000000e-01 -8.0781121e+00 -7.7124010e+00 -7.4996218e+00 -7.4458544e+00 -7.4346936e+00 -7.4781261e+00 -7.5565743e+00 -7.5597749e+00 -7.6505181e+00 -7.5621008e+00
-5.5000000e-01 -8.1407201e+00 -7.9238491e+00 -7.7122619e+00 -7.6222644e+00 -7.6598948e+00 -7.6638223e+00 -7.7476790e+00 -7.7807367e+00 -7.8791723e+00 -7.7161496e+00
-5.0000000e-01 -8.4255201e+00 -8.0769685e+00 -7.9133944e+00 -7.8276089e+00 -7.8541644e+00 -7.8856883e+00 -7.9280606e+00 -7.9749784e+00 -8.0634993e+00 -7.9701326e+00
-4.0000000e-01 -8.8617209e+00 -8.5264803e+00 -8.3085729e+00 -8.3575776e+00 -8.4315862e+00 -8.1656742e+00 -8.3371515e+00 -8.3945666e+00 -8.4457275e+00 -8.3693715e+00
-2.0000000e-01 -9.5193369e+00 -9.3544475e+00 -9.0859575e+00 -9.1051989e+00 -9.0134476e+00 -9.0726552e+00 -9.2340597e+00 -9.1994857e+00 -9.2602549e+00 -9.1540370e+00
0.0000000e+00 -1.0421431e+01 -1.0097599e+01 -9.9531495e+00 -9.7595396e+00 -9.9346148e+00 -9.8480534e+00 -9.9538024e+00 -1.0058285e+01 -1.0137864e+01 -9.8863103e+00
2.0000000e-01 -1.1228960e+01 -1.0914790e+01 -1.0689095e+01 -1.0580645e+01 -1.0763084e+01 -1.0697717e+01 -1.0708388e+01 -1.0764536e+01 -1.0831059e+01 -1.0824137e+01
4.0000000e-01 -1.2007631e+01 -1.1736673e+01 -1.1473573e+01 -1.1393438e+01 -1.1398234e+01 -1.1447583e+01 -1.1595504e+01 -1.1607312e+01 -1.1759416e+01 -1.1609678e+01
6.0000000e-01 -1.2784232e+01 -1.2593517e+01 -1.2325322e+01 -1.2204010e+01 -1.2237242e+01 -1.2316340e+01 -1.2343773e+01 -1.2384457e+01 -1.2420888e+01 -1.2254742e+01
8.0000000e-01 -1.3593232e+01 -1.3191493e+01 -1.3151008e+01 -1.3139044e+01 -1.3053675e+01 -1.3108906e+01 -1.3181892e+01 -1.3186965e+01 -1.3219725e+01 -1.3244289e+01
1.0000000e+00 -1.4376993e+01 -1.4088749e+01 -1.3861048e+01 -1.3885033e+01 -1.3844538e+01 -1.3820998e+01 -1.3930133e+01 -1.3962057e+01 -1.4113384e+01 -1.3878125e+01
1.2000000e+00 -1.5181139e+01 -1.4942497e+01 -1.4723876e+01 -1.4570562e+01 -1.4642096e+01 -1.4686868e+01 -1.4626887e+01 -1.4741887e+01 -1.4835437e+01 -1.4745050e+01
1.4000000e+00 -1.6104767e+01 -1.5788910e+01 -1.5391306e+01 -1.5427415e+01 -1.5477603e+01 -1.5495284e+01 -1.5469209e+01 -1.5634799e+01 -1.5630469e+01 -1.5517043e+01
1.6000000e+00 -1.6826354e+01 -1.6432370e+01 -1.6250819e+01 -1.6373757e+01 -1.6295756e+01 -1.6329816e+01 -1.6502289e+01 -1.6381324e+01 -1.6419358e+01 -1.6321684e+01
1.8000000e+00 -1.7721839e+01 -1.7337268e+01 -1.7175676e+01 -1.7043712e+01 -1.7019382e+01 -1.7223467e+01 -1.7174988e+01 -1.7171236e+01 -1.7347272e+01 -1.7185877e+01
2.0000000e+00 -1.8503184e+01 -1.8147508e+01 -1.7853000e+01 -1.7775369e+01 -1.7879527e+01 -1.7960623e+01 -1.7972997e+01 -1.8012001e+01 -1.8013760e+01 -1.7897945e+01