########################################################################
# Reference Counts for Solar Model AGSS09met                           #
# Column 1: log10(Axion mass in eV)                                    #
#        n>1: log10(Reference photon counts in energy bin n-1)         #
########################################################################
-3.0000000e+00 -7.0624056e-01 -4.4015948e-01 -3.2504152e-01 -3.4122592e-01 -4.6269957e-01 -5.9916787e-01 -7.4463438e-01 -9.3591891e-01 -1.2128326e+00 -1.5849961e+00
-2.8000000e+00 -7.0626102e-01 -4.4017344e-01 -3.2505151e-01 -3.4123352e-01 -4.6270548e-01 -5.9917260e-01 -7.4463825e-01 -9.3592214e-01 -1.2128353e+00 -1.5849984e+00
-2.6000000e+00 -7.0639013e-01 -4.4026155e-01 -3.2511450e-01 -3.4128144e-01 -4.6274279e-01 -5.9920243e-01 -7.4466267e-01 -9.3594252e-01 -1.2128526e+00 -1.5850133e+00
-2.4000000e+00 -7.0720491e-01 -4.4081753e-01 -3.2551201e-01 -3.4158387e-01 -4.6297821e-01 -5.9939066e-01 -7.4481673e-01 -9.3607112e-01 -1.2129617e+00 -1.5851069e+00
-2.2000000e+00 -7.1235242e-01 -4.4432869e-01 -3.2802173e-01 -3.4349300e-01 -4.6446420e-01 -6.0057869e-01 -7.4578907e-01 -9.3688272e-01 -1.2136501e+00 -1.5856981e+00
-2.1500000e+00 -7.1593694e-01 -4.4677234e-01 -3.2976777e-01 -3.4482090e-01 -4.6549763e-01 -6.0140480e-01 -7.4646514e-01 -9.3744700e-01 -1.2141287e+00 -1.5861090e+00
-2.1000000e+00 -7.2162942e-01 -4.5065067e-01 -3.3253786e-01 -3.4692712e-01 -4.6713649e-01 -6.0271474e-01 -7.4753707e-01 -9.3834162e-01 -1.2148874e+00 -1.5867605e+00
-2.0500000e+00 -7.3068023e-01 -4.5681106e-01 -3.3693521e-01 -3.5026936e-01 -4.6973641e-01 -6.0479245e-01 -7.4923704e-01 -9.3976024e-01 -1.2160905e+00 -1.5877934e+00
-2.0000000e+00 -7.4509811e-01 -4.6660921e-01 -3.4392235e-01 -3.5557680e-01 -4.7386329e-01 -6.0808942e-01 -7.5193402e-01 -9.4201050e-01 -1.2179986e+00 -1.5894315e+00
-1.9500000e+00 -7.6813670e-01 -4.8222631e-01 -3.5504141e-01 -3.6401471e-01 -4.8041984e-01 -6.1332494e-01 -7.5621524e-01 -9.4558166e-01 -1.2210261e+00 -1.5920303e+00
-1.9000000e+00 -8.0513703e-01 -5.0720376e-01 -3.7277920e-01 -3.7745445e-01 -4.9085154e-01 -6.2164839e-01 -7.6301774e-01 -9.5125356e-01 -1.2258330e+00 -1.5961553e+00
-1.8500000e+00 -8.6506462e-01 -5.4737808e-01 -4.0118848e-01 -3.9892539e-01 -5.0748733e-01 -6.3490552e-01 -7.7384263e-01 -9.6027327e-01 -1.2334732e+00 -1.6027091e+00
-1.8475000e+00 -8.6890232e-01 -5.4993867e-01 -4.0299407e-01 -4.0028770e-01 -5.0854161e-01 -6.3574499e-01 -7.7452768e-01 -9.6084383e-01 -1.2339564e+00 -1.6031235e+00
-1.8400000e+00 -8.8100424e-01 -5.5800356e-01 -4.0867690e-01 -4.0457356e-01 -5.1185744e-01 -6.3838467e-01 -7.7668147e-01 -9.6263746e-01 -1.2354750e+00 -1.6044257e+00
-1.8325000e+00 -8.9404684e-01 -5.6667864e-01 -4.1478273e-01 -4.0917536e-01 -5.1541604e-01 -6.4121671e-01 -7.7899167e-01 -9.6456102e-01 -1.2371035e+00 -1.6058221e+00
-1.8250000e+00 -9.0811001e-01 -5.7601292e-01 -4.2134442e-01 -4.1411715e-01 -5.1923565e-01 -6.4425540e-01 -7.8146983e-01 -9.6662405e-01 -1.2388498e+00 -1.6073192e+00
-1.8175000e+00 -9.2328161e-01 -5.8605984e-01 -4.2839762e-01 -4.1942495e-01 -5.2333593e-01 -6.4751615e-01 -7.8412838e-01 -9.6883680e-01 -1.2407226e+00 -1.6089246e+00
-1.8100000e+00 -9.3965848e-01 -5.9687774e-01 -4.3598099e-01 -4.2512688e-01 -5.2773811e-01 -6.5101558e-01 -7.8698069e-01 -9.7121033e-01 -1.2427311e+00 -1.6106461e+00
-1.8025000e+00 -9.5734762e-01 -6.0853039e-01 -4.4413658e-01 -4.3125343e-01 -5.3246514e-01 -6.5477159e-01 -7.9004119e-01 -9.7375650e-01 -1.2448853e+00 -1.6124923e+00
-1.7950000e+00 -9.7646760e-01 -6.2108761e-01 -4.5291010e-01 -4.3783761e-01 -5.3754178e-01 -6.5880350e-01 -7.9332539e-01 -9.7648810e-01 -1.2471959e+00 -1.6144723e+00
-1.7875000e+00 -9.9715015e-01 -6.3462603e-01 -4.6235134e-01 -4.4491521e-01 -5.4299485e-01 -6.6313217e-01 -7.9685003e-01 -9.7941891e-01 -1.2496746e+00 -1.6165958e+00
-1.7800000e+00 -1.0195422e+00 -6.4922986e-01 -4.7251460e-01 -4.5252513e-01 -5.4885336e-01 -6.6778012e-01 -8.0063317e-01 -9.8256375e-01 -1.2523337e+00 -1.6188736e+00
-1.7725000e+00 -1.0438081e+00 -6.6499190e-01 -4.8345920e-01 -4.6070960e-01 -5.5514872e-01 -6.7277169e-01 -8.0469428e-01 -9.8593862e-01 -1.2551866e+00 -1.6213170e+00
-1.7650000e+00 -1.0701326e+00 -6.8201461e-01 -4.9524999e-01 -4.6951458e-01 -5.6191500e-01 -6.7813319e-01 -8.0905438e-01 -9.8956075e-01 -1.2582478e+00 -1.6239381e+00
-1.7575000e+00 -1.0987241e+00 -7.0041146e-01 -5.0795805e-01 -4.7899013e-01 -5.6918917e-01 -6.8389312e-01 -8.1373618e-01 -9.9344872e-01 -1.2615327e+00 -1.6267503e+00
-1.7500000e+00 -1.1298192e+00 -7.2030846e-01 -5.2166143e-01 -4.8919088e-01 -5.7701135e-01 -6.9008232e-01 -8.1876422e-01 -9.9762259e-01 -1.2650582e+00 -1.6297677e+00
-1.7425000e+00 -1.1636875e+00 -7.4184603e-01 -5.3644596e-01 -5.0017648e-01 -5.8542521e-01 -6.9673422e-01 -8.2416504e-01 -1.0021040e+00 -1.2688422e+00 -1.6330056e+00
-1.7350000e+00 -1.2006386e+00 -7.6518116e-01 -5.5240629e-01 -5.1201219e-01 -5.9447823e-01 -7.0388508e-01 -8.2996736e-01 -1.0069164e+00 -1.2729043e+00 -1.6364806e+00
-1.7275000e+00 -1.2410306e+00 -7.9049011e-01 -5.6964705e-01 -5.2476955e-01 -6.0422222e-01 -7.1157430e-01 -8.3620229e-01 -1.0120851e+00 -1.2772655e+00 -1.6402103e+00
-1.7200000e+00 -1.2852802e+00 -8.1797164e-01 -5.8828419e-01 -5.3852711e-01 -6.1471368e-01 -7.1984468e-01 -8.4290355e-01 -1.0176374e+00 -1.2819486e+00 -1.6442139e+00
-1.7125000e+00 -1.3338775e+00 -8.4785098e-01 -6.0844664e-01 -5.5337134e-01 -6.2601441e-01 -7.2874281e-01 -8.5010773e-01 -1.0236029e+00 -1.2869780e+00 -1.6485123e+00
-1.7050000e+00 -1.3874043e+00 -8.8038479e-01 -6.3027821e-01 -5.6939757e-01 -6.3819206e-01 -7.3831948e-01 -8.5785457e-01 -1.0300138e+00 -1.2923803e+00 -1.6531277e+00
-1.6975000e+00 -1.4465588e+00 -9.1586735e-01 -6.5393996e-01 -5.8671123e-01 -6.5132083e-01 -7.4863008e-01 -8.6618726e-01 -1.0369049e+00 -1.2981843e+00 -1.6580844e+00
-1.6900000e+00 -1.5121897e+00 -9.5463838e-01 -6.7961293e-01 -6.0542926e-01 -6.6548229e-01 -7.5973515e-01 -8.7515283e-01 -1.0443138e+00 -1.3044212e+00 -1.6634084e+00
-1.6825000e+00 -1.5853437e+00 -9.9709322e-01 -7.0750164e-01 -6.2568168e-01 -6.8076629e-01 -7.7170097e-01 -8.8480255e-01 -1.0522818e+00 -1.3111245e+00 -1.6691280e+00
-1.6750000e+00 -1.6673314e+00 -1.0436959e+00 -7.3783830e-01 -6.4761366e-01 -6.9727206e-01 -7.8460021e-01 -8.9519233e-01 -1.0608534e+00 -1.3183311e+00 -1.6752740e+00
-1.6675000e+00 -1.7598228e+00 -1.0949967e+00 -7.7088809e-01 -6.7138780e-01 -7.1510943e-01 -7.9851271e-01 -9.0638333e-01 -1.0700773e+00 -1.3260806e+00 -1.6818794e+00
-1.6600000e+00 -1.8649841e+00 -1.1516555e+00 -8.0695580e-01 -6.9718707e-01 -7.3440038e-01 -8.1352639e-01 -9.1844248e-01 -1.0800064e+00 -1.3344164e+00 -1.6889803e+00
-1.6525000e+00 -1.9856737e+00 -1.2144739e+00 -8.4639430e-01 -7.2521828e-01 -7.5528077e-01 -8.2973828e-01 -9.3144322e-01 -1.0906988e+00 -1.3433853e+00 -1.6966158e+00
-1.6450000e+00 -2.1257010e+00 -1.2844403e+00 -8.8961555e-01 -7.5571646e-01 -7.7790252e-01 -8.4725577e-01 -9.4546625e-01 -1.1022176e+00 -1.3530389e+00 -1.7048285e+00
-1.6375000e+00 -2.2900770e+00 -1.3627941e+00 -9.3710499e-01 -7.8895024e-01 -8.0243614e-01 -8.6619801e-01 -9.6060045e-01 -1.1146325e+00 -1.3634331e+00 -1.7136645e+00
-1.6300000e+00 -2.4847547e+00 -1.4511201e+00 -9.8944076e-01 -8.2522872e-01 -8.2907385e-01 -8.8669767e-01 -9.7694395e-01 -1.1280194e+00 -1.3746290e+00 -1.7231744e+00
-1.6225000e+00 -2.7132807e+00 -1.5514891e+00 -1.0473198e+00 -8.6491024e-01 -8.5803348e-01 -9.0890297e-01 -9.9460541e-01 -1.1424623e+00 -1.3866939e+00 -1.7334132e+00
-1.6150000e+00 -2.9587529e+00 -1.6666746e+00 -1.1115944e+00 -9.0841372e-01 -8.8956318e-01 -9.3298015e-01 -1.0137054e+00 -1.1580535e+00 -1.3997011e+00 -1.7444409e+00
-1.6075000e+00 -3.1273740e+00 -1.8004876e+00 -1.1833231e+00 -9.5623364e-01 -9.2394744e-01 -9.5911647e-01 -1.0343784e+00 -1.1748952e+00 -1.4137315e+00 -1.7563235e+00
-1.6000000e+00 -3.0784149e+00 -1.9582864e+00 -1.2638464e+00 -1.0089601e+00 -9.6151471e-01 -9.8752392e-01 -1.0567744e+00 -1.1931005e+00 -1.4288742e+00 -1.7691330e+00
-1.5925000e+00 -2.8822910e+00 -2.1476337e+00 -1.3548984e+00 -1.0673062e+00 -1.0026472e+00 -1.0184438e+00 -1.0810621e+00 -1.2127952e+00 -1.4452274e+00 -1.7829488e+00
-1.5850000e+00 -2.6769186e+00 -2.3783485e+00 -1.4587810e+00 -1.1321462e+00 -1.0477937e+00 -1.0521523e+00 -1.1074313e+00 -1.2341198e+00 -1.4629001e+00 -1.7978583e+00
-1.5775000e+00 -2.5047415e+00 -2.6561312e+00 -1.5786409e+00 -1.2045703e+00 -1.0974865e+00 -1.0889680e+00 -1.1360974e+00 -1.2572313e+00 -1.4820132e+00 -1.8139577e+00
-1.5700000e+00 -2.3679627e+00 -2.9357477e+00 -1.7189284e+00 -1.2859647e+00 -1.1523647e+00 -1.1292610e+00 -1.1673055e+00 -1.2823064e+00 -1.5027012e+00 -1.8313539e+00
-1.5625000e+00 -2.2616937e+00 -3.0067985e+00 -1.8861707e+00 -1.3781332e+00 -1.2132055e+00 -1.1734653e+00 -1.2013365e+00 -1.3095447e+00 -1.5251148e+00 -1.8501650e+00
-1.5550000e+00 -2.1813135e+00 -2.7972627e+00 -2.0902315e+00 -1.4834875e+00 -1.2809699e+00 -1.2220945e+00 -1.2385148e+00 -1.3391727e+00 -1.5494231e+00 -1.8705230e+00
-1.5475000e+00 -2.1235260e+00 -2.5417840e+00 -2.3457028e+00 -1.6053579e+00 -1.3568670e+00 -1.2757640e+00 -1.2792177e+00 -1.3714491e+00 -1.5758165e+00 -1.8925752e+00
-1.5400000e+00 -2.0862523e+00 -2.3308263e+00 -2.6667117e+00 -1.7485226e+00 -1.4424519e+00 -1.3352208e+00 -1.3238881e+00 -1.4066712e+00 -1.6045111e+00 -1.9164865e+00
-1.5325000e+00 -2.0684020e+00 -2.1668205e+00 -2.9945470e+00 -1.9201441e+00 -1.5397760e+00 -1.4013853e+00 -1.3730513e+00 -1.4451835e+00 -1.6357529e+00 -1.9424432e+00
-1.5250000e+00 -2.0697128e+00 -2.0406498e+00 -2.9970006e+00 -2.1314496e+00 -1.6516299e+00 -1.4754129e+00 -1.4273378e+00 -1.4873879e+00 -1.6698242e+00 -1.9706559e+00
-1.5175000e+00 -2.0906783e+00 -1.9448145e+00 -2.6954679e+00 -2.4003034e+00 -1.7819509e+00 -1.5587840e+00 -1.4875144e+00 -1.5337584e+00 -1.7070508e+00 -2.0013643e+00
-1.5100000e+00 -2.1325600e+00 -1.8742995e+00 -2.4113594e+00 -2.7488106e+00 -1.9365490e+00 -1.6534445e+00 -1.5545288e+00 -1.5848597e+00 -1.7478119e+00 -2.0348432e+00
-1.5025000e+00 -2.1974781e+00 -1.8259814e+00 -2.1943293e+00 -3.1176255e+00 -2.1244641e+00 -1.7620302e+00 -1.6295741e+00 -1.6413734e+00 -1.7925532e+00 -2.0714090e+00
-1.4950000e+00 -2.2885672e+00 -1.7981041e+00 -2.0303442e+00 -3.0765480e+00 -2.3605947e+00 -1.8882451e+00 -1.7141855e+00 -1.7041340e+00 -1.8418035e+00 -2.1114301e+00
-1.4875000e+00 -2.4101039e+00 -1.7899578e+00 -1.9059236e+00 -2.7232417e+00 -2.6701064e+00 -2.0375343e+00 -1.8103904e+00 -1.7741804e+00 -1.8961980e+00 -2.1553378e+00
-1.4800000e+00 -2.5671416e+00 -1.8017220e+00 -1.8123555e+00 -2.4245325e+00 -3.0811137e+00 -2.2183627e+00 -1.9209524e+00 -1.8528327e+00 -1.9565102e+00 -2.2036436e+00
-1.4725000e+00 -2.7625220e+00 -1.8344406e+00 -1.7442904e+00 -2.2037527e+00 -3.4036825e+00 -2.4448070e+00 -2.0497864e+00 -1.9418075e+00 -2.0236976e+00 -2.2569600e+00
-1.4650000e+00 -2.9825693e+00 -1.8901187e+00 -1.6985507e+00 -2.0389854e+00 -3.1181119e+00 -2.7418941e+00 -2.2027130e+00 -2.0434025e+00 -2.0989674e+00 -2.3160313e+00
-1.4575000e+00 -3.1538000e+00 -1.9719587e+00 -1.6734349e+00 -1.9147311e+00 -2.7377039e+00 -3.1511065e+00 -2.3889270e+00 -2.1608009e+00 -2.1838763e+00 -2.3817757e+00
-1.4500000e+00 -3.1497617e+00 -2.0847621e+00 -1.6683491e+00 -1.8216845e+00 -2.4602544e+00 -3.6038457e+00 -2.6241045e+00 -2.2986077e+00 -2.2804865e+00 -2.4553469e+00
-1.4425000e+00 -2.9994786e+00 -2.2354372e+00 -1.6836491e+00 -1.7543083e+00 -2.2587936e+00 -3.4047809e+00 -2.9373443e+00 -2.4638575e+00 -2.3916196e+00 -2.5382267e+00
-1.4350000e+00 -2.8322270e+00 -2.4328668e+00 -1.7206421e+00 -1.7093757e+00 -2.1087960e+00 -2.9700477e+00 -3.3812158e+00 -2.6680779e+00 -2.5212957e+00 -2.6323677e+00
-1.4275000e+00 -2.7032210e+00 -2.6820293e+00 -1.7817444e+00 -1.6851937e+00 -1.9961336e+00 -2.6594560e+00 -3.8586405e+00 -2.9319441e+00 -2.6755412e+00 -2.7404265e+00
-1.4200000e+00 -2.6220413e+00 -2.9447543e+00 -1.8708433e+00 -1.6812116e+00 -1.9126833e+00 -2.4390339e+00 -3.5397321e+00 -3.2964211e+00 -2.8640050e+00 -2.8661604e+00
-1.4125000e+00 -2.5880037e+00 -3.0400122e+00 -1.9939652e+00 -1.6978622e+00 -1.8537115e+00 -2.2768034e+00 -3.0888943e+00 -3.8300900e+00 -3.1035389e+00 -3.0151527e+00
-1.4050000e+00 -2.6000805e+00 -2.8720779e+00 -2.1603825e+00 -1.7365769e+00 -1.8165521e+00 -2.1553655e+00 -2.7824372e+00 -4.0911963e+00 -3.4270945e+00 -3.1962472e+00
-1.3975000e+00 -2.6587343e+00 -2.6486152e+00 -2.3837866e+00 -1.7999772e+00 -1.7999434e+00 -2.0650517e+00 -2.5665683e+00 -3.5553763e+00 -3.9048904e+00 -3.4246992e+00
-1.3900000e+00 -2.7652298e+00 -2.4745512e+00 -2.6776456e+00 -1.8923087e+00 -1.8037169e+00 -2.0003100e+00 -2.4079880e+00 -3.1531538e+00 -4.4859061e+00 -3.7300513e+00
-1.3825000e+00 -2.9175482e+00 -2.3606112e+00 -2.9943408e+00 -2.0202773e+00 -1.8287029e+00 -1.9579895e+00 -2.2894898e+00 -2.8836213e+00 -4.0621247e+00 -4.1778828e+00
-1.3750000e+00 -3.0959163e+00 -2.3020020e+00 -3.0356501e+00 -2.1945750e+00 -1.8768194e+00 -1.9365055e+00 -2.2016546e+00 -2.6912850e+00 -3.5701724e+00 -4.8426187e+00
-1.3675000e+00 -3.2320133e+00 -2.2953031e+00 -2.7671933e+00 -2.4321897e+00 -1.9513711e+00 -1.9354424e+00 -2.1391166e+00 -2.5490127e+00 -3.2542534e+00 -4.5929327e+00
-1.3600000e+00 -3.2352439e+00 -2.3405989e+00 -2.5083017e+00 -2.7542930e+00 -2.0576813e+00 -1.9554100e+00 -2.0988632e+00 -2.4428385e+00 -3.0352091e+00 -4.0317365e+00
-1.3525000e+00 -3.1349310e+00 -2.4413357e+00 -2.3270836e+00 -3.1133580e+00 -2.2043349e+00 -1.9980930e+00 -2.0794230e+00 -2.3650463e+00 -2.8752835e+00 -3.6832821e+00
-1.3450000e+00 -3.0301596e+00 -2.6025562e+00 -2.2150061e+00 -3.1145575e+00 -2.4056040e+00 -2.0665106e+00 -2.0804871e+00 -2.3112527e+00 -2.7561328e+00 -3.4470121e+00
-1.3375000e+00 -2.9707273e+00 -2.8202229e+00 -2.1621926e+00 -2.7877512e+00 -2.6855080e+00 -2.1655939e+00 -2.1027840e+00 -2.2790797e+00 -2.6679606e+00 -3.2762886e+00
-1.3300000e+00 -2.9693934e+00 -3.0327808e+00 -2.1644651e+00 -2.5123531e+00 -3.0720918e+00 -2.3033563e+00 -2.1481531e+00 -2.2675248e+00 -2.6052550e+00 -3.1494901e+00
-1.3225000e+00 -3.0266001e+00 -3.0697570e+00 -2.2230326e+00 -2.3278842e+00 -3.4090925e+00 -2.4933021e+00 -2.2198435e+00 -2.2766872e+00 -2.5649437e+00 -3.0553726e+00
-1.3150000e+00 -3.1352384e+00 -2.9200831e+00 -2.3443752e+00 -2.2165454e+00 -3.1690050e+00 -2.7593787e+00 -2.3231709e+00 -2.3077213e+00 -2.5455350e+00 -2.9876807e+00
-1.3075000e+00 -3.2705731e+00 -2.7612964e+00 -2.5397653e+00 -2.1663355e+00 -2.8051769e+00 -3.1415113e+00 -2.4668726e+00 -2.3629948e+00 -2.5467235e+00 -2.9429073e+00
-1.3000000e+00 -3.3728120e+00 -2.6693042e+00 -2.8136042e+00 -2.1728830e+00 -2.5533872e+00 -3.5929609e+00 -2.6660039e+00 -2.4465182e+00 -2.5692623e+00 -2.9192699e+00
-1.2925000e+00 -3.3786720e+00 -2.6557992e+00 -3.0734398e+00 -2.2381411e+00 -2.3937202e+00 -3.4518815e+00 -2.9483927e+00 -2.5648537e+00 -2.6150432e+00 -2.9162366e+00
-1.2850000e+00 -3.3122986e+00 -2.7205162e+00 -3.0289217e+00 -2.3705443e+00 -2.3044549e+00 -3.0306921e+00 -3.3645721e+00 -2.7290356e+00 -2.6874168e+00 -2.9343504e+00
-1.2775000e+00 -3.2502220e+00 -2.8575291e+00 -2.7874837e+00 -2.5859156e+00 -2.2753528e+00 -2.7407826e+00 -3.8501334e+00 -2.9589138e+00 -2.7919014e+00 -2.9752685e+00
-1.2700000e+00 -3.2415268e+00 -3.0334185e+00 -2.5997927e+00 -2.8972408e+00 -2.3043510e+00 -2.5575155e+00 -3.5907581e+00 -3.2935187e+00 -2.9376797e+00 -3.0420315e+00
-1.2625000e+00 -3.3065880e+00 -3.1434831e+00 -2.5084588e+00 -3.1896197e+00 -2.3963723e+00 -2.4511231e+00 -3.1486085e+00 -3.8007395e+00 -3.1409457e+00 -3.1396881e+00
-1.2550000e+00 -3.4405422e+00 -3.1012980e+00 -2.5114119e+00 -3.0757495e+00 -2.5646698e+00 -2.4076417e+00 -2.8633087e+00 -4.1199021e+00 -3.4331790e+00 -3.2766161e+00
-1.2475000e+00 -3.5713053e+00 -3.0017086e+00 -2.6089422e+00 -2.7862005e+00 -2.8334853e+00 -2.4230113e+00 -2.6860556e+00 -3.6091692e+00 -3.8811327e+00 -3.4674694e+00
-1.2400000e+00 -3.5611653e+00 -2.9483653e+00 -2.8022560e+00 -2.5889812e+00 -3.2145448e+00 -2.5007722e+00 -2.5853503e+00 -3.2166594e+00 -4.4717700e+00 -3.7405097e+00
-1.2325000e+00 -3.4564525e+00 -2.9701682e+00 -3.0479841e+00 -2.5012377e+00 -3.4179576e+00 -2.6531346e+00 -2.5475751e+00 -2.9744192e+00 -4.1160506e+00 -4.1577815e+00
-1.2250000e+00 -3.4163032e+00 -3.0582945e+00 -3.1350084e+00 -2.5152509e+00 -3.1113550e+00 -2.9055673e+00 -2.5693415e+00 -2.8277168e+00 -3.6263765e+00 -4.8064361e+00
-1.2175000e+00 -3.5062536e+00 -3.1733685e+00 -2.9775620e+00 -2.6333969e+00 -2.8160483e+00 -3.2952014e+00 -2.6552497e+00 -2.7516762e+00 -3.3303324e+00 -4.6485333e+00
-1.2100000e+00 -3.6871673e+00 -3.2460854e+00 -2.8232505e+00 -2.8638243e+00 -2.6511535e+00 -3.6537669e+00 -2.8196277e+00 -2.7367973e+00 -3.1496152e+00 -4.0852144e+00
-1.2025000e+00 -3.7326141e+00 -3.2391911e+00 -2.7757599e+00 -3.1558365e+00 -2.6000328e+00 -3.3672053e+00 -3.0932371e+00 -2.7828347e+00 -3.0476678e+00 -3.7521342e+00
-1.1950000e+00 -3.6085183e+00 -3.1971619e+00 -2.8453077e+00 -3.1976730e+00 -2.6559762e+00 -3.0113904e+00 -3.5262837e+00 -2.8980990e+00 -3.0097192e+00 -3.5502450e+00
-1.1875000e+00 -3.5774827e+00 -3.1807623e+00 -3.0132979e+00 -2.9668953e+00 -2.8290955e+00 -2.8071326e+00 -3.8838995e+00 -3.1034437e+00 -3.0322235e+00 -3.4332540e+00
-1.1800000e+00 -3.7090501e+00 -3.2255682e+00 -3.1790394e+00 -2.7987250e+00 -3.1350759e+00 -2.7275434e+00 -3.4924353e+00 -3.4438731e+00 -3.1202157e+00 -3.3826088e+00
-1.1725000e+00 -3.8459678e+00 -3.3342671e+00 -3.1669484e+00 -2.7668098e+00 -3.4385773e+00 -2.7589924e+00 -3.1287857e+00 -3.9714333e+00 -3.2895598e+00 -3.3927449e+00
-1.1650000e+00 -3.7760577e+00 -3.4290584e+00 -3.0563803e+00 -2.8729794e+00 -3.2790875e+00 -2.9095630e+00 -2.9321512e+00 -4.0243423e+00 -3.5765174e+00 -3.4670202e+00
-1.1575000e+00 -3.7218246e+00 -3.3920037e+00 -3.0126863e+00 -3.0960939e+00 -2.9994231e+00 -3.2070255e+00 -2.8625030e+00 -3.5280129e+00 -4.0575296e+00 -3.6190538e+00
-1.1500000e+00 -3.8156102e+00 -3.3205422e+00 -3.0740960e+00 -3.2679477e+00 -2.8666208e+00 -3.6081979e+00 -2.9066490e+00 -3.2237474e+00 -4.5033099e+00 -3.8810954e+00
-1.1425000e+00 -3.9295803e+00 -3.3692312e+00 -3.2017660e+00 -3.1622374e+00 -2.8904236e+00 -3.5379104e+00 -3.0767219e+00 -3.0765648e+00 -3.9906398e+00 -4.3284920e+00
-1.1350000e+00 -3.8883740e+00 -3.5369552e+00 -3.2850500e+00 -3.0177815e+00 -3.0718434e+00 -3.1894361e+00 -3.4113542e+00 -3.0507112e+00 -3.5942986e+00 -4.9395068e+00
-1.1275000e+00 -3.8553051e+00 -3.5648546e+00 -3.2565022e+00 -3.0059762e+00 -3.3720748e+00 -3.0035357e+00 -3.8586908e+00 -3.1427763e+00 -3.3898651e+00 -4.4936934e+00
-1.1200000e+00 -3.9662663e+00 -3.4458938e+00 -3.2081701e+00 -3.1321596e+00 -3.4441275e+00 -2.9894308e+00 -3.6812536e+00 -3.3782318e+00 -3.3187469e+00 -4.0296104e+00
-1.1125000e+00 -4.0364977e+00 -3.4885285e+00 -3.2289841e+00 -3.2910897e+00 -3.2104227e+00 -3.1459760e+00 -3.3039765e+00 -3.8139843e+00 -3.3653390e+00 -3.7886422e+00
-1.1050000e+00 -3.9469665e+00 -3.6715367e+00 -3.3334559e+00 -3.2876030e+00 -3.0810874e+00 -3.4769593e+00 -3.1266431e+00 -4.1569462e+00 -3.5446823e+00 -3.6916450e+00
-1.0975000e+00 -4.0351478e+00 -3.6320827e+00 -3.4275204e+00 -3.2082492e+00 -3.1382019e+00 -3.6857576e+00 -3.1298362e+00 -3.7162595e+00 -3.9115563e+00 -3.7143351e+00
-1.0900000e+00 -4.1310062e+00 -3.5583007e+00 -3.3794036e+00 -3.2179596e+00 -3.3564074e+00 -3.4080151e+00 -3.3162812e+00 -3.3964261e+00 -4.4682604e+00 -3.8660638e+00
-1.0825000e+00 -4.0325887e+00 -3.6896208e+00 -3.3305622e+00 -3.3069614e+00 -3.5085616e+00 -3.2077136e+00 -3.7035860e+00 -3.2876126e+00 -4.2011092e+00 -4.1964614e+00
-1.0750000e+00 -4.1569292e+00 -3.7505829e+00 -3.4368676e+00 -3.3697734e+00 -3.3703129e+00 -3.2212800e+00 -3.8830631e+00 -3.3621324e+00 -3.7647051e+00 -4.7899493e+00
-1.0675000e+00 -4.1719852e+00 -3.6795066e+00 -3.5670157e+00 -3.3786301e+00 -3.2739589e+00 -3.4451143e+00 -3.5240284e+00 -3.6437995e+00 -3.5757671e+00 -4.7239368e+00
-1.0600000e+00 -4.1447829e+00 -3.7512969e+00 -3.4647890e+00 -3.3879011e+00 -3.3563505e+00 -3.7136261e+00 -3.3251294e+00 -4.1148722e+00 -3.5808013e+00 -4.2035393e+00
-1.0525000e+00 -4.2624992e+00 -3.8243942e+00 -3.4569802e+00 -3.3988828e+00 -3.5217468e+00 -3.5638653e+00 -3.3640293e+00 -3.9731098e+00 -3.7851145e+00 -3.9635823e+00
-1.0450000e+00 -4.2175331e+00 -3.7947285e+00 -3.6437363e+00 -3.4446801e+00 -3.5218862e+00 -3.3853974e+00 -3.6405815e+00 -3.6000090e+00 -4.2460403e+00 -3.9301271e+00
-1.0375000e+00 -4.2842012e+00 -3.8293675e+00 -3.5983341e+00 -3.5344199e+00 -3.4529529e+00 -3.4353446e+00 -3.9385500e+00 -3.4875996e+00 -4.4656511e+00 -4.0944880e+00
-1.0300000e+00 -4.3150427e+00 -3.9210922e+00 -3.5422056e+00 -3.5152605e+00 -3.4974943e+00 -3.6687190e+00 -3.6882078e+00 -3.6284113e+00 -3.9884005e+00 -4.5218647e+00
-1.0225000e+00 -4.3158823e+00 -3.8647205e+00 -3.7176753e+00 -3.4829986e+00 -3.5831489e+00 -3.7227096e+00 -3.4980972e+00 -4.0254384e+00 -3.7650755e+00 -4.9635546e+00
-1.0150000e+00 -4.3898993e+00 -3.9598870e+00 -3.6744926e+00 -3.6241809e+00 -3.6016405e+00 -3.5669847e+00 -3.5844129e+00 -4.1231855e+00 -3.8111456e+00 -4.4476780e+00
-1.0075000e+00 -4.3758596e+00 -3.9674780e+00 -3.6615727e+00 -3.6440545e+00 -3.6173593e+00 -3.5828158e+00 -3.8875381e+00 -3.7626182e+00 -4.1416761e+00 -4.1507764e+00
-1.0000000e+00 -4.4391273e+00 -3.9744496e+00 -3.7927566e+00 -3.5533152e+00 -3.6324263e+00 -3.7485739e+00 -3.8865702e+00 -3.6685662e+00 -4.5461399e+00 -4.1431559e+00
-9.9250000e-01 -4.4491307e+00 -4.0599585e+00 -3.7396541e+00 -3.7272379e+00 -3.6641835e+00 -3.7644867e+00 -3.6739757e+00 -3.8850992e+00 -4.1580771e+00 -4.4256298e+00
-9.8500000e-01 -4.4874094e+00 -4.0218154e+00 -3.7931834e+00 -3.7135313e+00 -3.7530867e+00 -3.7025737e+00 -3.7216709e+00 -4.2193164e+00 -3.9272335e+00 -4.9593665e+00
-9.7750000e-01 -4.5224931e+00 -4.1188838e+00 -3.8492254e+00 -3.6527642e+00 -3.7207622e+00 -3.7678343e+00 -3.9606252e+00 -3.9755124e+00 -4.0352132e+00 -4.6294485e+00
-9.7000000e-01 -4.5214293e+00 -4.0904027e+00 -3.8306822e+00 -3.8538015e+00 -3.7274519e+00 -3.8311358e+00 -3.9148104e+00 -3.8208629e+00 -4.4545855e+00 -4.3056616e+00
-9.6250000e-01 -4.6179305e+00 -4.1684514e+00 -3.9075100e+00 -3.7281662e+00 -3.8799347e+00 -3.8389239e+00 -3.8083835e+00 -4.0076097e+00 -4.4056865e+00 -4.3469840e+00
-9.5500000e-01 -4.5796709e+00 -4.1531953e+00 -3.9047380e+00 -3.8340832e+00 -3.7798825e+00 -3.8635875e+00 -3.9366101e+00 -4.2442814e+00 -4.0956897e+00 -4.7577471e+00
-9.4750000e-01 -4.6280064e+00 -4.2351641e+00 -3.9516793e+00 -3.8583977e+00 -3.8488426e+00 -3.8772109e+00 -4.0203997e+00 -4.0218293e+00 -4.1641098e+00 -4.9022954e+00
-9.4000000e-01 -4.6920969e+00 -4.2080216e+00 -3.9717721e+00 -3.8453125e+00 -3.9581428e+00 -3.9611681e+00 -3.9472361e+00 -4.0002950e+00 -4.5393548e+00 -4.4890214e+00
-9.3250000e-01 -4.6751581e+00 -4.2771013e+00 -4.0175619e+00 -3.9383607e+00 -3.8341963e+00 -3.9498987e+00 -4.0108836e+00 -4.2404566e+00 -4.3977176e+00 -4.4751710e+00
-9.2500000e-01 -4.7134707e+00 -4.3169606e+00 -4.0136185e+00 -3.9094184e+00 -4.0482785e+00 -3.9525757e+00 -4.0650978e+00 -4.1827145e+00 -4.2149523e+00 -4.8726149e+00
-9.1750000e-01 -4.7860323e+00 -4.2904376e+00 -4.1042074e+00 -3.9802229e+00 -3.9131946e+00 -4.0927223e+00 -4.0724056e+00 -4.1102325e+00 -4.4390785e+00 -4.8685080e+00
-9.1000000e-01 -4.8069870e+00 -4.3740105e+00 -4.0566937e+00 -3.9893249e+00 -4.0564002e+00 -3.9796719e+00 -4.1032485e+00 -4.2777341e+00 -4.5678978e+00 -4.5688574e+00
-9.0250000e-01 -4.8039678e+00 -4.3917475e+00 -4.1615579e+00 -4.0239354e+00 -4.0113458e+00 -4.1342003e+00 -4.1251863e+00 -4.2549847e+00 -4.3473821e+00 -4.7374046e+00
-8.9500000e-01 -4.8252373e+00 -4.4013512e+00 -4.1376779e+00 -4.0523410e+00 -4.0849535e+00 -4.0863738e+00 -4.2023990e+00 -4.2464746e+00 -4.4919689e+00 -5.0318026e+00
-8.8750000e-01 -4.8687629e+00 -4.4658476e+00 -4.1967852e+00 -4.1017134e+00 -4.0844331e+00 -4.1295168e+00 -4.1497722e+00 -4.3390529e+00 -4.6090586e+00 -4.7210412e+00
-8.8000000e-01 -4.9144903e+00 -4.4910041e+00 -4.2127306e+00 -4.0765905e+00 -4.1425505e+00 -4.1976854e+00 -4.2762937e+00 -4.3242841e+00 -4.4622138e+00 -4.7954288e+00
-8.7250000e-01 -4.9516108e+00 -4.4844947e+00 -4.2264491e+00 -4.2029709e+00 -4.1431516e+00 -4.1598815e+00 -4.2251069e+00 -4.3823002e+00 -4.6214104e+00 -5.0601697e+00
-8.6500000e-01 -4.9832599e+00 -4.5085283e+00 -4.3132626e+00 -4.1368644e+00 -4.1983867e+00 -4.2685336e+00 -4.2993017e+00 -4.3782219e+00 -4.6092377e+00 -4.8162713e+00
-8.5750000e-01 -5.0169649e+00 -4.5595327e+00 -4.3168222e+00 -4.1971992e+00 -4.2178245e+00 -4.2289920e+00 -4.3205579e+00 -4.4652438e+00 -4.6074552e+00 -4.9507686e+00
-8.5000000e-01 -5.0498357e+00 -4.6071636e+00 -4.2991481e+00 -4.2794380e+00 -4.2386606e+00 -4.2997213e+00 -4.3323987e+00 -4.4170365e+00 -4.6981222e+00 -5.0415038e+00
-8.4250000e-01 -5.0715387e+00 -4.6397270e+00 -4.3491702e+00 -4.2414186e+00 -4.2803224e+00 -4.3273925e+00 -4.3912320e+00 -4.5428106e+00 -4.6680240e+00 -4.9192178e+00
-8.3500000e-01 -5.0924683e+00 -4.6654332e+00 -4.4142859e+00 -4.2827214e+00 -4.3347539e+00 -4.3200938e+00 -4.4017328e+00 -4.4685333e+00 -4.7512388e+00 -5.1192138e+00
-8.2750000e-01 -5.1124385e+00 -4.6933628e+00 -4.4404826e+00 -4.3345563e+00 -4.2924685e+00 -4.4127543e+00 -4.4208529e+00 -4.6125293e+00 -4.7282434e+00 -5.0071808e+00
-8.2000000e-01 -5.1254191e+00 -4.7238124e+00 -4.4474682e+00 -4.3447034e+00 -4.3838387e+00 -4.3859289e+00 -4.5113266e+00 -4.5169221e+00 -4.8189255e+00 -5.1323669e+00
-8.1250000e-01 -5.1698172e+00 -4.7506085e+00 -4.4642106e+00 -4.3832990e+00 -4.4474067e+00 -4.4434863e+00 -4.4344202e+00 -4.6966018e+00 -4.7787829e+00 -5.0915762e+00
-8.0500000e-01 -5.2177685e+00 -4.7759758e+00 -4.4932661e+00 -4.4444464e+00 -4.3949684e+00 -4.4602006e+00 -4.6042713e+00 -4.5576000e+00 -4.8864209e+00 -5.1828433e+00
-7.9750000e-01 -5.2417640e+00 -4.8161667e+00 -4.5266089e+00 -4.4797903e+00 -4.4212623e+00 -4.5188208e+00 -4.5130444e+00 -4.7707106e+00 -4.8422147e+00 -5.1459076e+00
-7.9000000e-01 -5.2520379e+00 -4.8585944e+00 -4.5598964e+00 -4.4885634e+00 -4.5046174e+00 -4.5270163e+00 -4.5859545e+00 -4.6366408e+00 -4.9222363e+00 -5.2603991e+00
-7.8250000e-01 -5.3068089e+00 -4.8712048e+00 -4.5949751e+00 -4.4984894e+00 -4.5444306e+00 -4.5158755e+00 -4.6462634e+00 -4.7454709e+00 -4.9498098e+00 -5.1874263e+00
-7.7500000e-01 -5.3158206e+00 -4.8914563e+00 -4.6322720e+00 -4.5216874e+00 -4.5514527e+00 -4.5965199e+00 -4.6301822e+00 -4.8085792e+00 -4.9122170e+00 -5.3400121e+00
-7.6750000e-01 -5.3626148e+00 -4.9098860e+00 -4.6606070e+00 -4.5550760e+00 -4.5748983e+00 -4.6766299e+00 -4.6751035e+00 -4.7212502e+00 -5.0950909e+00 -5.2467351e+00
-7.6000000e-01 -5.3786956e+00 -4.9668116e+00 -4.6749470e+00 -4.5904781e+00 -4.6181158e+00 -4.6672071e+00 -4.6964979e+00 -4.8534403e+00 -4.9484926e+00 -5.3629986e+00
-7.5250000e-01 -5.4299833e+00 -4.9885008e+00 -4.7082926e+00 -4.6185324e+00 -4.6648682e+00 -4.6464836e+00 -4.7308113e+00 -4.8837299e+00 -5.0757868e+00 -5.3819677e+00
-7.4500000e-01 -5.4356667e+00 -5.0068265e+00 -4.7658128e+00 -4.6351993e+00 -4.7054424e+00 -4.6665614e+00 -4.8000008e+00 -4.8469220e+00 -5.1532367e+00 -5.3212424e+00
-7.3750000e-01 -5.4727760e+00 -5.0590594e+00 -4.7967269e+00 -4.6549149e+00 -4.7383239e+00 -4.7129943e+00 -4.8308660e+00 -4.8965696e+00 -5.0455333e+00 -5.5219702e+00
-7.3000000e-01 -5.5154777e+00 -5.0611514e+00 -4.8228615e+00 -4.7017201e+00 -4.7625816e+00 -4.7605164e+00 -4.8165783e+00 -4.9452872e+00 -5.1334102e+00 -5.4265510e+00
-7.2250000e-01 -5.5433022e+00 -5.1138587e+00 -4.8257849e+00 -4.7572891e+00 -4.7770256e+00 -4.7990424e+00 -4.8119652e+00 -4.9705084e+00 -5.2434363e+00 -5.4138355e+00
-7.1500000e-01 -5.5666123e+00 -5.1244786e+00 -4.8948647e+00 -4.7801137e+00 -4.7896012e+00 -4.8326596e+00 -4.8355446e+00 -5.0132489e+00 -5.2148898e+00 -5.5931680e+00
-7.0750000e-01 -5.5903412e+00 -5.1752787e+00 -4.8988718e+00 -4.8157948e+00 -4.8183312e+00 -4.8697140e+00 -4.8754764e+00 -5.0632582e+00 -5.2019602e+00 -5.5847158e+00
-7.0000000e-01 -5.6248069e+00 -5.2002625e+00 -4.9322259e+00 -4.8235863e+00 -4.8571134e+00 -4.9147223e+00 -4.9174022e+00 -5.0940246e+00 -5.2419747e+00 -5.5084577e+00
-6.5000000e-01 -5.8314307e+00 -5.3877723e+00 -5.1376428e+00 -5.0476980e+00 -5.0437422e+00 -5.0720639e+00 -5.1509307e+00 -5.2440697e+00 -5.5227695e+00 -5.7509307e+00
-6.0000000e-01 -6.0181156e+00 -5.5999175e+00 -5.3274095e+00 -5.2463339e+00 -5.2337892e+00 -5.2874179e+00 -5.3716700e+00 -5.4261769e+00 -5.6748306e+00 -6.0257952e+00
-5.5000000e-01 -6.2307465e+00 -5.7980131e+00 -5.5413400e+00 -5.4229339e+00 -5.4588735e+00 -5.4730432e+00 -5.5630731e+00 -5.6478054e+00 -5.8842273e+00 -6.1405763e+00
-5.0000000e-01 -6.4220186e+00 -5.9962735e+00 -5.7420022e+00 -5.6258760e+00 -5.6532828e+00 -5.6949386e+00 -5.7431482e+00 -5.8410521e+00 -6.0795183e+00 -6.3683547e+00
-4.0000000e-01 -6.7807119e+00 -6.3921431e+00 -6.1359793e+00 -6.0370549e+00 -6.0475863e+00 -6.0828361e+00 -6.1550614e+00 -6.2594821e+00 -6.4540362e+00 -6.7785498e+00
-2.0000000e-01 -7.7259157e+00 -7.1496400e+00 -6.8930132e+00 -6.8351739e+00 -6.8451863e+00 -6.8870699e+00 -6.9461032e+00 -7.0652078e+00 -7.2634258e+00 -7.5637257e+00
0.0000000e+00 -8.4061002e+00 -7.9523362e+00 -7.7174480e+00 -7.6130567e+00 -7.6260842e+00 -7.7057747e+00 -7.7523302e+00 -7.8596701e+00 -8.0662019e+00 -8.3707877e+00
2.0000000e-01 -9.1664801e+00 -8.8116534e+00 -8.5378774e+00 -8.4230840e+00 -8.4323253e+00 -8.4792329e+00 -8.5768660e+00 -8.6366084e+00 -8.8835548e+00 -9.1711970e+00
4.0000000e-01 -1.0081986e+01 -9.5622257e+00 -9.3729606e+00 -9.2324357e+00 -9.2448509e+00 -9.3214818e+00 -9.3387668e+00 -9.4619225e+00 -9.6618155e+00 -9.9659176e+00
6.0000000e-01 -1.0844048e+01 -1.0400996e+01 -1.0101292e+01 -1.0026546e+01 -1.0007244e+01 -1.0112387e+01 -1.0122728e+01 -1.0203383e+01 -1.0487378e+01 -1.0759305e+01
8.0000000e-01 -1.1589286e+01 -1.1179800e+01 -1.0950724e+01 -1.0837257e+01 -1.0808060e+01 -1.0887894e+01 -1.0918930e+01 -1.1112244e+01 -1.1237292e+01 -1.1517883e+01
1.0000000e+00 -1.2430480e+01 -1.1997410e+01 -1.1757312e+01 -1.1659020e+01 -1.1598935e+01 -1.1743704e+01 -1.1719881e+01 -1.1834052e+01 -1.2100002e+01 -1.2404124e+01
1.2000000e+00 -1.3190554e+01 -1.2856565e+01 -1.2538110e+01 -1.2404221e+01 -1.2484572e+01 -1.2492168e+01 -1.2569020e+01 -1.2670742e+01 -1.2898740e+01 -1.3178317e+01
1.4000000e+00 -1.4017268e+01 -1.3603384e+01 -1.3307429e+01 -1.3193345e+01 -1.3250765e+01 -1.3245653e+01 -1.3379809e+01 -1.3446725e+01 -1.3642418e+01 -1.3991319e+01
1.6000000e+00 -1.4823617e+01 -1.4365995e+01 -1.4147857e+01 -1.3989701e+01 -1.4046119e+01 -1.4096806e+01 -1.4155899e+01 -1.4222000e+01 -1.4489700e+01 -1.4815923e+01
1.8000000e+00 -1.5674253e+01 -1.5208686e+01 -1.4942711e+01 -1.4848694e+01 -1.4825002e+01 -1.4924096e+01 -1.4969250e+01 -1.5019287e+01 -1.5302243e+01 -1.5589924e+01
2.0000000e+00 -1.6526861e+01 -1.5992404e+01 -1.5822669e+01 -1.5659868e+01 -1.5644733e+01 -1.5660864e+01 -1.5753050e+01 -1.5856316e+01 -1.6041220e+01 -1.6392263e+01
