########################################################################
# Reference Counts for Solar Model AGSS09met_old                       #
# Column 1: log10(Axion mass in eV)                                    #
#        n>1: log10(Reference photon counts in energy bin n-1)         #
########################################################################
-3.0000000e+00 -2.4719332e+00 -2.3282914e+00 -2.2889368e+00 -2.3442989e+00 -2.4649541e+00 -2.5825620e+00 -2.7189361e+00 -2.8631111e+00 -2.9959527e+00 -2.9444515e+00
-2.8000000e+00 -2.4719537e+00 -2.3283054e+00 -2.2889469e+00 -2.3443065e+00 -2.4649600e+00 -2.5825667e+00 -2.7189400e+00 -2.8631143e+00 -2.9959555e+00 -2.9444538e+00
-2.6000000e+00 -2.4720834e+00 -2.3283940e+00 -2.2890106e+00 -2.3443543e+00 -2.4649973e+00 -2.5825965e+00 -2.7189644e+00 -2.8631346e+00 -2.9959726e+00 -2.9444687e+00
-2.4000000e+00 -2.4729015e+00 -2.3289528e+00 -2.2894124e+00 -2.3446563e+00 -2.4652325e+00 -2.5827847e+00 -2.7191184e+00 -2.8632629e+00 -2.9960808e+00 -2.9445629e+00
-2.2000000e+00 -2.4780700e+00 -2.3324818e+00 -2.2919498e+00 -2.3465625e+00 -2.4667174e+00 -2.5839722e+00 -2.7200902e+00 -2.8640726e+00 -2.9967638e+00 -2.9451569e+00
-2.1500000e+00 -2.4816691e+00 -2.3349380e+00 -2.2937150e+00 -2.3478885e+00 -2.4677500e+00 -2.5847980e+00 -2.7207658e+00 -2.8646355e+00 -2.9972387e+00 -2.9455698e+00
-2.1000000e+00 -2.4873849e+00 -2.3388361e+00 -2.2965157e+00 -2.3499915e+00 -2.4693876e+00 -2.5861074e+00 -2.7218371e+00 -2.8655280e+00 -2.9979914e+00 -2.9462244e+00
-2.0500000e+00 -2.4964728e+00 -2.3450281e+00 -2.3009616e+00 -2.3533287e+00 -2.4719856e+00 -2.5881842e+00 -2.7235361e+00 -2.8669433e+00 -2.9991850e+00 -2.9472624e+00
-2.0000000e+00 -2.5109499e+00 -2.3548766e+00 -2.3080260e+00 -2.3586281e+00 -2.4761093e+00 -2.5914798e+00 -2.7262315e+00 -2.8691881e+00 -3.0010781e+00 -2.9489084e+00
-1.9500000e+00 -2.5340838e+00 -2.3705744e+00 -2.3192686e+00 -2.3670533e+00 -2.4826609e+00 -2.5967131e+00 -2.7305103e+00 -2.8727508e+00 -3.0040817e+00 -2.9515197e+00
-1.9000000e+00 -2.5712385e+00 -2.3956819e+00 -2.3372047e+00 -2.3804726e+00 -2.4930845e+00 -2.6050330e+00 -2.7373088e+00 -2.8784090e+00 -3.0088507e+00 -2.9556647e+00
-1.8500000e+00 -2.6314201e+00 -2.4360682e+00 -2.3659349e+00 -2.4019106e+00 -2.5097075e+00 -2.6182845e+00 -2.7481273e+00 -2.8874070e+00 -3.0164304e+00 -2.9622505e+00
-1.8475000e+00 -2.6352742e+00 -2.4386425e+00 -2.3677610e+00 -2.4032708e+00 -2.5107609e+00 -2.6191236e+00 -2.7488120e+00 -2.8879762e+00 -3.0169097e+00 -2.9626668e+00
-1.8400000e+00 -2.6474281e+00 -2.4467504e+00 -2.3735078e+00 -2.4075501e+00 -2.5140742e+00 -2.6217622e+00 -2.7509645e+00 -2.8897655e+00 -3.0184164e+00 -2.9639755e+00
-1.8325000e+00 -2.6605269e+00 -2.4554719e+00 -2.3796834e+00 -2.4121447e+00 -2.5176300e+00 -2.6245930e+00 -2.7532733e+00 -2.8916844e+00 -3.0200319e+00 -2.9653786e+00
-1.8250000e+00 -2.6746510e+00 -2.4648556e+00 -2.3863203e+00 -2.4170789e+00 -2.5214466e+00 -2.6276304e+00 -2.7557500e+00 -2.8937425e+00 -3.0217643e+00 -2.9668831e+00
-1.8175000e+00 -2.6898886e+00 -2.4749567e+00 -2.3934545e+00 -2.4223784e+00 -2.5255437e+00 -2.6308897e+00 -2.7584070e+00 -2.8959499e+00 -3.0236222e+00 -2.9684963e+00
-1.8100000e+00 -2.7063371e+00 -2.4858330e+00 -2.4011253e+00 -2.4280715e+00 -2.5299424e+00 -2.6343877e+00 -2.7612576e+00 -2.8983176e+00 -3.0256146e+00 -2.9702263e+00
-1.8025000e+00 -2.7241098e+00 -2.4975491e+00 -2.4093693e+00 -2.4341884e+00 -2.5346658e+00 -2.6381420e+00 -2.7643163e+00 -2.9008576e+00 -3.0277517e+00 -2.9720815e+00
-1.7950000e+00 -2.7433145e+00 -2.5101751e+00 -2.4182448e+00 -2.4407623e+00 -2.5397384e+00 -2.6421722e+00 -2.7675986e+00 -2.9035826e+00 -3.0300439e+00 -2.9740712e+00
-1.7875000e+00 -2.7640893e+00 -2.5237881e+00 -2.4277961e+00 -2.4478288e+00 -2.5451872e+00 -2.6464990e+00 -2.7711211e+00 -2.9065063e+00 -3.0325027e+00 -2.9762052e+00
-1.7800000e+00 -2.7865821e+00 -2.5384728e+00 -2.4380621e+00 -2.4554267e+00 -2.5510410e+00 -2.6511450e+00 -2.7749020e+00 -2.9096434e+00 -3.0351406e+00 -2.9784942e+00
-1.7725000e+00 -2.8109580e+00 -2.5543228e+00 -2.4491356e+00 -2.4635982e+00 -2.5573314e+00 -2.6561344e+00 -2.7789607e+00 -2.9130101e+00 -3.0379706e+00 -2.9809496e+00
-1.7650000e+00 -2.8374031e+00 -2.5714411e+00 -2.4610660e+00 -2.4723891e+00 -2.5640923e+00 -2.6614935e+00 -2.7833182e+00 -2.9166233e+00 -3.0410072e+00 -2.9835837e+00
-1.7575000e+00 -2.8661268e+00 -2.5899422e+00 -2.4739255e+00 -2.4818496e+00 -2.5713606e+00 -2.6672509e+00 -2.7879972e+00 -2.9205018e+00 -3.0442657e+00 -2.9864098e+00
-1.7500000e+00 -2.8973674e+00 -2.6099529e+00 -2.4877932e+00 -2.4920339e+00 -2.5791765e+00 -2.6734374e+00 -2.7930222e+00 -2.9246654e+00 -3.0477628e+00 -2.9894421e+00
-1.7425000e+00 -2.9313961e+00 -2.6316148e+00 -2.5027562e+00 -2.5030018e+00 -2.5875836e+00 -2.6800864e+00 -2.7984198e+00 -2.9291358e+00 -3.0515163e+00 -2.9926961e+00
-1.7350000e+00 -2.9685248e+00 -2.6550860e+00 -2.5189270e+00 -2.5148183e+00 -2.5966293e+00 -2.6872341e+00 -2.8042186e+00 -2.9339363e+00 -3.0555456e+00 -2.9961883e+00
-1.7275000e+00 -3.0091440e+00 -2.6805442e+00 -2.5363793e+00 -2.5275548e+00 -2.6063653e+00 -2.6949199e+00 -2.8104497e+00 -2.9390922e+00 -3.0598715e+00 -2.9999366e+00
-1.7200000e+00 -3.0536137e+00 -2.7081886e+00 -2.5552478e+00 -2.5412897e+00 -2.6168482e+00 -2.7031867e+00 -2.8171469e+00 -2.9446307e+00 -3.0645165e+00 -3.0039603e+00
-1.7125000e+00 -3.1024573e+00 -2.7382490e+00 -2.5756623e+00 -2.5561093e+00 -2.6281396e+00 -2.7120808e+00 -2.8243467e+00 -2.9505815e+00 -3.0695049e+00 -3.0082802e+00
-1.7050000e+00 -3.1562611e+00 -2.7709831e+00 -2.5977698e+00 -2.5721088e+00 -2.6403071e+00 -2.7216532e+00 -2.8320887e+00 -2.9569763e+00 -3.0748632e+00 -3.0129188e+00
-1.6975000e+00 -3.2157289e+00 -2.8066879e+00 -2.6217342e+00 -2.5893933e+00 -2.6534249e+00 -2.7319592e+00 -2.8404163e+00 -2.9638501e+00 -3.0806197e+00 -3.0179004e+00
-1.6900000e+00 -3.2817167e+00 -2.8457072e+00 -2.6477399e+00 -2.6080783e+00 -2.6675745e+00 -2.7430592e+00 -2.8493763e+00 -2.9712405e+00 -3.0868053e+00 -3.0232514e+00
-1.6825000e+00 -3.3552798e+00 -2.8884390e+00 -2.6759954e+00 -2.6282959e+00 -2.6828455e+00 -2.7550196e+00 -2.8590200e+00 -2.9791884e+00 -3.0934534e+00 -3.0290000e+00
-1.6750000e+00 -3.4377432e+00 -2.9353531e+00 -2.7067374e+00 -2.6501897e+00 -2.6993371e+00 -2.7679129e+00 -2.8694033e+00 -2.9877383e+00 -3.1006004e+00 -3.0351773e+00
-1.6675000e+00 -3.5307846e+00 -2.9870063e+00 -2.7402368e+00 -2.6739219e+00 -2.7171590e+00 -2.7818190e+00 -2.8805873e+00 -2.9969386e+00 -3.1082856e+00 -3.0418164e+00
-1.6600000e+00 -3.6365910e+00 -3.0440672e+00 -2.7768049e+00 -2.6996751e+00 -2.7364331e+00 -2.7968257e+00 -2.8926388e+00 -3.0068424e+00 -3.1165518e+00 -3.0489538e+00
-1.6525000e+00 -3.7580392e+00 -3.1073453e+00 -2.8168029e+00 -2.7276554e+00 -2.7572950e+00 -2.8130300e+00 -2.9056312e+00 -3.0175072e+00 -3.1254456e+00 -3.0566287e+00
-1.6450000e+00 -3.8988521e+00 -3.1778438e+00 -2.8606525e+00 -2.7580973e+00 -2.7798964e+00 -2.8305393e+00 -2.9196452e+00 -3.0289963e+00 -3.1350179e+00 -3.0648840e+00
-1.6375000e+00 -4.0641975e+00 -3.2568200e+00 -2.9088518e+00 -2.7912685e+00 -2.8044076e+00 -2.8494725e+00 -2.9347696e+00 -3.0413788e+00 -3.1453241e+00 -3.0737661e+00
-1.6300000e+00 -4.2597452e+00 -3.3458826e+00 -2.9619783e+00 -2.8274773e+00 -2.8310155e+00 -2.8699623e+00 -2.9511024e+00 -3.0547306e+00 -3.1564248e+00 -3.0833259e+00
-1.6225000e+00 -4.4882160e+00 -3.4471459e+00 -3.0207820e+00 -2.8670807e+00 -2.8599479e+00 -2.8921567e+00 -2.9687522e+00 -3.0691353e+00 -3.1683862e+00 -3.0936187e+00
-1.6150000e+00 -4.7298284e+00 -3.5634097e+00 -3.0861253e+00 -2.9104963e+00 -2.8914473e+00 -2.9162220e+00 -2.9878394e+00 -3.0846850e+00 -3.1812812e+00 -3.1047051e+00
-1.6075000e+00 -4.8865347e+00 -3.6985574e+00 -3.1591022e+00 -2.9582168e+00 -2.9257978e+00 -2.9423452e+00 -3.0084984e+00 -3.1014814e+00 -3.1951896e+00 -3.1166513e+00
-1.6000000e+00 -4.8273511e+00 -3.8580244e+00 -3.2411017e+00 -3.0108299e+00 -2.9633273e+00 -2.9707382e+00 -3.0308791e+00 -3.1196372e+00 -3.2101995e+00 -3.1295300e+00
-1.5925000e+00 -4.6316849e+00 -4.0494248e+00 -3.3339260e+00 -3.0690457e+00 -3.0044174e+00 -3.0016421e+00 -3.0551498e+00 -3.1392779e+00 -3.2264082e+00 -3.1434211e+00
-1.5850000e+00 -4.4299171e+00 -4.2823500e+00 -3.4399746e+00 -3.1337347e+00 -3.0495158e+00 -3.0353328e+00 -3.0815005e+00 -3.1605432e+00 -3.2439230e+00 -3.1584126e+00
-1.5775000e+00 -4.2609601e+00 -4.5606003e+00 -3.5625391e+00 -3.2059817e+00 -3.0991588e+00 -3.0721286e+00 -3.1101460e+00 -3.1835896e+00 -3.2628635e+00 -3.1746015e+00
-1.5700000e+00 -4.1266711e+00 -4.8301322e+00 -3.7062888e+00 -3.2871656e+00 -3.1539692e+00 -3.1123994e+00 -3.1413311e+00 -3.2085930e+00 -3.2833626e+00 -3.1920955e+00
-1.5625000e+00 -4.0223503e+00 -4.8766515e+00 -3.8780809e+00 -3.3790796e+00 -3.2147374e+00 -3.1565785e+00 -3.1753367e+00 -3.2357522e+00 -3.3055689e+00 -3.2110138e+00
-1.5550000e+00 -3.9435633e+00 -4.6608182e+00 -4.0882181e+00 -3.4841203e+00 -3.2824166e+00 -3.2051793e+00 -3.2124864e+00 -3.2652927e+00 -3.3296490e+00 -3.2314894e+00
-1.5475000e+00 -3.8871446e+00 -4.4102848e+00 -4.3513797e+00 -3.6055947e+00 -3.3582127e+00 -3.2588163e+00 -3.2531572e+00 -3.2974718e+00 -3.3557909e+00 -3.2536708e+00
-1.5400000e+00 -3.8511038e+00 -4.2043053e+00 -4.6771244e+00 -3.7482438e+00 -3.4436758e+00 -3.3182356e+00 -3.2977913e+00 -3.3325855e+00 -3.3842072e+00 -3.2777246e+00
-1.5325000e+00 -3.8343708e+00 -4.0440274e+00 -4.9735228e+00 -3.9191691e+00 -3.5408503e+00 -3.3843566e+00 -3.3469132e+00 -3.3709762e+00 -3.4151403e+00 -3.3038389e+00
-1.5250000e+00 -3.8368146e+00 -3.9206652e+00 -4.9072414e+00 -4.1294976e+00 -3.6525157e+00 -3.4583328e+00 -3.4011523e+00 -3.4130437e+00 -3.4488676e+00 -3.3322263e+00
-1.5175000e+00 -3.8589625e+00 -3.8270542e+00 -4.6037516e+00 -4.3969636e+00 -3.7825919e+00 -3.5416425e+00 -3.4612739e+00 -3.4592592e+00 -3.4857094e+00 -3.3631291e+00
-1.5100000e+00 -3.9020256e+00 -3.7584065e+00 -4.3338337e+00 -4.7439529e+00 -3.9368590e+00 -3.6362283e+00 -3.5282240e+00 -3.5101837e+00 -3.5260379e+00 -3.3968252e+00
-1.5025000e+00 -3.9681880e+00 -3.7117479e+00 -4.1277438e+00 -5.1162540e+00 -4.1243030e+00 -3.7447211e+00 -3.6031931e+00 -3.5664940e+00 -3.5702902e+00 -3.4336349e+00
-1.4950000e+00 -4.0605890e+00 -3.6854173e+00 -3.9715100e+00 -5.0874583e+00 -4.3597184e+00 -3.8708171e+00 -3.6877125e+00 -3.6290184e+00 -3.6189838e+00 -3.4739310e+00
-1.4875000e+00 -4.1834557e+00 -3.6787823e+00 -3.8528654e+00 -4.7343711e+00 -4.6680817e+00 -4.0199484e+00 -3.7838044e+00 -3.6987874e+00 -3.6727399e+00 -3.5181509e+00
-1.4800000e+00 -4.3416144e+00 -3.6920863e+00 -3.7638928e+00 -4.4334840e+00 -5.0776255e+00 -4.2005573e+00 -3.8942238e+00 -3.7771092e+00 -3.7323133e+00 -3.5668137e+00
-1.4725000e+00 -4.5370963e+00 -3.7264271e+00 -3.6997213e+00 -4.2111290e+00 -5.4042974e+00 -4.4266780e+00 -4.0228724e+00 -3.8656834e+00 -3.7986361e+00 -3.6205417e+00
-1.4650000e+00 -4.7537677e+00 -3.7838979e+00 -3.6574769e+00 -4.0452729e+00 -5.1244589e+00 -4.7232596e+00 -4.1755470e+00 -3.9667823e+00 -3.8728807e+00 -3.6800919e+00
-1.4575000e+00 -4.9146833e+00 -3.8677537e+00 -3.6356687e+00 -3.9202160e+00 -4.7434213e+00 -5.1317763e+00 -4.3613988e+00 -4.0835494e+00 -3.9565547e+00 -3.7464001e+00
-1.4500000e+00 -4.9008879e+00 -3.9828829e+00 -3.6338675e+00 -3.8265340e+00 -4.4650636e+00 -5.5861503e+00 -4.5960135e+00 -4.2205239e+00 -4.0516469e+00 -3.8206444e+00
-1.4425000e+00 -4.7511269e+00 -4.1362297e+00 -3.6525778e+00 -3.7586206e+00 -4.2629628e+00 -5.3913141e+00 -4.9082834e+00 -4.3846235e+00 -4.1608670e+00 -3.9043415e+00
-1.4350000e+00 -4.5884578e+00 -4.3364066e+00 -3.6932634e+00 -3.7132057e+00 -4.1125065e+00 -4.9557996e+00 -5.3504190e+00 -4.5871483e+00 -4.2880523e+00 -3.9994964e+00
-1.4275000e+00 -4.4638994e+00 -4.5865091e+00 -3.7585288e+00 -3.6885662e+00 -3.9994927e+00 -4.6444665e+00 -5.8296777e+00 -4.8482795e+00 -4.4389122e+00 -4.1088471e+00
-1.4200000e+00 -4.3864370e+00 -4.8403344e+00 -3.8525114e+00 -3.6841280e+00 -3.9157544e+00 -4.4235904e+00 -5.5177788e+00 -5.2078165e+00 -4.6224945e+00 -4.2362858e+00
-1.4125000e+00 -4.3555338e+00 -4.9120391e+00 -3.9815839e+00 -3.7003019e+00 -3.8565312e+00 -4.2610589e+00 -5.0661476e+00 -5.7338815e+00 -4.8543755e+00 -4.3876362e+00
-1.4050000e+00 -4.3703027e+00 -4.7366470e+00 -4.1554468e+00 -3.7384958e+00 -3.8191393e+00 -4.1394017e+00 -4.7588348e+00 -6.0272797e+00 -5.1643907e+00 -4.5722138e+00
-1.3975000e+00 -4.4311831e+00 -4.5189310e+00 -4.3878294e+00 -3.8013009e+00 -3.8023041e+00 -4.0489147e+00 -4.5424151e+00 -5.4991112e+00 -5.6149615e+00 -4.8063335e+00
-1.3900000e+00 -4.5390949e+00 -4.3514282e+00 -4.6878514e+00 -3.8929206e+00 -3.8058453e+00 -3.9840261e+00 -4.3834568e+00 -5.0914438e+00 -6.2080565e+00 -5.1224421e+00
-1.3825000e+00 -4.6909637e+00 -4.2429835e+00 -4.9775667e+00 -4.0199953e+00 -3.8305816e+00 -3.9415731e+00 -4.2646764e+00 -4.8186181e+00 -5.9064104e+00 -5.5967696e+00
-1.3750000e+00 -4.8647670e+00 -4.1891045e+00 -4.9495230e+00 -4.1931139e+00 -3.8784165e+00 -3.9199629e+00 -4.1766138e+00 -4.6242249e+00 -5.3965057e+00 -6.3255061e+00
-1.3675000e+00 -4.9914401e+00 -4.1867770e+00 -4.6764997e+00 -4.4291333e+00 -3.9526345e+00 -3.9187730e+00 -4.1138799e+00 -4.4805248e+00 -5.0670147e+00 -5.9348953e+00
-1.3600000e+00 -4.9891107e+00 -4.2363617e+00 -4.4343711e+00 -4.7494700e+00 -4.0585272e+00 -3.9386071e+00 -4.0734472e+00 -4.3732651e+00 -4.8398558e+00 -5.3677822e+00
-1.3525000e+00 -4.8923551e+00 -4.3413598e+00 -4.2675529e+00 -5.1112323e+00 -4.2046245e+00 -3.9811429e+00 -4.0538335e+00 -4.2945819e+00 -4.6745360e+00 -5.0251515e+00
-1.3450000e+00 -4.7938689e+00 -4.5061893e+00 -4.1670064e+00 -5.1249399e+00 -4.4050955e+00 -4.0493903e+00 -4.0547209e+00 -4.2400068e+00 -4.5514263e+00 -4.7931206e+00
-1.3375000e+00 -4.7396286e+00 -4.7235856e+00 -4.1242491e+00 -4.7989015e+00 -4.6837742e+00 -4.1482661e+00 -4.0768288e+00 -4.2071063e+00 -4.4600993e+00 -4.6254052e+00
-1.3300000e+00 -4.7414881e+00 -4.9228992e+00 -4.1362001e+00 -4.5209724e+00 -5.0687628e+00 -4.2857608e+00 -4.1219853e+00 -4.1948364e+00 -4.3946964e+00 -4.5008877e+00
-1.3225000e+00 -4.7993533e+00 -4.9390653e+00 -4.2049183e+00 -4.3344584e+00 -5.4090554e+00 -4.4753364e+00 -4.1934242e+00 -4.2032596e+00 -4.3519310e+00 -4.4086242e+00
-1.3150000e+00 -4.9053198e+00 -4.7882022e+00 -4.3375017e+00 -4.2215106e+00 -5.1752484e+00 -4.7408648e+00 -4.2964365e+00 -4.2334910e+00 -4.3301598e+00 -4.3425396e+00
-1.3075000e+00 -5.0345887e+00 -4.6383130e+00 -4.5446164e+00 -4.1698939e+00 -4.8108607e+00 -5.1222492e+00 -4.4397154e+00 -4.2878486e+00 -4.3289516e+00 -4.2992455e+00
-1.3000000e+00 -5.1316157e+00 -4.5556391e+00 -4.8217194e+00 -4.1750628e+00 -4.5579907e+00 -5.5749128e+00 -4.6382276e+00 -4.3702704e+00 -4.3489342e+00 -4.2770482e+00
-1.2925000e+00 -5.1399848e+00 -4.5503417e+00 -5.0378621e+00 -4.2388209e+00 -4.3974694e+00 -5.4383443e+00 -4.9196023e+00 -4.4871978e+00 -4.3918503e+00 -4.2754937e+00
-1.2850000e+00 -5.0800952e+00 -4.6216634e+00 -4.9377790e+00 -4.3694410e+00 -4.3074915e+00 -5.0164116e+00 -5.3340093e+00 -4.6494394e+00 -4.4608418e+00 -4.2952071e+00
-1.2775000e+00 -5.0213327e+00 -4.7613417e+00 -4.7056782e+00 -4.5826206e+00 -4.2777223e+00 -4.7256420e+00 -5.8205510e+00 -4.8763674e+00 -4.5610941e+00 -4.3379485e+00
-1.2700000e+00 -5.0118470e+00 -4.9294404e+00 -4.5402604e+00 -4.8921433e+00 -4.3060170e+00 -4.5417972e+00 -5.5687291e+00 -5.2058987e+00 -4.7011877e+00 -4.4069085e+00
-1.2625000e+00 -5.0737068e+00 -5.0200364e+00 -4.4692254e+00 -5.1905051e+00 -4.3972051e+00 -4.4349682e+00 -5.1258563e+00 -5.7050693e+00 -4.8960761e+00 -4.5073843e+00
-1.2550000e+00 -5.2044278e+00 -4.9711114e+00 -4.4908905e+00 -5.0872771e+00 -4.5643973e+00 -4.3911064e+00 -4.8395604e+00 -6.0526797e+00 -5.1742716e+00 -4.6482232e+00
-1.2475000e+00 -5.3356877e+00 -4.8820145e+00 -4.6060864e+00 -4.7963184e+00 -4.8316276e+00 -4.4060989e+00 -4.6615958e+00 -5.5530915e+00 -5.5950413e+00 -4.8451064e+00
-1.2400000e+00 -5.3294902e+00 -4.8418478e+00 -4.8106831e+00 -4.5958882e+00 -5.2112163e+00 -4.4834381e+00 -4.5603261e+00 -5.1546112e+00 -6.1839952e+00 -5.1290469e+00
-1.2325000e+00 -5.2254105e+00 -4.8721499e+00 -5.0335792e+00 -4.5052598e+00 -5.4203957e+00 -4.6352728e+00 -4.5220374e+00 -4.9084224e+00 -5.9599795e+00 -5.5719336e+00
-1.2250000e+00 -5.1838928e+00 -4.9588214e+00 -5.0565951e+00 -4.5164848e+00 -5.1176181e+00 -4.8869835e+00 -4.5432707e+00 -4.7589631e+00 -5.4526780e+00 -6.2877563e+00
-1.2175000e+00 -5.2729460e+00 -5.0599300e+00 -4.8948715e+00 -4.6316304e+00 -4.8211741e+00 -5.2758449e+00 -4.6285492e+00 -4.6806748e+00 -5.1409520e+00 -5.9932776e+00
-1.2100000e+00 -5.4540640e+00 -5.1198377e+00 -4.7704200e+00 -4.8591112e+00 -4.6549110e+00 -5.6372892e+00 -4.7920749e+00 -4.6636780e+00 -4.9499248e+00 -5.4201780e+00
-1.2025000e+00 -5.4997415e+00 -5.1203179e+00 -4.7536671e+00 -5.1529079e+00 -4.6024944e+00 -5.3535616e+00 -5.0643503e+00 -4.7074336e+00 -4.8400863e+00 -5.0937934e+00
-1.1950000e+00 -5.3756809e+00 -5.0938402e+00 -4.8470676e+00 -5.2071197e+00 -4.6570292e+00 -4.9966383e+00 -5.4953240e+00 -4.8198911e+00 -4.7950997e+00 -4.8973676e+00
-1.1875000e+00 -5.3452560e+00 -5.0814480e+00 -5.0150153e+00 -4.9776640e+00 -4.8283742e+00 -4.7914196e+00 -5.8571149e+00 -5.0212480e+00 -4.8103839e+00 -4.7848839e+00
-1.1800000e+00 -5.4767090e+00 -5.1167410e+00 -5.1298380e+00 -4.8051888e+00 -5.1322572e+00 -4.7110601e+00 -5.4703987e+00 -5.3551028e+00 -4.8898963e+00 -4.7384539e+00
-1.1725000e+00 -5.6119393e+00 -5.2139004e+00 -5.0835473e+00 -4.7686111e+00 -5.4380494e+00 -4.7417648e+00 -5.1055517e+00 -5.8758601e+00 -5.0477290e+00 -4.7531076e+00
-1.1650000e+00 -5.5434229e+00 -5.3130534e+00 -5.0036537e+00 -4.8701770e+00 -5.2850409e+00 -4.8914802e+00 -4.9077588e+00 -5.9663150e+00 -5.3161333e+00 -4.8329604e+00
-1.1575000e+00 -5.4902117e+00 -5.2894710e+00 -5.0010335e+00 -5.0908879e+00 -5.0047331e+00 -5.1879403e+00 -4.8371006e+00 -5.4697045e+00 -5.7631436e+00 -4.9930812e+00
-1.1500000e+00 -5.5816168e+00 -5.2155769e+00 -5.0777637e+00 -5.2714206e+00 -4.8699983e+00 -5.5899142e+00 -4.8801772e+00 -5.1591135e+00 -6.2649492e+00 -5.2696356e+00
-1.1425000e+00 -5.6963447e+00 -5.2556601e+00 -5.1703049e+00 -5.1736749e+00 -4.8916314e+00 -5.5241397e+00 -5.0488517e+00 -5.0072381e+00 -5.8315783e+00 -5.7529522e+00
-1.1350000e+00 -5.6582019e+00 -5.4220195e+00 -5.2097293e+00 -5.0249843e+00 -5.0704880e+00 -5.1748242e+00 -5.3813587e+00 -4.9771978e+00 -5.4128423e+00 -6.4084999e+00
-1.1275000e+00 -5.6206025e+00 -5.4587804e+00 -5.2081809e+00 -5.0062758e+00 -5.3694245e+00 -4.9875813e+00 -5.8287438e+00 -5.0645726e+00 -5.1912017e+00 -5.8276356e+00
-1.1200000e+00 -5.7327330e+00 -5.3380414e+00 -5.2044280e+00 -5.1271316e+00 -5.4479900e+00 -4.9722714e+00 -5.6590203e+00 -5.2934815e+00 -5.1060360e+00 -5.3655913e+00
-1.1125000e+00 -5.8085107e+00 -5.3771577e+00 -5.2170545e+00 -5.2906025e+00 -5.2162027e+00 -5.1275597e+00 -5.2809812e+00 -5.7197237e+00 -5.1381329e+00 -5.1330257e+00
-1.1050000e+00 -5.7105662e+00 -5.5612266e+00 -5.2772849e+00 -5.2981370e+00 -5.0845493e+00 -5.4577346e+00 -5.1020297e+00 -6.0859320e+00 -5.2984590e+00 -5.0441189e+00
-1.0975000e+00 -5.8033282e+00 -5.5223316e+00 -5.3722896e+00 -5.2158378e+00 -5.1385002e+00 -5.6704521e+00 -5.1035571e+00 -5.6597134e+00 -5.6339197e+00 -5.0760487e+00
-1.0900000e+00 -5.9022331e+00 -5.4489692e+00 -5.3714812e+00 -5.2163004e+00 -5.3539813e+00 -5.3938245e+00 -5.2878732e+00 -5.3319902e+00 -6.1750655e+00 -5.2413910e+00
-1.0825000e+00 -5.7951425e+00 -5.5811832e+00 -5.3102288e+00 -5.3024450e+00 -5.5102020e+00 -5.1917963e+00 -5.6727069e+00 -5.2162106e+00 -6.0429167e+00 -5.5997666e+00
-1.0750000e+00 -5.9291533e+00 -5.6378149e+00 -5.3833453e+00 -5.3757534e+00 -5.3760876e+00 -5.2036279e+00 -5.8583606e+00 -5.2834579e+00 -5.5872094e+00 -6.2666377e+00
-1.0675000e+00 -5.9376235e+00 -5.5707319e+00 -5.5335251e+00 -5.3885157e+00 -5.2773098e+00 -5.4260240e+00 -5.5015878e+00 -5.5553273e+00 -5.3740540e+00 -6.0706493e+00
-1.0600000e+00 -5.9106683e+00 -5.6437719e+00 -5.4504062e+00 -5.3871784e+00 -5.3556448e+00 -5.6967563e+00 -5.3006773e+00 -6.0234771e+00 -5.3562143e+00 -5.5353977e+00
-1.0525000e+00 -6.0338554e+00 -5.7100564e+00 -5.4172802e+00 -5.3951745e+00 -5.5205584e+00 -5.5497608e+00 -5.3370947e+00 -5.9170751e+00 -5.5311160e+00 -5.3067093e+00
-1.0450000e+00 -5.9808041e+00 -5.6882111e+00 -5.6056103e+00 -5.4514776e+00 -5.5265742e+00 -5.3693811e+00 -5.6105688e+00 -5.5377055e+00 -5.9485529e+00 -5.2872321e+00
-1.0375000e+00 -6.0555947e+00 -5.7188718e+00 -5.5776967e+00 -5.5422092e+00 -5.4572294e+00 -5.4170951e+00 -5.9110754e+00 -5.4154435e+00 -6.2682492e+00 -5.4736073e+00
-1.0300000e+00 -6.0789411e+00 -5.8093721e+00 -5.5055276e+00 -5.5115686e+00 -5.4971642e+00 -5.6500618e+00 -5.6659200e+00 -5.5451832e+00 -5.8211187e+00 -5.9542370e+00
-1.0225000e+00 -6.0860003e+00 -5.7578022e+00 -5.6874426e+00 -5.4844635e+00 -5.5828495e+00 -5.7080847e+00 -5.4736619e+00 -5.9315455e+00 -5.5657236e+00 -6.3875667e+00
-1.0150000e+00 -6.1538128e+00 -5.8468284e+00 -5.6441740e+00 -5.6336895e+00 -5.6063818e+00 -5.5515294e+00 -5.5565434e+00 -6.0619796e+00 -5.5775122e+00 -5.7747718e+00
-1.0075000e+00 -6.1471870e+00 -5.8601037e+00 -5.6282968e+00 -5.6425425e+00 -5.6201942e+00 -5.5646273e+00 -5.8573289e+00 -5.7016820e+00 -5.8611588e+00 -5.4889587e+00
-1.0000000e+00 -6.2007268e+00 -5.8634302e+00 -5.7649899e+00 -5.5536573e+00 -5.6316103e+00 -5.7304356e+00 -5.8633094e+00 -5.5947956e+00 -6.2953865e+00 -5.5030770e+00
-9.9250000e-01 -6.2230613e+00 -5.9506004e+00 -5.7033259e+00 -5.7360647e+00 -5.6668583e+00 -5.7498385e+00 -5.6504083e+00 -5.7964447e+00 -5.9958815e+00 -5.8301453e+00
-9.8500000e-01 -6.2475247e+00 -5.9124374e+00 -5.7684529e+00 -5.7123383e+00 -5.7570902e+00 -5.6860868e+00 -5.6940391e+00 -6.1384490e+00 -5.7281959e+00 -6.4348879e+00
-9.7750000e-01 -6.2972069e+00 -6.0081075e+00 -5.8100507e+00 -5.6544814e+00 -5.7207030e+00 -5.7491684e+00 -5.9311443e+00 -5.9178626e+00 -5.7878735e+00 -5.9569415e+00
-9.7000000e-01 -6.2829095e+00 -5.9817539e+00 -5.8057956e+00 -5.8613357e+00 -5.7295612e+00 -5.8153053e+00 -5.8918465e+00 -5.7496347e+00 -6.1593898e+00 -5.6393224e+00
-9.6250000e-01 -6.3872256e+00 -6.0577416e+00 -5.8697093e+00 -5.7265220e+00 -5.8835404e+00 -5.8231687e+00 -5.7837065e+00 -5.9187781e+00 -6.2347690e+00 -5.7140322e+00
-9.5500000e-01 -6.3524661e+00 -6.0435061e+00 -5.8782349e+00 -5.8398171e+00 -5.7804173e+00 -5.8451763e+00 -5.9073082e+00 -6.1695303e+00 -5.9098027e+00 -6.2091673e+00
-9.4750000e-01 -6.3865965e+00 -6.1264910e+00 -5.9158090e+00 -5.8600333e+00 -5.8513279e+00 -5.8610928e+00 -5.9950199e+00 -5.9617616e+00 -5.9192536e+00 -6.2678308e+00
-9.4000000e-01 -6.4613593e+00 -6.0969424e+00 -5.9440064e+00 -5.8463506e+00 -5.9606185e+00 -5.9450167e+00 -5.9237187e+00 -5.9216364e+00 -6.2524133e+00 -5.8118529e+00
-9.3250000e-01 -6.4490148e+00 -6.1678629e+00 -5.9828604e+00 -5.9441984e+00 -5.8352835e+00 -5.9319338e+00 -5.9823469e+00 -6.1524869e+00 -6.2309747e+00 -5.8360592e+00
-9.2500000e-01 -6.4753557e+00 -6.2077865e+00 -5.9843731e+00 -5.9079167e+00 -6.0513482e+00 -5.9367239e+00 -6.0392139e+00 -6.1229343e+00 -6.0123868e+00 -6.3370020e+00
-9.1750000e-01 -6.5468235e+00 -6.1809985e+00 -6.0709209e+00 -5.9875926e+00 -5.9146956e+00 -6.0753958e+00 -6.0486277e+00 -6.0363980e+00 -6.1617628e+00 -6.2115038e+00
-9.1000000e-01 -6.5793368e+00 -6.2626492e+00 -6.0266288e+00 -5.9868846e+00 -6.0582720e+00 -5.9628491e+00 -6.0748119e+00 -6.1904075e+00 -6.3619349e+00 -5.8937242e+00
-9.0250000e-01 -6.5799005e+00 -6.2811622e+00 -6.1273820e+00 -6.0311634e+00 -6.0136932e+00 -6.1177483e+00 -6.1004234e+00 -6.1934055e+00 -6.1635582e+00 -6.1399291e+00
-8.9500000e-01 -6.5955362e+00 -6.2935169e+00 -6.1094646e+00 -6.0507798e+00 -6.0860908e+00 -6.0692779e+00 -6.1768976e+00 -6.1700500e+00 -6.2256189e+00 -6.4546772e+00
-8.8750000e-01 -6.6319756e+00 -6.3581619e+00 -6.1629268e+00 -6.1066239e+00 -6.0872125e+00 -6.1129572e+00 -6.1224813e+00 -6.2580006e+00 -6.3942836e+00 -6.0325875e+00
-8.8000000e-01 -6.6734992e+00 -6.3813792e+00 -6.1803835e+00 -6.0792305e+00 -6.1435225e+00 -6.1807982e+00 -6.2523188e+00 -6.2611377e+00 -6.2748659e+00 -6.1792514e+00
-8.7250000e-01 -6.7096184e+00 -6.3737418e+00 -6.1975001e+00 -6.2017202e+00 -6.1458207e+00 -6.1430447e+00 -6.1977857e+00 -6.2987829e+00 -6.3496029e+00 -6.4933993e+00
-8.6500000e-01 -6.7420951e+00 -6.3973531e+00 -6.2798978e+00 -6.1439612e+00 -6.1998068e+00 -6.2519781e+00 -6.2743266e+00 -6.3092912e+00 -6.4191162e+00 -6.1227436e+00
-8.5750000e-01 -6.7769451e+00 -6.4479719e+00 -6.2854875e+00 -6.1956705e+00 -6.2197623e+00 -6.2118499e+00 -6.2941539e+00 -6.3905910e+00 -6.3890453e+00 -6.3632363e+00
-8.5000000e-01 -6.8094996e+00 -6.4953348e+00 -6.2704323e+00 -6.2820288e+00 -6.2410169e+00 -6.2834944e+00 -6.3064936e+00 -6.3411160e+00 -6.4502026e+00 -6.4134954e+00
-8.4250000e-01 -6.8302198e+00 -6.5280025e+00 -6.3167024e+00 -6.2472700e+00 -6.2815232e+00 -6.3099534e+00 -6.3654993e+00 -6.4731391e+00 -6.4842340e+00 -6.2358829e+00
-8.3500000e-01 -6.8543016e+00 -6.5542894e+00 -6.3774545e+00 -6.2820469e+00 -6.3372904e+00 -6.3038173e+00 -6.3753986e+00 -6.3912511e+00 -6.4931084e+00 -6.5914810e+00
-8.2750000e-01 -6.8802867e+00 -6.5832987e+00 -6.4045673e+00 -6.3354725e+00 -6.2941262e+00 -6.3957940e+00 -6.3953390e+00 -6.5425529e+00 -6.5381958e+00 -6.3063295e+00
-8.2000000e-01 -6.8984766e+00 -6.6149922e+00 -6.4147670e+00 -6.3507865e+00 -6.3858828e+00 -6.3687377e+00 -6.4849260e+00 -6.4408976e+00 -6.5734572e+00 -6.5623126e+00
-8.1250000e-01 -6.9413220e+00 -6.6421351e+00 -6.4331889e+00 -6.3873837e+00 -6.4494464e+00 -6.4275095e+00 -6.4085739e+00 -6.6248206e+00 -6.5752338e+00 -6.4218343e+00
-8.0500000e-01 -6.9795526e+00 -6.6663822e+00 -6.4619493e+00 -6.4436047e+00 -6.3962693e+00 -6.4429483e+00 -6.5788315e+00 -6.4827394e+00 -6.6509872e+00 -6.5624045e+00
-7.9750000e-01 -7.0072985e+00 -6.7055386e+00 -6.4939524e+00 -6.4778826e+00 -6.4233974e+00 -6.5016721e+00 -6.4860709e+00 -6.6986555e+00 -6.6326980e+00 -6.5027641e+00
-7.9000000e-01 -7.0250270e+00 -6.7482439e+00 -6.5261203e+00 -6.4892580e+00 -6.5075845e+00 -6.5107956e+00 -6.5614389e+00 -6.5606483e+00 -6.6916400e+00 -6.6259302e+00
-7.8250000e-01 -7.0688225e+00 -6.7615074e+00 -6.5617548e+00 -6.5018411e+00 -6.5465364e+00 -6.4992063e+00 -6.6195180e+00 -6.6755267e+00 -6.7382666e+00 -6.5392952e+00
-7.7500000e-01 -7.0865331e+00 -6.7820961e+00 -6.6019440e+00 -6.5264340e+00 -6.5524930e+00 -6.5794288e+00 -6.6035056e+00 -6.7308456e+00 -6.6856032e+00 -6.7367743e+00
-7.6750000e-01 -7.1257038e+00 -6.7997978e+00 -6.6327686e+00 -6.5602405e+00 -6.5758175e+00 -6.6596258e+00 -6.6505117e+00 -6.6472938e+00 -6.8838668e+00 -6.5636346e+00
-7.6000000e-01 -7.1485218e+00 -6.8578014e+00 -6.6452670e+00 -6.5956093e+00 -6.6194857e+00 -6.6503026e+00 -6.6705079e+00 -6.7853263e+00 -6.7198784e+00 -6.8172864e+00
-7.5250000e-01 -7.1940385e+00 -6.8776050e+00 -6.6765919e+00 -6.6234772e+00 -6.6666956e+00 -6.6296046e+00 -6.7037650e+00 -6.8041730e+00 -6.8694058e+00 -6.6628285e+00
-7.4500000e-01 -7.2088441e+00 -6.8977964e+00 -6.7351169e+00 -6.6396979e+00 -6.7074933e+00 -6.6498050e+00 -6.7740718e+00 -6.7706829e+00 -6.9229375e+00 -6.7335131e+00
-7.3750000e-01 -7.2553611e+00 -6.9500025e+00 -6.7632369e+00 -6.6581501e+00 -6.7404528e+00 -6.6964287e+00 -6.8056639e+00 -6.8290306e+00 -6.8177290e+00 -6.8966823e+00
-7.3000000e-01 -7.3073128e+00 -6.9501907e+00 -6.7914194e+00 -6.7025309e+00 -6.7648491e+00 -6.7441012e+00 -6.7907762e+00 -6.8739053e+00 -6.9349155e+00 -6.7248908e+00
-7.2250000e-01 -7.3379856e+00 -7.0030674e+00 -6.7954797e+00 -6.7567030e+00 -6.7795879e+00 -6.7826775e+00 -6.7856557e+00 -6.8918681e+00 -7.0202719e+00 -6.8291305e+00
-7.1500000e-01 -7.3041643e+00 -7.0156314e+00 -6.8625253e+00 -6.7826167e+00 -6.7923770e+00 -6.8162429e+00 -6.8092827e+00 -6.9347847e+00 -6.9695510e+00 -6.9960111e+00
-7.0750000e-01 -7.2503695e+00 -7.0666985e+00 -6.8676737e+00 -6.8206792e+00 -6.8207370e+00 -6.8531414e+00 -6.8495611e+00 -6.9890594e+00 -6.9811952e+00 -6.8774585e+00
-7.0000000e-01 -7.4745331e+00 -7.0913672e+00 -6.9000480e+00 -6.8252280e+00 -6.8586084e+00 -6.8979016e+00 -6.8918325e+00 -7.0223157e+00 -7.0450945e+00 -6.8459866e+00
-6.5000000e-01 -7.5480595e+00 -7.2771756e+00 -7.1070812e+00 -7.0501693e+00 -7.0460786e+00 -7.0554086e+00 -7.1248862e+00 -7.1673177e+00 -7.3094043e+00 -7.1444770e+00
-6.0000000e-01 -7.8558975e+00 -7.5028360e+00 -7.2963422e+00 -7.2482510e+00 -7.2355002e+00 -7.2704273e+00 -7.3460452e+00 -7.3518325e+00 -7.4385455e+00 -7.3404815e+00
-5.5000000e-01 -7.9190042e+00 -7.7144791e+00 -7.5088871e+00 -7.4246226e+00 -7.4607565e+00 -7.4562424e+00 -7.5371810e+00 -7.5728193e+00 -7.6678439e+00 -7.4945817e+00
-5.0000000e-01 -8.2041345e+00 -7.8672466e+00 -7.7100480e+00 -7.6299709e+00 -7.6549965e+00 -7.6782091e+00 -7.7175433e+00 -7.7670675e+00 -7.8518136e+00 -7.7483194e+00
-4.0000000e-01 -8.6405934e+00 -8.3166001e+00 -8.1052787e+00 -8.1601587e+00 -8.2327593e+00 -7.9583449e+00 -8.1266480e+00 -8.1866432e+00 -8.2342963e+00 -8.1476946e+00
-2.0000000e-01 -9.2973481e+00 -9.1448473e+00 -8.8827188e+00 -8.9077202e+00 -8.8139272e+00 -8.8653325e+00 -9.0236290e+00 -8.9915832e+00 -9.0488857e+00 -8.9324094e+00
0.0000000e+00 -1.0199793e+01 -9.8878110e+00 -9.7497408e+00 -9.5620730e+00 -9.7354695e+00 -9.6409469e+00 -9.7432366e+00 -9.8503384e+00 -9.9259394e+00 -9.6642904e+00
2.0000000e-01 -1.1007024e+01 -1.0705314e+01 -1.0485697e+01 -1.0383009e+01 -1.0564442e+01 -1.0489806e+01 -1.0497772e+01 -1.0556656e+01 -1.0619513e+01 -1.0602730e+01
4.0000000e-01 -1.1785124e+01 -1.1527275e+01 -1.1270413e+01 -1.1195975e+01 -1.1199189e+01 -1.1239921e+01 -1.1385014e+01 -1.1399306e+01 -1.1548449e+01 -1.1388189e+01
6.0000000e-01 -1.2560300e+01 -1.2383363e+01 -1.2122099e+01 -1.2006371e+01 -1.2038016e+01 -1.2108772e+01 -1.2133366e+01 -1.2176568e+01 -1.2209545e+01 -1.2032725e+01
8.0000000e-01 -1.3370669e+01 -1.2982010e+01 -1.2947817e+01 -1.2941280e+01 -1.2854557e+01 -1.2901544e+01 -1.2971459e+01 -1.2979017e+01 -1.3008532e+01 -1.3023106e+01
1.0000000e+00 -1.4155440e+01 -1.3879112e+01 -1.3657618e+01 -1.3687206e+01 -1.3645511e+01 -1.3612901e+01 -1.3719582e+01 -1.3754158e+01 -1.3902105e+01 -1.3656086e+01
1.2000000e+00 -1.4958235e+01 -1.4732898e+01 -1.4520403e+01 -1.4372658e+01 -1.4443286e+01 -1.4479750e+01 -1.4416414e+01 -1.4533978e+01 -1.4623311e+01 -1.4523548e+01
1.4000000e+00 -1.5885334e+01 -1.5579193e+01 -1.5188176e+01 -1.5230005e+01 -1.5278664e+01 -1.5287913e+01 -1.5258762e+01 -1.5426933e+01 -1.5418991e+01 -1.5295440e+01
1.6000000e+00 -1.6605405e+01 -1.6222851e+01 -1.6047658e+01 -1.6176470e+01 -1.6096850e+01 -1.6122506e+01 -1.6291852e+01 -1.6173451e+01 -1.6208084e+01 -1.6100055e+01
1.8000000e+00 -1.7500858e+01 -1.7128002e+01 -1.6972183e+01 -1.6845986e+01 -1.6820462e+01 -1.7016233e+01 -1.6964411e+01 -1.6963212e+01 -1.7135872e+01 -1.6964100e+01
2.0000000e+00 -1.8281477e+01 -1.7937800e+01 -1.7649793e+01 -1.7577458e+01 -1.7680432e+01 -1.7754030e+01 -1.7762467e+01 -1.7803927e+01 -1.7802268e+01 -1.7675940e+01