########################################################################
# Reference Counts for Solar Model AGSS09ph                            #
# Column 1: log10(Axion mass in eV)                                    #
#        n>1: Reference photon counts in energy bin n-1                #
########################################################################
-3.0000000e+00 -4.7899246e-01 -2.2264555e-01 -5.4141513e-02 4.5292790e-02 5.4149985e-02 -7.8321122e-02 -2.6802813e-02 4.5728615e-03 1.1923799e-02 1.3361818e-02 2.7568366e-03 -1.9988849e-02 -5.3992189e-02 -9.5360929e-02 -1.4585240e-01 -2.0241650e-01 -2.6397518e-01 -3.3383839e-01 -4.1186597e-01 -4.9848167e-01
-2.8000000e+00 -4.7910802e-01 -2.2271296e-01 -5.4185508e-02 4.5261792e-02 5.4126799e-02 -7.8338710e-02 -2.6816840e-02 4.5614678e-03 1.1914356e-02 1.3353864e-02 2.7500434e-03 -1.9994718e-02 -5.3997310e-02 -9.5365436e-02 -1.4585640e-01 -2.0242007e-01 -2.6397838e-01 -3.3384128e-01 -4.1186859e-01 -4.9848407e-01
-2.6000000e+00 -4.7983731e-01 -2.2313832e-01 -5.4463119e-02 4.5066196e-02 5.3980497e-02 -7.8449688e-02 -2.6905340e-02 4.4895773e-03 1.1854770e-02 1.3303673e-02 2.7071805e-03 -2.0031750e-02 -5.4029619e-02 -9.5393871e-02 -1.4588162e-01 -2.0244259e-01 -2.6399861e-01 -3.3385956e-01 -4.1188518e-01 -4.9849920e-01
-2.4000000e+00 -4.8444368e-01 -2.2582395e-01 -5.6215503e-02 4.3831679e-02 5.3057174e-02 -7.9150038e-02 -2.7463821e-02 4.0359246e-03 1.1478773e-02 1.2986964e-02 2.4367148e-03 -2.0265420e-02 -5.4233486e-02 -9.5573292e-02 -1.4604075e-01 -2.0258466e-01 -2.6412625e-01 -3.3397486e-01 -4.1198985e-01 -4.9859464e-01
-2.2000000e+00 -5.1370541e-01 -2.4284035e-01 -6.7303438e-02 3.6026726e-02 4.7222534e-02 -8.3574062e-02 -3.0990864e-02 1.1714088e-03 9.1049059e-03 1.0987609e-02 7.2941992e-04 -2.1740353e-02 -5.5520240e-02 -9.6705701e-02 -1.4704505e-01 -2.0348131e-01 -2.6493177e-01 -3.3470250e-01 -4.1265039e-01 -4.9919693e-01
-2.1500000e+00 -5.3424894e-01 -2.5474101e-01 -7.5042067e-02 3.0585845e-02 4.3158101e-02 -8.6654208e-02 -3.3445670e-02 -8.2177923e-04 7.4534308e-03 9.5968787e-03 -4.5802354e-04 -2.2766095e-02 -5.6415047e-02 -9.7493130e-02 -1.4774337e-01 -2.0410475e-01 -2.6549182e-01 -3.3520840e-01 -4.1310962e-01 -4.9961566e-01
-2.1000000e+00 -5.6716413e-01 -2.7372799e-01 -8.7361335e-02 2.1935435e-02 3.6701088e-02 -9.1544728e-02 -3.7341892e-02 -3.9844820e-03 4.8334664e-03 7.3909066e-03 -2.3413173e-03 -2.4392774e-02 -5.7833973e-02 -9.8741704e-02 -1.4885058e-01 -2.0509319e-01 -2.6637974e-01 -3.3601043e-01 -4.1383764e-01 -5.0027945e-01
-2.0500000e+00 -6.2026331e-01 -3.0414421e-01 -1.0702494e-01 8.1563322e-03 2.6428579e-02 -9.9317984e-02 -4.3531175e-02 -9.0063949e-03 6.7466675e-04 3.8901095e-03 -5.3294678e-03 -2.6973373e-02 -6.0084712e-02 -1.0072203e-01 -1.5060655e-01 -2.0666069e-01 -2.6778773e-01 -3.3728216e-01 -4.1499198e-01 -5.0133192e-01
-2.0000000e+00 -7.0692671e-01 -3.5319825e-01 -1.3854803e-01 -1.3859056e-02 1.0048797e-02 -1.1169440e-01 -5.3376472e-02 -1.6989285e-02 -5.9328471e-03 -1.6698081e-03 -1.0073770e-02 -3.1069616e-02 -6.3656663e-02 -1.0386432e-01 -1.5339249e-01 -2.0914732e-01 -2.7002112e-01 -3.3929925e-01 -4.1682274e-01 -5.0300100e-01
-1.9500000e+00 -8.5133278e-01 -4.3321998e-01 -1.8944910e-01 -4.9209492e-02 -1.6165735e-02 -1.3145443e-01 -6.9071763e-02 -2.9701503e-02 -1.6446277e-02 -1.0510868e-02 -1.7614231e-02 -3.7577562e-02 -6.9329867e-02 -1.0885384e-01 -1.5781522e-01 -2.1309420e-01 -2.7356551e-01 -3.4249996e-01 -4.1972746e-01 -5.0564895e-01
-1.9000000e+00 -1.1017142e+00 -5.6643948e-01 -2.7265914e-01 -1.0644639e-01 -5.8375913e-02 -1.6314582e-01 -9.4197641e-02 -5.0002935e-02 -3.3214044e-02 -2.4597234e-02 -2.9618999e-02 -4.7932112e-02 -7.8351780e-02 -1.1678526e-01 -1.6484329e-01 -2.1936432e-01 -2.7919488e-01 -3.4758244e-01 -4.2433910e-01 -5.0985229e-01
-1.8500000e+00 -1.5745458e+00 -7.9705810e-01 -4.1172505e-01 -2.0046109e-01 -1.2704365e-01 -2.1435579e-01 -1.3460708e-01 -8.2576491e-02 -6.0053564e-02 -4.7112833e-02 -4.8783098e-02 -6.4445310e-02 -9.2728125e-02 -1.2941561e-01 -1.7602899e-01 -2.2933915e-01 -2.8814691e-01 -3.5566212e-01 -4.3166823e-01 -5.1653089e-01
-1.8475000e+00 -1.6085222e+00 -8.1256265e-01 -4.2083046e-01 -2.0654070e-01 -1.3145440e-01 -2.1763002e-01 -1.3718357e-01 -8.4649223e-02 -6.1759328e-02 -4.8541916e-02 -4.9998437e-02 -6.5491842e-02 -9.3638748e-02 -1.3021529e-01 -1.7673695e-01 -2.2997028e-01 -2.8871318e-01 -3.5617311e-01 -4.3213166e-01 -5.1695312e-01
-1.8400000e+00 -1.7191159e+00 -8.6211429e-01 -4.4971373e-01 -2.2576125e-01 -1.4537428e-01 -2.2795087e-01 -1.4529925e-01 -9.1174823e-02 -6.7127638e-02 -5.3038237e-02 -5.3821452e-02 -6.8783308e-02 -9.6502383e-02 -1.3272977e-01 -1.7896284e-01 -2.3195446e-01 -2.9049335e-01 -3.5777937e-01 -4.3358838e-01 -5.1828027e-01
-1.8325000e+00 -1.8443690e+00 -9.1669781e-01 -4.8114001e-01 -2.4656064e-01 -1.6039494e-01 -2.3906673e-01 -1.5403020e-01 -9.8189510e-02 -7.2894959e-02 -5.7866665e-02 -5.7925480e-02 -7.2315793e-02 -9.9575067e-02 -1.3542736e-01 -1.8135048e-01 -2.3408258e-01 -2.9240246e-01 -3.5950184e-01 -4.3515037e-01 -5.1970324e-01
-1.8250000e+00 -1.9863163e+00 -9.7702559e-01 -5.1538628e-01 -2.6908884e-01 -1.7661319e-01 -2.5104386e-01 -1.6342604e-01 -1.0573182e-01 -7.9092193e-02 -6.3052593e-02 -6.2331792e-02 -7.6107397e-02 -1.0287240e-01 -1.3832164e-01 -1.8391182e-01 -2.3636524e-01 -2.9445000e-01 -3.6134903e-01 -4.3682533e-01 -5.2122903e-01
-1.8175000e+00 -2.1457455e+00 -1.0439624e+00 -5.5277120e-01 -2.9351399e-01 -1.9413615e-01 -2.6395494e-01 -1.7354093e-01 -1.1384364e-01 -8.5752839e-02 -6.8623488e-02 -6.7063365e-02 -8.0177651e-02 -1.0641120e-01 -1.4142725e-01 -1.8665974e-01 -2.3881385e-01 -2.9664613e-01 -3.6333009e-01 -4.3862153e-01 -5.2286514e-01
-1.8100000e+00 -2.3185283e+00 -1.1185718e+00 -5.9366404e-01 -3.2002539e-01 -2.1308263e-01 -2.7787978e-01 -1.8443401e-01 -1.2257053e-01 -9.2913239e-02 -7.4609090e-02 -7.2145036e-02 -8.4547637e-02 -1.1020959e-01 -1.4475998e-01 -1.8960810e-01 -2.4144068e-01 -2.9900183e-01 -3.6545486e-01 -4.4054785e-01 -5.2461964e-01
-1.8025000e+00 -2.4861973e+00 -1.2021812e+00 -6.3849630e-01 -3.4883723e-01 -2.3358487e-01 -2.9290629e-01 -1.9616997e-01 -1.3196214e-01 -1.0061286e-01 -8.1041619e-02 -7.7603667e-02 -8.9240128e-02 -1.1428716e-01 -1.4833683e-01 -1.9277183e-01 -2.4425894e-01 -3.0152886e-01 -3.6773392e-01 -4.4261385e-01 -5.2650120e-01
-1.7950000e+00 -2.6028993e+00 -1.2964710e+00 -6.8777689e-01 -3.8019314e-01 -2.5579053e-01 -3.0913143e-01 -2.0881974e-01 -1.4207261e-01 -1.0889461e-01 -8.7956020e-02 -8.3468337e-02 -9.4279739e-02 -1.1866501e-01 -1.5217615e-01 -1.9616703e-01 -2.4728289e-01 -3.0423994e-01 -3.7017866e-01 -4.4482982e-01 -5.2851916e-01
-1.7875000e+00 -2.6143037e+00 -1.4035989e+00 -7.4211238e-01 -4.1437187e-01 -2.7986517e-01 -3.2666253e-01 -2.2246120e-01 -1.5296108e-01 -1.1780518e-01 -9.5390222e-02 -8.9770543e-02 -9.9693090e-02 -1.2336599e-01 -1.5629774e-01 -1.9981104e-01 -2.5052785e-01 -3.0714872e-01 -3.7280134e-01 -4.4720681e-01 -5.3068355e-01
-1.7800000e+00 -2.5256261e+00 -1.5263593e+00 -8.0223448e-01 -4.5169455e-01 -3.0599515e-01 -3.4561865e-01 -2.3718004e-01 -1.6469228e-01 -1.2739547e-01 -1.0338544e-01 -9.6544437e-02 -1.0550900e-01 -1.2841474e-01 -1.6072296e-01 -2.0372258e-01 -2.5401036e-01 -3.1026991e-01 -3.7561515e-01 -4.4975673e-01 -5.3300515e-01
-1.7725000e+00 -2.3942591e+00 -1.6683480e+00 -8.6903791e-01 -4.9253387e-01 -3.3439133e-01 -3.6613231e-01 -2.5307078e-01 -1.7733715e-01 -1.3772103e-01 -1.1198651e-01 -1.0382708e-01 -1.1175866e-01 -1.3383794e-01 -1.6547491e-01 -2.0792185e-01 -2.5774825e-01 -3.1361940e-01 -3.7863432e-01 -4.5249238e-01 -5.3549558e-01
-1.7650000e+00 -2.2631221e+00 -1.8339405e+00 -9.4363376e-01 -5.3732617e-01 -3.6529349e-01 -3.8835156e-01 -2.7023793e-01 -1.9097359e-01 -1.4884254e-01 -1.2124185e-01 -1.1165873e-01 -1.1847593e-01 -1.3966448e-01 -1.7057856e-01 -2.1243066e-01 -2.6176075e-01 -3.1721428e-01 -3.8187414e-01 -4.5542756e-01 -5.3816734e-01
-1.7575000e+00 -2.1488538e+00 -2.0272211e+00 -1.0274263e+00 -5.8658719e-01 -3.9897598e-01 -4.1244238e-01 -2.8879738e-01 -2.0568734e-01 -1.6082646e-01 -1.3120553e-01 -1.2008316e-01 -1.2569751e-01 -1.4592561e-01 -1.7606088e-01 -2.1727259e-01 -2.6606863e-01 -3.2107299e-01 -3.8535114e-01 -4.5857713e-01 -5.4103388e-01
-1.7500000e+00 -2.0553793e+00 -2.2462609e+00 -1.1222253e+00 -6.4093333e-01 -4.3575485e-01 -4.3859171e-01 -3.0887803e-01 -2.2157296e-01 -1.7374568e-01 -1.4193530e-01 -1.2914804e-01 -1.3346327e-01 -1.5265527e-01 -1.8195113e-01 -2.2247310e-01 -2.7069431e-01 -3.2521544e-01 -3.8908310e-01 -4.6195712e-01 -5.4410970e-01
-1.7425000e+00 -1.9824557e+00 -2.4608829e+00 -1.2304149e+00 -7.0111067e-01 -4.7599687e-01 -4.6701111e-01 -3.3062375e-01 -2.3873503e-01 -1.8768027e-01 -1.5349480e-01 -1.3890535e-01 -1.4181659e-01 -1.5989023e-01 -1.8828095e-01 -2.2805977e-01 -2.7566203e-01 -3.2966313e-01 -3.9308924e-01 -4.6558480e-01 -5.4741041e-01
-1.7350000e+00 -1.9288994e+00 -2.5726373e+00 -1.3552067e+00 -7.6803535e-01 -5.2013145e-01 -4.9794124e-01 -3.5419572e-01 -2.5728953e-01 -2.0271845e-01 -1.6595373e-01 -1.4941180e-01 -1.5080124e-01 -1.6767046e-01 -1.9508467e-01 -2.3406245e-01 -2.8099801e-01 -3.3443928e-01 -3.9739027e-01 -4.6947878e-01 -5.5095286e-01
-1.7275000e+00 -1.8936214e+00 -2.4967519e+00 -1.5010128e+00 -8.4285131e-01 -5.6866623e-01 -5.3165761e-01 -3.7977527e-01 -2.7736547e-01 -2.1895756e-01 -1.7938864e-01 -1.6072944e-01 -1.6047551e-01 -1.7603943e-01 -2.0239956e-01 -2.4051347e-01 -2.8673060e-01 -3.3956898e-01 -4.0200860e-01 -4.7365918e-01 -5.5475521e-01
-1.7200000e+00 -1.8759180e+00 -2.3175888e+00 -1.6739200e+00 -9.2701465e-01 -6.2220810e-01 -5.6847768e-01 -4.0756739e-01 -2.9910688e-01 -2.3650538e-01 -1.9388374e-01 -1.7292621e-01 -1.7089216e-01 -1.8504445e-01 -2.1026610e-01 -2.4744792e-01 -2.9289053e-01 -3.4507940e-01 -4.0696842e-01 -4.7814770e-01 -5.5883705e-01
-1.7125000e+00 -1.8755288e+00 -2.1348975e+00 -1.8818379e+00 -1.0224205e+00 -6.8149194e-01 -6.0877016e-01 -4.3780500e-01 -3.2267511e-01 -2.5548152e-01 -2.0953188e-01 -1.8607665e-01 -1.8211259e-01 -1.9473710e-01 -2.1872830e-01 -2.5490387e-01 -2.9951109e-01 -3.5099994e-01 -4.1229589e-01 -4.8296780e-01 -5.6321953e-01
-1.7050000e+00 -1.8926290e+00 -1.9800235e+00 -2.1313949e+00 -1.1315997e+00 -7.4742093e-01 -6.5296696e-01 -4.7075436e-01 -3.4825177e-01 -2.7601918e-01 -2.2643570e-01 -2.0026275e-01 -1.9420403e-01 -2.0517367e-01 -2.2783411e-01 -2.6292270e-01 -3.0662841e-01 -3.5736243e-01 -4.1801933e-01 -4.8814484e-01 -5.6792551e-01
-1.6975000e+00 -1.9278045e+00 -1.8557884e+00 -2.4050705e+00 -1.2580311e+00 -8.2112428e-01 -7.0157912e-01 -5.0672182e-01 -3.7604215e-01 -2.9826724e-01 -2.4470898e-01 -2.1557484e-01 -2.0724026e-01 -2.1641573e-01 -2.3763580e-01 -2.7154945e-01 -3.1428172e-01 -3.6420143e-01 -4.2416941e-01 -4.9370624e-01 -5.7297969e-01
-1.6900000e+00 -1.9820039e+00 -1.7589648e+00 -2.5760197e+00 -1.4066502e+00 -9.0404246e-01 -7.5521813e-01 -5.4606259e-01 -4.0627961e-01 -3.2239270e-01 -2.6447824e-01 -2.3211270e-01 -2.2130237e-01 -2.2853069e-01 -2.4819044e-01 -2.8083314e-01 -3.2251368e-01 -3.7155442e-01 -4.3077937e-01 -4.9968172e-01 -5.7840878e-01
-1.6825000e+00 -2.0564168e+00 -1.6860950e+00 -2.4729638e+00 -1.5846580e+00 -9.9805685e-01 -8.1462535e-01 -5.8919193e-01 -4.3923095e-01 -3.4858379e-01 -2.8588461e-01 -2.4998687e-01 -2.3647970e-01 -2.4159252e-01 -2.5956044e-01 -2.9082726e-01 -3.3137071e-01 -3.7946212e-01 -4.3788527e-01 -5.0610346e-01 -5.8424171e-01
-1.6750000e+00 -2.1521308e+00 -1.6346075e+00 -2.2358669e+00 -1.8025811e+00 -1.1056941e+00 -8.8071322e-01 -6.3660011e-01 -4.7520329e-01 -3.7705364e-01 -3.0908618e-01 -2.6932014e-01 -2.5287092e-01 -2.5568252e-01 -2.7181417e-01 -3.0159026e-01 -3.4090339e-01 -3.8796884e-01 -4.4552628e-01 -5.1300636e-01 -5.9050979e-01
-1.6675000e+00 -2.2691896e+00 -1.6028761e+00 -2.0152189e+00 -2.0736799e+00 -1.2304615e+00 -9.5462460e-01 -6.8887238e-01 -5.1455279e-01 -4.0804494e-01 -3.3426069e-01 -2.9024940e-01 -2.7058530e-01 -2.7089029e-01 -2.8502667e-01 -3.1318605e-01 -3.5116695e-01 -3.9712282e-01 -4.5374498e-01 -5.2042830e-01 -5.9724700e-01
-1.6600000e+00 -2.4041586e+00 -1.5901014e+00 -1.8383909e+00 -2.3944291e+00 -1.3774209e+00 -1.0378208e+00 -7.4671624e-01 -5.5769609e-01 -4.4183576e-01 -3.6160898e-01 -3.1292776e-01 -2.8974417e-01 -2.8731479e-01 -2.9927485e-01 -3.2568470e-01 -3.6222173e-01 -4.0697669e-01 -4.6258771e-01 -5.2841048e-01 -6.0449019e-01
-1.6525000e+00 -2.5447109e+00 -1.5962107e+00 -1.7007297e+00 -2.6192689e+00 -1.5542085e+00 -1.1322161e+00 -8.1099972e-01 -6.0512527e-01 -4.7874688e-01 -3.9135913e-01 -3.3752722e-01 -3.1048275e-01 -3.0506560e-01 -3.1466090e-01 -3.3916314e-01 -3.7413378e-01 -4.1758788e-01 -4.7210497e-01 -5.3699767e-01 -6.1227940e-01
-1.6450000e+00 -2.6621833e+00 -1.6218136e+00 -1.5950018e+00 -2.4781110e+00 -1.7728461e+00 -1.2403925e+00 -8.8280615e-01 -6.5742812e-01 -5.1915130e-01 -4.2377171e-01 -3.6424186e-01 -3.3295563e-01 -3.2425739e-01 -3.3127971e-01 -3.5370603e-01 -3.8697557e-01 -4.2901925e-01 -4.8235188e-01 -5.4623867e-01 -6.2065816e-01
-1.6375000e+00 -2.7169404e+00 -1.6682155e+00 -1.5157777e+00 -2.1884787e+00 -2.0522592e+00 -1.3659550e+00 -9.6351504e-01 -7.1531578e-01 -5.6348665e-01 -4.5914634e-01 -3.9329179e-01 -3.5732580e-01 -3.4504699e-01 -3.4924263e-01 -3.6940676e-01 -4.0082670e-01 -4.4133965e-01 -4.9338866e-01 -5.5618669e-01 -6.2967388e-01
-1.6300000e+00 -2.6945100e+00 -1.7374759e+00 -1.4594868e+00 -1.9413058e+00 -2.4122275e+00 -1.5141532e+00 -1.0549253e+00 -7.7966154e-01 -6.1227160e-01 -4.9783013e-01 -4.2492805e-01 -3.8378811e-01 -3.6756492e-01 -3.6867341e-01 -3.8636856e-01 -4.1577488e-01 -4.5462465e-01 -5.0528126e-01 -5.6689985e-01 -6.3937825e-01
-1.6225000e+00 -2.6249204e+00 -1.8324589e+00 -1.4239848e+00 -1.7513431e+00 -2.7520364e+00 -1.6930208e+00 -1.1594505e+00 -8.5155659e-01 -6.6612813e-01 -5.4022859e-01 -4.5943877e-01 -4.1255960e-01 -3.9198863e-01 -3.8971005e-01 -4.0470593e-01 -4.3191688e-01 -4.6895738e-01 -5.1810201e-01 -5.7844175e-01 -6.4982767e-01
-1.6150000e+00 -2.5478473e+00 -1.9566762e+00 -1.4082152e+00 -1.6064011e+00 -2.6282334e+00 -1.9155384e+00 -1.2804424e+00 -9.3239254e-01 -7.2581219e-01 -5.8682006e-01 -4.9715710e-01 -4.4388765e-01 -4.1851030e-01 -4.1250697e-01 -4.2454619e-01 -4.4935986e-01 -4.8442950e-01 -5.3193037e-01 -5.9088206e-01 -6.6108384e-01
-1.6075000e+00 -2.4867745e+00 -2.1131491e+00 -1.4120169e+00 -1.4961699e+00 -2.2748210e+00 -2.2033546e+00 -1.4227546e+00 -1.0239878e+00 -7.9225716e-01 -6.3817497e-01 -5.3847132e-01 -4.7805601e-01 -4.4734781e-01 -4.3723769e-01 -4.4603149e-01 -4.6822275e-01 -5.0114230e-01 -5.4685385e-01 -6.0429731e-01 -6.7321432e-01
-1.6000000e+00 -2.4512476e+00 -2.2994555e+00 -1.4360530e+00 -1.4139033e+00 -1.9900564e+00 -2.5850226e+00 -1.5937881e+00 -1.1287886e+00 -8.6663674e-01 -6.9498229e-01 -5.8383823e-01 -5.1539249e-01 -4.7874956e-01 -4.6409812e-01 -4.6932104e-01 -4.8863798e-01 -5.1920804e-01 -5.6296908e-01 -6.1877168e-01 -6.8629326e-01
-1.5925000e+00 -2.4441841e+00 -2.4907930e+00 -1.4818507e+00 -1.3554199e+00 -1.7795309e+00 -2.9666875e+00 -1.8055471e+00 -1.2502052e+00 -9.5045926e-01 -7.5808638e-01 -6.3380098e-01 -5.5627886e-01 -5.1300057e-01 -4.9331056e-01 -4.9459398e-01 -5.1075358e-01 -5.3875152e-01 -5.8038297e-01 -6.3439801e-01 -7.0040217e-01
-1.5850000e+00 -2.4659143e+00 -2.6106258e+00 -1.5519505e+00 -1.3182775e+00 -1.6219751e+00 -2.8111395e+00 -2.0787832e+00 -1.3932049e+00 -1.0457140e+00 -8.2853995e-01 -6.8901325e-01 -6.0116380e-01 -5.5043019e-01 -5.2512867e-01 -5.2205282e-01 -5.3473563e-01 -5.5991192e-01 -5.9921423e-01 -6.5127896e-01 -7.1563087e-01
-1.5775000e+00 -2.5156232e+00 -2.5801988e+00 -1.6501763e+00 -1.3012807e+00 -1.5031053e+00 -2.4241786e+00 -2.4486994e+00 -1.5654307e+00 -1.1551082e+00 -9.0768222e-01 -7.5027303e-01 -6.5058021e-01 -5.9142213e-01 -5.5984951e-01 -5.5192929e-01 -5.6077259e-01 -5.8284508e-01 -6.1959503e-01 -6.6952835e-01 -7.3207860e-01
-1.5700000e+00 -2.5912650e+00 -2.4495663e+00 -1.7819759e+00 -1.3042264e+00 -1.4143618e+00 -2.1284992e+00 -2.9108596e+00 -1.7794802e+00 -1.2824710e+00 -9.9725820e-01 -8.1857053e-01 -7.0516864e-01 -6.3642749e-01 -5.9779889e-01 -5.8448163e-01 -5.8907384e-01 -6.0772618e-01 -6.4167309e-01 -6.8927274e-01 -7.4985526e-01
-1.5625000e+00 -2.6880182e+00 -2.3114249e+00 -1.9543884e+00 -1.3278169e+00 -1.3506501e+00 -1.9138748e+00 -2.9223705e+00 -2.0578611e+00 -1.4334855e+00 -1.0996085e+00 -8.9515860e-01 -7.6570988e-01 -6.8598230e-01 -6.3937580e-01 -6.2001740e-01 -6.1988207e-01 -6.3475307e-01 -6.6561412e-01 -7.1065338e-01 -7.6908296e-01
-1.5550000e+00 -2.7946433e+00 -2.2061281e+00 -2.1730042e+00 -1.3737141e+00 -1.3090246e+00 -1.7544545e+00 -2.4912692e+00 -2.4424741e+00 -1.6171204e+00 -1.2179854e+00 -9.8165917e-01 -8.3317123e-01 -7.4073126e-01 -6.8504340e-01 -6.5888601e-01 -6.5347385e-01 -6.6415038e-01 -6.9160489e-01 -7.3382849e-01 -7.8989781e-01
-1.5475000e+00 -2.8885334e+00 -2.1429438e+00 -2.4224294e+00 -1.4447471e+00 -1.2879901e+00 -1.6346095e+00 -2.1548876e+00 -2.9545231e+00 -1.8486860e+00 -1.3571119e+00 -1.0802309e+00 -9.0877409e-01 -8.0146063e-01 -7.3535309e-01 -7.0149797e-01 -6.9016834e-01 -6.9617460e-01 -7.1985689e-01 -7.5897603e-01 -8.1245205e-01
-1.5400000e+00 -2.9384429e+00 -2.1226452e+00 -2.5968027e+00 -1.5453231e+00 -1.2871544e+00 -1.5453049e+00 -1.9165847e+00 -2.9624953e+00 -2.1569223e+00 -1.5242418e+00 -1.1938454e+00 -9.9409611e-01 -8.6914526e-01 -7.9096945e-01 -7.4833808e-01 -7.3033669e-01 -7.3112051e-01 -7.5061097e-01 -7.8629717e-01 -8.3691670e-01
-1.5325000e+00 -2.9282610e+00 -2.1448463e+00 -2.5349814e+00 -1.6821170e+00 -1.3070996e+00 -1.4812530e+00 -1.7420746e+00 -2.4819727e+00 -2.5978533e+00 -1.7313564e+00 -1.3267683e+00 -1.0912313e+00 -9.4501719e-01 -8.5270509e-01 -7.9998531e-01 -7.7441315e-01 -7.6932838e-01 -7.8414304e-01 -8.1602041e-01 -8.6348474e-01
-1.5250000e+00 -2.8779806e+00 -2.2093634e+00 -2.3357534e+00 -1.8649434e+00 -1.3494217e+00 -1.4394237e+00 -1.6115626e+00 -2.1316674e+00 -3.1332936e+00 -2.0002214e+00 -1.4854582e+00 -1.2030530e+00 -1.0306696e+00 -9.2157047e-01 -8.5714009e-01 -8.2291677e-01 -8.1119894e-01 -8.2077147e-01 -8.4840694e-01 -8.9237502e-01
-1.5175000e+00 -2.8253791e+00 -2.3148440e+00 -2.1510056e+00 -2.1060161e+00 -1.4169537e+00 -1.4182867e+00 -1.5140304e+00 -1.8885574e+00 -2.8507715e+00 -2.3749950e+00 -1.6803960e+00 -1.3336700e+00 -1.1282199e+00 -9.9884716e-01 -9.2066258e-01 -8.7646576e-01 -8.5720195e-01 -8.6087192e-01 -8.8375724e-01 -9.2383713e-01
-1.5100000e+00 -2.8007872e+00 -2.4534838e+00 -2.0194252e+00 -2.4027366e+00 -1.5142459e+00 -1.4174432e+00 -1.4431502e+00 -1.7118937e+00 -2.3702751e+00 -2.9330878e+00 -1.9302413e+00 -1.4892747e+00 -1.2405792e+00 -1.0861994e+00 -9.9162785e-01 -9.3581357e-01 -9.0789521e-01 -9.0486797e-01 -9.2241959e-01 -9.5815757e-01
-1.5025000e+00 -2.8225933e+00 -2.5982540e+00 -1.9420262e+00 -2.6312550e+00 -1.6484812e+00 -1.4374909e+00 -1.3952846e+00 -1.5802282e+00 -2.0496924e+00 -3.1579472e+00 -2.2725077e+00 -1.6798624e+00 -1.3719201e+00 -1.1858509e+00 -1.0714078e+00 -1.0018912e+00 -9.6395550e-01 -9.5328005e-01 -9.6480118e-01 -9.9566758e-01
-1.4950000e+00 -2.8997748e+00 -2.6917905e+00 -1.9155833e+00 -2.5314957e+00 -1.8311218e+00 -1.4800690e+00 -1.3685068e+00 -1.4819959e+00 -1.8263518e+00 -2.5913435e+00 -2.7888070e+00 -1.9231309e+00 -1.5285524e+00 -1.3008783e+00 -1.1617969e+00 -1.0758707e+00 -1.0262104e+00 -1.0067259e+00 -1.0113865e+00 -1.0367533e+00
-1.4875000e+00 -3.0260741e+00 -2.6885716e+00 -1.9389558e+00 -2.2719905e+00 -2.0801639e+00 -1.5480981e+00 -1.3621072e+00 -1.4106518e+00 -1.6631184e+00 -2.1914487e+00 -3.3162426e+00 -2.2546403e+00 -1.7207131e+00 -1.4357287e+00 -1.2652147e+00 -1.1592608e+00 -1.0956907e+00 -1.0659514e+00 -1.0627417e+00 -1.0818689e+00
-1.4800000e+00 -3.1545932e+00 -2.6212630e+00 -2.0137499e+00 -2.0556414e+00 -2.4148628e+00 -1.6463048e+00 -1.3764743e+00 -1.3624626e+00 -1.5413464e+00 -1.9248385e+00 -2.7694711e+00 -2.7560207e+00 -1.9666785e+00 -1.5972020e+00 -1.3850466e+00 -1.2540557e+00 -1.1737071e+00 -1.1318955e+00 -1.1195645e+00 -1.1315546e+00
-1.4725000e+00 -3.1909152e+00 -2.5525730e+00 -2.1432216e+00 -1.9086866e+00 -2.7521096e+00 -1.7822531e+00 -1.4129381e+00 -1.3354576e+00 -1.4509809e+00 -1.7346520e+00 -2.3028683e+00 -3.3957092e+00 -2.3037579e+00 -1.7965000e+00 -1.5262567e+00 -1.3629792e+00 -1.2619658e+00 -1.2057210e+00 -1.1827064e+00 -1.1864670e+00
-1.4650000e+00 -3.1220981e+00 -2.5168194e+00 -2.3264237e+00 -1.8235721e+00 -2.6723832e+00 -1.9683270e+00 -1.4741207e+00 -1.3289264e+00 -1.3863322e+00 -1.5939928e+00 -2.0030917e+00 -2.8792973e+00 -2.8211172e+00 -2.0540786e+00 -1.6965816e+00 -1.4899046e+00 -1.3627549e+00 -1.2889317e+00 -1.2532275e+00 -1.2473874e+00
-1.4575000e+00 -3.0495693e+00 -2.5240729e+00 -2.5330409e+00 -1.7939063e+00 -2.3425785e+00 -2.2251354e+00 -1.5643231e+00 -1.3432138e+00 -1.3442002e+00 -1.4891037e+00 -1.7937177e+00 -2.3732418e+00 -3.4924509e+00 -2.4132173e+00 -1.9091079e+00 -1.6406319e+00 -1.4792539e+00 -1.3835150e+00 -1.3324918e+00 -1.3153077e+00
-1.4500000e+00 -3.0433800e+00 -2.5734075e+00 -2.6504566e+00 -1.8179522e+00 -2.0826994e+00 -2.5803880e+00 -1.6904849e+00 -1.3797198e+00 -1.3229907e+00 -1.4124005e+00 -1.6402847e+00 -2.0563644e+00 -2.9104207e+00 -2.9827164e+00 -2.1886788e+00 -1.8244578e+00 -1.6160864e+00 -1.4921849e+00 -1.4222687e+00 -1.3914759e+00
-1.4425000e+00 -3.1185556e+00 -2.6572178e+00 -2.5815952e+00 -1.8985415e+00 -1.9109524e+00 -2.9615746e+00 -1.8640857e+00 -1.4411036e+00 -1.3223020e+00 -1.3595858e+00 -1.5259439e+00 -1.8378029e+00 -2.4006185e+00 -3.5754095e+00 -2.5911199e+00 -2.0577413e+00 -1.7803802e+00 -1.6188013e+00 -1.5249470e+00 -1.4775028e+00
-1.4350000e+00 -3.2449694e+00 -2.7586408e+00 -2.4361298e+00 -2.0427171e+00 -1.8097790e+00 -2.8585701e+00 -2.1049763e+00 -1.5317767e+00 -1.3427803e+00 -1.3283428e+00 -1.4416358e+00 -1.6785218e+00 -2.0848393e+00 -2.8643906e+00 -3.2632469e+00 -2.3734284e+00 -1.9840225e+00 -1.7691454e+00 -1.6438663e+00 -1.5755566e+00
-1.4275000e+00 -3.3334225e+00 -2.8459570e+00 -2.3262591e+00 -2.2579361e+00 -1.7685392e+00 -2.4910328e+00 -2.4467929e+00 -1.6589188e+00 -1.3861775e+00 -1.3177200e+00 -1.3822567e+00 -1.5599858e+00 -1.8673805e+00 -2.3873671e+00 -3.5003197e+00 -2.8526119e+00 -2.2491628e+00 -1.9524898e+00 -1.7839207e+00 -1.6886053e+00
-1.4200000e+00 -3.3176381e+00 -2.8799756e+00 -2.2838087e+00 -2.5222018e+00 -1.7839178e+00 -2.2177985e+00 -2.8938079e+00 -1.8345942e+00 -1.4556344e+00 -1.3278647e+00 -1.3449901e+00 -1.4723808e+00 -1.7089763e+00 -2.0890270e+00 -2.7679746e+00 -3.6727935e+00 -2.6245247e+00 -2.1851810e+00 -1.9527350e+00 -1.8209351e+00
-1.4125000e+00 -3.2653132e+00 -2.8518995e+00 -2.3126966e+00 -2.6706799e+00 -1.8588172e+00 -2.0407902e+00 -2.9597997e+00 -2.0803563e+00 -1.5563143e+00 -1.3599895e+00 -1.3285274e+00 -1.4102107e+00 -1.5911495e+00 -1.8817357e+00 -2.3485653e+00 -3.2635681e+00 -3.2458398e+00 -2.5003123e+00 -2.1632172e+00 -1.9790789e+00
-1.4050000e+00 -3.2567030e+00 -2.8016640e+00 -2.4088699e+00 -2.5362845e+00 -2.0027394e+00 -1.9371683e+00 -2.5503656e+00 -2.4361581e+00 -1.6967205e+00 -1.4165394e+00 -1.3327181e+00 -1.3704256e+00 -1.5041470e+00 -1.7301152e+00 -2.0785574e+00 -2.6511637e+00 -3.8400639e+00 -2.9809718e+00 -2.4399813e+00 -2.1737685e+00
-1.3975000e+00 -3.3159992e+00 -2.7806826e+00 -2.5535957e+00 -2.3296081e+00 -2.2323679e+00 -1.8947911e+00 -2.2315228e+00 -2.9309113e+00 -1.8915441e+00 -1.5016464e+00 -1.3584722e+00 -1.3515589e+00 -1.4425173e+00 -1.6173107e+00 -1.8879045e+00 -2.2967570e+00 -3.0066485e+00 -3.8510388e+00 -2.8394092e+00 -2.4245953e+00
-1.3900000e+00 -3.4231894e+00 -2.8233898e+00 -2.6876563e+00 -2.1921264e+00 -2.5549701e+00 -1.9099836e+00 -2.0259525e+00 -3.0033252e+00 -2.1682506e+00 -1.6220873e+00 -1.4078723e+00 -1.3533342e+00 -1.4032442e+00 -1.5343487e+00 -1.7475228e+00 -2.0596893e+00 -2.5347054e+00 -3.4361059e+00 -3.5313829e+00 -2.7735005e+00
-1.3825000e+00 -3.4908025e+00 -2.9381143e+00 -2.7223750e+00 -2.1432130e+00 -2.8064542e+00 -1.9858987e+00 -1.9020747e+00 -2.5392398e+00 -2.5802896e+00 -1.7893278e+00 -1.4845399e+00 -1.3765427e+00 -1.3848894e+00 -1.4762065e+00 -1.6431370e+00 -1.8891641e+00 -2.2417902e+00 -2.7967026e+00 -3.9340921e+00 -3.3367223e+00
-1.3750000e+00 -3.4477922e+00 -3.0715193e+00 -2.6635765e+00 -2.1823701e+00 -2.6331412e+00 -2.1331862e+00 -1.8431239e+00 -2.2043001e+00 -3.1156698e+00 -2.0242352e+00 -1.5944336e+00 -1.4231311e+00 -1.3872043e+00 -1.4401359e+00 -1.5670218e+00 -1.7628015e+00 -2.0382232e+00 -2.4357373e+00 -3.0838138e+00 -4.2682157e+00
-1.3675000e+00 -3.4050439e+00 -3.0880844e+00 -2.6009611e+00 -2.3093214e+00 -2.3524329e+00 -2.3722518e+00 -1.8429749e+00 -1.9931824e+00 -2.9028038e+00 -2.3687732e+00 -1.7475469e+00 -1.4965391e+00 -1.4110120e+00 -1.4248917e+00 -1.5148479e+00 -1.6691791e+00 -1.8892969e+00 -2.1958936e+00 -2.6394912e+00 -3.3967904e+00
-1.3600000e+00 -3.4745176e+00 -2.9952211e+00 -2.5865384e+00 -2.5103711e+00 -2.1731945e+00 -2.7223861e+00 -1.9031403e+00 -1.8668627e+00 -2.4285224e+00 -2.8994855e+00 -1.9617867e+00 -1.6024462e+00 -1.4583030e+00 -1.4303847e+00 -1.4843078e+00 -1.6020020e+00 -1.7785902e+00 -2.0238215e+00 -2.3600699e+00 -2.8509914e+00
-1.3525000e+00 -3.6054723e+00 -2.9507421e+00 -2.6288059e+00 -2.6923505e+00 -2.1017272e+00 -3.0170911e+00 -2.0329344e+00 -1.8067580e+00 -2.1268563e+00 -3.1934334e+00 -2.2728671e+00 -1.7503643e+00 -1.5325847e+00 -1.4576249e+00 -1.4744808e+00 -1.5577645e+00 -1.6973780e+00 -1.8964422e+00 -2.1644626e+00 -2.5290756e+00
-1.3450000e+00 -3.5987127e+00 -3.0277351e+00 -2.7141037e+00 -2.6772333e+00 -2.1315089e+00 -2.8049947e+00 -2.2526899e+00 -1.8062760e+00 -1.9402714e+00 -2.6459372e+00 -2.7583391e+00 -1.9572782e+00 -1.6396548e+00 -1.5087957e+00 -1.4855671e+00 -1.5347023e+00 -1.6407903e+00 -1.8020706e+00 -2.0209374e+00 -2.3099677e+00
-1.3375000e+00 -3.5395795e+00 -3.1866664e+00 -2.8103462e+00 -2.5359077e+00 -2.2666025e+00 -2.4912359e+00 -2.5956144e+00 -1.8670168e+00 -1.8330159e+00 -2.2553630e+00 -3.3198186e+00 -2.2570629e+00 -1.7892607e+00 -1.5877129e+00 -1.5188603e+00 -1.5323137e+00 -1.6061840e+00 -1.7342908e+00 -1.9142922e+00 -2.1510663e+00
-1.3300000e+00 -3.5980886e+00 -3.2356644e+00 -2.8684898e+00 -2.4409744e+00 -2.5134563e+00 -2.2992286e+00 -3.0024392e+00 -1.9990187e+00 -1.7898108e+00 -2.0164770e+00 -2.8246903e+00 -2.7267311e+00 -1.9989387e+00 -1.7006760e+00 -1.5769413e+00 -1.5511876e+00 -1.5923972e+00 -1.6895330e+00 -1.8363943e+00 -2.0331352e+00
-1.3225000e+00 -3.7034799e+00 -3.1444270e+00 -2.8571706e+00 -2.4433560e+00 -2.7935729e+00 -2.2225417e+00 -2.8887074e+00 -2.2251032e+00 -1.8064288e+00 -1.8726104e+00 -2.3608648e+00 -3.3805909e+00 -2.3041914e+00 -1.8583787e+00 -1.6641824e+00 -1.5930463e+00 -1.5994253e+00 -1.6659945e+00 -1.7827047e+00 -1.9461930e+00
-1.3150000e+00 -3.7017786e+00 -3.1225510e+00 -2.8112732e+00 -2.5401210e+00 -2.7721235e+00 -2.2513218e+00 -2.5164292e+00 -2.5883020e+00 -1.8868752e+00 -1.7991174e+00 -2.0832239e+00 -2.9360211e+00 -2.7888428e+00 -2.0804354e+00 -1.7878335e+00 -1.6610493e+00 -1.6283512e+00 -1.6631468e+00 -1.7507925e+00 -1.8847104e+00
-1.3075000e+00 -3.6692797e+00 -3.2229090e+00 -2.8014810e+00 -2.6878197e+00 -2.5368579e+00 -2.3910844e+00 -2.2786751e+00 -3.0554337e+00 -2.0449099e+00 -1.7868148e+00 -1.9146588e+00 -2.4288839e+00 -3.4793702e+00 -2.4079073e+00 -1.9604253e+00 -1.7604542e+00 -1.6814954e+00 -1.6815570e+00 -1.7396536e+00 -1.8456471e+00
-1.3000000e+00 -3.7391796e+00 -3.3271353e+00 -2.8758172e+00 -2.7757085e+00 -2.3891163e+00 -2.6571230e+00 -2.1695705e+00 -2.9089813e+00 -2.3110997e+00 -1.8358218e+00 -1.8221377e+00 -2.1315732e+00 -2.9678227e+00 -2.9428016e+00 -2.2057333e+00 -1.9000707e+00 -1.7628549e+00 -1.7229376e+00 -1.7494240e+00 -1.8275652e+00
-1.2925000e+00 -3.8286621e+00 -3.3092653e+00 -3.0137673e+00 -2.7421986e+00 -2.3789853e+00 -2.9867386e+00 -2.1713506e+00 -2.4925133e+00 -2.7432177e+00 -1.9550419e+00 -1.7926991e+00 -1.9515373e+00 -2.4556818e+00 -3.5930812e+00 -2.5764352e+00 -2.0955889e+00 -1.8790576e+00 -1.7904080e+00 -1.7813372e+00 -1.8302332e+00
-1.2850000e+00 -3.7693251e+00 -3.2753938e+00 -3.0589522e+00 -2.6857253e+00 -2.5063314e+00 -2.9605927e+00 -2.2861421e+00 -2.2418935e+00 -3.1802877e+00 -2.1666698e+00 -1.8240299e+00 -1.8506875e+00 -2.1596841e+00 -2.9203274e+00 -3.2108622e+00 -2.3784048e+00 -2.0414623e+00 -1.8892196e+00 -1.8379121e+00 -1.8545088e+00
-1.2775000e+00 -3.8160981e+00 -3.3204933e+00 -2.9638526e+00 -2.6849237e+00 -2.7397821e+00 -2.6780366e+00 -2.5348606e+00 -2.1285131e+00 -2.7916822e+00 -2.5197045e+00 -1.9225143e+00 -1.8140906e+00 -1.9811582e+00 -2.4433658e+00 -3.5603340e+00 -2.8244080e+00 -2.2712851e+00 -2.0281497e+00 -1.9234259e+00 -1.9024501e+00
-1.2700000e+00 -3.9133036e+00 -3.4213527e+00 -2.9359131e+00 -2.7436632e+00 -2.8738212e+00 -2.5081943e+00 -2.9154197e+00 -2.1297882e+00 -2.3976787e+00 -3.0745272e+00 -2.1063491e+00 -1.8383445e+00 -1.8817329e+00 -2.1676124e+00 -2.8211625e+00 -3.6163563e+00 -2.6145982e+00 -2.2228722e+00 -2.0450196e+00 -1.9776556e+00
-1.2625000e+00 -3.8616891e+00 -3.4405258e+00 -3.0672811e+00 -2.8285629e+00 -2.7387564e+00 -2.4905993e+00 -3.0264178e+00 -2.2482928e+00 -2.1844717e+00 -3.0793790e+00 -2.4173270e+00 -1.9288863e+00 -1.8465950e+00 -2.0021055e+00 -2.4078805e+00 -3.3286469e+00 -3.1973353e+00 -2.5049104e+00 -2.2150394e+00 -2.0861588e+00
-1.2550000e+00 -3.9196203e+00 -3.3858054e+00 -3.2057858e+00 -2.8932216e+00 -2.6095622e+00 -2.6244723e+00 -2.6974713e+00 -2.5112641e+00 -2.1033662e+00 -2.5655691e+00 -2.9427561e+00 -2.1026132e+00 -1.8725391e+00 -1.9127696e+00 -2.1654753e+00 -2.7032277e+00 -3.8829598e+00 -2.9518570e+00 -2.4570314e+00 -2.2381750e+00
-1.2475000e+00 -3.9862801e+00 -3.4625747e+00 -3.1113005e+00 -2.8995552e+00 -2.6214043e+00 -2.8944473e+00 -2.4699138e+00 -2.9410114e+00 -2.1375251e+00 -2.2644485e+00 -3.2799608e+00 -2.3991793e+00 -1.9653367e+00 -1.8868087e+00 -2.0217247e+00 -2.3631386e+00 -3.0620636e+00 -3.7840007e+00 -2.8241064e+00 -2.4524803e+00
-1.2400000e+00 -3.9469095e+00 -3.5670665e+00 -3.0612478e+00 -2.8640698e+00 -2.7654375e+00 -3.0748692e+00 -2.4113951e+00 -3.0683775e+00 -2.2975318e+00 -2.1213988e+00 -2.7095465e+00 -2.9111635e+00 -2.1426397e+00 -1.9223914e+00 -1.9496106e+00 -2.1605095e+00 -2.5899930e+00 -3.5047242e+00 -3.4728991e+00 -2.7688334e+00
-1.2325000e+00 -4.0408611e+00 -3.4840834e+00 -3.2001601e+00 -2.8682183e+00 -2.9117534e+00 -2.8955629e+00 -2.5163882e+00 -2.6743176e+00 -2.6245914e+00 -2.1000385e+00 -2.3405385e+00 -3.3973321e+00 -2.4464429e+00 -2.0268564e+00 -1.9396426e+00 -2.0441764e+00 -2.3207195e+00 -2.8481045e+00 -4.0066033e+00 -3.2947736e+00
-1.2250000e+00 -4.0342318e+00 -3.5446634e+00 -3.2891265e+00 -2.9704612e+00 -2.8788829e+00 -2.7250707e+00 -2.7910593e+00 -2.4259867e+00 -3.1145580e+00 -2.1979943e+00 -2.1556945e+00 -2.8009401e+00 -2.9800125e+00 -2.2207424e+00 -1.9923642e+00 -1.9948144e+00 -2.1602340e+00 -2.5005841e+00 -3.1373409e+00 -4.2466675e+00
-1.2175000e+00 -4.0670925e+00 -3.6438927e+00 -3.1969305e+00 -3.0784725e+00 -2.8038567e+00 -2.7237623e+00 -3.0839665e+00 -2.3631238e+00 -2.9901255e+00 -2.4435255e+00 -2.1007694e+00 -2.3945199e+00 -3.4771709e+00 -2.5536898e+00 -2.1180307e+00 -2.0068846e+00 -2.0752178e+00 -2.2946658e+00 -2.6958954e+00 -3.4577836e+00
-1.2100000e+00 -4.1204595e+00 -3.5790439e+00 -3.2296964e+00 -3.0117162e+00 -2.8315233e+00 -2.8901621e+00 -2.9169791e+00 -2.4747026e+00 -2.5738924e+00 -2.9020720e+00 -2.1643630e+00 -2.1898696e+00 -2.8283868e+00 -3.1520647e+00 -2.3429106e+00 -2.0842148e+00 -2.0535187e+00 -2.1763150e+00 -2.4425451e+00 -2.9030757e+00
-1.2025000e+00 -4.1099318e+00 -3.6525398e+00 -3.3469462e+00 -2.9628911e+00 -2.9297772e+00 -3.0983935e+00 -2.6789148e+00 -2.7802825e+00 -2.3726458e+00 -3.2377777e+00 -2.3665521e+00 -2.1205320e+00 -2.4207998e+00 -3.4820707e+00 -2.7326723e+00 -2.2417596e+00 -2.0939410e+00 -2.1254327e+00 -2.2925205e+00 -2.6002552e+00
-1.1950000e+00 -4.1940998e+00 -3.7055551e+00 -3.3357790e+00 -3.1026388e+00 -2.9818954e+00 -3.0505068e+00 -2.6328911e+00 -3.1379945e+00 -2.3588828e+00 -2.7559673e+00 -2.7723793e+00 -2.1705180e+00 -2.2183066e+00 -2.7937517e+00 -3.4478501e+00 -2.5162198e+00 -2.2047959e+00 -2.1361797e+00 -2.2158578e+00 -2.4201239e+00
-1.1875000e+00 -4.1612743e+00 -3.6761417e+00 -3.3207942e+00 -3.2088130e+00 -2.9791084e+00 -2.9160814e+00 -2.7893336e+00 -2.9091180e+00 -2.5313301e+00 -2.4369112e+00 -3.3250423e+00 -2.3568614e+00 -2.1516346e+00 -2.4202197e+00 -3.3507270e+00 -3.0056218e+00 -2.4088314e+00 -2.2122350e+00 -2.2019972e+00 -2.3205593e+00
-1.1800000e+00 -4.2557161e+00 -3.7605025e+00 -3.3989888e+00 -3.0766268e+00 -2.9893298e+00 -2.9263982e+00 -3.0673702e+00 -2.6295673e+00 -2.9232694e+00 -2.3333017e+00 -2.9189923e+00 -2.7437456e+00 -2.2051796e+00 -2.2396812e+00 -2.7220764e+00 -3.7946520e+00 -2.7630107e+00 -2.3684925e+00 -2.2509319e+00 -2.2860306e+00
-1.1725000e+00 -4.2301714e+00 -3.7666710e+00 -3.4516028e+00 -3.1202211e+00 -3.0130301e+00 -3.0727070e+00 -3.0551812e+00 -2.5776266e+00 -3.1908036e+00 -2.4155855e+00 -2.5101007e+00 -3.3681489e+00 -2.3976057e+00 -2.1910999e+00 -2.4073055e+00 -3.1390318e+00 -3.4326351e+00 -2.6418963e+00 -2.3725157e+00 -2.3133449e+00
-1.1650000e+00 -4.3011035e+00 -3.7833218e+00 -3.4019785e+00 -3.3032033e+00 -3.0672839e+00 -3.1716155e+00 -2.8561658e+00 -2.7558307e+00 -2.8035754e+00 -2.7125056e+00 -2.3473962e+00 -3.0245278e+00 -2.7995526e+00 -2.2640784e+00 -2.2638932e+00 -2.6401387e+00 -3.6833922e+00 -3.1340836e+00 -2.5927214e+00 -2.4087954e+00
-1.1575000e+00 -4.2994819e+00 -3.8547332e+00 -3.5036180e+00 -3.1999870e+00 -3.1352104e+00 -3.1092115e+00 -2.8344867e+00 -3.1027975e+00 -2.5687235e+00 -3.2120390e+00 -2.3774176e+00 -2.5640538e+00 -3.4652166e+00 -2.4838968e+00 -2.2468442e+00 -2.3950531e+00 -2.9342910e+00 -4.0053635e+00 -2.9786195e+00 -2.5916962e+00
-1.1500000e+00 -4.3446076e+00 -3.8311894e+00 -3.5213237e+00 -3.2073525e+00 -3.1075698e+00 -3.0767481e+00 -3.0096337e+00 -3.0625507e+00 -2.5839113e+00 -3.0238233e+00 -2.6147559e+00 -2.3734615e+00 -3.0559404e+00 -2.9386425e+00 -2.3549378e+00 -2.2990163e+00 -2.5688060e+00 -3.2990306e+00 -3.7399157e+00 -2.9104536e+00
-1.1425000e+00 -4.3925231e+00 -3.9153417e+00 -3.4946313e+00 -3.3646046e+00 -3.1097004e+00 -3.1515372e+00 -3.1567319e+00 -2.8002309e+00 -2.8513544e+00 -2.6399986e+00 -3.1229677e+00 -2.3819698e+00 -2.5887281e+00 -3.6031969e+00 -2.6264846e+00 -2.3254545e+00 -2.3964834e+00 -2.7797075e+00 -3.7401172e+00 -3.5112716e+00
-1.1350000e+00 -4.3807906e+00 -3.8957396e+00 -3.6298693e+00 -3.2893626e+00 -3.2426521e+00 -3.2515903e+00 -3.0463718e+00 -2.7741353e+00 -3.2213431e+00 -2.5321833e+00 -3.2115713e+00 -2.5972017e+00 -2.4010673e+00 -3.0104284e+00 -3.1844423e+00 -2.4859667e+00 -2.3561156e+00 -2.5282764e+00 -3.0220606e+00 -4.1950773e+00
-1.1275000e+00 -4.4504435e+00 -3.9732015e+00 -3.5457553e+00 -3.3287116e+00 -3.2200000e+00 -3.2479953e+00 -2.9958662e+00 -3.0001232e+00 -2.9744422e+00 -2.6841676e+00 -2.7274587e+00 -3.1005356e+00 -2.4146989e+00 -2.5849330e+00 -3.6236404e+00 -2.8426973e+00 -2.4394506e+00 -2.4287897e+00 -2.6847603e+00 -3.2916278e+00
-1.1200000e+00 -4.4648992e+00 -3.9511879e+00 -3.6723994e+00 -3.4165810e+00 -3.1820276e+00 -3.2041646e+00 -3.1084909e+00 -3.1947980e+00 -2.7369194e+00 -3.1088987e+00 -2.5368853e+00 -3.3338261e+00 -2.6400360e+00 -2.4285674e+00 -2.9167022e+00 -3.5694652e+00 -2.6768833e+00 -2.4527014e+00 -2.5303572e+00 -2.8590265e+00
-1.1125000e+00 -4.4695441e+00 -4.0376302e+00 -3.6306198e+00 -3.3846442e+00 -3.3468659e+00 -3.2770433e+00 -3.2024621e+00 -2.9981963e+00 -2.7949594e+00 -3.1903361e+00 -2.6172382e+00 -2.7908438e+00 -3.1742412e+00 -2.4721823e+00 -2.5708165e+00 -3.4131850e+00 -3.1785006e+00 -2.6111689e+00 -2.5054936e+00 -2.6524123e+00
-1.1050000e+00 -4.5302658e+00 -4.0242627e+00 -3.7010817e+00 -3.4333277e+00 -3.2870236e+00 -3.3937893e+00 -3.1625191e+00 -2.9262199e+00 -3.1200432e+00 -2.8039311e+00 -2.9953807e+00 -2.5595383e+00 -3.3906674e+00 -2.7401901e+00 -2.4685610e+00 -2.8130849e+00 -3.9135262e+00 -2.9677034e+00 -2.6066026e+00 -2.5861320e+00
-1.0975000e+00 -4.5684381e+00 -4.0598904e+00 -3.7163230e+00 -3.4972709e+00 -3.2969236e+00 -3.3097721e+00 -3.1619910e+00 -3.1022673e+00 -3.1874821e+00 -2.7117520e+00 -3.3439373e+00 -2.6104346e+00 -2.8140323e+00 -3.3529098e+00 -2.5662226e+00 -2.5647346e+00 -3.1495608e+00 -3.7272426e+00 -2.8716742e+00 -2.6432462e+00
-1.0900000e+00 -4.5718160e+00 -4.1203180e+00 -3.7401371e+00 -3.4566618e+00 -3.4351395e+00 -3.3333246e+00 -3.2276709e+00 -3.2247966e+00 -2.9203155e+00 -2.9440423e+00 -2.8974975e+00 -2.9680387e+00 -2.5850674e+00 -3.3553307e+00 -2.9156876e+00 -2.5341251e+00 -2.7303054e+00 -3.5909358e+00 -3.4389811e+00 -2.8458953e+00
-1.0825000e+00 -4.5937507e+00 -4.1085203e+00 -3.7863962e+00 -3.5781973e+00 -3.3365220e+00 -3.5073084e+00 -3.2908225e+00 -3.0930747e+00 -2.9295860e+00 -3.3070988e+00 -2.7015198e+00 -3.4394806e+00 -2.6444126e+00 -2.7975058e+00 -3.6329222e+00 -2.7122587e+00 -2.5860809e+00 -2.9531856e+00 -4.0759323e+00 -3.2862627e+00
-1.0750000e+00 -4.6407878e+00 -4.1781781e+00 -3.8083341e+00 -3.5117688e+00 -3.4653980e+00 -3.3818068e+00 -3.2849751e+00 -3.1092678e+00 -3.2040567e+00 -3.0253804e+00 -2.8518692e+00 -2.9668638e+00 -3.0250980e+00 -2.6121678e+00 -3.2275769e+00 -3.1995085e+00 -2.6453385e+00 -2.6954668e+00 -3.2253106e+00 -4.2069255e+00
-1.0675000e+00 -4.6888854e+00 -4.1902851e+00 -3.8175814e+00 -3.6387203e+00 -3.4368064e+00 -3.4533189e+00 -3.2742633e+00 -3.2535107e+00 -3.2045564e+00 -2.8605349e+00 -3.3068262e+00 -2.7179801e+00 -3.5231894e+00 -2.7167704e+00 -2.7656170e+00 -3.7855429e+00 -2.9433951e+00 -2.6601534e+00 -2.8446974e+00 -3.5418175e+00
-1.0600000e+00 -4.7224655e+00 -4.1898513e+00 -3.9063607e+00 -3.5706993e+00 -3.4866694e+00 -3.5777303e+00 -3.3951584e+00 -3.2434421e+00 -3.0336422e+00 -3.0606530e+00 -3.1528982e+00 -2.8337059e+00 -2.9898754e+00 -3.1717880e+00 -2.6577383e+00 -3.0677154e+00 -3.6572312e+00 -2.8355272e+00 -2.7268949e+00 -3.0221981e+00
-1.0525000e+00 -4.7454214e+00 -4.2529145e+00 -3.8638942e+00 -3.7010198e+00 -3.5161747e+00 -3.4404922e+00 -3.3835530e+00 -3.2177876e+00 -3.1485095e+00 -3.3288911e+00 -2.8627792e+00 -3.3151891e+00 -2.7414937e+00 -3.5583707e+00 -2.8456864e+00 -2.7459816e+00 -3.5157493e+00 -3.3285911e+00 -2.8136423e+00 -2.8285087e+00
-1.0450000e+00 -4.7711730e+00 -4.2960296e+00 -3.9434440e+00 -3.6326659e+00 -3.5427387e+00 -3.6472046e+00 -3.3480085e+00 -3.2894167e+00 -3.3086064e+00 -3.0706424e+00 -2.9738104e+00 -3.2466405e+00 -2.8713191e+00 -2.9647309e+00 -3.4350085e+00 -2.7421989e+00 -2.9365033e+00 -4.0071099e+00 -3.1573361e+00 -2.8462059e+00
-1.0375000e+00 -4.8010889e+00 -4.2982088e+00 -3.9565731e+00 -3.7467785e+00 -3.5708229e+00 -3.5383156e+00 -3.5329038e+00 -3.3455937e+00 -3.1862252e+00 -3.0367568e+00 -3.3725344e+00 -2.8853956e+00 -3.3977920e+00 -2.7710528e+00 -3.4595346e+00 -3.0607138e+00 -2.7671286e+00 -3.2138764e+00 -3.9812494e+00 -3.0908262e+00
-1.0300000e+00 -4.8275136e+00 -4.3163104e+00 -3.9771500e+00 -3.7143321e+00 -3.6095958e+00 -3.6377224e+00 -3.4060273e+00 -3.3296772e+00 -3.2196292e+00 -3.3089819e+00 -3.1553572e+00 -2.9551429e+00 -3.2817662e+00 -2.9655528e+00 -2.9204285e+00 -3.7865700e+00 -2.8980956e+00 -2.8753370e+00 -3.5716587e+00 -3.7338587e+00
-1.0225000e+00 -4.8631352e+00 -4.3603879e+00 -4.0468564e+00 -3.7829876e+00 -3.6303746e+00 -3.6482450e+00 -3.5196262e+00 -3.3539957e+00 -3.3455399e+00 -3.2514997e+00 -2.9953866e+00 -3.4048185e+00 -2.9047661e+00 -3.5639685e+00 -2.8282513e+00 -3.2681292e+00 -3.4262745e+00 -2.8650681e+00 -3.0409773e+00 -3.9950756e+00
-1.0150000e+00 -4.8955485e+00 -4.4072091e+00 -4.0406795e+00 -3.7825228e+00 -3.6569751e+00 -3.6634750e+00 -3.5519759e+00 -3.4612993e+00 -3.3039814e+00 -3.1425213e+00 -3.2587341e+00 -3.2264851e+00 -2.9903209e+00 -3.2430945e+00 -3.1435365e+00 -2.8939858e+00 -3.7770822e+00 -3.1834911e+00 -2.9097932e+00 -3.2481649e+00
-1.0075000e+00 -4.9277776e+00 -4.4433674e+00 -4.0454373e+00 -3.8354739e+00 -3.7185873e+00 -3.7245685e+00 -3.5030501e+00 -3.3873057e+00 -3.3251654e+00 -3.3339043e+00 -3.3526621e+00 -2.9958503e+00 -3.4908116e+00 -2.9200876e+00 -3.7292404e+00 -2.9424380e+00 -3.0987495e+00 -3.9835967e+00 -3.0849208e+00 -3.0045281e+00
-1.0000000e+00 -4.9463285e+00 -4.4732457e+00 -4.1064485e+00 -3.8808335e+00 -3.6860065e+00 -3.7194241e+00 -3.6713899e+00 -3.4925696e+00 -3.4000398e+00 -3.3317831e+00 -3.1223784e+00 -3.2472884e+00 -3.2530087e+00 -3.0830059e+00 -3.1566206e+00 -3.4499899e+00 -2.9244759e+00 -3.4215569e+00 -3.7097034e+00 -3.0737291e+00
-9.9250000e-01 -4.9651905e+00 -4.5028616e+00 -4.1566822e+00 -3.8493066e+00 -3.7932446e+00 -3.7847471e+00 -3.5417382e+00 -3.5059563e+00 -3.4125228e+00 -3.2713920e+00 -3.2919277e+00 -3.4391643e+00 -3.0154619e+00 -3.6310548e+00 -2.9586535e+00 -3.6376801e+00 -3.1637423e+00 -3.0210246e+00 -3.8469284e+00 -3.5183690e+00
-9.8500000e-01 -4.9946354e+00 -4.5294512e+00 -4.1686147e+00 -3.9152989e+00 -3.7726931e+00 -3.7768429e+00 -3.7356513e+00 -3.4859509e+00 -3.4055136e+00 -3.4051182e+00 -3.4071948e+00 -3.1323015e+00 -3.3037573e+00 -3.2227144e+00 -3.2651584e+00 -3.0776446e+00 -3.8901646e+00 -3.0619700e+00 -3.1954247e+00 -4.2574247e+00
-9.7750000e-01 -5.0415175e+00 -4.5533928e+00 -4.1772997e+00 -3.9853526e+00 -3.7940910e+00 -3.8518728e+00 -3.6114905e+00 -3.6257597e+00 -3.5149452e+00 -3.3909037e+00 -3.2414872e+00 -3.2819541e+00 -3.4940408e+00 -3.0551170e+00 -3.7078853e+00 -3.0585582e+00 -3.3784955e+00 -3.5857885e+00 -3.0720658e+00 -3.4267420e+00
-9.7000000e-01 -5.0643326e+00 -4.5889962e+00 -4.2024000e+00 -3.9776468e+00 -3.8660983e+00 -3.8347098e+00 -3.7681564e+00 -3.5152365e+00 -3.4591932e+00 -3.3996282e+00 -3.4083803e+00 -3.4834616e+00 -3.1463522e+00 -3.4451202e+00 -3.1665793e+00 -3.5821495e+00 -3.0632810e+00 -3.8280449e+00 -3.3806963e+00 -3.1515443e+00
-9.6250000e-01 -5.0843518e+00 -4.6264767e+00 -4.2389027e+00 -3.9906346e+00 -3.8738316e+00 -3.8898261e+00 -3.7010964e+00 -3.7054826e+00 -3.5528036e+00 -3.4716831e+00 -3.4163977e+00 -3.2419950e+00 -3.3295369e+00 -3.4818416e+00 -3.1472055e+00 -3.5613317e+00 -3.2804389e+00 -3.2068148e+00 -4.1645682e+00 -3.3055860e+00
-9.5500000e-01 -5.1348415e+00 -4.6489082e+00 -4.2787867e+00 -4.0444798e+00 -3.9040947e+00 -3.9521553e+00 -3.7847165e+00 -3.5747780e+00 -3.5493674e+00 -3.4813103e+00 -3.3756854e+00 -3.4219372e+00 -3.5421800e+00 -3.1633853e+00 -3.6799297e+00 -3.1401429e+00 -3.9445420e+00 -3.1756844e+00 -3.4514385e+00 -4.0327342e+00
-9.4750000e-01 -5.1435435e+00 -4.6750764e+00 -4.3195805e+00 -4.0904523e+00 -3.9311461e+00 -3.8917370e+00 -3.7962188e+00 -3.7470792e+00 -3.5833954e+00 -3.4892099e+00 -3.5004260e+00 -3.4647534e+00 -3.2536909e+00 -3.4536886e+00 -3.3954160e+00 -3.3424066e+00 -3.3504664e+00 -3.7271430e+00 -3.1999909e+00 -3.7757808e+00
-9.4000000e-01 -5.1932047e+00 -4.6837257e+00 -4.3581237e+00 -4.1098674e+00 -3.9422124e+00 -4.0057541e+00 -3.8229896e+00 -3.6645077e+00 -3.6251450e+00 -3.5864049e+00 -3.4634523e+00 -3.3654632e+00 -3.4816480e+00 -3.5443316e+00 -3.2198660e+00 -3.8355886e+00 -3.2085875e+00 -3.7319847e+00 -3.5019738e+00 -3.3051840e+00
-9.3250000e-01 -5.2034621e+00 -4.7230871e+00 -4.3844262e+00 -4.1223530e+00 -3.9833648e+00 -4.0455177e+00 -3.8610416e+00 -3.7478900e+00 -3.6463537e+00 -3.5179992e+00 -3.5114417e+00 -3.5562767e+00 -3.4994435e+00 -3.2767592e+00 -3.6737234e+00 -3.3028452e+00 -3.7174031e+00 -3.2603265e+00 -4.1481704e+00 -3.4164411e+00
-9.2500000e-01 -5.2456893e+00 -4.7692142e+00 -4.3997592e+00 -4.1434830e+00 -4.0441736e+00 -3.9954873e+00 -3.8739856e+00 -3.7894599e+00 -3.6605313e+00 -3.6753594e+00 -3.5619337e+00 -3.4599950e+00 -3.3835238e+00 -3.6096225e+00 -3.4710688e+00 -3.3729483e+00 -3.6357334e+00 -3.4609315e+00 -3.4362703e+00 -4.1793464e+00
-9.1750000e-01 -5.2814063e+00 -4.7863875e+00 -4.4265520e+00 -4.1738987e+00 -4.0861943e+00 -4.0505081e+00 -3.9542707e+00 -3.7529783e+00 -3.7545261e+00 -3.5609410e+00 -3.5488242e+00 -3.5491829e+00 -3.6305282e+00 -3.4882232e+00 -3.3517892e+00 -3.8610690e+00 -3.2994331e+00 -4.0488394e+00 -3.3736588e+00 -3.7020957e+00
-9.1000000e-01 -5.2964338e+00 -4.8115853e+00 -4.4555208e+00 -4.2064777e+00 -4.1053914e+00 -4.1239157e+00 -3.9207519e+00 -3.8700532e+00 -3.6696743e+00 -3.7536502e+00 -3.6349882e+00 -3.5666608e+00 -3.4674006e+00 -3.4452164e+00 -3.7786866e+00 -3.3898906e+00 -3.7058977e+00 -3.4274228e+00 -4.0152421e+00 -3.4041380e+00
-9.0250000e-01 -5.3263855e+00 -4.8626546e+00 -4.4844362e+00 -4.2327174e+00 -4.1212379e+00 -4.1320310e+00 -3.9456162e+00 -3.8378991e+00 -3.8632132e+00 -3.6164349e+00 -3.5996069e+00 -3.5812012e+00 -3.6107305e+00 -3.6994934e+00 -3.4484415e+00 -3.5425161e+00 -3.7044772e+00 -3.4868500e+00 -3.7011147e+00 -3.8095678e+00
-8.9500000e-01 -5.3594995e+00 -4.8681860e+00 -4.5432273e+00 -4.2535252e+00 -4.1436477e+00 -4.1392846e+00 -4.0569788e+00 -3.8865663e+00 -3.7369558e+00 -3.7926388e+00 -3.7119168e+00 -3.6375902e+00 -3.5849806e+00 -3.4806264e+00 -3.5932633e+00 -3.7886287e+00 -3.4125475e+00 -4.0724779e+00 -3.4432975e+00 -4.0733504e+00
-8.8750000e-01 -5.3945691e+00 -4.9192348e+00 -4.5630555e+00 -4.2867130e+00 -4.1700974e+00 -4.1826038e+00 -4.0756695e+00 -3.9204272e+00 -3.8372898e+00 -3.7266024e+00 -3.6368127e+00 -3.6385037e+00 -3.6255444e+00 -3.7133814e+00 -3.6910125e+00 -3.4556436e+00 -3.8984020e+00 -3.5094976e+00 -3.9893899e+00 -3.5217591e+00
-8.8000000e-01 -5.4243024e+00 -4.9299417e+00 -4.5790435e+00 -4.3383543e+00 -4.1943351e+00 -4.2405017e+00 -4.0381233e+00 -3.9258956e+00 -3.9020926e+00 -3.7494166e+00 -3.8088215e+00 -3.7024096e+00 -3.6669671e+00 -3.5886059e+00 -3.5419332e+00 -3.8442668e+00 -3.6123168e+00 -3.6617622e+00 -3.7725573e+00 -3.8034318e+00
-8.7250000e-01 -5.4501219e+00 -4.9707554e+00 -4.6178926e+00 -4.3759080e+00 -4.2143798e+00 -4.2881000e+00 -4.0541529e+00 -4.0002198e+00 -3.8451013e+00 -3.9039184e+00 -3.6782135e+00 -3.6845180e+00 -3.6773386e+00 -3.7118773e+00 -3.8133669e+00 -3.6058601e+00 -3.6189355e+00 -3.9747780e+00 -3.5668281e+00 -4.1381494e+00
-8.6500000e-01 -5.4759729e+00 -5.0093997e+00 -4.6513809e+00 -4.4098916e+00 -4.2387715e+00 -4.3211170e+00 -4.1131495e+00 -4.0399362e+00 -3.9209015e+00 -3.7696715e+00 -3.8474691e+00 -3.7936266e+00 -3.7311405e+00 -3.6823273e+00 -3.6048834e+00 -3.7199588e+00 -3.9317057e+00 -3.5615606e+00 -4.1761086e+00 -3.6146198e+00
-8.5750000e-01 -5.5103963e+00 -5.0243759e+00 -4.6690030e+00 -4.4348228e+00 -4.2801351e+00 -4.3461897e+00 -4.1681835e+00 -4.0131433e+00 -3.9652071e+00 -3.8772965e+00 -3.8151792e+00 -3.7111008e+00 -3.7289468e+00 -3.7483235e+00 -3.8361276e+00 -3.7790353e+00 -3.6002196e+00 -4.0212408e+00 -3.6951250e+00 -4.0295267e+00
-8.5000000e-01 -5.5506352e+00 -5.0474243e+00 -4.7226355e+00 -4.4366073e+00 -4.3270662e+00 -4.3673676e+00 -4.1996182e+00 -4.0143045e+00 -3.9652388e+00 -3.9700227e+00 -3.7764619e+00 -3.8795238e+00 -3.8112427e+00 -3.7558929e+00 -3.6927084e+00 -3.7126574e+00 -3.9987166e+00 -3.7268764e+00 -3.8324350e+00 -3.9633853e+00
-8.4250000e-01 -5.5695376e+00 -5.0851531e+00 -4.7308348e+00 -4.4981311e+00 -4.3520905e+00 -4.3859302e+00 -4.2175023e+00 -4.0655879e+00 -4.0158224e+00 -3.8948798e+00 -3.9724926e+00 -3.7981865e+00 -3.7638644e+00 -3.7945304e+00 -3.8577395e+00 -3.8716048e+00 -3.6946016e+00 -3.8460715e+00 -4.0368279e+00 -3.7538634e+00
-8.3500000e-01 -5.6054594e+00 -5.1161604e+00 -4.7708533e+00 -4.5232969e+00 -4.3900904e+00 -4.4085076e+00 -4.2351615e+00 -4.1331887e+00 -4.0654640e+00 -3.9304792e+00 -3.8952845e+00 -3.8296762e+00 -3.8901180e+00 -3.8338264e+00 -3.7784967e+00 -3.7743993e+00 -3.9728592e+00 -3.9294976e+00 -3.7456391e+00 -4.3300981e+00
-8.2750000e-01 -5.6297038e+00 -5.1483799e+00 -4.8053511e+00 -4.5311496e+00 -4.4281780e+00 -4.4454671e+00 -4.2599439e+00 -4.1857213e+00 -4.0673198e+00 -4.0160253e+00 -3.8620754e+00 -3.9958634e+00 -3.8473774e+00 -3.8360088e+00 -3.8843326e+00 -3.9062172e+00 -3.7908670e+00 -3.8212749e+00 -4.2203354e+00 -3.8034493e+00
-8.2000000e-01 -5.6687732e+00 -5.1717801e+00 -4.8200684e+00 -4.5968095e+00 -4.4240758e+00 -4.4813457e+00 -4.2969511e+00 -4.2176543e+00 -4.0603496e+00 -4.0357229e+00 -3.9996057e+00 -3.8722746e+00 -3.8605739e+00 -3.8977881e+00 -3.8668687e+00 -3.8661371e+00 -3.9983774e+00 -4.0397138e+00 -3.8048828e+00 -4.2144914e+00
-8.1250000e-01 -5.6927052e+00 -5.2007737e+00 -4.8554860e+00 -4.5977671e+00 -4.4833665e+00 -4.4786621e+00 -4.3478626e+00 -4.2383545e+00 -4.0761270e+00 -4.0411363e+00 -4.0573720e+00 -3.8977313e+00 -4.0218242e+00 -3.9294106e+00 -3.9197187e+00 -3.9237147e+00 -3.8601544e+00 -3.8789584e+00 -4.2232654e+00 -3.9532734e+00
-8.0500000e-01 -5.7182688e+00 -5.2388051e+00 -4.8928739e+00 -4.6458934e+00 -4.5039038e+00 -4.4882581e+00 -4.3986612e+00 -4.2568750e+00 -4.1109929e+00 -4.0808922e+00 -4.0117739e+00 -4.0675415e+00 -3.9186542e+00 -3.8914150e+00 -3.9297010e+00 -3.9607993e+00 -4.0513765e+00 -4.0681642e+00 -3.8903583e+00 -4.1333952e+00
-7.9750000e-01 -5.7476874e+00 -5.2774138e+00 -4.9231749e+00 -4.6583902e+00 -4.5271492e+00 -4.5562014e+00 -4.4218846e+00 -4.2805917e+00 -4.1508909e+00 -4.1370594e+00 -4.0158254e+00 -4.0639649e+00 -3.9244756e+00 -4.0368607e+00 -4.0036170e+00 -3.9664524e+00 -3.9317711e+00 -3.9805579e+00 -4.2393894e+00 -4.0697969e+00
-7.9000000e-01 -5.7778121e+00 -5.2942544e+00 -4.9594055e+00 -4.6851326e+00 -4.5786205e+00 -4.5865982e+00 -4.4301515e+00 -4.3177858e+00 -4.1869870e+00 -4.1835277e+00 -4.0699348e+00 -3.9922234e+00 -4.0970040e+00 -4.0191533e+00 -3.9704273e+00 -4.0145378e+00 -4.0731749e+00 -4.0559837e+00 -3.9651578e+00 -4.1690755e+00
-7.8250000e-01 -5.8115796e+00 -5.3338965e+00 -4.9838346e+00 -4.7325439e+00 -4.5781207e+00 -4.6046446e+00 -4.4576143e+00 -4.3679033e+00 -4.2190735e+00 -4.2164934e+00 -4.1217927e+00 -4.0146982e+00 -4.1172807e+00 -3.9554752e+00 -4.0238587e+00 -4.0401806e+00 -4.0385511e+00 -4.1133171e+00 -4.2648106e+00 -4.1146170e+00
-7.7500000e-01 -5.8473294e+00 -5.3513349e+00 -5.0148495e+00 -4.7624505e+00 -4.6271368e+00 -4.6247925e+00 -4.4693324e+00 -4.3985886e+00 -4.2529211e+00 -4.2459417e+00 -4.1495955e+00 -4.0952359e+00 -4.0291177e+00 -4.0784159e+00 -4.1319599e+00 -4.0866500e+00 -4.0806807e+00 -4.0588053e+00 -4.0598333e+00 -4.2810405e+00
-7.6750000e-01 -5.8726847e+00 -5.3946426e+00 -5.0307444e+00 -4.7879721e+00 -4.6485669e+00 -4.6842631e+00 -4.5178102e+00 -4.3838717e+00 -4.2927572e+00 -4.2795308e+00 -4.1646939e+00 -4.1627388e+00 -4.0318961e+00 -4.1994701e+00 -4.0618907e+00 -4.0626002e+00 -4.1185749e+00 -4.1953200e+00 -4.2271969e+00 -4.1269462e+00
-7.6000000e-01 -5.9037763e+00 -5.4202355e+00 -5.0597551e+00 -4.8146819e+00 -4.6874392e+00 -4.6861933e+00 -4.5696293e+00 -4.3945648e+00 -4.3292364e+00 -4.3158068e+00 -4.1803502e+00 -4.1933021e+00 -4.1126134e+00 -4.1389266e+00 -4.0547175e+00 -4.1390975e+00 -4.1491904e+00 -4.1488952e+00 -4.2169045e+00 -4.3928074e+00
-7.5250000e-01 -5.9300575e+00 -5.4455195e+00 -5.1061033e+00 -4.8365149e+00 -4.7277200e+00 -4.7284101e+00 -4.5520688e+00 -4.4673875e+00 -4.3488838e+00 -4.3426833e+00 -4.2020590e+00 -4.2064797e+00 -4.2004197e+00 -4.0819475e+00 -4.1857301e+00 -4.2231747e+00 -4.1879833e+00 -4.1953588e+00 -4.1888921e+00 -4.1961906e+00
-7.4500000e-01 -5.9667254e+00 -5.4722208e+00 -5.1261488e+00 -4.8749299e+00 -4.7489164e+00 -4.7521399e+00 -4.6251484e+00 -4.4954026e+00 -4.3837027e+00 -4.3479067e+00 -4.2338473e+00 -4.2195183e+00 -4.2514979e+00 -4.1087610e+00 -4.2860879e+00 -4.1662997e+00 -4.1698387e+00 -4.2351838e+00 -4.3157944e+00 -4.3500764e+00
-7.3750000e-01 -5.9975720e+00 -5.5027462e+00 -5.1629976e+00 -4.9079939e+00 -4.7666370e+00 -4.7819550e+00 -4.6315330e+00 -4.5151724e+00 -4.4620695e+00 -4.3456389e+00 -4.2825577e+00 -4.2357895e+00 -4.2730304e+00 -4.1842649e+00 -4.2489839e+00 -4.1468048e+00 -4.2262894e+00 -4.2629075e+00 -4.2887918e+00 -4.3787076e+00
-7.3000000e-01 -6.0266063e+00 -5.5368171e+00 -5.1816335e+00 -4.9499907e+00 -4.7899834e+00 -4.8388415e+00 -4.6705939e+00 -4.5309641e+00 -4.4625925e+00 -4.3683796e+00 -4.3501688e+00 -4.2545096e+00 -4.2863197e+00 -4.2604411e+00 -4.1964544e+00 -4.2341450e+00 -4.3289281e+00 -4.3128731e+00 -4.3132287e+00 -4.3185454e+00
-7.2250000e-01 -6.0562020e+00 -5.5726058e+00 -5.2209262e+00 -4.9635510e+00 -4.8270019e+00 -4.8586358e+00 -4.6784318e+00 -4.6020480e+00 -4.4557311e+00 -4.4034497e+00 -4.4085646e+00 -4.2803985e+00 -4.3005981e+00 -4.3129335e+00 -4.1929502e+00 -4.3551368e+00 -4.3306804e+00 -4.3035259e+00 -4.3576291e+00 -4.4228379e+00
-7.1500000e-01 -6.0809457e+00 -5.5963896e+00 -5.2531019e+00 -4.9891325e+00 -4.8618666e+00 -4.8724151e+00 -4.7493679e+00 -4.5817414e+00 -4.5472989e+00 -4.4294588e+00 -4.4082818e+00 -4.3273085e+00 -4.3166927e+00 -4.3437634e+00 -4.2261538e+00 -4.4143169e+00 -4.2797599e+00 -4.3053612e+00 -4.3781006e+00 -4.4542445e+00
-7.0750000e-01 -6.1147174e+00 -5.6304586e+00 -5.2756421e+00 -5.0355923e+00 -4.8862464e+00 -4.8957656e+00 -4.7688855e+00 -4.6468688e+00 -4.5333378e+00 -4.5001136e+00 -4.3887270e+00 -4.4033469e+00 -4.3375675e+00 -4.3630525e+00 -4.2714181e+00 -4.4101621e+00 -4.2761502e+00 -4.3783596e+00 -4.4358505e+00 -4.4560952e+00
-7.0000000e-01 -6.1394311e+00 -5.6550947e+00 -5.3074763e+00 -5.0518627e+00 -4.9339898e+00 -4.9201785e+00 -4.7804365e+00 -4.6726700e+00 -4.5776172e+00 -4.4876919e+00 -4.4309937e+00 -4.4621378e+00 -4.3748288e+00 -4.3786443e+00 -4.3132534e+00 -4.3974091e+00 -4.3254763e+00 -4.4752652e+00 -4.4845893e+00 -4.4943085e+00
-6.5000000e-01 -6.3321598e+00 -5.8047780e+00 -5.5033044e+00 -5.2620211e+00 -5.1182112e+00 -5.1415631e+00 -4.9891503e+00 -4.8627456e+00 -4.7756011e+00 -4.6850751e+00 -4.6793481e+00 -4.5930524e+00 -4.5980259e+00 -4.5284330e+00 -4.5442058e+00 -4.5838897e+00 -4.6494456e+00 -4.5331968e+00 -4.7516038e+00 -4.6503786e+00
-6.0000000e-01 -6.6657020e+00 -6.0563839e+00 -5.7109991e+00 -5.4608176e+00 -5.3190167e+00 -5.3438851e+00 -5.1739502e+00 -5.0815391e+00 -4.9591661e+00 -4.9113346e+00 -4.8406576e+00 -4.8121047e+00 -4.7569677e+00 -4.7626367e+00 -4.7722703e+00 -4.7637646e+00 -4.8134603e+00 -4.7970188e+00 -4.8101608e+00 -4.9801242e+00
-5.5000000e-01 -6.7373695e+00 -6.2153758e+00 -5.9510193e+00 -5.6541037e+00 -5.5270859e+00 -5.5326504e+00 -5.3823608e+00 -5.2800376e+00 -5.1811311e+00 -5.0884750e+00 -5.0365314e+00 -5.0052706e+00 -4.9743592e+00 -4.9575781e+00 -4.9848980e+00 -4.9697857e+00 -4.9545830e+00 -5.0658950e+00 -5.0438792e+00 -5.0903438e+00
-5.0000000e-01 -6.9651035e+00 -6.4848730e+00 -6.1087820e+00 -5.8593624e+00 -5.7196900e+00 -5.7424642e+00 -5.5905778e+00 -5.4680857e+00 -5.3798194e+00 -5.2858331e+00 -5.2468020e+00 -5.2173484e+00 -5.1654800e+00 -5.1823696e+00 -5.1443067e+00 -5.1920184e+00 -5.1479491e+00 -5.2090684e+00 -5.2644465e+00 -5.3156023e+00
-4.0000000e-01 -7.3934383e+00 -6.8230901e+00 -6.5014780e+00 -6.2590511e+00 -6.1217173e+00 -6.1406432e+00 -5.9835922e+00 -5.8687453e+00 -5.7732578e+00 -5.7103376e+00 -5.6331643e+00 -5.6087450e+00 -5.5813845e+00 -5.5531425e+00 -5.5792558e+00 -5.5712385e+00 -5.5616238e+00 -5.6201183e+00 -5.6456712e+00 -5.6952283e+00
-2.0000000e-01 -8.1710996e+00 -7.6563565e+00 -7.2813155e+00 -7.0801096e+00 -6.8686222e+00 -6.9473966e+00 -6.7855717e+00 -6.6659890e+00 -6.5787279e+00 -6.4974679e+00 -6.4475366e+00 -6.4037799e+00 -6.3727627e+00 -6.3637200e+00 -6.3658594e+00 -6.3689825e+00 -6.3863021e+00 -6.4154791e+00 -6.4466498e+00 -6.4912870e+00
0.0000000e+00 -8.9230229e+00 -8.5052178e+00 -8.0684227e+00 -7.8354455e+00 -7.6934681e+00 -7.7133105e+00 -7.5749931e+00 -7.4569669e+00 -7.3530593e+00 -7.3306513e+00 -7.2703531e+00 -7.1522267e+00 -7.1973164e+00 -7.1647291e+00 -7.1622116e+00 -7.1703833e+00 -7.1840131e+00 -7.2076937e+00 -7.2491931e+00 -7.2906433e+00
2.0000000e-01 -9.7928495e+00 -9.2957589e+00 -8.9010887e+00 -8.6908227e+00 -8.5010011e+00 -8.5583898e+00 -8.3530439e+00 -8.3056185e+00 -8.1725020e+00 -8.1204933e+00 -8.0352320e+00 -7.9971614e+00 -8.0241522e+00 -7.9757724e+00 -8.0052662e+00 -7.9529691e+00 -7.9239181e+00 -8.0065538e+00 -8.1017151e+00 -8.0637140e+00
4.0000000e-01 -1.0449140e+01 -1.0079346e+01 -9.7306506e+00 -9.4923226e+00 -9.3177255e+00 -9.2903233e+00 -9.2339123e+00 -9.1448769e+00 -8.9460780e+00 -8.9061870e+00 -8.8761370e+00 -8.7990659e+00 -8.6983510e+00 -8.7942422e+00 -8.7028500e+00 -8.7672549e+00 -8.8094564e+00 -8.7342408e+00 -8.8611384e+00 -8.9457487e+00
6.0000000e-01 -1.1317305e+01 -1.0839959e+01 -1.0442676e+01 -1.0237539e+01 -1.0120901e+01 -1.0063998e+01 -9.9744662e+00 -9.8527423e+00 -9.7764327e+00 -9.6426226e+00 -9.6544364e+00 -9.5598379e+00 -9.6308500e+00 -9.6211213e+00 -9.5368677e+00 -9.6344450e+00 -9.5602053e+00 -9.6135382e+00 -9.6771292e+00 -9.6890719e+00
8.0000000e-01 -1.2146949e+01 -1.1708604e+01 -1.1317269e+01 -1.1042176e+01 -1.0891701e+01 -1.0940048e+01 -1.0784326e+01 -1.0650867e+01 -1.0522528e+01 -1.0469977e+01 -1.0404489e+01 -1.0385136e+01 -1.0375973e+01 -1.0355416e+01 -1.0376303e+01 -1.0366780e+01 -1.0319414e+01 -1.0391128e+01 -1.0484885e+01 -1.0551535e+01
1.0000000e+00 -1.2947077e+01 -1.2507499e+01 -1.2143316e+01 -1.1934446e+01 -1.1704485e+01 -1.1766892e+01 -1.1590222e+01 -1.1432092e+01 -1.1401817e+01 -1.1230342e+01 -1.1248964e+01 -1.1210020e+01 -1.1182033e+01 -1.1172969e+01 -1.1229361e+01 -1.1150159e+01 -1.1231576e+01 -1.1167242e+01 -1.1244901e+01 -1.1293569e+01
1.2000000e+00 -1.3726301e+01 -1.3246056e+01 -1.2857178e+01 -1.2653445e+01 -1.2497057e+01 -1.2540813e+01 -1.2376148e+01 -1.2243081e+01 -1.2183742e+01 -1.2088728e+01 -1.2088473e+01 -1.1942464e+01 -1.2071012e+01 -1.1976448e+01 -1.1989195e+01 -1.2017286e+01 -1.1923760e+01 -1.1971567e+01 -1.2017199e+01 -1.2047354e+01
1.4000000e+00 -1.4561122e+01 -1.4060409e+01 -1.3726096e+01 -1.3442230e+01 -1.3343963e+01 -1.3357263e+01 -1.3203826e+01 -1.3084696e+01 -1.2969604e+01 -1.2892650e+01 -1.2825729e+01 -1.2799107e+01 -1.2794870e+01 -1.2877923e+01 -1.2756011e+01 -1.2838073e+01 -1.2825306e+01 -1.2815465e+01 -1.2849811e+01 -1.2950512e+01
1.6000000e+00 -1.5348932e+01 -1.4880410e+01 -1.4590246e+01 -1.4241119e+01 -1.4147528e+01 -1.4122583e+01 -1.3980366e+01 -1.3938550e+01 -1.3749005e+01 -1.3656359e+01 -1.3594642e+01 -1.3668158e+01 -1.3610811e+01 -1.3530492e+01 -1.3545658e+01 -1.3574891e+01 -1.3568343e+01 -1.3640721e+01 -1.3702639e+01 -1.3677566e+01
1.8000000e+00 -1.6127723e+01 -1.5685319e+01 -1.5301034e+01 -1.5026036e+01 -1.4893837e+01 -1.4962061e+01 -1.4800482e+01 -1.4674384e+01 -1.4510944e+01 -1.4492673e+01 -1.4498153e+01 -1.4414889e+01 -1.4432725e+01 -1.4371743e+01 -1.4366302e+01 -1.4374258e+01 -1.4354260e+01 -1.4371219e+01 -1.4416930e+01 -1.4515571e+01
2.0000000e+00 -1.6949156e+01 -1.6499826e+01 -1.6149821e+01 -1.5889029e+01 -1.5736022e+01 -1.5745262e+01 -1.5573837e+01 -1.5464344e+01 -1.5393987e+01 -1.5319617e+01 -1.5252057e+01 -1.5183254e+01 -1.5157543e+01 -1.5168140e+01 -1.5158471e+01 -1.5179327e+01 -1.5124455e+01 -1.5221760e+01 -1.5251145e+01 -1.5319640e+01