########################################################################
# Reference Counts for Solar Model GS98                                #
# Column 1: log10(Axion mass in eV)                                    #
#        n>1: log10(Reference photon counts in energy bin n-1)         #
########################################################################
-3.0000000e+00 -3.7537163e-01 -2.0702419e-01 -6.6640836e-02 1.4265078e-02 2.8549729e-02 1.6936403e-02 -3.4483050e-02 -1.1973792e-01 -2.3764352e-01 -3.8582101e-01
-2.8000000e+00 -3.7539235e-01 -2.0703817e-01 -6.6650831e-02 1.4257533e-02 2.8543853e-02 1.6931696e-02 -3.4486908e-02 -1.1974114e-01 -2.3764625e-01 -3.8582334e-01
-2.6000000e+00 -3.7552312e-01 -2.0712636e-01 -6.6713892e-02 1.4209927e-02 2.8506777e-02 1.6901996e-02 -3.4511247e-02 -1.1976143e-01 -2.3766344e-01 -3.8583808e-01
-2.4000000e+00 -3.7634841e-01 -2.0768291e-01 -6.7111825e-02 1.3909531e-02 2.8272825e-02 1.6714590e-02 -3.4664820e-02 -1.1988947e-01 -2.3777190e-01 -3.8593105e-01
-2.2000000e+00 -3.8156237e-01 -2.1119761e-01 -6.9624242e-02 1.2013225e-02 2.6796117e-02 1.5531770e-02 -3.5634048e-02 -1.2069753e-01 -2.3845636e-01 -3.8651776e-01
-2.1500000e+00 -3.8519326e-01 -2.1364372e-01 -7.1372162e-02 1.0694240e-02 2.5769147e-02 1.4709275e-02 -3.6307963e-02 -1.2125934e-01 -2.3893222e-01 -3.8692564e-01
-2.1000000e+00 -3.9095953e-01 -2.1752595e-01 -7.4145228e-02 8.6021849e-03 2.4140533e-02 1.3405078e-02 -3.7376471e-02 -1.2215005e-01 -2.3968662e-01 -3.8757225e-01
-2.0500000e+00 -4.0012804e-01 -2.2369256e-01 -7.8547300e-02 5.2824552e-03 2.1556889e-02 1.1336482e-02 -3.9071008e-02 -1.2356247e-01 -2.4088280e-01 -3.8859744e-01
-2.0000000e+00 -4.1473441e-01 -2.3350060e-01 -8.5541953e-02 1.0829270e-05 1.7455882e-02 8.0539853e-03 -4.1759352e-02 -1.2580288e-01 -2.4277996e-01 -3.9022325e-01
-1.9500000e+00 -4.3807673e-01 -2.4913350e-01 -9.6672973e-02 -8.3699664e-03 1.0940538e-02 2.8415069e-03 -4.6026857e-02 -1.2935839e-01 -2.4579014e-01 -3.9280247e-01
-1.9000000e+00 -4.7557164e-01 -2.7413627e-01 -1.1442986e-01 -2.1718280e-02 5.7465529e-04 -5.4452004e-03 -5.2807499e-02 -1.3500538e-01 -2.5056947e-01 -3.9689652e-01
-1.8500000e+00 -5.3631873e-01 -3.1435150e-01 -1.4286979e-01 -4.3041935e-02 -1.5955490e-02 -1.8643512e-02 -6.3597459e-02 -1.4398533e-01 -2.5816573e-01 -4.0340096e-01
-1.8475000e+00 -5.4020971e-01 -3.1691470e-01 -1.4467733e-01 -4.4394848e-02 -1.7003049e-02 -1.9479246e-02 -6.4280291e-02 -1.4455336e-01 -2.5864608e-01 -4.0381215e-01
-1.8400000e+00 -5.5248032e-01 -3.2498783e-01 -1.5036629e-01 -4.8651112e-02 -2.0297707e-02 -2.2107164e-02 -6.6427107e-02 -1.4633907e-01 -2.6015600e-01 -4.0510462e-01
-1.8325000e+00 -5.6570584e-01 -3.3367178e-01 -1.5647872e-01 -5.3221063e-02 -2.3833556e-02 -2.4926564e-02 -6.8729821e-02 -1.4825412e-01 -2.6177507e-01 -4.0649037e-01
-1.8250000e+00 -5.7996757e-01 -3.4301562e-01 -1.6304751e-01 -5.8128576e-02 -2.7628700e-02 -2.7951681e-02 -7.1199940e-02 -1.5030801e-01 -2.6351128e-01 -4.0797621e-01
-1.8175000e+00 -5.9535494e-01 -3.5307285e-01 -1.7010834e-01 -6.3399462e-02 -3.1702668e-02 -3.1197849e-02 -7.3849850e-02 -1.5251095e-01 -2.6537320e-01 -4.0956945e-01
-1.8100000e+00 -6.1196657e-01 -3.6390185e-01 -1.7769993e-01 -6.9061645e-02 -3.6076546e-02 -3.4681596e-02 -7.6692885e-02 -1.5487394e-01 -2.6737007e-01 -4.1127794e-01
-1.8025000e+00 -6.2991148e-01 -3.7556648e-01 -1.8586435e-01 -7.5145353e-02 -4.0773104e-02 -3.8420746e-02 -7.9743407e-02 -1.5740879e-01 -2.6951179e-01 -4.1311012e-01
-1.7950000e+00 -6.4931053e-01 -3.8813664e-01 -1.9464738e-01 -8.1683345e-02 -4.5816952e-02 -4.2434525e-02 -8.3016891e-02 -1.6012824e-01 -2.7180905e-01 -4.1507506e-01
-1.7875000e+00 -6.7029809e-01 -4.0168903e-01 -2.0409886e-01 -8.8711143e-02 -5.1234704e-02 -4.6743686e-02 -8.6530015e-02 -1.6304599e-01 -2.7427332e-01 -4.1718251e-01
-1.7800000e+00 -6.9302408e-01 -4.1630797e-01 -2.1427316e-01 -9.6267307e-02 -5.7055161e-02 -5.1370643e-02 -9.0300768e-02 -1.6617680e-01 -2.7691696e-01 -4.1944296e-01
-1.7725000e+00 -7.1765638e-01 -4.3208633e-01 -2.2522964e-01 -1.0439374e-01 -6.3309518e-02 -5.6339616e-02 -9.4348554e-02 -1.6953659e-01 -2.7975327e-01 -4.2186772e-01
-1.7650000e+00 -7.4438377e-01 -4.4912672e-01 -2.3703325e-01 -1.1313602e-01 -7.0031586e-02 -6.1676792e-02 -9.8694322e-02 -1.7314249e-01 -2.8279659e-01 -4.2446892e-01
-1.7575000e+00 -7.7341946e-01 -4.6754272e-01 -2.4975516e-01 -1.2254379e-01 -7.7258050e-02 -6.7410512e-02 -1.0336070e-01 -1.7701303e-01 -2.8606234e-01 -4.2725964e-01
-1.7500000e+00 -8.0500557e-01 -4.8746050e-01 -2.6347347e-01 -1.3267120e-01 -8.5028748e-02 -7.3571464e-02 -1.0837213e-01 -1.8116814e-01 -2.8956718e-01 -4.3025398e-01
-1.7425000e+00 -8.3941853e-01 -5.0902061e-01 -2.7827413e-01 -1.4357739e-01 -9.3386991e-02 -8.0192907e-02 -1.1375507e-01 -1.8562939e-01 -2.9332904e-01 -4.3346711e-01
-1.7350000e+00 -8.7697600e-01 -5.3238025e-01 -2.9425190e-01 -1.5532705e-01 -1.0237992e-01 -8.7310922e-02 -1.1953812e-01 -1.9042007e-01 -2.9736730e-01 -4.3691539e-01
-1.7275000e+00 -9.1804565e-01 -5.5771588e-01 -3.1151151e-01 -1.6799107e-01 -1.1205892e-01 -9.4964686e-02 -1.2575228e-01 -1.9556534e-01 -3.0170284e-01 -4.4061645e-01
-1.7200000e+00 -9.6305639e-01 -5.8522648e-01 -3.3016907e-01 -1.8164728e-01 -1.2248005e-01 -1.0319678e-01 -1.3243115e-01 -2.0109244e-01 -3.0635825e-01 -4.4458932e-01
-1.7125000e+00 -1.0125131e+00 -6.1513757e-01 -3.5035364e-01 -1.9638132e-01 -1.3370459e-01 -1.1205355e-01 -1.3961118e-01 -2.0703083e-01 -3.1135793e-01 -4.4885454e-01
-1.7050000e+00 -1.0670161e+00 -6.4770610e-01 -3.7220922e-01 -2.1228761e-01 -1.4579963e-01 -1.2158549e-01 -1.4733194e-01 -2.1341245e-01 -3.1672825e-01 -4.5343429e-01
-1.6975000e+00 -1.1272876e+00 -6.8322669e-01 -3.9589702e-01 -2.2947054e-01 -1.5883876e-01 -1.3184768e-01 -1.5563647e-01 -2.2027193e-01 -3.2249777e-01 -4.5835254e-01
-1.6900000e+00 -1.1942070e+00 -7.2203949e-01 -4.2159831e-01 -2.4804584e-01 -1.7290284e-01 -1.4290034e-01 -1.6457161e-01 -2.2764684e-01 -3.2869741e-01 -4.6363519e-01
-1.6825000e+00 -1.2688612e+00 -7.6454031e-01 -4.4951785e-01 -2.6814218e-01 -1.8808091e-01 -1.5480933e-01 -1.7418841e-01 -2.3557803e-01 -3.3536070e-01 -4.6931030e-01
-1.6750000e+00 -1.3526147e+00 -8.1119375e-01 -4.7988812e-01 -2.8990313e-01 -2.0447130e-01 -1.6764692e-01 -1.8454257e-01 -2.4410989e-01 -3.4252401e-01 -4.7540822e-01
-1.6675000e+00 -1.4472100e+00 -8.6255071e-01 -5.1297461e-01 -3.1348948e-01 -2.2218281e-01 -1.8149246e-01 -1.9569498e-01 -2.5329080e-01 -3.5022683e-01 -4.8196186e-01
-1.6600000e+00 -1.5549118e+00 -9.1927180e-01 -5.4908245e-01 -3.3908206e-01 -2.4133625e-01 -1.9643332e-01 -2.0771230e-01 -2.6317347e-01 -3.5851211e-01 -4.8900693e-01
-1.6525000e+00 -1.6787092e+00 -9.8215955e-01 -5.8856493e-01 -3.6688516e-01 -2.6206613e-01 -2.1256592e-01 -2.2066763e-01 -2.7381550e-01 -3.6742658e-01 -4.9658218e-01
-1.6450000e+00 -1.8225730e+00 -1.0522033e+00 -6.3183447e-01 -3.9713083e-01 -2.8452281e-01 -2.2999694e-01 -2.3464133e-01 -2.8527986e-01 -3.7702119e-01 -5.0472973e-01
-1.6375000e+00 -1.9916467e+00 -1.1306437e+00 -6.7937704e-01 -4.3008412e-01 -3.0887498e-01 -2.4884475e-01 -2.4972186e-01 -2.9763555e-01 -3.8735152e-01 -5.1349544e-01
-1.6300000e+00 -2.1916667e+00 -1.2190663e+00 -7.3177140e-01 -4.6604983e-01 -3.3531273e-01 -2.6924108e-01 -2.6600691e-01 -3.1095829e-01 -3.9847835e-01 -5.2292925e-01
-1.6225000e+00 -2.4241241e+00 -1.3195426e+00 -7.8971523e-01 -5.0538102e-01 -3.6405137e-01 -2.9133310e-01 -2.8360460e-01 -3.2533136e-01 -4.1046819e-01 -5.3308566e-01
-1.6150000e+00 -2.6627401e+00 -1.4348447e+00 -8.5406145e-01 -5.4849008e-01 -3.9533605e-01 -3.1528582e-01 -3.0263495e-01 -3.4084659e-01 -4.2339402e-01 -5.4402420e-01
-1.6075000e+00 -2.7957217e+00 -1.5687783e+00 -9.2586961e-01 -5.9586331e-01 -4.2944767e-01 -3.4128505e-01 -3.2323162e-01 -3.5760543e-01 -4.3733601e-01 -5.5581005e-01
-1.6000000e+00 -2.7087052e+00 -1.7266820e+00 -1.0064808e+00 -6.4808038e-01 -4.6671029e-01 -3.6954108e-01 -3.4554400e-01 -3.7572031e-01 -4.5238248e-01 -5.6851465e-01
-1.5925000e+00 -2.5066687e+00 -1.9160568e+00 -1.0976297e+00 -7.0584089e-01 -5.0750074e-01 -4.0029316e-01 -3.6973969e-01 -3.9531619e-01 -4.6863093e-01 -5.8221647e-01
-1.5850000e+00 -2.3082860e+00 -2.1465177e+00 -1.2016175e+00 -7.7000134e-01 -5.5226107e-01 -4.3381511e-01 -3.9600760e-01 -4.1653243e-01 -4.8618928e-01 -5.9700192e-01
-1.5775000e+00 -2.1440800e+00 -2.4230563e+00 -1.3215876e+00 -8.4162781e-01 -6.0151518e-01 -4.7042254e-01 -4.2456167e-01 -4.3952500e-01 -5.0517735e-01 -6.1296631e-01
-1.5700000e+00 -2.0140598e+00 -2.6985876e+00 -1.4619793e+00 -9.2207315e-01 -6.5589116e-01 -5.1048194e-01 -4.5564551e-01 -4.6446922e-01 -5.2572857e-01 -6.3021513e-01
-1.5625000e+00 -1.9133760e+00 -2.7647967e+00 -1.6292873e+00 -1.0130935e+00 -7.1615218e-01 -5.5442272e-01 -4.8953827e-01 -4.9156305e-01 -5.4799209e-01 -6.4886535e-01
-1.5550000e+00 -1.8377458e+00 -2.5566259e+00 -1.8332747e+00 -1.1170304e+00 -7.8323992e-01 -6.0275295e-01 -5.2656205e-01 -5.2103113e-01 -5.7213526e-01 -6.6904721e-01
-1.5475000e+00 -1.7841726e+00 -2.3037092e+00 -2.0881875e+00 -1.2371066e+00 -8.5833756e-01 -6.5608072e-01 -5.6709141e-01 -5.5312994e-01 -5.9834671e-01 -6.9090613e-01
-1.5400000e+00 -1.7508084e+00 -2.0944292e+00 -2.4068195e+00 -1.3779284e+00 -9.4296346e-01 -7.1514344e-01 -6.1156585e-01 -5.8815409e-01 -6.2684009e-01 -7.1460514e-01
-1.5325000e+00 -1.7367449e+00 -1.9314829e+00 -2.7267262e+00 -1.5463714e+00 -1.0391157e+00 -7.8084906e-01 -6.6050637e-01 -6.2644458e-01 -6.5785874e-01 -7.4032785e-01
-1.5250000e+00 -1.7418743e+00 -1.8060332e+00 -2.7239454e+00 -1.7531767e+00 -1.1495039e+00 -8.5433553e-01 -7.1453779e-01 -6.6839935e-01 -6.9168151e-01 -7.6828197e-01
-1.5175000e+00 -1.7668353e+00 -1.7107304e+00 -2.4277201e+00 -2.0154982e+00 -1.2779378e+00 -9.3705922e-01 -7.7441970e-01 -7.1448713e-01 -7.2863021e-01 -7.9870377e-01
-1.5100000e+00 -1.8130387e+00 -1.6406384e+00 -2.1474398e+00 -2.3560948e+00 -1.4300145e+00 -1.0309309e+00 -8.4109005e-01 -7.6526614e-01 -7.6907915e-01 -8.3186368e-01
-1.5025000e+00 -1.8827675e+00 -1.5926781e+00 -1.9324529e+00 -2.7362264e+00 -1.6143993e+00 -1.1385334e+00 -9.1572849e-01 -8.2140935e-01 -8.1346768e-01 -8.6807325e-01
-1.4950000e+00 -1.9793248e+00 -1.5651199e+00 -1.7696697e+00 -2.7512989e+00 -1.8453067e+00 -1.2634871e+00 -9.9985117e-01 -8.8373987e-01 -8.6231675e-01 -9.0769429e-01
-1.4875000e+00 -2.1070889e+00 -1.5572705e+00 -1.6460428e+00 -2.4027047e+00 -2.1468257e+00 -1.4110978e+00 -1.0954578e+00 -9.5328146e-01 -9.1625141e-01 -9.5115057e-01
-1.4800000e+00 -2.2708131e+00 -1.5693207e+00 -1.5530531e+00 -2.0950599e+00 -2.5492293e+00 -1.5895824e+00 -1.2052693e+00 -1.0313327e+00 -9.7603190e-01 -9.9894348e-01
-1.4725000e+00 -2.4712681e+00 -1.6023212e+00 -1.4854445e+00 -1.8674562e+00 -2.9080290e+00 -1.8125454e+00 -1.3331329e+00 -1.1195797e+00 -1.0425976e+00 -1.0516730e+00
-1.4650000e+00 -2.6864379e+00 -1.6582799e+00 -1.4400900e+00 -1.6979062e+00 -2.6659941e+00 -2.1041057e+00 -1.4847531e+00 -1.2202744e+00 -1.1171311e+00 -1.1100668e+00
-1.4575000e+00 -2.8267982e+00 -1.7403945e+00 -1.4153172e+00 -1.5701075e+00 -2.2771443e+00 -2.5051312e+00 -1.6691118e+00 -1.3365288e+00 -1.2011540e+00 -1.1750207e+00
-1.4500000e+00 -2.7844861e+00 -1.8534448e+00 -1.4105503e+00 -1.4742485e+00 -1.9909528e+00 -2.9706480e+00 -1.9014585e+00 -1.4728300e+00 -1.2966768e+00 -1.2476581e+00
-1.4425000e+00 -2.6263862e+00 -2.0042691e+00 -1.4261569e+00 -1.4044920e+00 -1.7836961e+00 -2.8191397e+00 -2.2099821e+00 -1.6360041e+00 -1.4064416e+00 -1.3294176e+00
-1.4350000e+00 -2.4681447e+00 -2.2015289e+00 -1.4634508e+00 -1.3574218e+00 -1.6296676e+00 -2.3782300e+00 -2.6461527e+00 -1.8371751e+00 -1.5343400e+00 -1.4221889e+00
-1.4275000e+00 -2.3509750e+00 -2.4494859e+00 -1.5248497e+00 -1.3312132e+00 -1.5139741e+00 -2.0602085e+00 -3.1373817e+00 -2.0961493e+00 -1.6861754e+00 -1.5285324e+00
-1.4200000e+00 -2.2811737e+00 -2.7082065e+00 -1.6142319e+00 -1.3252110e+00 -1.4280720e+00 -1.8351278e+00 -2.8534317e+00 -2.4518756e+00 -1.8711765e+00 -1.6520512e+00
-1.4125000e+00 -2.2579020e+00 -2.7983811e+00 -1.7375903e+00 -1.3397511e+00 -1.3669830e+00 -1.6697840e+00 -2.3959869e+00 -2.9723955e+00 -2.1053112e+00 -1.7980643e+00
-1.4050000e+00 -2.2804745e+00 -2.6317157e+00 -1.9040897e+00 -1.3761591e+00 -1.3278843e+00 -1.5460700e+00 -2.0841798e+00 -3.2922158e+00 -2.4194100e+00 -1.9749233e+00
-1.3975000e+00 -2.3494890e+00 -2.4113549e+00 -2.1270605e+00 -1.4369220e+00 -1.3094016e+00 -1.4539539e+00 -1.8650432e+00 -2.7701810e+00 -2.8787873e+00 -2.1968600e+00
-1.3900000e+00 -2.4654903e+00 -2.2395007e+00 -2.4186366e+00 -1.5260933e+00 -1.3112711e+00 -1.3876824e+00 -1.7042758e+00 -2.3575749e+00 -3.4771975e+00 -2.4909578e+00
-1.3825000e+00 -2.6231270e+00 -2.1270660e+00 -2.7274656e+00 -1.6500794e+00 -1.3342296e+00 -1.3439809e+00 -1.5841687e+00 -2.0818619e+00 -3.1349514e+00 -2.9160825e+00
-1.3750000e+00 -2.7930707e+00 -2.0695670e+00 -2.7624276e+00 -1.8190855e+00 -1.3800844e+00 -1.3211789e+00 -1.4950505e+00 -1.8856944e+00 -2.6270134e+00 -3.5607249e+00
-1.3675000e+00 -2.8971957e+00 -2.0637411e+00 -2.4996339e+00 -2.0494078e+00 -1.4519906e+00 -1.3187915e+00 -1.4314157e+00 -1.7407749e+00 -2.3007308e+00 -3.4612727e+00
-1.3600000e+00 -2.8701261e+00 -2.1097155e+00 -2.2454394e+00 -2.3627549e+00 -1.5550429e+00 -1.3373627e+00 -1.3901653e+00 -1.6325945e+00 -2.0756427e+00 -2.8794501e+00
-1.3525000e+00 -2.7695572e+00 -2.2108510e+00 -2.0668970e+00 -2.7297162e+00 -1.6974443e+00 -1.3785023e+00 -1.3697668e+00 -1.5531596e+00 -1.9117390e+00 -2.5150094e+00
-1.3450000e+00 -2.6809619e+00 -2.3718315e+00 -1.9565174e+00 -2.7861595e+00 -1.8927911e+00 -1.4451295e+00 -1.3698612e+00 -1.4979280e+00 -1.7896841e+00 -2.2698154e+00
-1.3375000e+00 -2.6405443e+00 -2.5875657e+00 -1.9049271e+00 -2.4667367e+00 -2.1640510e+00 -1.5420246e+00 -1.3911278e+00 -1.4644187e+00 -1.6992051e+00 -2.0934049e+00
-1.3300000e+00 -2.6561414e+00 -2.7949922e+00 -1.9081532e+00 -2.1811563e+00 -2.5409476e+00 -1.6769475e+00 -1.4353481e+00 -1.4515527e+00 -1.6345317e+00 -1.9625504e+00
-1.3225000e+00 -2.7248104e+00 -2.8283199e+00 -1.9674493e+00 -1.9879838e+00 -2.9081074e+00 -1.8629356e+00 -1.5056920e+00 -1.4593619e+00 -1.5924334e+00 -1.8652695e+00
-1.3150000e+00 -2.8336752e+00 -2.6816382e+00 -2.0891602e+00 -1.8697188e+00 -2.7161007e+00 -2.1230553e+00 -1.6073521e+00 -1.4889292e+00 -1.5713073e+00 -1.7949198e+00
-1.3075000e+00 -2.9507414e+00 -2.5267474e+00 -2.2839644e+00 -1.8134375e+00 -2.3439781e+00 -2.4965149e+00 -1.7488502e+00 -1.5425326e+00 -1.5707565e+00 -1.7477642e+00
-1.3000000e+00 -3.0229294e+00 -2.4375075e+00 -2.5541533e+00 -1.8140352e+00 -2.0818209e+00 -2.9564942e+00 -1.9448231e+00 -1.6240520e+00 -1.5914443e+00 -1.7218641e+00
-1.2925000e+00 -3.0189326e+00 -2.4257235e+00 -2.8038841e+00 -1.8728148e+00 -1.9145184e+00 -2.8652451e+00 -2.2222214e+00 -1.7398337e+00 -1.6351558e+00 -1.7165639e+00
-1.2850000e+00 -2.9707052e+00 -2.4910471e+00 -2.7568565e+00 -1.9974809e+00 -1.8191293e+00 -2.4386689e+00 -2.6304045e+00 -1.9005109e+00 -1.7050936e+00 -1.7322890e+00
-1.2775000e+00 -2.9309634e+00 -2.6267762e+00 -2.5228587e+00 -2.2031566e+00 -1.7844642e+00 -2.1401654e+00 -3.1253295e+00 -2.1250919e+00 -1.8065413e+00 -1.7705623e+00
-1.2700000e+00 -2.9338455e+00 -2.7981686e+00 -2.3404890e+00 -2.5053920e+00 -1.8077629e+00 -1.9509724e+00 -2.9042261e+00 -2.4506790e+00 -1.9482600e+00 -1.8342434e+00
-1.2625000e+00 -2.9958747e+00 -2.9030143e+00 -2.2523562e+00 -2.8187863e+00 -1.8932502e+00 -1.8400607e+00 -2.4555329e+00 -2.9439122e+00 -2.1455827e+00 -1.9280992e+00
-1.2550000e+00 -3.1123686e+00 -2.8626856e+00 -2.2572265e+00 -2.7530283e+00 -2.0532446e+00 -1.7926220e+00 -2.1640058e+00 -3.3148331e+00 -2.4279661e+00 -2.0600115e+00
-1.2475000e+00 -3.2227355e+00 -2.7687110e+00 -2.3552986e+00 -2.4603639e+00 -2.3109664e+00 -1.8040471e+00 -1.9825658e+00 -2.8243647e+00 -2.8574056e+00 -2.2436350e+00
-1.2400000e+00 -3.2187710e+00 -2.7192466e+00 -2.5462008e+00 -2.2502188e+00 -2.6843590e+00 -1.8773701e+00 -1.8786410e+00 -2.4204502e+00 -3.4548449e+00 -2.5048866e+00
-1.2325000e+00 -3.1336290e+00 -2.7416902e+00 -2.7828186e+00 -2.1505535e+00 -2.9367456e+00 -2.0241187e+00 -1.8380028e+00 -2.1708036e+00 -3.1890711e+00 -2.8994740e+00
-1.2250000e+00 -3.1025181e+00 -2.8264727e+00 -2.8617559e+00 -2.1530110e+00 -2.6568022e+00 -2.2686915e+00 -1.8568592e+00 -2.0189776e+00 -2.6830531e+00 -3.5211320e+00
-1.2175000e+00 -3.1896781e+00 -2.9355285e+00 -2.7122048e+00 -2.2586632e+00 -2.3487856e+00 -2.6488567e+00 -1.9394105e+00 -1.9387859e+00 -2.3750136e+00 -3.5153506e+00
-1.2100000e+00 -3.3541669e+00 -3.0066700e+00 -2.5664361e+00 -2.4762736e+00 -2.1713731e+00 -3.0328618e+00 -2.0993847e+00 -1.9200159e+00 -2.1866253e+00 -2.9332573e+00
-1.2025000e+00 -3.3889494e+00 -3.0063480e+00 -2.5235348e+00 -2.7721731e+00 -2.1092596e+00 -2.7807474e+00 -2.3664339e+00 -1.9618832e+00 -2.0788733e+00 -2.5819812e+00
-1.1950000e+00 -3.2801715e+00 -2.9697119e+00 -2.5934149e+00 -2.8635409e+00 -2.1539755e+00 -2.4149405e+00 -2.7905887e+00 -2.0720491e+00 -2.0357853e+00 -2.3690584e+00
-1.1875000e+00 -3.2629865e+00 -2.9515230e+00 -2.7548067e+00 -2.6420322e+00 -2.3139798e+00 -2.2009580e+00 -3.1743872e+00 -2.2702096e+00 -2.0530514e+00 -2.2440719e+00
-1.1800000e+00 -3.3930232e+00 -2.9902273e+00 -2.9078420e+00 -2.4576511e+00 -2.6066658e+00 -2.1134080e+00 -2.8046301e+00 -2.5989540e+00 -2.1349361e+00 -2.1865847e+00
-1.1725000e+00 -3.5051703e+00 -3.0954390e+00 -2.8979648e+00 -2.4075359e+00 -2.9333472e+00 -2.1370642e+00 -2.4323759e+00 -3.1148694e+00 -2.2960681e+00 -2.1899446e+00
-1.1650000e+00 -3.4390969e+00 -3.1963228e+00 -2.8008521e+00 -2.4956073e+00 -2.8231530e+00 -2.2785075e+00 -2.2287572e+00 -3.2363228e+00 -2.5699945e+00 -2.2565215e+00
-1.1575000e+00 -3.4073954e+00 -3.1650941e+00 -2.7638887e+00 -2.7078575e+00 -2.5331940e+00 -2.5646199e+00 -2.1533731e+00 -2.7389398e+00 -3.0282729e+00 -2.3984598e+00
-1.1500000e+00 -3.4997929e+00 -3.0891921e+00 -2.8208435e+00 -2.9092218e+00 -2.3826449e+00 -2.9699105e+00 -2.1917188e+00 -2.4226802e+00 -3.5244938e+00 -2.6448042e+00
-1.1425000e+00 -3.5866685e+00 -3.1323577e+00 -2.9343694e+00 -2.8367090e+00 -2.3888341e+00 -2.9487143e+00 -2.3546059e+00 -2.2667479e+00 -3.0595736e+00 -3.0627527e+00
-1.1350000e+00 -3.5596402e+00 -3.3015087e+00 -3.0139105e+00 -2.6784040e+00 -2.5519514e+00 -2.5946431e+00 -2.6793287e+00 -2.2331758e+00 -2.6446996e+00 -3.6836623e+00
-1.1275000e+00 -3.5431117e+00 -3.3368879e+00 -3.0029928e+00 -2.6417656e+00 -2.8476884e+00 -2.3953083e+00 -3.1314644e+00 -2.3166866e+00 -2.4272872e+00 -3.3597363e+00
-1.1200000e+00 -3.6351158e+00 -3.2146951e+00 -2.9620352e+00 -2.7482821e+00 -2.9733144e+00 -2.3686882e+00 -2.9935539e+00 -2.5403668e+00 -2.3458210e+00 -2.8691474e+00
-1.1125000e+00 -3.7013149e+00 -3.2526840e+00 -2.9702884e+00 -2.9200539e+00 -2.7485323e+00 -2.5116945e+00 -2.6087604e+00 -2.9594306e+00 -2.3818955e+00 -2.6094276e+00
-1.1050000e+00 -3.6304671e+00 -3.4374850e+00 -3.0612503e+00 -2.9552641e+00 -2.5966920e+00 -2.8318261e+00 -2.4215619e+00 -3.3449274e+00 -2.5476708e+00 -2.4984191e+00
-1.0975000e+00 -3.7091154e+00 -3.4025677e+00 -3.1691753e+00 -2.8682131e+00 -2.6289792e+00 -3.0777586e+00 -2.4155266e+00 -2.9306592e+00 -2.8928536e+00 -2.5075938e+00
-1.0900000e+00 -3.7969072e+00 -3.3255971e+00 -3.1358921e+00 -2.8482352e+00 -2.8311675e+00 -2.8172427e+00 -2.5911972e+00 -2.5957351e+00 -3.4459675e+00 -2.6425848e+00
-1.0825000e+00 -3.7135991e+00 -3.4540134e+00 -3.0710561e+00 -2.9270144e+00 -3.0203962e+00 -2.6003838e+00 -2.9685920e+00 -2.4739255e+00 -3.2729594e+00 -2.9462129e+00
-1.0750000e+00 -3.8305996e+00 -3.5189268e+00 -3.1653001e+00 -3.0201535e+00 -2.9087440e+00 -2.5958823e+00 -3.1841313e+00 -2.5351218e+00 -2.8178259e+00 -3.5047357e+00
-1.0675000e+00 -3.8403414e+00 -3.4487048e+00 -3.3175464e+00 -3.0419387e+00 -2.7872443e+00 -2.8030489e+00 -2.8323721e+00 -2.7992303e+00 -2.6104451e+00 -3.5868026e+00
-1.0600000e+00 -3.8281345e+00 -3.5157882e+00 -3.2162369e+00 -3.0222640e+00 -2.8398604e+00 -3.0892663e+00 -2.6204693e+00 -3.2656800e+00 -2.5987114e+00 -3.0485217e+00
-1.0525000e+00 -3.9270644e+00 -3.5918902e+00 -3.1885478e+00 -3.0248899e+00 -3.0097593e+00 -2.9733006e+00 -2.6457954e+00 -3.1888442e+00 -2.7820995e+00 -2.7824331e+00
-1.0450000e+00 -3.8982059e+00 -3.5645742e+00 -3.3847312e+00 -3.0958925e+00 -3.0545761e+00 -2.7776513e+00 -2.9082223e+00 -2.8033752e+00 -3.2146480e+00 -2.7270121e+00
-1.0375000e+00 -3.9555065e+00 -3.5928594e+00 -3.3527047e+00 -3.1880498e+00 -2.9729560e+00 -2.8040385e+00 -3.2249837e+00 -2.6724705e+00 -3.5151430e+00 -2.8653918e+00
-1.0300000e+00 -3.9901951e+00 -3.6914061e+00 -3.2757307e+00 -3.1452950e+00 -2.9832120e+00 -3.0286758e+00 -2.9979951e+00 -2.7930704e+00 -3.0495407e+00 -3.2518652e+00
-1.0225000e+00 -3.9918865e+00 -3.6314735e+00 -3.4594799e+00 -3.1226734e+00 -3.0785423e+00 -3.1237699e+00 -2.7929151e+00 -3.1714051e+00 -2.8009146e+00 -3.7559549e+00
-1.0150000e+00 -4.0613436e+00 -3.7253779e+00 -3.4251206e+00 -3.2761362e+00 -3.1319525e+00 -2.9652308e+00 -2.8610304e+00 -3.3294488e+00 -2.8218595e+00 -3.3052552e+00
-1.0075000e+00 -4.0544769e+00 -3.7376893e+00 -3.3945947e+00 -3.2814745e+00 -3.1235261e+00 -2.9528329e+00 -3.1569425e+00 -2.9686559e+00 -3.1201214e+00 -2.9734291e+00
-1.0000000e+00 -4.1088871e+00 -3.7384270e+00 -3.5413282e+00 -3.1924823e+00 -3.1198720e+00 -3.1133343e+00 -3.1936507e+00 -2.8503783e+00 -3.5574243e+00 -2.9332867e+00
-9.9250000e-01 -4.1275149e+00 -3.8306984e+00 -3.4815718e+00 -3.3724963e+00 -3.1815071e+00 -3.1666290e+00 -2.9734428e+00 -3.0399171e+00 -3.2239451e+00 -3.1736404e+00
-9.8500000e-01 -4.1608847e+00 -3.7864779e+00 -3.5311822e+00 -3.3560257e+00 -3.2679389e+00 -3.0913639e+00 -2.9989003e+00 -3.3891234e+00 -2.9625907e+00 -3.6962705e+00
-9.7750000e-01 -4.1948230e+00 -3.8885609e+00 -3.5970570e+00 -3.2916019e+00 -3.2126687e+00 -3.1309002e+00 -3.2344777e+00 -3.1881592e+00 -3.0353857e+00 -3.4925641e+00
-9.7000000e-01 -4.1999847e+00 -3.8557976e+00 -3.5678492e+00 -3.4971965e+00 -3.2398981e+00 -3.2186421e+00 -3.2220805e+00 -3.0073366e+00 -3.4262649e+00 -3.1301896e+00
-9.6250000e-01 -4.2876275e+00 -3.9377044e+00 -3.6534530e+00 -3.3723789e+00 -3.3905395e+00 -3.2347662e+00 -3.1002656e+00 -3.1619220e+00 -3.4705221e+00 -3.1262918e+00
-9.5500000e-01 -4.2584146e+00 -3.9182245e+00 -3.6444841e+00 -3.4682492e+00 -3.2789166e+00 -3.2305175e+00 -3.2073867e+00 -3.4253856e+00 -3.1404881e+00 -3.4817343e+00
-9.4750000e-01 -4.3013873e+00 -4.0055031e+00 -3.6947066e+00 -3.5098140e+00 -3.3600448e+00 -3.2619944e+00 -3.3171142e+00 -3.2298207e+00 -3.1650934e+00 -3.7429934e+00
-9.4000000e-01 -4.3612443e+00 -3.9723546e+00 -3.7134938e+00 -3.4779241e+00 -3.4632781e+00 -3.3533666e+00 -3.2457263e+00 -3.1727983e+00 -3.5185270e+00 -3.3284414e+00
-9.3250000e-01 -4.3535758e+00 -4.0464457e+00 -3.7594679e+00 -3.5896323e+00 -3.3388347e+00 -3.3199481e+00 -3.2843474e+00 -3.3966981e+00 -3.4632606e+00 -3.2581273e+00
-9.2500000e-01 -4.3910242e+00 -4.0843065e+00 -3.7553469e+00 -3.5436685e+00 -3.5558249e+00 -3.3415015e+00 -3.3590124e+00 -3.3919053e+00 -3.2458151e+00 -3.5960867e+00
-9.1750000e-01 -4.4571965e+00 -4.0558295e+00 -3.8474615e+00 -3.6293887e+00 -3.4202268e+00 -3.4739013e+00 -3.3684942e+00 -3.2915868e+00 -3.4181338e+00 -3.7208440e+00
-9.1000000e-01 -4.4799625e+00 -4.1433769e+00 -3.7963858e+00 -3.6238280e+00 -3.5579522e+00 -3.3585249e+00 -3.3790109e+00 -3.4347771e+00 -3.6107724e+00 -3.3932096e+00
-9.0250000e-01 -4.4819903e+00 -4.1582276e+00 -3.9072356e+00 -3.6730560e+00 -3.5235603e+00 -3.5215684e+00 -3.4233013e+00 -3.4610111e+00 -3.3924476e+00 -3.4870700e+00
-8.9500000e-01 -4.5042601e+00 -4.1674966e+00 -3.8768537e+00 -3.6866831e+00 -3.5823423e+00 -3.4650816e+00 -3.4877741e+00 -3.4227256e+00 -3.4769892e+00 -3.8216293e+00
-8.8750000e-01 -4.5453751e+00 -4.2351169e+00 -3.9396209e+00 -3.7497318e+00 -3.5998335e+00 -3.5129135e+00 -3.4353762e+00 -3.5078969e+00 -3.6455825e+00 -3.5648388e+00
-8.8000000e-01 -4.5879743e+00 -4.2591550e+00 -3.9558912e+00 -3.7146613e+00 -3.6384713e+00 -3.5802329e+00 -3.5717905e+00 -3.5270729e+00 -3.5035807e+00 -3.5569369e+00
-8.7250000e-01 -4.6228749e+00 -4.2500280e+00 -3.9670380e+00 -3.8466000e+00 -3.6578766e+00 -3.5398992e+00 -3.5075000e+00 -3.5450419e+00 -3.6043811e+00 -3.8412491e+00
-8.6500000e-01 -4.6536839e+00 -4.2741391e+00 -4.0558549e+00 -3.7769317e+00 -3.6983090e+00 -3.6545266e+00 -3.5932999e+00 -3.5707788e+00 -3.6608968e+00 -3.6575414e+00
-8.5750000e-01 -4.6879686e+00 -4.3267771e+00 -4.0586530e+00 -3.8413950e+00 -3.7248864e+00 -3.6062117e+00 -3.6053588e+00 -3.6444094e+00 -3.6227959e+00 -3.6988221e+00
-8.5000000e-01 -4.7216554e+00 -4.3755254e+00 -4.0402345e+00 -3.9206712e+00 -3.7492852e+00 -3.6885529e+00 -3.6227574e+00 -3.5956837e+00 -3.7076580e+00 -3.8627101e+00
-8.4250000e-01 -4.7429753e+00 -4.4080813e+00 -4.0921136e+00 -3.8777669e+00 -3.7784177e+00 -3.7017849e+00 -3.6791970e+00 -3.7323948e+00 -3.7132619e+00 -3.7316506e+00
-8.3500000e-01 -4.7652662e+00 -4.4333493e+00 -4.1581467e+00 -3.9287644e+00 -3.8473087e+00 -3.7083776e+00 -3.6893117e+00 -3.6438401e+00 -3.7451491e+00 -3.8678025e+00
-8.2750000e-01 -4.7884257e+00 -4.4610139e+00 -4.1825304e+00 -3.9816136e+00 -3.7977330e+00 -3.7915878e+00 -3.7113155e+00 -3.8022572e+00 -3.7760875e+00 -3.8511120e+00
-8.2000000e-01 -4.8021362e+00 -4.4913972e+00 -4.1876929e+00 -3.9824079e+00 -3.8880343e+00 -3.7647938e+00 -3.7967382e+00 -3.6943856e+00 -3.8169362e+00 -3.8828762e+00
-8.1250000e-01 -4.8463704e+00 -4.5180276e+00 -4.2040637e+00 -4.0197278e+00 -3.9544257e+00 -3.8340061e+00 -3.7247448e+00 -3.8826367e+00 -3.8196354e+00 -3.9235338e+00
-8.0500000e-01 -4.8896823e+00 -4.5432255e+00 -4.2336781e+00 -4.0859016e+00 -3.8987151e+00 -3.8355190e+00 -3.8932857e+00 -3.7379289e+00 -3.8904073e+00 -3.9532229e+00
-7.9750000e-01 -4.9156253e+00 -4.5839181e+00 -4.2677369e+00 -4.1233376e+00 -3.9290435e+00 -3.8995922e+00 -3.7973520e+00 -3.9544660e+00 -3.8783648e+00 -3.9619912e+00
-7.9000000e-01 -4.9293194e+00 -4.6269160e+00 -4.3014770e+00 -4.1298076e+00 -4.0167382e+00 -3.9151302e+00 -3.8816248e+00 -3.8163346e+00 -3.9321041e+00 -4.0392258e+00
-7.8250000e-01 -4.9789308e+00 -4.6387792e+00 -4.3366565e+00 -4.1371479e+00 -4.0509489e+00 -3.8965835e+00 -3.9305045e+00 -3.9321488e+00 -3.9811025e+00 -4.0007247e+00
-7.7500000e-01 -4.9913122e+00 -4.6586016e+00 -4.3737381e+00 -4.1590240e+00 -4.0513080e+00 -3.9757182e+00 -3.9147579e+00 -3.9850996e+00 -3.9307746e+00 -4.1150989e+00
-7.6750000e-01 -5.0363206e+00 -4.6763108e+00 -4.4015886e+00 -4.1918819e+00 -4.0740030e+00 -4.0590942e+00 -3.9705552e+00 -3.9032242e+00 -4.1182272e+00 -4.0633977e+00
-7.6000000e-01 -5.0548635e+00 -4.7343709e+00 -4.4154654e+00 -4.2271544e+00 -4.1201186e+00 -4.0485630e+00 -3.9858298e+00 -4.0438735e+00 -3.9704585e+00 -4.1399670e+00
-7.5250000e-01 -5.1029163e+00 -4.7560770e+00 -4.4491497e+00 -4.2559372e+00 -4.1698733e+00 -4.0264527e+00 -4.0136253e+00 -4.0566053e+00 -4.1020265e+00 -4.1933637e+00
-7.4500000e-01 -5.1121784e+00 -4.7735109e+00 -4.5081677e+00 -4.2745384e+00 -4.2119247e+00 -4.0480750e+00 -4.0868165e+00 -4.0252765e+00 -4.1697209e+00 -4.1159299e+00
-7.3750000e-01 -5.1475490e+00 -4.8269171e+00 -4.5396232e+00 -4.2956590e+00 -4.2452833e+00 -4.0974700e+00 -4.1222548e+00 -4.0889010e+00 -4.0655587e+00 -4.3155037e+00
-7.3000000e-01 -5.1877920e+00 -4.8277369e+00 -4.5650124e+00 -4.3411850e+00 -4.2704205e+00 -4.1472481e+00 -4.1067438e+00 -4.1310842e+00 -4.1671008e+00 -4.2253246e+00
-7.2250000e-01 -5.2167999e+00 -4.8815068e+00 -4.5668829e+00 -4.3970026e+00 -4.2868687e+00 -4.1865201e+00 -4.1001695e+00 -4.1441939e+00 -4.2637579e+00 -4.2139794e+00
-7.1500000e-01 -5.2415778e+00 -4.8909910e+00 -4.6373550e+00 -4.4254253e+00 -4.3009953e+00 -4.2197343e+00 -4.1236459e+00 -4.1872415e+00 -4.2224923e+00 -4.3943972e+00
-7.0750000e-01 -5.2652239e+00 -4.9431984e+00 -4.6408955e+00 -4.4585523e+00 -4.3274383e+00 -4.2555841e+00 -4.1647403e+00 -4.2446682e+00 -4.2228472e+00 -4.3701191e+00
-7.0000000e-01 -5.3000924e+00 -4.9676353e+00 -4.6738614e+00 -4.4630867e+00 -4.3605911e+00 -4.2986901e+00 -4.2079742e+00 -4.2800655e+00 -4.2776986e+00 -4.3020397e+00
-6.5000000e-01 -5.5048625e+00 -5.1545708e+00 -4.8793649e+00 -4.6910291e+00 -4.5526455e+00 -4.4541751e+00 -4.4385665e+00 -4.4216172e+00 -4.5451912e+00 -4.5679514e+00
-6.0000000e-01 -5.6935385e+00 -5.3673101e+00 -5.0688972e+00 -4.8879126e+00 -4.7390907e+00 -4.6671854e+00 -4.6606519e+00 -4.6071130e+00 -4.6870837e+00 -4.8209642e+00
-5.5000000e-01 -5.9048330e+00 -5.5654158e+00 -5.2837659e+00 -5.0643715e+00 -4.9647250e+00 -4.8543755e+00 -4.8511645e+00 -4.8293136e+00 -4.9081881e+00 -4.9389446e+00
-5.0000000e-01 -6.0969601e+00 -5.7634903e+00 -5.4843177e+00 -5.2673246e+00 -5.1587591e+00 -5.0779810e+00 -5.0332244e+00 -5.0219518e+00 -5.0974156e+00 -5.1606206e+00
-4.0000000e-01 -6.4487475e+00 -6.1591703e+00 -5.8778569e+00 -5.6785441e+00 -5.5538300e+00 -5.4644278e+00 -5.4435329e+00 -5.4430524e+00 -5.4773269e+00 -5.5756267e+00
-2.0000000e-01 -7.3933398e+00 -6.9164549e+00 -6.6381054e+00 -6.4770994e+00 -6.3511972e+00 -6.2686490e+00 -6.2340804e+00 -6.2472157e+00 -6.2872680e+00 -6.3617062e+00
0.0000000e+00 -8.0768374e+00 -7.7194221e+00 -7.4614185e+00 -7.2516916e+00 -7.1307245e+00 -7.0899778e+00 -7.0402346e+00 -7.0414643e+00 -7.0883338e+00 -7.1682937e+00
2.0000000e-01 -8.8398338e+00 -8.5782269e+00 -8.2777760e+00 -8.0653478e+00 -7.9378548e+00 -7.8624064e+00 -7.8657266e+00 -7.8180284e+00 -7.9061265e+00 -7.9750953e+00
4.0000000e-01 -9.7509250e+00 -9.3305856e+00 -9.1132997e+00 -8.8725551e+00 -8.7474134e+00 -8.7078870e+00 -8.6263223e+00 -8.6470268e+00 -8.6880236e+00 -8.7621527e+00
6.0000000e-01 -1.0514001e+01 -1.0167219e+01 -9.8426119e+00 -9.6646055e+00 -9.5114067e+00 -9.4954385e+00 -9.4113893e+00 -9.3867325e+00 -9.5049973e+00 -9.5529452e+00
8.0000000e-01 -1.1267803e+01 -1.0947313e+01 -1.0693308e+01 -1.0481675e+01 -1.0316928e+01 -1.0268916e+01 -1.0207581e+01 -1.0298595e+01 -1.0258685e+01 -1.0323701e+01
1.0000000e+00 -1.2101063e+01 -1.1764329e+01 -1.1498171e+01 -1.1300295e+01 -1.1109718e+01 -1.1128808e+01 -1.1008779e+01 -1.1018475e+01 -1.1126328e+01 -1.1204813e+01
1.2000000e+00 -1.2867721e+01 -1.2623921e+01 -1.2282367e+01 -1.2047126e+01 -1.1988891e+01 -1.1872039e+01 -1.1859250e+01 -1.1852674e+01 -1.1922568e+01 -1.1973214e+01
1.4000000e+00 -1.3698662e+01 -1.3371105e+01 -1.3047003e+01 -1.2831676e+01 -1.2752444e+01 -1.2630568e+01 -1.2668828e+01 -1.2629314e+01 -1.2665053e+01 -1.2793380e+01
1.6000000e+00 -1.4495545e+01 -1.4134124e+01 -1.3891729e+01 -1.3630591e+01 -1.3550985e+01 -1.3477576e+01 -1.3445492e+01 -1.3398555e+01 -1.3524449e+01 -1.3607859e+01
1.8000000e+00 -1.5345744e+01 -1.4976069e+01 -1.4685209e+01 -1.4489925e+01 -1.4331655e+01 -1.4305987e+01 -1.4257390e+01 -1.4256281e+01 -1.4326440e+01 -1.4383928e+01
2.0000000e+00 -1.6201448e+01 -1.5758825e+01 -1.5562756e+01 -1.5303483e+01 -1.5151966e+01 -1.5046334e+01 -1.5040135e+01 -1.5039366e+01 -1.5065482e+01 -1.5189407e+01