########################################################################
# Reference Counts for Solar Model AGSS09ph                            #
# Column 1: log10(Axion mass in eV)                                    #
#        n>1: log10(Reference photon counts in energy bin n-1)         #
########################################################################
-3.0000000e+00 -3.8691983e-01 -2.1821893e-01 -7.7619488e-02 3.3859348e-03 1.7682135e-02 6.0097105e-03 -4.5526484e-02 -1.3094580e-01 -2.4905327e-01 -3.9746610e-01
-2.8000000e+00 -3.8694056e-01 -2.1823291e-01 -7.7629483e-02 3.3783899e-03 1.7676259e-02 6.0050033e-03 -4.5530342e-02 -1.3094901e-01 -2.4905599e-01 -3.9746844e-01
-2.6000000e+00 -3.8707132e-01 -2.1832110e-01 -7.7692544e-02 3.3307842e-03 1.7639182e-02 5.9753028e-03 -4.5554680e-02 -1.3096931e-01 -2.4907318e-01 -3.9748317e-01
-2.4000000e+00 -3.8789658e-01 -2.1887763e-01 -7.8090473e-02 3.0303892e-03 1.7405230e-02 5.7878961e-03 -4.5708254e-02 -1.3109735e-01 -2.4918164e-01 -3.9757614e-01
-2.2000000e+00 -3.9311034e-01 -2.2239226e-01 -8.0602866e-02 1.1340878e-03 1.5928520e-02 4.6050717e-03 -4.6677488e-02 -1.3190540e-01 -2.4986611e-01 -3.9816285e-01
-2.1500000e+00 -3.9674110e-01 -2.2483832e-01 -8.2350770e-02 -1.8489287e-04 1.4901550e-02 3.7825736e-03 -4.7351407e-02 -1.3246722e-01 -2.5034197e-01 -3.9857074e-01
-2.1000000e+00 -4.0250715e-01 -2.2872048e-01 -8.5123811e-02 -2.2769423e-03 1.3272933e-02 2.4783724e-03 -4.8419920e-02 -1.3335794e-01 -2.5109638e-01 -3.9921735e-01
-2.0500000e+00 -4.1167531e-01 -2.3488696e-01 -8.9525843e-02 -5.5966628e-03 1.0689286e-02 4.0976819e-04 -5.0114465e-02 -1.3477037e-01 -2.5229257e-01 -4.0024255e-01
-2.0000000e+00 -4.2628112e-01 -2.4469481e-01 -9.6520431e-02 -1.0868274e-02 6.5882738e-03 -2.8727401e-03 -5.2802823e-02 -1.3701079e-01 -2.5418975e-01 -4.0186838e-01
-1.9500000e+00 -4.4962253e-01 -2.6032738e-01 -1.0765135e-01 -1.9249046e-02 7.2922197e-05 -8.0852375e-03 -5.7070351e-02 -1.4056632e-01 -2.5719994e-01 -4.0444762e-01
-1.9000000e+00 -4.8711597e-01 -2.8532965e-01 -1.2540807e-01 -3.2597322e-02 -1.0292973e-02 -1.6371975e-02 -6.3851028e-02 -1.4621335e-01 -2.6197930e-01 -4.0854169e-01
-1.8500000e+00 -5.4786064e-01 -3.2554403e-01 -1.5384774e-01 -5.3920917e-02 -2.6823138e-02 -2.9570336e-02 -7.4641045e-02 -1.5519335e-01 -2.6957562e-01 -4.1504617e-01
-1.8475000e+00 -5.5175147e-01 -3.2810718e-01 -1.5565525e-01 -5.5273827e-02 -2.7870699e-02 -3.0406072e-02 -7.5323881e-02 -1.5576139e-01 -2.7005597e-01 -4.1545737e-01
-1.8400000e+00 -5.6402157e-01 -3.3618015e-01 -1.6134417e-01 -5.9530078e-02 -3.1165361e-02 -3.3034000e-02 -7.7470708e-02 -1.5754711e-01 -2.7156590e-01 -4.1674985e-01
-1.8325000e+00 -5.7724656e-01 -3.4486391e-01 -1.6745654e-01 -6.4100016e-02 -3.4701214e-02 -3.5853411e-02 -7.9773434e-02 -1.5946217e-01 -2.7318498e-01 -4.1813561e-01
-1.8250000e+00 -5.9150770e-01 -3.5420755e-01 -1.7402527e-01 -6.9007515e-02 -3.8496362e-02 -3.8878539e-02 -8.2243566e-02 -1.6151607e-01 -2.7492120e-01 -4.1962146e-01
-1.8175000e+00 -6.0689443e-01 -3.6426456e-01 -1.8108603e-01 -7.4278386e-02 -4.2570336e-02 -4.2124719e-02 -8.4893490e-02 -1.6371903e-01 -2.7678314e-01 -4.2121471e-01
-1.8100000e+00 -6.2350537e-01 -3.7509334e-01 -1.8867754e-01 -7.9940552e-02 -4.6944218e-02 -4.5608479e-02 -8.7736540e-02 -1.6608203e-01 -2.7878002e-01 -4.2292322e-01
-1.8025000e+00 -6.4144953e-01 -3.8675771e-01 -1.9684188e-01 -8.6024244e-02 -5.1640782e-02 -4.9347643e-02 -9.0787078e-02 -1.6861690e-01 -2.8092176e-01 -4.2475541e-01
-1.7950000e+00 -6.6084775e-01 -3.9932760e-01 -2.0562483e-01 -9.2562217e-02 -5.6684636e-02 -5.3361437e-02 -9.4060579e-02 -1.7133637e-01 -2.8321903e-01 -4.2672036e-01
-1.7875000e+00 -6.8183441e-01 -4.1287970e-01 -2.1507622e-01 -9.9589994e-02 -6.2102395e-02 -5.7670615e-02 -9.7573723e-02 -1.7425413e-01 -2.8568332e-01 -4.2882782e-01
-1.7800000e+00 -7.0455942e-01 -4.2749831e-01 -2.2525042e-01 -1.0714614e-01 -6.7922860e-02 -6.2297589e-02 -1.0134450e-01 -1.7738497e-01 -2.8832698e-01 -4.3108829e-01
-1.7725000e+00 -7.2919064e-01 -4.4327633e-01 -2.3620679e-01 -1.1527254e-01 -7.4177225e-02 -6.7266580e-02 -1.0539230e-01 -1.8074477e-01 -2.9116331e-01 -4.3351307e-01
-1.7650000e+00 -7.5591684e-01 -4.6031633e-01 -2.4801029e-01 -1.2401480e-01 -8.0899301e-02 -7.2603777e-02 -1.0973809e-01 -1.8435070e-01 -2.9420664e-01 -4.3611428e-01
-1.7575000e+00 -7.8495123e-01 -4.7873192e-01 -2.6073207e-01 -1.3342254e-01 -8.8125774e-02 -7.8337518e-02 -1.1440449e-01 -1.8822126e-01 -2.9747242e-01 -4.3890503e-01
-1.7500000e+00 -8.1653589e-01 -4.9864924e-01 -2.7445024e-01 -1.4354993e-01 -9.5896481e-02 -8.4498493e-02 -1.1941596e-01 -1.9237640e-01 -3.0097728e-01 -4.4189939e-01
-1.7425000e+00 -8.5094726e-01 -5.2020886e-01 -2.8925075e-01 -1.5445608e-01 -1.0425474e-01 -9.1119962e-02 -1.2479892e-01 -1.9683768e-01 -3.0473917e-01 -4.4511254e-01
-1.7350000e+00 -8.8850296e-01 -5.4356796e-01 -3.0522836e-01 -1.6620571e-01 -1.1324768e-01 -9.8238005e-02 -1.3058200e-01 -2.0162839e-01 -3.0877745e-01 -4.4856084e-01
-1.7275000e+00 -9.2957063e-01 -5.6890299e-01 -3.2248780e-01 -1.7886969e-01 -1.2292669e-01 -1.0589180e-01 -1.3679620e-01 -2.0677369e-01 -3.1311303e-01 -4.5226193e-01
-1.7200000e+00 -9.7457914e-01 -5.9641294e-01 -3.4114517e-01 -1.9252586e-01 -1.3334783e-01 -1.1412393e-01 -1.4347511e-01 -2.1230082e-01 -3.1776847e-01 -4.5623483e-01
-1.7125000e+00 -1.0240333e+00 -6.2632330e-01 -3.6132953e-01 -2.0725985e-01 -1.4457238e-01 -1.2298073e-01 -1.5065517e-01 -2.1823925e-01 -3.2276818e-01 -4.6050008e-01
-1.7050000e+00 -1.0785335e+00 -6.5889102e-01 -3.8318488e-01 -2.2316609e-01 -1.5666744e-01 -1.3251270e-01 -1.5837598e-01 -2.2462091e-01 -3.2813854e-01 -4.6507987e-01
-1.6975000e+00 -1.1388017e+00 -6.9441072e-01 -4.0687242e-01 -2.4034897e-01 -1.6970659e-01 -1.4277494e-01 -1.6668055e-01 -2.3148044e-01 -3.3390810e-01 -4.6999815e-01
-1.6900000e+00 -1.2057174e+00 -7.3322253e-01 -4.3257344e-01 -2.5892421e-01 -1.8377068e-01 -1.5382763e-01 -1.7561574e-01 -2.3885540e-01 -3.4010779e-01 -4.7528084e-01
-1.6825000e+00 -1.2803673e+00 -7.7572223e-01 -4.6049268e-01 -2.7902049e-01 -1.9894878e-01 -1.6573668e-01 -1.8523259e-01 -2.4678664e-01 -3.4677112e-01 -4.8095599e-01
-1.6750000e+00 -1.3641158e+00 -8.2237441e-01 -4.9086261e-01 -3.0078137e-01 -2.1533919e-01 -1.7857432e-01 -1.9558681e-01 -2.5531856e-01 -3.5393448e-01 -4.8705395e-01
-1.6675000e+00 -1.4587050e+00 -8.7372994e-01 -5.2394872e-01 -3.2436765e-01 -2.3305072e-01 -1.9241991e-01 -2.0673928e-01 -2.6449952e-01 -3.6163736e-01 -4.9360765e-01
-1.6600000e+00 -1.5663996e+00 -9.3044941e-01 -5.6005615e-01 -3.4996014e-01 -2.5220419e-01 -2.0736083e-01 -2.1875667e-01 -2.7438227e-01 -3.6992269e-01 -5.0065276e-01
-1.6525000e+00 -1.6901882e+00 -9.9333528e-01 -5.9953816e-01 -3.7776315e-01 -2.7293410e-01 -2.2349350e-01 -2.3171208e-01 -2.8502437e-01 -3.7883723e-01 -5.0822807e-01
-1.6450000e+00 -1.8340414e+00 -1.0633769e+00 -6.4280718e-01 -4.0800871e-01 -2.9539081e-01 -2.4092459e-01 -2.4568585e-01 -2.9648881e-01 -3.8843190e-01 -5.1637568e-01
-1.6375000e+00 -2.0031025e+00 -1.1418147e+00 -6.9034916e-01 -4.4096189e-01 -3.1974301e-01 -2.5977247e-01 -2.6076647e-01 -3.0884458e-01 -3.9876231e-01 -5.2514146e-01
-1.6300000e+00 -2.2031091e+00 -1.2302343e+00 -7.4274285e-01 -4.7692748e-01 -3.4618080e-01 -2.8016890e-01 -2.7705162e-01 -3.2216740e-01 -4.0988922e-01 -5.3457534e-01
-1.6225000e+00 -2.4355603e+00 -1.3307068e+00 -8.0068592e-01 -5.1625852e-01 -3.7491948e-01 -3.0226101e-01 -2.9464941e-01 -3.3654058e-01 -4.2187915e-01 -5.4473182e-01
-1.6150000e+00 -2.6742084e+00 -1.4460044e+00 -8.6503124e-01 -5.5936742e-01 -4.0620421e-01 -3.2621383e-01 -3.1367988e-01 -3.5205591e-01 -4.3480507e-01 -5.5567045e-01
-1.6075000e+00 -2.8073046e+00 -1.5799323e+00 -9.3683837e-01 -6.0674047e-01 -4.4031589e-01 -3.5221318e-01 -3.3427667e-01 -3.6881487e-01 -4.4874717e-01 -5.6745639e-01
-1.6000000e+00 -2.7203849e+00 -1.7378287e+00 -1.0174483e+00 -6.5895734e-01 -4.7757857e-01 -3.8046933e-01 -3.5658918e-01 -3.8692988e-01 -4.6379375e-01 -5.8016108e-01
-1.5925000e+00 -2.5183526e+00 -1.9271943e+00 -1.1085958e+00 -7.1671762e-01 -5.1836908e-01 -4.1122155e-01 -3.8078502e-01 -4.0652590e-01 -4.8004232e-01 -5.9386301e-01
-1.5850000e+00 -2.3199449e+00 -2.1576442e+00 -1.2125818e+00 -7.8087780e-01 -5.6312948e-01 -4.4474366e-01 -4.0705310e-01 -4.2774229e-01 -4.9760081e-01 -6.0864857e-01
-1.5775000e+00 -2.1557140e+00 -2.4341760e+00 -1.3325496e+00 -8.5250395e-01 -6.1238368e-01 -4.8135125e-01 -4.3560734e-01 -4.5073503e-01 -5.1658903e-01 -6.2461309e-01
-1.5700000e+00 -2.0256735e+00 -2.7097379e+00 -1.4729384e+00 -9.3294892e-01 -6.6675976e-01 -5.2141085e-01 -4.6669139e-01 -4.7567943e-01 -5.3714041e-01 -6.4186204e-01
-1.5625000e+00 -1.9249731e+00 -2.7760433e+00 -1.6402427e+00 -1.0239688e+00 -7.2702088e-01 -5.6535185e-01 -5.0058438e-01 -5.0277346e-01 -5.5940410e-01 -6.6051242e-01
-1.5550000e+00 -1.8493287e+00 -2.5679085e+00 -1.8442250e+00 -1.1279051e+00 -7.9410876e-01 -6.1368233e-01 -5.3760841e-01 -5.3224177e-01 -5.8354746e-01 -6.8069444e-01
-1.5475000e+00 -1.7957430e+00 -2.3149781e+00 -2.0991313e+00 -1.2479807e+00 -8.6920656e-01 -6.6701038e-01 -5.7813805e-01 -5.6434083e-01 -6.0975913e-01 -7.0255353e-01
-1.5400000e+00 -1.7623673e+00 -2.1056808e+00 -2.4177583e+00 -1.3888016e+00 -9.5383264e-01 -7.2607343e-01 -6.2261281e-01 -5.9936526e-01 -6.3825275e-01 -7.2625275e-01
-1.5325000e+00 -1.7482927e+00 -1.9427208e+00 -2.7376865e+00 -1.5572434e+00 -1.0499851e+00 -7.9177944e-01 -6.7155368e-01 -6.3765607e-01 -6.6927166e-01 -7.5197567e-01
-1.5250000e+00 -1.7534110e+00 -1.8172605e+00 -2.7349645e+00 -1.7640470e+00 -1.1603736e+00 -8.6526636e-01 -7.2558552e-01 -6.7961118e-01 -7.0309471e-01 -7.7993003e-01
-1.5175000e+00 -1.7783603e+00 -1.7219492e+00 -2.4387447e+00 -2.0263662e+00 -1.2888079e+00 -9.4799058e-01 -7.8546790e-01 -7.2569936e-01 -7.4004374e-01 -8.1035210e-01
-1.5100000e+00 -1.8245511e+00 -1.6518500e+00 -2.1584532e+00 -2.3669603e+00 -1.4408851e+00 -1.0418629e+00 -8.5213881e-01 -7.7647882e-01 -7.8049305e-01 -8.4351229e-01
-1.5025000e+00 -1.8942662e+00 -1.6038833e+00 -1.9434572e+00 -2.7470972e+00 -1.6252706e+00 -1.1494662e+00 -9.2677790e-01 -8.3262255e-01 -8.2488199e-01 -8.7972220e-01
-1.4950000e+00 -1.9908082e+00 -1.5763190e+00 -1.7806675e+00 -2.7621926e+00 -1.8561790e+00 -1.2744210e+00 -1.0109014e+00 -8.9495368e-01 -8.7373152e-01 -9.1934361e-01
-1.4875000e+00 -2.1185552e+00 -1.5684637e+00 -1.6570358e+00 -2.4135993e+00 -2.1576997e+00 -1.4220331e+00 -1.1065089e+00 -9.6449598e-01 -9.2766672e-01 -9.6280031e-01
-1.4800000e+00 -2.2822625e+00 -1.5805078e+00 -1.5640422e+00 -2.1059502e+00 -2.5601056e+00 -1.6005196e+00 -1.2163217e+00 -1.0425481e+00 -9.8744782e-01 -1.0105937e+00
-1.4725000e+00 -2.4827085e+00 -1.6135018e+00 -1.4964304e+00 -1.8783435e+00 -2.9189000e+00 -1.8234855e+00 -1.3441868e+00 -1.1307961e+00 -1.0540143e+00 -1.0633238e+00
-1.4650000e+00 -2.6979048e+00 -1.6694533e+00 -1.4510730e+00 -1.7087913e+00 -2.6768551e+00 -2.1150505e+00 -1.4958091e+00 -1.2314921e+00 -1.1285486e+00 -1.1217181e+00
-1.4575000e+00 -2.8383665e+00 -1.7515596e+00 -1.4262975e+00 -1.5809911e+00 -2.2880063e+00 -2.5160831e+00 -1.6801708e+00 -1.3477480e+00 -1.2125725e+00 -1.1866728e+00
-1.4500000e+00 -2.7961524e+00 -1.8646001e+00 -1.4215279e+00 -1.4851309e+00 -2.0018163e+00 -2.9815919e+00 -1.9125221e+00 -1.4840513e+00 -1.3080966e+00 -1.2593111e+00
-1.4425000e+00 -2.6380591e+00 -2.0154126e+00 -1.4371317e+00 -1.4153734e+00 -1.7945606e+00 -2.8300422e+00 -2.2210532e+00 -1.6472282e+00 -1.4178630e+00 -1.3410716e+00
-1.4350000e+00 -2.4797848e+00 -2.2126593e+00 -1.4744225e+00 -1.3683023e+00 -1.6405328e+00 -2.3891365e+00 -2.6572359e+00 -1.8484035e+00 -1.5457634e+00 -1.4338441e+00
-1.4275000e+00 -2.3625783e+00 -2.4606075e+00 -1.5358180e+00 -1.3420929e+00 -1.5248399e+00 -2.0711211e+00 -3.1484443e+00 -2.1073843e+00 -1.6976015e+00 -1.5401892e+00
-1.4200000e+00 -2.2927431e+00 -2.7193536e+00 -1.6251961e+00 -1.3360898e+00 -1.4389383e+00 -1.8460442e+00 -2.8644359e+00 -2.4631223e+00 -1.8826066e+00 -1.6637100e+00
-1.4125000e+00 -2.2694400e+00 -2.8096185e+00 -1.7485496e+00 -1.3506292e+00 -1.3778497e+00 -1.6807031e+00 -2.4070019e+00 -2.9836595e+00 -2.1167474e+00 -1.8097258e+00
-1.4050000e+00 -2.2919826e+00 -2.6429942e+00 -1.9150429e+00 -1.3870362e+00 -1.3387514e+00 -1.5569910e+00 -2.0952037e+00 -3.3033989e+00 -2.4308567e+00 -1.9865885e+00
-1.3975000e+00 -2.3609689e+00 -2.4226182e+00 -2.1380061e+00 -1.4477980e+00 -1.3202690e+00 -1.4648763e+00 -1.8760725e+00 -2.7813435e+00 -2.8902540e+00 -2.2085310e+00
-1.3900000e+00 -2.4769468e+00 -2.2507413e+00 -2.4295761e+00 -1.5369681e+00 -1.3221389e+00 -1.3986061e+00 -1.7153087e+00 -2.3687529e+00 -3.4886469e+00 -2.5026386e+00
-1.3825000e+00 -2.6345769e+00 -2.1382864e+00 -2.7384229e+00 -1.6609526e+00 -1.3450978e+00 -1.3549058e+00 -1.5952043e+00 -2.0930490e+00 -3.1463022e+00 -2.9277824e+00
-1.3750000e+00 -2.8045599e+00 -2.0807694e+00 -2.7734427e+00 -1.8299568e+00 -1.3909530e+00 -1.3321048e+00 -1.5060881e+00 -1.8968871e+00 -2.6383843e+00 -3.5724422e+00
-1.3675000e+00 -2.9087839e+00 -2.0749264e+00 -2.5106573e+00 -2.0602765e+00 -1.4628597e+00 -1.3297186e+00 -1.4424551e+00 -1.7519714e+00 -2.3121145e+00 -3.4728513e+00
-1.3600000e+00 -2.8817828e+00 -2.1208834e+00 -2.2564498e+00 -2.3736206e+00 -1.5659127e+00 -1.3482910e+00 -1.4012063e+00 -1.6437939e+00 -2.0870337e+00 -2.8910494e+00
-1.3525000e+00 -2.7811966e+00 -2.2220008e+00 -2.0778956e+00 -2.7405860e+00 -1.7083148e+00 -1.3894318e+00 -1.3808095e+00 -1.5643614e+00 -1.9231349e+00 -2.5266248e+00
-1.3450000e+00 -2.6925479e+00 -2.3829638e+00 -1.9675065e+00 -2.7970518e+00 -1.9036629e+00 -1.4560605e+00 -1.3809054e+00 -1.5091318e+00 -1.8010835e+00 -2.2814395e+00
-1.3375000e+00 -2.6520751e+00 -2.5986919e+00 -1.9159080e+00 -2.4776310e+00 -2.1749246e+00 -1.5529575e+00 -1.4021736e+00 -1.4756244e+00 -1.7106072e+00 -2.1050346e+00
-1.3300000e+00 -2.6676277e+00 -2.8061593e+00 -1.9191261e+00 -2.1920457e+00 -2.5518236e+00 -1.6878827e+00 -1.4463958e+00 -1.4627603e+00 -1.6459362e+00 -1.9741840e+00
-1.3225000e+00 -2.7362735e+00 -2.8395707e+00 -1.9784140e+00 -1.9988694e+00 -2.9189794e+00 -1.8738741e+00 -1.5167419e+00 -1.4705714e+00 -1.6038399e+00 -1.8769060e+00
-1.3150000e+00 -2.8451534e+00 -2.6929070e+00 -2.1001158e+00 -1.8806013e+00 -2.7269620e+00 -2.1339988e+00 -1.6184047e+00 -1.5001408e+00 -1.5827158e+00 -1.8065589e+00
-1.3075000e+00 -2.9622842e+00 -2.5379893e+00 -2.2949101e+00 -1.8243175e+00 -2.3548400e+00 -2.5074659e+00 -1.7599064e+00 -1.5537465e+00 -1.5821672e+00 -1.7594055e+00
-1.3000000e+00 -3.0345458e+00 -2.4487160e+00 -2.5650946e+00 -1.8249127e+00 -2.0926847e+00 -2.9674405e+00 -1.9558842e+00 -1.6352687e+00 -1.6028571e+00 -1.7335076e+00
-1.2925000e+00 -3.0305494e+00 -2.4369004e+00 -2.8148556e+00 -1.8836898e+00 -1.9253835e+00 -2.8761486e+00 -2.2332905e+00 -1.7510540e+00 -1.6465710e+00 -1.7282094e+00
-1.2850000e+00 -2.9822596e+00 -2.5021958e+00 -2.7678766e+00 -2.0083529e+00 -1.8299956e+00 -2.4495755e+00 -2.6414863e+00 -1.9117360e+00 -1.7165116e+00 -1.7439367e+00
-1.2775000e+00 -2.9424624e+00 -2.6379077e+00 -2.5338748e+00 -2.2140252e+00 -1.7953315e+00 -2.1510791e+00 -3.1363976e+00 -2.1363243e+00 -1.8179629e+00 -1.7822124e+00
-1.2700000e+00 -2.9453294e+00 -2.8093182e+00 -2.3514879e+00 -2.5162577e+00 -1.8186313e+00 -1.9618910e+00 -2.9152308e+00 -2.4619234e+00 -1.9596862e+00 -1.8458964e+00
-1.2625000e+00 -3.0073843e+00 -2.9142338e+00 -2.2633389e+00 -2.8296613e+00 -1.9041199e+00 -1.8509830e+00 -2.4665482e+00 -2.9551750e+00 -2.1570157e+00 -1.9397557e+00
-1.2550000e+00 -3.1239284e+00 -2.8739452e+00 -2.2681942e+00 -2.7639227e+00 -2.0641159e+00 -1.8035476e+00 -2.1750314e+00 -3.3260251e+00 -2.4394101e+00 -2.0716725e+00
-1.2475000e+00 -3.2343241e+00 -2.7799436e+00 -2.3662521e+00 -2.4712557e+00 -2.3218401e+00 -1.8149760e+00 -1.9935983e+00 -2.8355266e+00 -2.8688697e+00 -2.2553024e+00
-1.2400000e+00 -3.2303232e+00 -2.7304327e+00 -2.5571441e+00 -2.2611047e+00 -2.6952351e+00 -1.8883026e+00 -1.8896787e+00 -2.4316291e+00 -3.4663031e+00 -2.5165644e+00
-1.2325000e+00 -3.1451435e+00 -2.7528393e+00 -2.7937751e+00 -2.1614342e+00 -2.9476138e+00 -2.0350559e+00 -1.8490452e+00 -2.1819934e+00 -3.2004217e+00 -2.9111709e+00
-1.2250000e+00 -3.1140283e+00 -2.8376149e+00 -2.8727624e+00 -2.1638871e+00 -2.6676633e+00 -2.2796353e+00 -1.8679063e+00 -2.0301748e+00 -2.6944241e+00 -3.5328517e+00
-1.2175000e+00 -3.2012027e+00 -2.9467108e+00 -2.7232204e+00 -2.2695344e+00 -2.3596485e+00 -2.6598090e+00 -1.9504630e+00 -1.9499891e+00 -2.3863995e+00 -3.5269310e+00
-1.2100000e+00 -3.3657172e+00 -3.0179066e+00 -2.5774301e+00 -2.4871405e+00 -2.1822381e+00 -3.0437960e+00 -2.1104444e+00 -1.9312246e+00 -2.1980205e+00 -2.9448563e+00
-1.2025000e+00 -3.4005093e+00 -3.0175777e+00 -2.5345052e+00 -2.7830427e+00 -2.1201267e+00 -2.7916499e+00 -2.3775039e+00 -1.9730978e+00 -2.0902755e+00 -2.5935984e+00
-1.1950000e+00 -3.2917080e+00 -2.9808907e+00 -2.6043662e+00 -2.8744307e+00 -2.1648448e+00 -2.4258506e+00 -2.8016730e+00 -2.0832708e+00 -2.0471936e+00 -2.3806864e+00
-1.1875000e+00 -3.2744993e+00 -2.9626751e+00 -2.7657545e+00 -2.6529245e+00 -2.3248518e+00 -2.2118761e+00 -3.1854310e+00 -2.2814411e+00 -2.0644658e+00 -2.2557076e+00
-1.1800000e+00 -3.4045365e+00 -3.0013975e+00 -2.9188235e+00 -2.4685357e+00 -2.6175409e+00 -2.1243327e+00 -2.8156367e+00 -2.6102013e+00 -2.1463575e+00 -2.1982268e+00
-1.1725000e+00 -3.5167329e+00 -3.1066490e+00 -2.9089774e+00 -2.4184128e+00 -2.9442198e+00 -2.1479953e+00 -2.4433966e+00 -3.1261319e+00 -2.3074989e+00 -2.2015930e+00
-1.1650000e+00 -3.4506538e+00 -3.2075403e+00 -2.8118464e+00 -2.5064774e+00 -2.8340147e+00 -2.2894462e+00 -2.2397895e+00 -3.2474896e+00 -2.5814399e+00 -2.2681769e+00
-1.1575000e+00 -3.4189029e+00 -3.1762729e+00 -2.7748530e+00 -2.7187246e+00 -2.5440565e+00 -2.5755683e+00 -2.1644148e+00 -2.7501081e+00 -3.0397429e+00 -2.4101243e+00
-1.1500000e+00 -3.5113053e+00 -3.1003609e+00 -2.8317935e+00 -2.9201016e+00 -2.3935105e+00 -2.9808580e+00 -2.2027699e+00 -2.4338663e+00 -3.5359096e+00 -2.6564825e+00
-1.1425000e+00 -3.5982409e+00 -3.1435422e+00 -2.9453384e+00 -2.8476013e+00 -2.3997031e+00 -2.9596201e+00 -2.3656685e+00 -2.2779467e+00 -3.0709292e+00 -3.0744558e+00
-1.1350000e+00 -3.5711755e+00 -3.3127098e+00 -3.0249129e+00 -2.6892891e+00 -2.5628242e+00 -2.6055516e+00 -2.6904070e+00 -2.2443855e+00 -2.6560784e+00 -3.6953595e+00
-1.1275000e+00 -3.5546155e+00 -3.3480817e+00 -3.0139841e+00 -2.6526404e+00 -2.8585636e+00 -2.4062278e+00 -3.1425362e+00 -2.3279083e+00 -2.4386818e+00 -3.3713169e+00
-1.1200000e+00 -3.6466652e+00 -3.2258769e+00 -2.9729961e+00 -2.7591501e+00 -2.9841801e+00 -2.3796181e+00 -3.0045605e+00 -2.5516046e+00 -2.3572279e+00 -2.8807549e+00
-1.1125000e+00 -3.7128616e+00 -3.2638613e+00 -2.9812480e+00 -2.9309285e+00 -2.7593941e+00 -2.5226358e+00 -2.6197791e+00 -2.9706905e+00 -2.3933147e+00 -2.6210536e+00
-1.1050000e+00 -3.6419825e+00 -3.4486744e+00 -3.0722348e+00 -2.9661538e+00 -2.6075574e+00 -2.8427775e+00 -2.4325969e+00 -3.3561294e+00 -2.5591055e+00 -2.5100585e+00
-1.0975000e+00 -3.7206505e+00 -3.4137702e+00 -3.1801680e+00 -2.8790975e+00 -2.6398495e+00 -3.0886818e+00 -2.4265766e+00 -2.9418223e+00 -2.9043122e+00 -2.5192457e+00
-1.0900000e+00 -3.8084532e+00 -3.3367755e+00 -3.1468592e+00 -2.8591076e+00 -2.8420421e+00 -2.8281481e+00 -2.6022645e+00 -2.6069206e+00 -3.4574312e+00 -2.6542518e+00
-1.0825000e+00 -3.7251220e+00 -3.4651850e+00 -3.0820221e+00 -2.9378846e+00 -3.0312655e+00 -2.6113022e+00 -2.9796753e+00 -2.4851298e+00 -3.2843116e+00 -2.9579030e+00
-1.0750000e+00 -3.8421288e+00 -3.5301380e+00 -3.1762811e+00 -3.0310367e+00 -2.9196059e+00 -2.6068158e+00 -3.1951574e+00 -2.5463448e+00 -2.8292013e+00 -3.5164550e+00
-1.0675000e+00 -3.8518913e+00 -3.4598865e+00 -3.3285282e+00 -3.0528248e+00 -2.7981097e+00 -2.8139969e+00 -2.8433849e+00 -2.8104771e+00 -2.6218429e+00 -3.5983874e+00
-1.0600000e+00 -3.8396446e+00 -3.5269576e+00 -3.2272075e+00 -3.0331376e+00 -2.8507321e+00 -3.1002030e+00 -2.6315034e+00 -3.2769329e+00 -2.6101290e+00 -3.0601236e+00
-1.0525000e+00 -3.9386215e+00 -3.6031024e+00 -3.1995203e+00 -3.0357626e+00 -3.0206325e+00 -2.9842063e+00 -2.6568516e+00 -3.2000053e+00 -2.7935408e+00 -2.7940608e+00
-1.0450000e+00 -3.9097222e+00 -3.5757477e+00 -3.3957083e+00 -3.1067756e+00 -3.0654401e+00 -2.7885697e+00 -2.9193011e+00 -2.8145548e+00 -3.2261203e+00 -2.7386605e+00
-1.0375000e+00 -3.9670490e+00 -3.6040432e+00 -3.3636837e+00 -3.1989311e+00 -2.9838199e+00 -2.8149766e+00 -3.2360339e+00 -2.6836769e+00 -3.5265246e+00 -2.8770637e+00
-1.0300000e+00 -4.0017234e+00 -3.7026063e+00 -3.2867016e+00 -3.1561679e+00 -2.9940831e+00 -3.0396235e+00 -3.0090055e+00 -2.8043047e+00 -3.0609061e+00 -3.2635716e+00
-1.0225000e+00 -4.0034180e+00 -3.6426474e+00 -3.4704523e+00 -3.1335519e+00 -3.0894142e+00 -3.1346845e+00 -2.8039500e+00 -3.1826642e+00 -2.8123110e+00 -3.7676106e+00
-1.0150000e+00 -4.0728817e+00 -3.7365730e+00 -3.4361046e+00 -3.2870176e+00 -3.1428163e+00 -2.9761441e+00 -2.8720947e+00 -3.3406242e+00 -2.8332853e+00 -3.3168443e+00
-1.0075000e+00 -4.0659999e+00 -3.7488739e+00 -3.4055607e+00 -3.2923498e+00 -3.1343922e+00 -2.9637695e+00 -3.1680192e+00 -2.9798316e+00 -3.1315829e+00 -2.9850531e+00
-1.0000000e+00 -4.1204319e+00 -3.7496092e+00 -3.5523083e+00 -3.2033605e+00 -3.1307442e+00 -3.1242785e+00 -3.2046662e+00 -2.8615890e+00 -3.5688515e+00 -2.9449412e+00
-9.9250000e-01 -4.1390375e+00 -3.8418938e+00 -3.4925494e+00 -3.3833750e+00 -3.1923746e+00 -3.1775419e+00 -2.9844700e+00 -3.0511646e+00 -3.2353045e+00 -3.1853318e+00
-9.8500000e-01 -4.1724184e+00 -3.7976537e+00 -3.5421481e+00 -3.3669036e+00 -3.2788032e+00 -3.1022844e+00 -3.0099637e+00 -3.4003508e+00 -2.9739875e+00 -3.7079732e+00
-9.7750000e-01 -4.2063637e+00 -3.8997620e+00 -3.6080442e+00 -3.3024796e+00 -3.2235396e+00 -3.1418436e+00 -3.2455476e+00 -3.1993249e+00 -3.0468233e+00 -3.5041477e+00
-9.7000000e-01 -4.2115070e+00 -3.8669693e+00 -3.5788132e+00 -3.5080741e+00 -3.2507664e+00 -3.2295686e+00 -3.2330953e+00 -3.0185407e+00 -3.4377342e+00 -3.1418115e+00
-9.6250000e-01 -4.2991680e+00 -3.9489073e+00 -3.6644380e+00 -3.3832583e+00 -3.4014046e+00 -3.2456810e+00 -3.1113050e+00 -3.1731702e+00 -3.4818836e+00 -3.1379559e+00
-9.5500000e-01 -4.2699392e+00 -3.9293982e+00 -3.6554516e+00 -3.4791242e+00 -3.2897867e+00 -3.2414570e+00 -3.2184607e+00 -3.4365974e+00 -3.1518734e+00 -3.4934456e+00
-9.4750000e-01 -4.3129235e+00 -4.0166977e+00 -3.7056867e+00 -3.5206957e+00 -3.3709125e+00 -3.2729229e+00 -3.3281473e+00 -3.2409934e+00 -3.1765299e+00 -3.7546020e+00
-9.4000000e-01 -4.3727892e+00 -3.9835393e+00 -3.7244655e+00 -3.4887987e+00 -3.4741448e+00 -3.3642841e+00 -3.2567547e+00 -3.1840219e+00 -3.5299887e+00 -3.3400486e+00
-9.3250000e-01 -4.3651002e+00 -4.0576310e+00 -3.7704437e+00 -3.6005141e+00 -3.3497043e+00 -3.3308859e+00 -3.2954170e+00 -3.4079437e+00 -3.4746208e+00 -3.2697880e+00
-9.2500000e-01 -4.4025493e+00 -4.0954932e+00 -3.7663222e+00 -3.5545435e+00 -3.5666912e+00 -3.3524259e+00 -3.3700501e+00 -3.4030764e+00 -3.2572170e+00 -3.6077986e+00
-9.1750000e-01 -4.4687344e+00 -4.0670120e+00 -3.8584352e+00 -3.6402700e+00 -3.4310953e+00 -3.4848272e+00 -3.3795264e+00 -3.3027981e+00 -3.4295946e+00 -3.7324399e+00
-9.1000000e-01 -4.4914964e+00 -4.1545738e+00 -3.8073596e+00 -3.6347029e+00 -3.5688210e+00 -3.3694576e+00 -3.3900773e+00 -3.4460216e+00 -3.6221620e+00 -3.4048314e+00
-9.0250000e-01 -4.4935136e+00 -4.1694108e+00 -3.9182164e+00 -3.6839373e+00 -3.5344272e+00 -3.5324910e+00 -3.4343314e+00 -3.4721869e+00 -3.4038324e+00 -3.4987596e+00
-8.9500000e-01 -4.5157814e+00 -4.1786726e+00 -3.8878205e+00 -3.6975581e+00 -3.5932123e+00 -3.4760126e+00 -3.4988238e+00 -3.4339440e+00 -3.4884433e+00 -3.8332872e+00
-8.8750000e-01 -4.5569019e+00 -4.2463063e+00 -3.9506008e+00 -3.7606121e+00 -3.6106996e+00 -3.5238412e+00 -3.4464275e+00 -3.5191256e+00 -3.6569798e+00 -3.5764414e+00
-8.8000000e-01 -4.5995086e+00 -4.2703469e+00 -3.9668691e+00 -3.7255385e+00 -3.6493416e+00 -3.5911597e+00 -3.5828236e+00 -3.5382535e+00 -3.5149698e+00 -3.5686161e+00
-8.7250000e-01 -4.6344153e+00 -4.2612122e+00 -3.9780071e+00 -3.8574778e+00 -3.6687427e+00 -3.5508301e+00 -3.5185560e+00 -3.5562787e+00 -3.6158377e+00 -3.8529147e+00
-8.6500000e-01 -4.6652267e+00 -4.2853231e+00 -4.0668307e+00 -3.7878096e+00 -3.7091787e+00 -3.6654505e+00 -3.6043361e+00 -3.5819743e+00 -3.6722750e+00 -3.6691464e+00
-8.5750000e-01 -4.6995088e+00 -4.3379674e+00 -4.0696292e+00 -3.8522741e+00 -3.7357537e+00 -3.6171446e+00 -3.6164106e+00 -3.6556237e+00 -3.6342154e+00 -3.7105127e+00
-8.5000000e-01 -4.7331925e+00 -4.3867204e+00 -4.0512077e+00 -3.9315484e+00 -3.7601529e+00 -3.6994750e+00 -3.6337998e+00 -3.6068988e+00 -3.7190867e+00 -3.8743381e+00
-8.4250000e-01 -4.7545148e+00 -4.4192759e+00 -4.1030903e+00 -3.8886430e+00 -3.7892873e+00 -3.7127196e+00 -3.6902437e+00 -3.7435946e+00 -3.7246464e+00 -3.7432831e+00
-8.3500000e-01 -4.7768027e+00 -4.4445402e+00 -4.1691270e+00 -3.9396443e+00 -3.8581749e+00 -3.7193005e+00 -3.7003585e+00 -3.6550597e+00 -3.7565941e+00 -3.8794947e+00
-8.2750000e-01 -4.7999541e+00 -4.4722004e+00 -4.1935080e+00 -3.9924938e+00 -3.8086022e+00 -3.8025189e+00 -3.7223584e+00 -3.8134569e+00 -3.7874698e+00 -3.8627148e+00
-8.2000000e-01 -4.8136651e+00 -4.5025809e+00 -4.1986663e+00 -3.9932844e+00 -3.8989024e+00 -3.7757244e+00 -3.8077882e+00 -3.7056023e+00 -3.8283759e+00 -3.8945648e+00
-8.1250000e-01 -4.8578975e+00 -4.5292129e+00 -4.2150356e+00 -4.0306036e+00 -3.9652928e+00 -3.8449273e+00 -3.7357879e+00 -3.8938416e+00 -3.8310267e+00 -3.9351503e+00
-8.0500000e-01 -4.9012215e+00 -4.5544154e+00 -4.2446508e+00 -4.0967789e+00 -3.9095843e+00 -3.8464533e+00 -3.9043301e+00 -3.7491416e+00 -3.9018401e+00 -3.9648935e+00
-7.9750000e-01 -4.9271588e+00 -4.5951083e+00 -4.2787114e+00 -4.1342159e+00 -3.9399117e+00 -3.9105204e+00 -3.8084043e+00 -3.9656739e+00 -3.8897616e+00 -3.9736238e+00
-7.9000000e-01 -4.9408454e+00 -4.6381045e+00 -4.3124528e+00 -4.1406853e+00 -4.0276048e+00 -3.9260535e+00 -3.8926589e+00 -3.8275485e+00 -3.9435307e+00 -4.0508887e+00
-7.8250000e-01 -4.9904693e+00 -4.6499705e+00 -4.3476317e+00 -4.1480248e+00 -4.0618167e+00 -3.9075140e+00 -3.9415569e+00 -3.9433522e+00 -3.9925046e+00 -4.0123598e+00
-7.7500000e-01 -5.0028433e+00 -4.6697846e+00 -4.3847109e+00 -4.1699005e+00 -4.0621775e+00 -3.9866483e+00 -3.9258097e+00 -3.9963182e+00 -3.9421920e+00 -4.1267654e+00
-7.6750000e-01 -5.0478547e+00 -4.6874945e+00 -4.4125599e+00 -4.2027582e+00 -4.0848725e+00 -4.0700207e+00 -3.9815895e+00 -3.9144345e+00 -4.1296379e+00 -4.0750289e+00
-7.6000000e-01 -5.0663921e+00 -4.7455577e+00 -4.4264387e+00 -4.2380305e+00 -4.1309873e+00 -4.0594916e+00 -3.9968744e+00 -4.0550716e+00 -3.9818724e+00 -4.1516334e+00
-7.5250000e-01 -5.1144515e+00 -4.7672673e+00 -4.4601231e+00 -4.2668136e+00 -4.1807411e+00 -4.0373833e+00 -4.0246802e+00 -4.0678290e+00 -4.1134339e+00 -4.2049979e+00
-7.4500000e-01 -5.1237062e+00 -4.7846920e+00 -4.5191411e+00 -4.2854156e+00 -4.2227921e+00 -4.0590043e+00 -4.0978645e+00 -4.0364921e+00 -4.1811403e+00 -4.1275821e+00
-7.3750000e-01 -5.1590811e+00 -4.8381062e+00 -4.5506020e+00 -4.3065369e+00 -4.2561506e+00 -4.1083964e+00 -4.1332953e+00 -4.1000962e+00 -4.0769745e+00 -4.3271534e+00
-7.3000000e-01 -5.1993300e+00 -4.8389222e+00 -4.5759861e+00 -4.3520622e+00 -4.2812877e+00 -4.1581723e+00 -4.1177867e+00 -4.1422892e+00 -4.1784996e+00 -4.2369719e+00
-7.2250000e-01 -5.2283346e+00 -4.8926972e+00 -4.5778568e+00 -4.4078799e+00 -4.2977358e+00 -4.1974436e+00 -4.1112158e+00 -4.1554164e+00 -4.2751728e+00 -4.2256261e+00
-7.1500000e-01 -5.2531089e+00 -4.9021741e+00 -4.6483299e+00 -4.4363047e+00 -4.3118623e+00 -4.2306582e+00 -4.1346924e+00 -4.1984634e+00 -4.2339224e+00 -4.4060406e+00
-7.0750000e-01 -5.2767561e+00 -4.9543864e+00 -4.6518710e+00 -4.4694304e+00 -4.3383057e+00 -4.2665089e+00 -4.1757850e+00 -4.2558794e+00 -4.2342614e+00 -4.3817777e+00
-7.0000000e-01 -5.3116227e+00 -4.9788220e+00 -4.6848361e+00 -4.4739640e+00 -4.3714596e+00 -4.3096161e+00 -4.2190167e+00 -4.2912699e+00 -4.2890948e+00 -4.3136922e+00
-6.5000000e-01 -5.5163976e+00 -5.1657563e+00 -4.8903386e+00 -4.7019077e+00 -4.5635132e+00 -4.4651038e+00 -4.4496133e+00 -4.4328340e+00 -4.5566030e+00 -4.5795816e+00
-6.0000000e-01 -5.7050695e+00 -5.3784957e+00 -5.0798709e+00 -4.8987904e+00 -4.7499592e+00 -4.6781156e+00 -4.6716964e+00 -4.6183248e+00 -4.6985080e+00 -4.8326139e+00
-5.5000000e-01 -5.9163662e+00 -5.5766038e+00 -5.2947422e+00 -5.0752495e+00 -4.9755930e+00 -4.8653047e+00 -4.8622106e+00 -4.8405245e+00 -4.9195983e+00 -4.9505926e+00
-5.0000000e-01 -6.1084919e+00 -5.7746759e+00 -5.4952931e+00 -5.2782025e+00 -5.1696272e+00 -5.0889082e+00 -5.0442673e+00 -5.0331640e+00 -5.1088334e+00 -5.1722736e+00
-4.0000000e-01 -6.4603000e+00 -6.1703561e+00 -5.8888313e+00 -5.6894220e+00 -5.5646981e+00 -5.4753565e+00 -5.4545785e+00 -5.4542606e+00 -5.4887387e+00 -5.5872751e+00
-2.0000000e-01 -7.4048980e+00 -6.9276375e+00 -6.6490718e+00 -6.4879774e+00 -6.3620654e+00 -6.2795777e+00 -6.2451268e+00 -6.2584261e+00 -6.2986788e+00 -6.3733540e+00
0.0000000e+00 -8.0883794e+00 -7.7306127e+00 -7.4723913e+00 -7.2625681e+00 -7.1415932e+00 -7.1009040e+00 -7.0512809e+00 -7.0526750e+00 -7.0997467e+00 -7.1799418e+00
2.0000000e-01 -8.8513709e+00 -8.5894144e+00 -8.2887503e+00 -8.0762259e+00 -7.9487230e+00 -7.8733338e+00 -7.8767718e+00 -7.8292399e+00 -7.9175389e+00 -7.9867375e+00
4.0000000e-01 -9.7624741e+00 -9.3417641e+00 -9.1242769e+00 -8.8834322e+00 -8.7582823e+00 -8.7188115e+00 -8.6373693e+00 -8.6582327e+00 -8.6994318e+00 -8.7738020e+00
6.0000000e-01 -1.0525542e+01 -1.0178412e+01 -9.8535882e+00 -9.6754819e+00 -9.5222751e+00 -9.5063660e+00 -9.4224347e+00 -9.3979410e+00 -9.5164150e+00 -9.5645967e+00
8.0000000e-01 -1.1279323e+01 -1.0958494e+01 -1.0704288e+01 -1.0492554e+01 -1.0327795e+01 -1.0279845e+01 -1.0218626e+01 -1.0309800e+01 -1.0270098e+01 -1.0335341e+01
1.0000000e+00 -1.2112606e+01 -1.1775506e+01 -1.1509149e+01 -1.1311173e+01 -1.1120585e+01 -1.1139734e+01 -1.1019825e+01 -1.1029682e+01 -1.1137736e+01 -1.1216458e+01
1.2000000e+00 -1.2879245e+01 -1.2635107e+01 -1.2293337e+01 -1.2058004e+01 -1.1999759e+01 -1.1882968e+01 -1.1870293e+01 -1.1863885e+01 -1.1933979e+01 -1.1984864e+01
1.4000000e+00 -1.3710175e+01 -1.3382289e+01 -1.3057977e+01 -1.2842553e+01 -1.2763313e+01 -1.2641493e+01 -1.2679873e+01 -1.2640524e+01 -1.2676466e+01 -1.2805023e+01
1.6000000e+00 -1.4507091e+01 -1.4145309e+01 -1.3902704e+01 -1.3641469e+01 -1.3561853e+01 -1.3488505e+01 -1.3456536e+01 -1.3409773e+01 -1.3535867e+01 -1.3619511e+01
1.8000000e+00 -1.5357285e+01 -1.4987253e+01 -1.4696187e+01 -1.4500803e+01 -1.4342523e+01 -1.4316915e+01 -1.4268437e+01 -1.4267492e+01 -1.4337850e+01 -1.4395579e+01
2.0000000e+00 -1.6212982e+01 -1.5770019e+01 -1.5573738e+01 -1.5314361e+01 -1.5162834e+01 -1.5057259e+01 -1.5051183e+01 -1.5050575e+01 -1.5076892e+01 -1.5201055e+01