########################################################################
# Reference Counts for Solar Model AGSS09met                           #
# Column 1: log10(Axion mass in eV)                                    #
#        n>1: log10(Reference photon counts in energy bin n-1)         #
########################################################################
-3.0000000e+00 -2.5384886e-01 6.1101862e-02 2.2387423e-01 2.6923304e-01 2.3733344e-01 1.7315367e-01 8.3705281e-02 -2.7986037e-02 -1.7993191e-01 -3.7646527e-01
-2.8000000e+00 -2.5386921e-01 6.1087978e-02 2.2386421e-01 2.6922548e-01 2.3732755e-01 1.7314896e-01 8.3701420e-02 -2.7989256e-02 -1.7993464e-01 -3.7646761e-01
-2.6000000e+00 -2.5399756e-01 6.1000377e-02 2.2380103e-01 2.6917779e-01 2.3729038e-01 1.7311920e-01 8.3677056e-02 -2.8009566e-02 -1.7995185e-01 -3.7648237e-01
-2.4000000e+00 -2.5480759e-01 6.0447575e-02 2.2340232e-01 2.6887683e-01 2.3705585e-01 1.7293142e-01 8.3523327e-02 -2.8137718e-02 -1.8006045e-01 -3.7657547e-01
-2.2000000e+00 -2.5992505e-01 5.6956521e-02 2.2088499e-01 2.6697696e-01 2.3557545e-01 1.7174626e-01 8.2553114e-02 -2.8946479e-02 -1.8074584e-01 -3.7716304e-01
-2.1500000e+00 -2.6348863e-01 5.4526890e-02 2.1913364e-01 2.6565550e-01 2.3454591e-01 1.7092214e-01 8.1878514e-02 -2.9508784e-02 -1.8122234e-01 -3.7757152e-01
-2.1000000e+00 -2.6914782e-01 5.0670838e-02 2.1635514e-01 2.6355952e-01 2.3291322e-01 1.6961536e-01 8.0808920e-02 -3.0400274e-02 -1.8197776e-01 -3.7821907e-01
-2.0500000e+00 -2.7814561e-01 4.4545909e-02 2.1194443e-01 2.6023355e-01 2.3032310e-01 1.6754266e-01 7.9112659e-02 -3.1813934e-02 -1.8317556e-01 -3.7924576e-01
-2.0000000e+00 -2.9247878e-01 3.4804361e-02 2.0493601e-01 2.5495199e-01 2.2621180e-01 1.6425366e-01 7.6421578e-02 -3.4056305e-02 -1.8507528e-01 -3.8087395e-01
-1.9500000e+00 -3.1538141e-01 1.9278011e-02 1.9378298e-01 2.4655535e-01 2.1968006e-01 1.5903082e-01 7.2149719e-02 -3.7614938e-02 -1.8808952e-01 -3.8345695e-01
-1.9000000e+00 -3.5216180e-01 -5.5529338e-03 1.7599075e-01 2.3318167e-01 2.0928800e-01 1.5072758e-01 6.5362143e-02 -4.3266893e-02 -1.9287531e-01 -3.8755700e-01
-1.8500000e+00 -4.1172880e-01 -4.5487966e-02 1.4749357e-01 2.1181716e-01 1.9271583e-01 1.3750282e-01 5.4561102e-02 -5.2254771e-02 -2.0048189e-01 -3.9407101e-01
-1.8475000e+00 -4.1554322e-01 -4.8033151e-02 1.4568237e-01 2.1046164e-01 1.9166560e-01 1.3666540e-01 5.3877567e-02 -5.2823310e-02 -2.0096289e-01 -3.9448281e-01
-1.8400000e+00 -4.2757156e-01 -5.6049391e-02 1.3998185e-01 2.0619717e-01 1.8836252e-01 1.3403220e-01 5.1728539e-02 -5.4610595e-02 -2.0247486e-01 -3.9577718e-01
-1.8325000e+00 -4.4053461e-01 -6.4671919e-02 1.3385697e-01 2.0161838e-01 1.8481762e-01 1.3120711e-01 4.9423450e-02 -5.6527340e-02 -2.0409614e-01 -3.9716497e-01
-1.8250000e+00 -4.5451169e-01 -7.3949411e-02 1.2727475e-01 1.9670136e-01 1.8101274e-01 1.2817589e-01 4.6950780e-02 -5.8583051e-02 -2.0583471e-01 -3.9865301e-01
-1.8175000e+00 -4.6959005e-01 -8.3934920e-02 1.2019945e-01 1.9142024e-01 1.7692831e-01 1.2492316e-01 4.4298131e-02 -6.0787952e-02 -2.0769918e-01 -4.0024860e-01
-1.8100000e+00 -4.8586584e-01 -9.4686351e-02 1.1259223e-01 1.8574703e-01 1.7254317e-01 1.2143237e-01 4.1452153e-02 -6.3153040e-02 -2.0969877e-01 -4.0195962e-01
-1.8025000e+00 -5.0344530e-01 -1.0626700e-01 1.0441094e-01 1.7965144e-01 1.6783450e-01 1.1768563e-01 3.8398468e-02 -6.5690150e-02 -2.1184343e-01 -4.0379450e-01
-1.7950000e+00 -5.2244610e-01 -1.1874616e-01 9.5609685e-02 1.7310064e-01 1.6277761e-01 1.1366370e-01 3.5121585e-02 -6.8412023e-02 -2.1414383e-01 -4.0576235e-01
-1.7875000e+00 -5.4299903e-01 -1.3219987e-01 8.6138498e-02 1.6605903e-01 1.5734581e-01 1.0934577e-01 3.1604807e-02 -7.1332375e-02 -2.1661147e-01 -4.0787292e-01
-1.7800000e+00 -5.6524987e-01 -1.4671167e-01 7.5942882e-02 1.5848796e-01 1.5151022e-01 1.0470937e-01 2.7830126e-02 -7.4465985e-02 -2.1925874e-01 -4.1013673e-01
-1.7725000e+00 -5.8936174e-01 -1.6237359e-01 6.4963315e-02 1.5034543e-01 1.4523955e-01 9.9730238e-02 2.3778115e-02 -7.7828777e-02 -2.2209895e-01 -4.1256509e-01
-1.7650000e+00 -6.1551788e-01 -1.7928725e-01 5.3134688e-02 1.4158576e-01 1.3849990e-01 9.4382120e-02 1.9427802e-02 -8.1437918e-02 -2.2514644e-01 -4.1517016e-01
-1.7575000e+00 -6.4392507e-01 -1.9756515e-01 4.0385652e-02 1.3215919e-01 1.3125446e-01 8.8636615e-02 1.4756536e-02 -8.5311925e-02 -2.2841670e-01 -4.1796504e-01
-1.7500000e+00 -6.7481785e-01 -2.1733220e-01 2.6637877e-02 1.2201145e-01 1.2346329e-01 8.2462963e-02 9.7398367e-03 -8.9470779e-02 -2.3192637e-01 -4.2096384e-01
-1.7425000e+00 -7.0846368e-01 -2.3872753e-01 1.1805186e-02 1.1108324e-01 1.1508293e-01 7.5827826e-02 4.3512316e-03 -9.3936057e-02 -2.3569343e-01 -4.2418177e-01
-1.7350000e+00 -7.4516950e-01 -2.6190666e-01 -4.2074456e-03 9.9309724e-02 1.0606611e-01 6.8695040e-02 -1.4379297e-03 -9.8731065e-02 -2.3973728e-01 -4.2763520e-01
-1.7275000e+00 -7.8529003e-01 -2.8704413e-01 -2.1505062e-02 8.6619827e-02 9.6361268e-02 6.1025336e-02 -7.6586769e-03 -1.0388100e-01 -2.4407884e-01 -4.3134181e-01
-1.7200000e+00 -8.2923841e-01 -3.1433670e-01 -4.0204104e-02 7.2935517e-02 8.5912173e-02 5.2776027e-02 -1.4344645e-02 -1.0941311e-01 -2.4874073e-01 -4.3532064e-01
-1.7125000e+00 -8.7750012e-01 -3.4400723e-01 -6.0434043e-02 5.8170934e-02 7.4657339e-02 4.3900658e-02 -2.1532326e-02 -1.1535692e-01 -2.5374737e-01 -4.3959228e-01
-1.7050000e+00 -9.3065133e-01 -3.7630956e-01 -8.2339321e-02 4.2231398e-02 6.2529453e-02 3.4348611e-02 -2.9261352e-02 -1.2174437e-01 -2.5912520e-01 -4.4417894e-01
-1.6975000e+00 -9.8938355e-01 -4.1153457e-01 -1.0608169e-01 2.5012228e-02 4.9454686e-02 2.4064655e-02 -3.7574809e-02 -1.2861014e-01 -2.6490281e-01 -4.4910461e-01
-1.6900000e+00 -1.0545373e+00 -4.5001788e-01 -1.3184304e-01 6.3973736e-03 3.5351895e-02 1.2988436e-02 -4.6519595e-02 -1.3599184e-01 -2.7111117e-01 -4.5439527e-01
-1.6825000e+00 -1.1271490e+00 -4.9214979e-01 -1.5982886e-01 -1.3742222e-02 2.0131710e-02 1.0538935e-03 -5.6146822e-02 -1.4393036e-01 -2.7778386e-01 -4.6007900e-01
-1.6750000e+00 -1.2085169e+00 -5.3838809e-01 -1.9027249e-01 -3.5550564e-02 3.6954617e-03 -1.1811406e-02 -6.6512269e-02 -1.5247014e-01 -2.8495731e-01 -4.6618621e-01
-1.6675000e+00 -1.3002964e+00 -5.8927514e-01 -2.2344044e-01 -5.9188947e-02 -1.4066076e-02 -2.5687043e-02 -7.7676904e-02 -1.6165960e-01 -2.9267107e-01 -4.7274987e-01
-1.6600000e+00 -1.4046381e+00 -6.4546073e-01 -2.5963910e-01 -8.4838784e-02 -3.3274165e-02 -4.0660636e-02 -8.9707476e-02 -1.7155153e-01 -3.0096817e-01 -4.7980574e-01
-1.6525000e+00 -1.5243884e+00 -7.0773340e-01 -2.9922327e-01 -1.1270507e-01 -5.4063864e-02 -5.6828878e-02 -1.0267719e-01 -1.8220358e-01 -3.0989542e-01 -4.8739265e-01
-1.6450000e+00 -1.6633653e+00 -7.7706422e-01 -3.4260726e-01 -1.4302067e-01 -7.6586137e-02 -7.4298762e-02 -1.1666651e-01 -1.9367880e-01 -3.1950385e-01 -4.9555280e-01
-1.6375000e+00 -1.8266640e+00 -8.5466922e-01 -3.9027938e-01 -1.7605164e-01 -1.0101039e-01 -9.3189009e-02 -1.3176403e-01 -2.0604627e-01 -3.2984914e-01 -5.0433212e-01
-1.6300000e+00 -2.0205890e+00 -9.4210062e-01 -4.4282138e-01 -2.1210394e-01 -1.2752759e-01 -1.1363178e-01 -1.4806759e-01 -2.1938179e-01 -3.4099217e-01 -5.1378064e-01
-1.6225000e+00 -2.2499849e+00 -1.0413835e+00 -5.0093480e-01 -2.5153210e-01 -1.5635401e-01 -1.3577470e-01 -1.6568547e-01 -2.3376877e-01 -3.5299958e-01 -5.2395297e-01
-1.6150000e+00 -2.5021738e+00 -1.1552249e+00 -5.6547761e-01 -2.9475031e-01 -1.8773600e-01 -1.5978334e-01 -1.8473787e-01 -2.4929912e-01 -3.6594446e-01 -5.3490876e-01
-1.6075000e+00 -2.6893556e+00 -1.2873387e+00 -6.3751620e-01 -3.4224711e-01 -2.2195589e-01 -1.8584417e-01 -2.0535867e-01 -2.6607444e-01 -3.7990717e-01 -5.4671330e-01
-1.6000000e+00 -2.6551881e+00 -1.4429417e+00 -7.1840106e-01 -3.9460505e-01 -2.5933946e-01 -2.1416822e-01 -2.2769751e-01 -2.8420732e-01 -3.9497617e-01 -5.5943818e-01
-1.5925000e+00 -2.4564807e+00 -1.6294178e+00 -8.0988012e-01 -4.5252744e-01 -3.0026568e-01 -2.4499565e-01 -2.5192229e-01 -3.0382287e-01 -4.1124917e-01 -5.7316204e-01
-1.5850000e+00 -2.2443798e+00 -1.8565332e+00 -9.1427389e-01 -5.1687567e-01 -3.4517925e-01 -2.7860139e-01 -2.7822224e-01 -3.2506066e-01 -4.2883430e-01 -5.8797144e-01
-1.5775000e+00 -2.0667245e+00 -2.1312806e+00 -1.0347549e+00 -5.8872244e-01 -3.9460740e-01 -3.1530235e-01 -3.0681172e-01 -3.4807688e-01 -4.4785162e-01 -6.0396193e-01
-1.5700000e+00 -1.9259066e+00 -2.4172376e+00 -1.1758079e+00 -6.6942973e-01 -4.4918255e-01 -3.5546666e-01 -3.3793481e-01 -3.7304713e-01 -4.6843487e-01 -6.2123919e-01
-1.5625000e+00 -1.8165732e+00 -2.5159504e+00 -1.3439994e+00 -7.6076672e-01 -5.0967346e-01 -3.9952572e-01 -3.7187125e-01 -4.0016967e-01 -4.9073352e-01 -6.3992049e-01
-1.5550000e+00 -1.7337425e+00 -2.3197957e+00 -1.5492020e+00 -8.6509411e-01 -5.7702933e-01 -4.4799014e-01 -4.0894382e-01 -4.2966953e-01 -5.1491532e-01 -6.6013635e-01
-1.5475000e+00 -1.6738863e+00 -2.0615165e+00 -1.8057669e+00 -9.8566415e-01 -6.5244360e-01 -5.0147127e-01 -4.4952794e-01 -4.6180361e-01 -5.4116934e-01 -6.8203254e-01
-1.5400000e+00 -1.6347771e+00 -1.8459129e+00 -2.1259839e+00 -1.1271298e+00 -7.3744906e-01 -5.6071076e-01 -4.9406420e-01 -4.9686709e-01 -5.6970979e-01 -7.0577252e-01
-1.5325000e+00 -1.6152250e+00 -1.6781006e+00 -2.4420609e+00 -1.2964447e+00 -8.3406481e-01 -6.2662218e-01 -5.4307492e-01 -5.3520160e-01 -6.0078062e-01 -7.3154035e-01
-1.5250000e+00 -1.6148980e+00 -1.5489557e+00 -2.4263593e+00 -1.5044820e+00 -9.4503208e-01 -7.0035120e-01 -5.9718670e-01 -5.7720590e-01 -6.3466148e-01 -7.5954430e-01
-1.5175000e+00 -1.6342384e+00 -1.4507152e+00 -2.1280313e+00 -1.7685910e+00 -1.0742107e+00 -7.8336497e-01 -6.5716137e-01 -6.2334975e-01 -6.7167511e-01 -7.9002132e-01
-1.5100000e+00 -1.6744709e+00 -1.3781547e+00 -1.8497280e+00 -2.1113900e+00 -1.2272808e+00 -8.7758989e-01 -7.2393995e-01 -6.7419264e-01 -7.1219699e-01 -8.2324264e-01
-1.5025000e+00 -1.7376973e+00 -1.3280047e+00 -1.6365125e+00 -2.4888230e+00 -1.4130536e+00 -9.8563241e-01 -7.9870625e-01 -7.3040924e-01 -7.5666789e-01 -8.5952079e-01
-1.4950000e+00 -1.8270711e+00 -1.2984032e+00 -1.4750396e+00 -2.4881724e+00 -1.6460092e+00 -1.1111500e+00 -8.8298233e-01 -7.9282487e-01 -8.0561060e-01 -8.9921875e-01
-1.4875000e+00 -1.9469870e+00 -1.2885566e+00 -1.3524087e+00 -2.1379083e+00 -1.9506569e+00 -1.2595103e+00 -9.7877645e-01 -8.6246630e-01 -8.5965252e-01 -9.4276180e-01
-1.4800000e+00 -2.1029089e+00 -1.2985698e+00 -1.2602204e+00 -1.8327677e+00 -2.3565111e+00 -1.4390400e+00 -1.0888228e+00 -9.4063626e-01 -9.1955697e-01 -9.9065318e-01
-1.4725000e+00 -2.2989877e+00 -1.3294100e+00 -1.1932961e+00 -1.6070924e+00 -2.7016643e+00 -1.6635520e+00 -1.2169893e+00 -1.0290269e+00 -9.8626749e-01 -1.0434953e+00
-1.4650000e+00 -2.5252821e+00 -1.3829934e+00 -1.1485594e+00 -1.4388907e+00 -2.4415171e+00 -1.9575649e+00 -1.3690162e+00 -1.1298989e+00 -1.0609723e+00 -1.1020189e+00
-1.4575000e+00 -2.7133129e+00 -1.4624096e+00 -1.1243743e+00 -1.3120882e+00 -2.0559804e+00 -2.3622277e+00 -1.5539500e+00 -1.2463782e+00 -1.1452012e+00 -1.1671241e+00
-1.4500000e+00 -2.7238799e+00 -1.5723120e+00 -1.1201943e+00 -1.2170175e+00 -1.7733322e+00 -2.8223681e+00 -1.7871688e+00 -1.3829747e+00 -1.2409765e+00 -1.2399400e+00
-1.4425000e+00 -2.5705787e+00 -1.7194378e+00 -1.1364142e+00 -1.1479264e+00 -1.5684194e+00 -2.6491394e+00 -2.0971295e+00 -1.5465545e+00 -1.3510585e+00 -1.3219132e+00
-1.4350000e+00 -2.3945882e+00 -1.9126469e+00 -1.1743774e+00 -1.1014525e+00 -1.4160156e+00 -2.2109711e+00 -2.5355864e+00 -1.7483186e+00 -1.4793680e+00 -1.4149453e+00
-1.4275000e+00 -2.2579443e+00 -2.1581711e+00 -1.2365385e+00 -1.0758080e+00 -1.3015405e+00 -1.8963438e+00 -3.0223445e+00 -2.0082372e+00 -1.6317592e+00 -1.5216145e+00
-1.4200000e+00 -2.1707600e+00 -2.4256853e+00 -1.3268271e+00 -1.0703669e+00 -1.2166216e+00 -1.6733851e+00 -2.7273910e+00 -2.3656309e+00 -1.8175558e+00 -1.6455525e+00
-1.4125000e+00 -2.1319010e+00 -2.5463619e+00 -1.4513113e+00 -1.0854923e+00 -1.1563798e+00 -1.5094554e+00 -2.2722158e+00 -2.8886015e+00 -2.0529234e+00 -1.7921268e+00
-1.4050000e+00 -2.1400478e+00 -2.3934322e+00 -1.6192651e+00 -1.1225386e+00 -1.1180557e+00 -1.3867729e+00 -1.9621711e+00 -3.1969612e+00 -2.3691604e+00 -1.9697787e+00
-1.3975000e+00 -2.1957076e+00 -2.1670430e+00 -1.8441173e+00 -1.1840298e+00 -1.1003203e+00 -1.2954721e+00 -1.7440970e+00 -2.6720668e+00 -2.8326392e+00 -2.1929238e+00
-1.3900000e+00 -2.3007456e+00 -1.9869520e+00 -2.1375341e+00 -1.2740720e+00 -1.1029477e+00 -1.2298917e+00 -1.5840356e+00 -2.2616347e+00 -3.4276185e+00 -2.4890771e+00
-1.3825000e+00 -2.4548919e+00 -1.8674170e+00 -2.4433765e+00 -1.3991528e+00 -1.1267120e+00 -1.1868131e+00 -1.4644455e+00 -1.9871953e+00 -3.0656695e+00 -2.9182308e+00
-1.3750000e+00 -2.6419640e+00 -1.8037490e+00 -2.4656631e+00 -1.5696097e+00 -1.1734642e+00 -1.1646049e+00 -1.3757381e+00 -1.7918099e+00 -2.5616157e+00 -3.5664321e+00
-1.3675000e+00 -2.7943594e+00 -1.7921836e+00 -2.2000716e+00 -1.8019286e+00 -1.2464180e+00 -1.1628135e+00 -1.3124535e+00 -1.6474275e+00 -2.2378515e+00 -3.4381288e+00
-1.3600000e+00 -2.8053815e+00 -1.8324632e+00 -1.9481592e+00 -2.1177050e+00 -1.3507577e+00 -1.1820124e+00 -1.2715207e+00 -1.5396524e+00 -2.0142185e+00 -2.8606345e+00
-1.3525000e+00 -2.6963360e+00 -1.9277888e+00 -1.7719431e+00 -2.4828756e+00 -1.4948349e+00 -1.2238449e+00 -1.2514268e+00 -1.4605483e+00 -1.8512664e+00 -2.4995009e+00
-1.3450000e+00 -2.5796028e+00 -2.0833973e+00 -1.6635211e+00 -2.5239683e+00 -1.6925085e+00 -1.2912748e+00 -1.2518286e+00 -1.4056053e+00 -1.7299029e+00 -2.2561161e+00
-1.3375000e+00 -2.5113705e+00 -2.2976786e+00 -1.6136850e+00 -2.2020688e+00 -1.9671558e+00 -1.3891495e+00 -1.2734211e+00 -1.3723636e+00 -1.6399712e+00 -2.0808446e+00
-1.3300000e+00 -2.5053704e+00 -2.5191036e+00 -1.6186386e+00 -1.9193300e+00 -2.3479154e+00 -1.5253410e+00 -1.3180038e+00 -1.3597595e+00 -1.5757632e+00 -1.9507958e+00
-1.3225000e+00 -2.5627316e+00 -2.5808002e+00 -1.6797970e+00 -1.7286082e+00 -2.7038343e+00 -1.7130930e+00 -1.3887710e+00 -1.3678383e+00 -1.5340863e+00 -1.8541392e+00
-1.3150000e+00 -2.6777069e+00 -2.4395617e+00 -1.8036614e+00 -1.6122850e+00 -2.4919603e+00 -1.9758594e+00 -1.4909534e+00 -1.3976970e+00 -1.5133643e+00 -1.7843115e+00
-1.3075000e+00 -2.8254483e+00 -2.2745326e+00 -2.0009472e+00 -1.5576970e+00 -2.1230524e+00 -2.3531717e+00 -1.6331382e+00 -1.4516313e+00 -1.5132218e+00 -1.7376218e+00
-1.3000000e+00 -2.9367453e+00 -2.1735814e+00 -2.2728185e+00 -1.5599455e+00 -1.8650900e+00 -2.8096360e+00 -1.8300882e+00 -1.5335463e+00 -1.5343429e+00 -1.7121623e+00
-1.2925000e+00 -2.9343657e+00 -2.1511365e+00 -2.5167895e+00 -1.6205136e+00 -1.7008661e+00 -2.6957195e+00 -2.1090127e+00 -1.6498299e+00 -1.5785376e+00 -1.7073018e+00
-1.2850000e+00 -2.8536217e+00 -2.2073956e+00 -2.4585320e+00 -1.7473060e+00 -1.6079337e+00 -2.2714952e+00 -2.5195807e+00 -1.8111921e+00 -1.6490425e+00 -1.7234884e+00
-1.2775000e+00 -2.7858613e+00 -2.3380565e+00 -2.2243073e+00 -1.9556412e+00 -1.5754898e+00 -1.9769138e+00 -3.0114063e+00 -2.0367997e+00 -1.7511946e+00 -1.7622705e+00
-1.2700000e+00 -2.7807221e+00 -2.5161050e+00 -2.0452237e+00 -2.2604436e+00 -1.6010539e+00 -1.7904150e+00 -2.7782539e+00 -2.3641106e+00 -1.8938504e+00 -1.8265415e+00
-1.2625000e+00 -2.8547078e+00 -2.6447755e+00 -1.9604813e+00 -2.5685709e+00 -1.6891266e+00 -1.6815497e+00 -2.3318254e+00 -2.8599572e+00 -2.0925359e+00 -1.9211207e+00
-1.2550000e+00 -2.9968874e+00 -2.6175206e+00 -1.9686860e+00 -2.4890642e+00 -1.8523906e+00 -1.6358966e+00 -2.0423475e+00 -3.2208240e+00 -2.3771544e+00 -2.0539802e+00
-1.2475000e+00 -3.1236169e+00 -2.5130310e+00 -2.0701832e+00 -2.1970105e+00 -2.1144689e+00 -1.6490957e+00 -1.8622642e+00 -2.7261696e+00 -2.8107275e+00 -2.2389547e+00
-1.2400000e+00 -3.1001502e+00 -2.4473702e+00 -2.2640158e+00 -1.9904808e+00 -2.4910402e+00 -1.7244078e+00 -1.7593727e+00 -2.3246421e+00 -3.4070425e+00 -2.5023734e+00
-1.2325000e+00 -2.9949708e+00 -2.4578985e+00 -2.4987497e+00 -1.8941459e+00 -2.7245659e+00 -1.8736631e+00 -1.7196466e+00 -2.0765179e+00 -3.1197538e+00 -2.9010099e+00
-1.2250000e+00 -2.9617849e+00 -2.5412945e+00 -2.5665584e+00 -1.8998061e+00 -2.4332165e+00 -2.1217314e+00 -1.7394235e+00 -1.9257328e+00 -2.6176874e+00 -3.5273807e+00
-1.2175000e+00 -3.0571063e+00 -2.6644976e+00 -2.4135790e+00 -2.0088970e+00 -2.1302741e+00 -2.5061256e+00 -1.8230281e+00 -1.8463770e+00 -2.3125583e+00 -3.4925554e+00
-1.2100000e+00 -3.2352517e+00 -2.7539657e+00 -2.2718186e+00 -2.2300577e+00 -1.9579067e+00 -2.8791438e+00 -1.9843701e+00 -1.8283846e+00 -2.1260099e+00 -2.9143691e+00
-1.2025000e+00 -3.2730070e+00 -2.7497393e+00 -2.2341069e+00 -2.5252645e+00 -1.9001920e+00 -2.6110613e+00 -2.2534246e+00 -1.8710789e+00 -2.0196378e+00 -2.5668516e+00
-1.1950000e+00 -3.1519318e+00 -2.6950944e+00 -2.3087858e+00 -2.6030057e+00 -1.9493651e+00 -2.2497712e+00 -2.6801986e+00 -1.9822471e+00 -1.9777624e+00 -2.3561544e+00
-1.1875000e+00 -3.1245684e+00 -2.6688095e+00 -2.4720910e+00 -2.3784058e+00 -2.1145400e+00 -2.0402134e+00 -3.0556575e+00 -2.1818034e+00 -1.9962556e+00 -2.2327550e+00
-1.1800000e+00 -3.2555409e+00 -2.7146974e+00 -2.6183265e+00 -2.1985027e+00 -2.4125170e+00 -1.9562639e+00 -2.6791427e+00 -2.5127774e+00 -2.0795600e+00 -2.1766087e+00
-1.1725000e+00 -3.3901028e+00 -2.8337934e+00 -2.6001636e+00 -2.1534413e+00 -2.7307021e+00 -1.9834229e+00 -2.3097850e+00 -3.0308588e+00 -2.2425828e+00 -2.1812811e+00
-1.1650000e+00 -3.3213721e+00 -2.9357334e+00 -2.5057951e+00 -2.2465077e+00 -2.6002355e+00 -2.1289441e+00 -2.1084406e+00 -3.1387967e+00 -2.5194683e+00 -2.2493307e+00
-1.1575000e+00 -3.2670030e+00 -2.8902958e+00 -2.4756759e+00 -2.4619163e+00 -2.3142144e+00 -2.4201104e+00 -2.0348924e+00 -2.6416475e+00 -2.9828182e+00 -2.3931708e+00
-1.1500000e+00 -3.3608228e+00 -2.8121723e+00 -2.5371212e+00 -2.6556796e+00 -2.1707979e+00 -2.8238285e+00 -2.0750673e+00 -2.3278755e+00 -3.4681412e+00 -2.6424075e+00
-1.1425000e+00 -3.4764287e+00 -2.8618554e+00 -2.6474887e+00 -2.5734015e+00 -2.1840025e+00 -2.7803738e+00 -2.2401812e+00 -2.1737224e+00 -2.9912077e+00 -3.0655791e+00
-1.1350000e+00 -3.4328241e+00 -3.0362352e+00 -2.7184358e+00 -2.4187221e+00 -2.3543602e+00 -2.4286967e+00 -2.5678872e+00 -2.1416954e+00 -2.5808464e+00 -3.6849950e+00
-1.1275000e+00 -3.4000016e+00 -3.0671348e+00 -2.7082078e+00 -2.3889512e+00 -2.6522221e+00 -2.2354668e+00 -3.0183120e+00 -2.2268923e+00 -2.3665572e+00 -3.3370450e+00
-1.1200000e+00 -3.5135495e+00 -2.9417840e+00 -2.6748252e+00 -2.5009899e+00 -2.7567739e+00 -2.2144893e+00 -2.8679757e+00 -2.4528488e+00 -2.2875443e+00 -2.8520227e+00
-1.1125000e+00 -3.5803928e+00 -2.9796969e+00 -2.6850704e+00 -2.6697849e+00 -2.5277739e+00 -2.3635488e+00 -2.4857944e+00 -2.8750494e+00 -2.3260777e+00 -2.5961211e+00
-1.1050000e+00 -3.4923672e+00 -3.1680972e+00 -2.7702926e+00 -2.6940391e+00 -2.3849345e+00 -2.6885890e+00 -2.3018097e+00 -3.2523228e+00 -2.4949746e+00 -2.4878885e+00
-1.0975000e+00 -3.5813841e+00 -3.1358969e+00 -2.8741305e+00 -2.6086602e+00 -2.4271074e+00 -2.9181910e+00 -2.2987010e+00 -2.8326401e+00 -2.8450423e+00 -2.4996787e+00
-1.0900000e+00 -3.6750090e+00 -3.0520600e+00 -2.8471772e+00 -2.5968674e+00 -2.6358331e+00 -2.6494585e+00 -2.4776936e+00 -2.5008567e+00 -3.3992892e+00 -2.6378255e+00
-1.0825000e+00 -3.5790263e+00 -3.1792870e+00 -2.7843983e+00 -2.6788557e+00 -2.8109576e+00 -2.4401008e+00 -2.8579635e+00 -2.3816794e+00 -3.2039368e+00 -2.9463169e+00
-1.0750000e+00 -3.7009221e+00 -3.2556805e+00 -2.8745203e+00 -2.7639996e+00 -2.6878734e+00 -2.4437391e+00 -3.0620727e+00 -2.4455074e+00 -2.7532932e+00 -3.5109421e+00
-1.0675000e+00 -3.7187644e+00 -3.1757322e+00 -3.0247146e+00 -2.7815419e+00 -2.5763242e+00 -2.6583831e+00 -2.7082345e+00 -2.7129822e+00 -2.5503469e+00 -3.5648793e+00
-1.0600000e+00 -3.6889227e+00 -3.2402858e+00 -2.9279037e+00 -2.7696858e+00 -2.6408515e+00 -2.9370725e+00 -2.5006087e+00 -3.1802840e+00 -2.5425574e+00 -3.0302581e+00
-1.0525000e+00 -3.8092750e+00 -3.3291763e+00 -2.9000213e+00 -2.7751395e+00 -2.8096064e+00 -2.8054521e+00 -2.5302156e+00 -3.0905425e+00 -2.7307486e+00 -2.7695031e+00
-1.0450000e+00 -3.7618704e+00 -3.2888913e+00 -3.0934185e+00 -2.8394320e+00 -2.8363243e+00 -2.6175150e+00 -2.7968827e+00 -2.7076668e+00 -3.1696793e+00 -2.7183903e+00
-1.0375000e+00 -3.8305309e+00 -3.3221434e+00 -3.0623099e+00 -2.9301964e+00 -2.7592627e+00 -2.6545121e+00 -3.1075541e+00 -2.5805147e+00 -3.4519374e+00 -2.8616615e+00
-1.0300000e+00 -3.8596434e+00 -3.4240682e+00 -2.9872906e+00 -2.8940717e+00 -2.7833073e+00 -2.8832782e+00 -2.8733674e+00 -2.7050656e+00 -2.9830364e+00 -3.2554184e+00
-1.0225000e+00 -3.8617154e+00 -3.3567598e+00 -3.1696662e+00 -2.8693984e+00 -2.8755306e+00 -2.9599485e+00 -2.6732542e+00 -3.0869110e+00 -2.7405124e+00 -3.7485077e+00
-1.0150000e+00 -3.9352240e+00 -3.4577085e+00 -3.1337926e+00 -3.0190253e+00 -2.9144795e+00 -2.8023404e+00 -2.7470503e+00 -3.2331257e+00 -2.7673458e+00 -3.2843401e+00
-1.0075000e+00 -3.9207378e+00 -3.4654356e+00 -3.1067374e+00 -3.0281150e+00 -2.9152789e+00 -2.8026821e+00 -3.0449109e+00 -2.8724016e+00 -3.0729226e+00 -2.9597237e+00
-1.0000000e+00 -3.9854151e+00 -3.4670357e+00 -3.2506113e+00 -2.9392676e+00 -2.9196811e+00 -2.9658689e+00 -3.0697734e+00 -2.7590328e+00 -3.5033418e+00 -2.9259440e+00
-9.9250000e-01 -3.9939334e+00 -3.5617342e+00 -3.1911417e+00 -3.1172693e+00 -2.9696073e+00 -3.0022176e+00 -2.8523118e+00 -2.9537742e+00 -3.1562829e+00 -3.1740351e+00
-9.8500000e-01 -4.0322746e+00 -3.5128930e+00 -3.2436259e+00 -3.1013876e+00 -3.0561714e+00 -2.9326934e+00 -2.8847569e+00 -3.3000947e+00 -2.9022699e+00 -3.6988314e+00
-9.7750000e-01 -4.0692698e+00 -3.6216758e+00 -3.3045381e+00 -3.0384420e+00 -3.0106398e+00 -2.9839747e+00 -3.1210442e+00 -3.0905324e+00 -2.9832600e+00 -3.4704899e+00
-9.7000000e-01 -4.0660691e+00 -3.5807413e+00 -3.2805618e+00 -3.2423327e+00 -3.0299317e+00 -3.0610629e+00 -3.0982313e+00 -2.9150689e+00 -3.3807339e+00 -3.1160905e+00
-9.6250000e-01 -4.1627383e+00 -3.6715353e+00 -3.3615958e+00 -3.1174954e+00 -3.1804543e+00 -3.0728894e+00 -2.9816180e+00 -3.0758656e+00 -3.4033143e+00 -3.1209741e+00
-9.5500000e-01 -4.1252111e+00 -3.6438669e+00 -3.3563108e+00 -3.2162479e+00 -3.0742281e+00 -3.0818191e+00 -3.0950854e+00 -3.3341463e+00 -3.0778733e+00 -3.4863241e+00
-9.4750000e-01 -4.1738835e+00 -3.7363784e+00 -3.4039269e+00 -3.2527709e+00 -3.1503106e+00 -3.1056393e+00 -3.1965138e+00 -3.1331814e+00 -3.1127511e+00 -3.7258405e+00
-9.4000000e-01 -4.2381577e+00 -3.7016530e+00 -3.4245955e+00 -3.2263300e+00 -3.2556308e+00 -3.1930941e+00 -3.1249839e+00 -3.0832780e+00 -3.4714517e+00 -3.3112891e+00
-9.3250000e-01 -4.2204315e+00 -3.7746710e+00 -3.4692357e+00 -3.3327269e+00 -3.1319646e+00 -3.1699867e+00 -3.1712768e+00 -3.3102464e+00 -3.3957561e+00 -3.2521067e+00
-9.2500000e-01 -4.2582961e+00 -3.8134313e+00 -3.4660669e+00 -3.2915126e+00 -3.3471418e+00 -3.1831494e+00 -3.2393105e+00 -3.2950179e+00 -3.1864787e+00 -3.6007905e+00
-9.1750000e-01 -4.3308794e+00 -3.7841943e+00 -3.5573493e+00 -3.3731962e+00 -3.2123130e+00 -3.3185722e+00 -3.2485662e+00 -3.2003433e+00 -3.3707888e+00 -3.7011758e+00
-9.1000000e-01 -4.3517385e+00 -3.8752627e+00 -3.5073195e+00 -3.3715212e+00 -3.3518818e+00 -3.2048226e+00 -3.2651299e+00 -3.3481627e+00 -3.5491269e+00 -3.3791055e+00
-9.0250000e-01 -4.3485175e+00 -3.8864388e+00 -3.6162936e+00 -3.4169113e+00 -3.3134578e+00 -3.3635234e+00 -3.3023953e+00 -3.3647924e+00 -3.3296874e+00 -3.4871324e+00
-8.9500000e-01 -4.3697675e+00 -3.8936125e+00 -3.5886475e+00 -3.4344446e+00 -3.3780204e+00 -3.3113193e+00 -3.3712312e+00 -3.3324805e+00 -3.4282649e+00 -3.8146584e+00
-8.8750000e-01 -4.4135184e+00 -3.9647126e+00 -3.6488483e+00 -3.4937873e+00 -3.3883966e+00 -3.3568719e+00 -3.3183000e+00 -3.4190213e+00 -3.5854746e+00 -3.5467498e+00
-8.8000000e-01 -4.4596977e+00 -3.9897472e+00 -3.6659672e+00 -3.4615774e+00 -3.4347748e+00 -3.4246180e+00 -3.4520540e+00 -3.4315594e+00 -3.4416591e+00 -3.5548452e+00
-8.7250000e-01 -4.4973862e+00 -3.9787868e+00 -3.6785505e+00 -3.5916324e+00 -3.4466439e+00 -3.3854488e+00 -3.3915185e+00 -3.4573434e+00 -3.5562393e+00 -3.8359200e+00
-8.6500000e-01 -4.5293095e+00 -4.0028651e+00 -3.7653424e+00 -3.5234081e+00 -3.4931473e+00 -3.4973405e+00 -3.4738833e+00 -3.4772961e+00 -3.5969109e+00 -3.6399562e+00
-8.5750000e-01 -4.5625353e+00 -4.0571198e+00 -3.7686672e+00 -3.5863944e+00 -3.5166015e+00 -3.4529813e+00 -3.4887208e+00 -3.5536042e+00 -3.5669736e+00 -3.6991538e+00
-8.5000000e-01 -4.5948494e+00 -4.1070906e+00 -3.7513803e+00 -3.6665586e+00 -3.5399097e+00 -3.5301598e+00 -3.5044274e+00 -3.5049034e+00 -3.6538794e+00 -3.8495517e+00
-8.4250000e-01 -4.6171398e+00 -4.1394783e+00 -3.8023067e+00 -3.6251967e+00 -3.5738368e+00 -3.5497236e+00 -3.5615804e+00 -3.6395887e+00 -3.6503744e+00 -3.7198414e+00
-8.3500000e-01 -4.6380526e+00 -4.1636494e+00 -3.8672656e+00 -3.6732580e+00 -3.6367882e+00 -3.5502930e+00 -3.5718829e+00 -3.5536798e+00 -3.6946829e+00 -3.8682650e+00
-8.2750000e-01 -4.6574311e+00 -4.1899613e+00 -3.8922191e+00 -3.7258972e+00 -3.5905813e+00 -3.6375369e+00 -3.5928638e+00 -3.7094548e+00 -3.7127876e+00 -3.8330066e+00
-8.2000000e-01 -4.6710343e+00 -4.2194704e+00 -3.8984232e+00 -3.7294846e+00 -3.6810356e+00 -3.6108629e+00 -3.6800523e+00 -3.6037933e+00 -3.7653618e+00 -3.8827857e+00
-8.1250000e-01 -4.7146850e+00 -4.2466696e+00 -3.9152039e+00 -3.7670191e+00 -3.7460517e+00 -3.6748337e+00 -3.6063277e+00 -3.7905786e+00 -3.7581497e+00 -3.9080849e+00
-8.0500000e-01 -4.7636753e+00 -4.2734011e+00 -3.9446478e+00 -3.8315902e+00 -3.6919966e+00 -3.6831078e+00 -3.7754208e+00 -3.6467961e+00 -3.8374485e+00 -3.9494335e+00
-7.9750000e-01 -4.7870157e+00 -4.3140837e+00 -3.9783282e+00 -3.8684616e+00 -3.7208171e+00 -3.7447491e+00 -3.6809172e+00 -3.8627871e+00 -3.8179667e+00 -3.9498191e+00
-7.9000000e-01 -4.7970498e+00 -4.3564394e+00 -4.0117942e+00 -3.8757305e+00 -3.8066292e+00 -3.7570424e+00 -3.7615565e+00 -3.7254195e+00 -3.8779345e+00 -4.0338340e+00
-7.8250000e-01 -4.8526323e+00 -4.3694048e+00 -4.0470111e+00 -3.8838917e+00 -3.8429936e+00 -3.7418450e+00 -3.8140594e+00 -3.8397239e+00 -3.9216727e+00 -3.9890917e+00
-7.7500000e-01 -4.8613218e+00 -4.3866489e+00 -4.0844661e+00 -3.9061530e+00 -3.8460050e+00 -3.8215818e+00 -3.7982940e+00 -3.8949477e+00 -3.8747574e+00 -4.1104489e+00
-7.6750000e-01 -4.9079690e+00 -4.4046753e+00 -4.1126287e+00 -3.9391343e+00 -3.8689819e+00 -3.9034384e+00 -3.8506085e+00 -3.8117587e+00 -4.0605590e+00 -4.0509958e+00
-7.6000000e-01 -4.9238217e+00 -4.4635172e+00 -4.1263486e+00 -3.9744180e+00 -3.9139041e+00 -3.8934636e+00 -3.8676939e+00 -3.9507594e+00 -3.9135518e+00 -4.1351692e+00
-7.5250000e-01 -4.9752696e+00 -4.4863775e+00 -4.1599218e+00 -4.0030047e+00 -3.9624212e+00 -3.8720347e+00 -3.8976103e+00 -3.9671452e+00 -4.0440190e+00 -4.1817696e+00
-7.4500000e-01 -4.9807916e+00 -4.5010033e+00 -4.2186712e+00 -4.0211108e+00 -4.0038618e+00 -3.8929767e+00 -3.9697178e+00 -3.9345618e+00 -4.1137542e+00 -4.1079546e+00
-7.3750000e-01 -5.0181640e+00 -4.5567553e+00 -4.2491058e+00 -4.0418713e+00 -4.0370360e+00 -3.9410244e+00 -4.0037199e+00 -3.9953490e+00 -4.0090415e+00 -4.3073281e+00
-7.3000000e-01 -5.0612133e+00 -4.5566021e+00 -4.2754205e+00 -4.0877028e+00 -4.0618668e+00 -3.9897660e+00 -3.9884644e+00 -4.0389905e+00 -4.1073621e+00 -4.2163509e+00
-7.2250000e-01 -5.0887184e+00 -4.6117917e+00 -4.2776438e+00 -4.1433457e+00 -4.0775997e+00 -4.0286895e+00 -3.9824165e+00 -4.0545213e+00 -4.2070542e+00 -4.2049188e+00
-7.1500000e-01 -5.1117946e+00 -4.6191979e+00 -4.3474192e+00 -4.1701685e+00 -4.0911782e+00 -4.0620770e+00 -4.0058989e+00 -4.0974224e+00 -4.1687050e+00 -4.3848226e+00
-7.0750000e-01 -5.1358940e+00 -4.6726765e+00 -4.3511731e+00 -4.2040088e+00 -4.1185085e+00 -4.0984548e+00 -4.0466352e+00 -4.1533308e+00 -4.1659944e+00 -4.3635803e+00
-7.0000000e-01 -5.1699511e+00 -4.6968260e+00 -4.3842935e+00 -4.2095752e+00 -4.1538283e+00 -4.1423928e+00 -4.0894741e+00 -4.1878258e+00 -4.2173808e+00 -4.2941682e+00
-6.5000000e-01 -5.3769322e+00 -4.8834968e+00 -4.5898695e+00 -4.4363294e+00 -4.3438215e+00 -4.2987906e+00 -4.3210948e+00 -4.3311300e+00 -4.4877920e+00 -4.5554503e+00
-6.0000000e-01 -5.5635527e+00 -5.0961196e+00 -4.7795290e+00 -4.6337050e+00 -4.5317251e+00 -4.5128169e+00 -4.5428003e+00 -4.5159703e+00 -4.6322230e+00 -4.8126369e+00
-5.5000000e-01 -5.7760533e+00 -5.2949783e+00 -4.9937595e+00 -4.8103022e+00 -4.7570466e+00 -4.6993325e+00 -4.7335648e+00 -4.7380293e+00 -4.8506289e+00 -4.9301015e+00
-5.0000000e-01 -5.9674563e+00 -5.4923284e+00 -5.1944489e+00 -5.0132421e+00 -4.9512572e+00 -4.9221378e+00 -4.9149505e+00 -4.9307949e+00 -5.0412748e+00 -5.1529174e+00
-4.0000000e-01 -6.3298954e+00 -5.8881510e+00 -5.5880084e+00 -5.4244059e+00 -5.3460453e+00 -5.3092533e+00 -5.3257962e+00 -5.3513383e+00 -5.4200136e+00 -5.5669832e+00
-2.0000000e-01 -7.2766986e+00 -6.6444990e+00 -6.3503274e+00 -6.2228443e+00 -6.1435142e+00 -6.1134728e+00 -6.1164857e+00 -6.1558217e+00 -6.2297898e+00 -6.3529096e+00
0.0000000e+00 -7.9524925e+00 -7.4499702e+00 -7.1723027e+00 -6.9983260e+00 -6.9236435e+00 -6.9336273e+00 -6.9227089e+00 -6.9501157e+00 -7.0312472e+00 -7.1595800e+00
2.0000000e-01 -8.7130371e+00 -8.3078179e+00 -7.9885476e+00 -7.8109569e+00 -7.7303803e+00 -7.7676045e+00 -7.7478436e+00 -7.7267390e+00 -7.8488939e+00 -7.9651564e+00
4.0000000e-01 -9.6300620e+00 -9.0568274e+00 -8.8231172e+00 -8.6186955e+00 -8.5411099e+00 -8.5505412e+00 -8.5088938e+00 -8.5550241e+00 -8.6300221e+00 -8.7536860e+00
6.0000000e-01 -1.0388872e+01 -9.8986267e+00 -9.5528158e+00 -9.4113472e+00 -9.3044315e+00 -9.3396068e+00 -9.2935719e+00 -9.2950646e+00 -9.4489252e+00 -9.5449748e+00
8.0000000e-01 -1.1132139e+01 -1.0674767e+01 -1.0402537e+01 -1.0226694e+01 -1.0108134e+01 -1.0113983e+01 -1.0089816e+01 -1.0206356e+01 -1.0201704e+01 -1.0313348e+01
1.0000000e+00 -1.1977066e+01 -1.1490606e+01 -1.1207865e+01 -1.1046271e+01 -1.0900067e+01 -1.0972016e+01 -1.0890842e+01 -1.0926603e+01 -1.1068284e+01 -1.1195448e+01
1.2000000e+00 -1.2734706e+01 -1.2352635e+01 -1.1993819e+01 -1.1792551e+01 -1.1781862e+01 -1.1717615e+01 -1.1740995e+01 -1.1761304e+01 -1.1865064e+01 -1.1965002e+01
1.4000000e+00 -1.3560385e+01 -1.3099465e+01 -1.2757481e+01 -1.2578389e+01 -1.2546440e+01 -1.2473874e+01 -1.2550872e+01 -1.2537799e+01 -1.2607911e+01 -1.2783733e+01
1.6000000e+00 -1.4367248e+01 -1.3897269e+01 -1.3601445e+01 -1.3376500e+01 -1.3343782e+01 -1.3322721e+01 -1.3327416e+01 -1.3308259e+01 -1.3468534e+01 -1.3600165e+01
1.8000000e+00 -1.5220804e+01 -1.4704443e+01 -1.4377401e+01 -1.4235866e+01 -1.4123703e+01 -1.4150660e+01 -1.4139734e+01 -1.4164877e+01 -1.4268845e+01 -1.4375925e+01
2.0000000e+00 -1.6072930e+01 -1.5490645e+01 -1.5271382e+01 -1.5048679e+01 -1.4943815e+01 -1.4889387e+01 -1.4922792e+01 -1.4947766e+01 -1.5007860e+01 -1.5180765e+01