########################################################################
# Reference Counts for Solar Model AGSS09met                           #
# Column 1: log10(Axion mass in eV)                                    #
#        n>1: log10(Reference photon counts in energy bin n-1)         #
########################################################################
-3.0000000e+00 -2.3193024e-01 6.9939914e-02 2.2648645e-01 2.6621210e-01 2.3572498e-01 1.7993791e-01 9.3504794e-02 -2.0771911e-02 -1.6952474e-01 -3.5469326e-01
-2.8000000e+00 -2.3195062e-01 6.9926023e-02 2.2647644e-01 2.6620454e-01 2.3571909e-01 1.7993320e-01 9.3500932e-02 -2.0775131e-02 -1.6952746e-01 -3.5469560e-01
-2.6000000e+00 -2.3207922e-01 6.9838374e-02 2.2641323e-01 2.6615683e-01 2.3568193e-01 1.7990345e-01 9.3476567e-02 -2.0795442e-02 -1.6954467e-01 -3.5471035e-01
-2.4000000e+00 -2.3289082e-01 6.9285269e-02 2.2601438e-01 2.6585580e-01 2.3544748e-01 1.7971573e-01 9.3322826e-02 -2.0923604e-02 -1.6965325e-01 -3.5480342e-01
-2.2000000e+00 -2.3801817e-01 6.5792299e-02 2.2349618e-01 2.6395543e-01 2.3396762e-01 1.7853095e-01 9.2352536e-02 -2.1732426e-02 -1.7033843e-01 -3.5539078e-01
-2.1500000e+00 -2.4158866e-01 6.3361333e-02 2.2174423e-01 2.6263362e-01 2.3293845e-01 1.7770710e-01 9.1677883e-02 -2.2294774e-02 -1.7081479e-01 -3.5579911e-01
-2.1000000e+00 -2.4725882e-01 5.9503159e-02 2.1896477e-01 2.6053708e-01 2.3130635e-01 1.7640074e-01 9.0608205e-02 -2.3186331e-02 -1.7156999e-01 -3.5644644e-01
-2.0500000e+00 -2.5627410e-01 5.3374854e-02 2.1455252e-01 2.5721023e-01 2.2871717e-01 1.7432872e-01 8.8911810e-02 -2.4600098e-02 -1.7276744e-01 -3.5747277e-01
-2.0000000e+00 -2.7063526e-01 4.3627918e-02 2.0754166e-01 2.5192727e-01 2.2460735e-01 1.7104077e-01 8.6220517e-02 -2.6842639e-02 -1.7466660e-01 -3.5910039e-01
-1.9500000e+00 -2.9358288e-01 2.8092937e-02 1.9638473e-01 2.4352840e-01 2.1807799e-01 1.6581962e-01 8.1948321e-02 -3.0401542e-02 -1.7767996e-01 -3.6168248e-01
-1.9000000e+00 -3.3043631e-01 3.2480713e-03 1.7858623e-01 2.3015116e-01 2.0768971e-01 1.5751909e-01 7.5160207e-02 -3.6053926e-02 -1.8246435e-01 -3.6578109e-01
-1.8500000e+00 -3.9012370e-01 -3.6709659e-02 1.5007891e-01 2.0878090e-01 1.9112363e-01 1.4429865e-01 6.4358307e-02 -4.5042490e-02 -1.9006869e-01 -3.7229279e-01
-1.8475000e+00 -3.9394592e-01 -3.9256304e-02 1.4826706e-01 2.0742502e-01 1.9007378e-01 1.4346151e-01 6.3674717e-02 -4.5611072e-02 -1.9054955e-01 -3.7270445e-01
-1.8400000e+00 -4.0599895e-01 -4.7277152e-02 1.4256449e-01 2.0315939e-01 1.8677192e-01 1.4082917e-01 6.1525518e-02 -4.7398494e-02 -1.9206107e-01 -3.7399836e-01
-1.8325000e+00 -4.1898871e-01 -5.5904655e-02 1.3643741e-01 1.9857936e-01 1.8322833e-01 1.3800502e-01 5.9220244e-02 -4.9315386e-02 -1.9368187e-01 -3.7538566e-01
-1.8250000e+00 -4.3299476e-01 -6.5187522e-02 1.2985281e-01 1.9366101e-01 1.7942487e-01 1.3497479e-01 5.6747377e-02 -5.1371255e-02 -1.9541993e-01 -3.7687317e-01
-1.8175000e+00 -4.4810454e-01 -7.5178840e-02 1.2277494e-01 1.8837844e-01 1.7534195e-01 1.3172314e-01 5.4094515e-02 -5.3576324e-02 -1.9728384e-01 -3.7846820e-01
-1.8100000e+00 -4.6441446e-01 -8.5936554e-02 1.1516496e-01 1.8270368e-01 1.7095844e-01 1.2823349e-01 5.1248308e-02 -5.5941594e-02 -1.9928284e-01 -3.8017861e-01
-1.8025000e+00 -4.8203102e-01 -9.7524004e-02 1.0698068e-01 1.7660642e-01 1.6625152e-01 1.2448800e-01 4.8194378e-02 -5.8478899e-02 -2.0142686e-01 -3.8201284e-01
-1.7950000e+00 -5.0107223e-01 -1.1001054e-01 9.8176203e-02 1.7005382e-01 1.6119652e-01 1.2046740e-01 4.4917232e-02 -6.1200981e-02 -2.0372658e-01 -3.8397999e-01
-1.7875000e+00 -5.2166922e-01 -1.2347224e-01 8.8701529e-02 1.6301027e-01 1.5576675e-01 1.1615090e-01 4.1400170e-02 -6.4121559e-02 -2.0619349e-01 -3.8608981e-01
-1.7800000e+00 -5.4396819e-01 -1.3799271e-01 7.8502141e-02 1.5543711e-01 1.4993335e-01 1.1151604e-01 3.7625184e-02 -6.7255410e-02 -2.0883997e-01 -3.8835281e-01
-1.7725000e+00 -5.6813270e-01 -1.5366406e-01 6.7518491e-02 1.4729232e-01 1.4366505e-01 1.0653857e-01 3.3572845e-02 -7.0618462e-02 -2.1167933e-01 -3.9078030e-01
-1.7650000e+00 -5.9434657e-01 -1.7058799e-01 5.5685440e-02 1.3853021e-01 1.3692794e-01 1.0119224e-01 2.9222179e-02 -7.4227882e-02 -2.1472592e-01 -3.9338444e-01
-1.7575000e+00 -6.2281721e-01 -1.8887708e-01 4.2931607e-02 1.2910100e-01 1.2968526e-01 9.5448662e-02 2.4550533e-02 -7.8102189e-02 -2.1799519e-01 -3.9617832e-01
-1.7500000e+00 -6.5377987e-01 -2.0865634e-01 2.9178624e-02 1.1895040e-01 1.2189705e-01 8.9277085e-02 1.9533425e-02 -8.2261367e-02 -2.2150381e-01 -3.9917605e-01
-1.7425000e+00 -6.8750291e-01 -2.3006501e-01 1.4340272e-02 1.0801910e-01 1.1351990e-01 8.2644187e-02 1.4144379e-02 -8.6726992e-02 -2.2526975e-01 -4.0239282e-01
-1.7350000e+00 -7.2429430e-01 -2.5325875e-01 -1.6785186e-03 9.6242233e-02 1.0450653e-01 7.5513815e-02 8.3547435e-03 -9.1522374e-02 -2.2931238e-01 -4.0584502e-01
-1.7275000e+00 -7.6451001e-01 -2.7841227e-01 -1.8982846e-02 8.3548705e-02 9.4805439e-02 6.7846716e-02 2.1334847e-03 -9.6672710e-02 -2.3365264e-01 -4.0955029e-01
-1.7200000e+00 -8.0856471e-01 -3.0572249e-01 -3.7689213e-02 6.9860451e-02 8.4360397e-02 5.9600220e-02 -4.5530351e-03 -1.0220526e-01 -2.3831311e-01 -4.1352769e-01
-1.7125000e+00 -8.5694574e-01 -3.3541250e-01 -5.7927159e-02 5.5091584e-02 7.3109954e-02 5.0727891e-02 -1.1741312e-02 -1.0814953e-01 -2.4331824e-01 -4.1779779e-01
-1.7050000e+00 -9.1023157e-01 -3.6773638e-01 -7.9841206e-02 3.9147385e-02 6.0986830e-02 4.1179130e-02 -1.9470980e-02 -1.1453749e-01 -2.4869444e-01 -4.2238278e-01
-1.6975000e+00 -9.6911662e-01 -4.0298531e-01 -1.0359320e-01 2.1923135e-02 4.7917231e-02 3.0898731e-02 -2.7785131e-02 -1.2140380e-01 -2.5447029e-01 -4.2730667e-01
-1.6900000e+00 -1.0344451e+00 -4.4149530e-01 -1.2936514e-01 3.3027362e-03 3.3820055e-02 1.9826363e-02 -3.6730668e-02 -1.2878609e-01 -2.6067676e-01 -4.3259540e-01
-1.6825000e+00 -1.1072581e+00 -4.8365706e-01 -1.5736263e-01 -1.6842920e-02 1.8605979e-02 7.8959953e-03 -4.6358706e-02 -1.3672523e-01 -2.6734740e-01 -4.3827705e-01
-1.6750000e+00 -1.1888600e+00 -5.2992896e-01 -1.8781918e-01 -3.8657900e-02 2.1763851e-03 -4.9647753e-03 -5.6725032e-02 -1.4526570e-01 -2.7451865e-01 -4.4438203e-01
-1.6675000e+00 -1.2809142e+00 -5.8085404e-01 -2.2100146e-01 -6.2303567e-02 -1.5577893e-02 -1.8835493e-02 -6.7890619e-02 -1.5445590e-01 -2.8223003e-01 -4.5094328e-01
-1.6600000e+00 -1.3855818e+00 -6.3708295e-01 -2.5721609e-01 -8.7961417e-02 -3.4778048e-02 -3.3803736e-02 -7.9922223e-02 -1.6434863e-01 -2.9052456e-01 -4.5799656e-01
-1.6525000e+00 -1.5057214e+00 -6.9940538e-01 -2.9681814e-01 -1.1583654e-01 -5.5559062e-02 -4.9966154e-02 -9.2893061e-02 -1.7500154e-01 -2.9944903e-01 -4.6558066e-01
-1.6450000e+00 -1.6451642e+00 -7.6879388e-01 -3.4022223e-01 -1.4616192e-01 -7.8071807e-02 -6.7429687e-02 -1.0688360e-01 -1.8647770e-01 -3.0905445e-01 -4.7373778e-01
-1.6375000e+00 -1.8090073e+00 -8.4646643e-01 -3.8791708e-01 -1.7920373e-01 -1.0248559e-01 -8.6312999e-02 -1.2198245e-01 -1.9884618e-01 -3.1939649e-01 -4.8251383e-01
-1.6300000e+00 -2.0034998e+00 -9.3397799e-01 -4.4048496e-01 -2.1526813e-01 -1.2899124e-01 -1.0674818e-01 -1.3828745e-01 -2.1218280e-01 -3.3053600e-01 -4.9195881e-01
-1.6225000e+00 -2.2331781e+00 -1.0333574e+00 -4.9862807e-01 -2.5470982e-01 -1.5780489e-01 -1.2888279e-01 -1.5590690e-01 -2.2657098e-01 -3.4253959e-01 -5.0212731e-01
-1.6150000e+00 -2.4841018e+00 -1.1473169e+00 -5.6320526e-01 -2.9794324e-01 -1.8917273e-01 -1.5288229e-01 -1.7496102e-01 -2.4210263e-01 -3.5548033e-01 -5.1307895e-01
-1.6075000e+00 -2.6658589e+00 -1.2795779e+00 -6.3528410e-01 -3.4545726e-01 -2.2337686e-01 -1.7893305e-01 -1.9558371e-01 -2.5887938e-01 -3.6943853e-01 -5.2487900e-01
-1.6000000e+00 -2.6257855e+00 -1.4353674e+00 -7.1621667e-01 -3.9783480e-01 -2.6074282e-01 -2.0724598e-01 -2.1792462e-01 -2.7701380e-01 -3.8450263e-01 -5.3759900e-01
-1.5925000e+00 -2.4266841e+00 -1.6220796e+00 -8.0775318e-01 -4.5577969e-01 -3.0164925e-01 -2.3806110e-01 -2.4215168e-01 -2.9663105e-01 -4.0077029e-01 -5.5131755e-01
-1.5850000e+00 -2.2161886e+00 -1.8494721e+00 -9.1221744e-01 -5.2015399e-01 -3.4654047e-01 -2.7165315e-01 -2.6845415e-01 -3.1787068e-01 -4.1834959e-01 -5.6612120e-01
-1.5775000e+00 -2.0400644e+00 -2.1243922e+00 -1.0327869e+00 -5.9203129e-01 -3.9594323e-01 -3.0833883e-01 -2.9704640e-01 -3.4088894e-01 -4.3736055e-01 -5.8210541e-01
-1.5700000e+00 -1.9004456e+00 -2.4095950e+00 -1.1739539e+00 -6.7277484e-01 -4.5048929e-01 -3.4848599e-01 -3.2817258e-01 -3.6586143e-01 -4.5793683e-01 -5.9937583e-01
-1.5625000e+00 -1.7920539e+00 -2.5056655e+00 -1.3422967e+00 -7.6415555e-01 -5.1094659e-01 -3.9252572e-01 -3.6211245e-01 -3.9298643e-01 -4.8022783e-01 -6.1804966e-01
-1.5550000e+00 -1.7099944e+00 -2.3084106e+00 -1.5477053e+00 -8.6853673e-01 -5.7826322e-01 -4.4096822e-01 -3.9918886e-01 -4.2248902e-01 -5.0440122e-01 -6.3825734e-01
-1.5475000e+00 -1.6508019e+00 -2.0505475e+00 -1.8045437e+00 -9.8917456e-01 -6.5363109e-01 -4.9442429e-01 -4.3977730e-01 -4.5462613e-01 -5.3064597e-01 -6.6014456e-01
-1.5400000e+00 -1.6122921e+00 -1.8354623e+00 -2.1249929e+00 -1.1307282e+00 -7.3858085e-01 -5.5363490e-01 -4.8431843e-01 -4.8969297e-01 -5.5917617e-01 -6.8387469e-01
-1.5325000e+00 -1.5933061e+00 -1.6680499e+00 -2.4402828e+00 -1.3001615e+00 -8.3512845e-01 -6.1951269e-01 -5.3333471e-01 -5.2803125e-01 -5.9023564e-01 -7.0963166e-01
-1.5250000e+00 -1.5935354e+00 -1.5392083e+00 -2.4223398e+00 -1.5083644e+00 -9.4601038e-01 -6.9320208e-01 -5.8745285e-01 -5.7003978e-01 -6.2410384e-01 -7.3762362e-01
-1.5175000e+00 -1.6134424e+00 -1.4412083e+00 -2.1237510e+00 -1.7727084e+00 -1.0750789e+00 -7.7616845e-01 -6.4743489e-01 -6.1618842e-01 -6.6110332e-01 -7.6808737e-01
-1.5100000e+00 -1.6542696e+00 -1.3688493e+00 -1.8458322e+00 -2.1157730e+00 -1.2280016e+00 -8.7033565e-01 -7.1422207e-01 -6.6703677e-01 -7.0160930e-01 -8.0129391e-01
-1.5025000e+00 -1.7181354e+00 -1.3188776e+00 -1.6329415e+00 -2.4927024e+00 -1.4135674e+00 -9.7830626e-01 -7.8899858e-01 -7.2325962e-01 -7.4606224e-01 -8.3755556e-01
-1.4950000e+00 -1.8082056e+00 -1.2894422e+00 -1.4717048e+00 -2.4898745e+00 -1.6462150e+00 -1.1037317e+00 -8.7328693e-01 -7.8568250e-01 -7.9498452e-01 -8.7723502e-01
-1.4875000e+00 -1.9288705e+00 -1.2797577e+00 -1.3492523e+00 -2.1394992e+00 -1.9503850e+00 -1.2519695e+00 -9.6909613e-01 -8.5533241e-01 -8.4900303e-01 -9.2075720e-01
-1.4800000e+00 -2.0855251e+00 -1.2899358e+00 -1.2572069e+00 -1.8347453e+00 -2.3556839e+00 -1.4313284e+00 -1.0791614e+00 -9.3351244e-01 -9.0888041e-01 -9.6862489e-01
-1.4725000e+00 -2.2820096e+00 -1.3209507e+00 -1.1904041e+00 -1.6093522e+00 -2.7027798e+00 -1.6555873e+00 -1.2073526e+00 -1.0219152e+00 -9.7555930e-01 -1.0214399e+00
-1.4650000e+00 -2.5072657e+00 -1.3747259e+00 -1.1457769e+00 -1.4413447e+00 -2.4452980e+00 -1.9492001e+00 -1.3594127e+00 -1.1228022e+00 -1.0502267e+00 -1.0799323e+00
-1.4575000e+00 -2.6905639e+00 -1.4543600e+00 -1.1216957e+00 -1.3146845e+00 -2.0593395e+00 -2.3532760e+00 -1.5443941e+00 -1.2393004e+00 -1.1344105e+00 -1.1450011e+00
-1.4500000e+00 -2.6953070e+00 -1.5645168e+00 -1.1176192e+00 -1.2197258e+00 -1.7762025e+00 -2.8143702e+00 -1.7776863e+00 -1.3759216e+00 -1.2301305e+00 -1.2177741e+00
-1.4425000e+00 -2.5414451e+00 -1.7119426e+00 -1.1339470e+00 -1.1507290e+00 -1.5709605e+00 -2.6446313e+00 -2.0877719e+00 -1.5395352e+00 -1.3401430e+00 -1.2996958e+00
-1.4350000e+00 -2.3674997e+00 -1.9054851e+00 -1.1720274e+00 -1.1043393e+00 -1.4183264e+00 -2.2059874e+00 -2.5264469e+00 -1.7413483e+00 -1.4683623e+00 -1.3926652e+00
-1.4275000e+00 -2.2330163e+00 -2.1512332e+00 -1.2343216e+00 -1.0787744e+00 -1.3036776e+00 -1.8908051e+00 -3.0129590e+00 -2.0013436e+00 -1.6206313e+00 -1.4992560e+00
-1.4200000e+00 -2.1476889e+00 -2.4181245e+00 -1.3247673e+00 -1.0734123e+00 -1.2186179e+00 -1.6675005e+00 -2.7170582e+00 -2.3588684e+00 -1.8062525e+00 -1.6230930e+00
-1.4125000e+00 -2.1104393e+00 -2.5363453e+00 -1.4494454e+00 -1.0886197e+00 -1.1582544e+00 -1.5033403e+00 -2.2620045e+00 -2.8819985e+00 -2.0413472e+00 -1.7695321e+00
-1.4050000e+00 -2.1200301e+00 -2.3821713e+00 -1.6176466e+00 -1.1257554e+00 -1.1198187e+00 -1.3804896e+00 -1.9520822e+00 -3.1892984e+00 -2.3571079e+00 -1.9469930e+00
-1.3975000e+00 -2.1769888e+00 -2.1562427e+00 -1.8428112e+00 -1.1873480e+00 -1.1019752e+00 -1.2890558e+00 -1.7340854e+00 -2.6642712e+00 -2.8196586e+00 -2.1698468e+00
-1.3900000e+00 -2.2830665e+00 -1.9768221e+00 -2.1365041e+00 -1.2775108e+00 -1.1044928e+00 -1.2233626e+00 -1.5740765e+00 -2.2540501e+00 -3.4153111e+00 -2.4655043e+00
-1.3825000e+00 -2.4375390e+00 -1.8578658e+00 -2.4417100e+00 -1.4027421e+00 -1.1281400e+00 -1.1801823e+00 -1.4545254e+00 -1.9797268e+00 -3.0577065e+00 -2.8936857e+00
-1.3750000e+00 -2.6229886e+00 -1.7946987e+00 -2.4617900e+00 -1.5733962e+00 -1.1747611e+00 -1.1578771e+00 -1.3658492e+00 -1.7844113e+00 -2.5528566e+00 -3.5410750e+00
-1.3675000e+00 -2.7704878e+00 -1.7835975e+00 -2.1958307e+00 -1.8059803e+00 -1.2475614e+00 -1.1559883e+00 -1.3025914e+00 -1.6400764e+00 -2.2285588e+00 -3.4196880e+00
-1.3600000e+00 -2.7772872e+00 -1.8243368e+00 -1.9443631e+00 -2.1220559e+00 -1.3517115e+00 -1.1750847e+00 -1.2616831e+00 -1.5323369e+00 -2.0046145e+00 -2.8411303e+00
-1.3525000e+00 -2.6692095e+00 -1.9201326e+00 -1.7685706e+00 -2.4868512e+00 -1.4955402e+00 -1.2168039e+00 -1.2416128e+00 -1.4532616e+00 -1.8414579e+00 -2.4792041e+00
-1.3450000e+00 -2.5555725e+00 -2.0761848e+00 -1.6604983e+00 -2.5257897e+00 -1.6928655e+00 -1.2841026e+00 -1.2420386e+00 -1.3983438e+00 -1.7199454e+00 -2.2353858e+00
-1.3375000e+00 -2.4902300e+00 -2.2906277e+00 -1.6109721e+00 -2.2036793e+00 -1.9669975e+00 -1.3818171e+00 -1.2636566e+00 -1.3651253e+00 -1.6298954e+00 -2.0598412e+00
-1.3300000e+00 -2.4863619e+00 -2.5110245e+00 -1.6162278e+00 -1.9213831e+00 -2.3471414e+00 -1.5178011e+00 -1.3082679e+00 -1.3525438e+00 -1.5655867e+00 -1.9295990e+00
-1.3225000e+00 -2.5448019e+00 -2.5703861e+00 -1.6777081e+00 -1.7310204e+00 -2.7046471e+00 -1.7052647e+00 -1.3790689e+00 -1.3606459e+00 -1.5238185e+00 -1.8327926e+00
-1.3150000e+00 -2.6591978e+00 -2.4285930e+00 -1.8019384e+00 -1.6149766e+00 -2.4956943e+00 -1.9675988e+00 -1.4812933e+00 -1.3905297e+00 -1.5030088e+00 -1.7628395e+00
-1.3075000e+00 -2.8039154e+00 -2.2643619e+00 -1.9996316e+00 -1.5606296e+00 -2.1263850e+00 -2.3442877e+00 -1.6235342e+00 -1.4444922e+00 -1.5027775e+00 -1.7160378e+00
-1.3000000e+00 -2.9110679e+00 -2.1643550e+00 -2.2717280e+00 -1.5631108e+00 -1.8678426e+00 -2.8013963e+00 -1.8205657e+00 -1.5264408e+00 -1.5238043e+00 -1.6904725e+00
-1.2925000e+00 -2.9085091e+00 -2.1427691e+00 -2.5145772e+00 -1.6239286e+00 -1.7031840e+00 -2.6911401e+00 -2.0996216e+00 -1.6427669e+00 -1.5678937e+00 -1.6855062e+00
-1.2850000e+00 -2.8312452e+00 -2.1997638e+00 -2.4544497e+00 -1.7510131e+00 -1.6099005e+00 -2.2664966e+00 -2.5104137e+00 -1.8041862e+00 -1.6382746e+00 -1.7015818e+00
-1.2775000e+00 -2.7663023e+00 -2.3308670e+00 -2.2202997e+00 -1.9597028e+00 -1.5771360e+00 -1.9712730e+00 -3.0021024e+00 -2.0298782e+00 -1.7402724e+00 -1.7402415e+00
-1.2700000e+00 -2.7619403e+00 -2.5084759e+00 -2.0418270e+00 -2.2648051e+00 -1.6023701e+00 -1.7843345e+00 -2.7679291e+00 -2.3573262e+00 -1.8827223e+00 -1.8043705e+00
-1.2625000e+00 -2.8347636e+00 -2.6352698e+00 -1.9576851e+00 -2.5720436e+00 -1.6900621e+00 -1.6751350e+00 -2.3216138e+00 -2.8533508e+00 -2.0811070e+00 -1.8987755e+00
-1.2550000e+00 -2.9743458e+00 -2.6068314e+00 -1.9664650e+00 -2.4906846e+00 -1.8528381e+00 -1.6291901e+00 -2.0322787e+00 -3.2132604e+00 -2.3652287e+00 -2.0314069e+00
-1.2475000e+00 -3.0993466e+00 -2.5031251e+00 -2.0685345e+00 -2.1988365e+00 -2.1142515e+00 -1.6420991e+00 -1.8522952e+00 -2.7183656e+00 -2.7978689e+00 -2.2160557e+00
-1.2400000e+00 -3.0779325e+00 -2.4387532e+00 -2.2628152e+00 -1.9928548e+00 -2.4902916e+00 -1.7170857e+00 -1.7494819e+00 -2.3170719e+00 -3.3943491e+00 -2.4789517e+00
-1.2325000e+00 -2.9747784e+00 -2.4502544e+00 -2.4971015e+00 -1.8970031e+00 -2.7265340e+00 -1.8659309e+00 -1.7098261e+00 -2.0690866e+00 -3.1117953e+00 -2.8766109e+00
-1.2250000e+00 -2.9417979e+00 -2.5338404e+00 -2.5629950e+00 -1.9031171e+00 -2.4369043e+00 -2.1134282e+00 -1.7296754e+00 -1.9183941e+00 -2.6089239e+00 -3.5018802e+00
-1.2175000e+00 -3.0363082e+00 -2.6560144e+00 -2.4095838e+00 -2.0126820e+00 -2.1332855e+00 -2.4971441e+00 -1.8133647e+00 -1.8391118e+00 -2.3031777e+00 -3.4740396e+00
-1.2100000e+00 -3.2130648e+00 -2.7439584e+00 -2.2685785e+00 -2.2342984e+00 -1.9602091e+00 -2.8720465e+00 -1.9748198e+00 -1.8211870e+00 -2.1162348e+00 -2.8948815e+00
-1.2025000e+00 -3.2505123e+00 -2.7399119e+00 -2.2317613e+00 -2.5292699e+00 -1.9018618e+00 -2.6064886e+00 -2.2440481e+00 -1.8639524e+00 -2.0095651e+00 -2.5464627e+00
-1.1950000e+00 -3.1306972e+00 -2.6866672e+00 -2.3072178e+00 -2.6050502e+00 -1.9503811e+00 -2.2444413e+00 -2.6710831e+00 -1.9752054e+00 -1.9674269e+00 -2.3352318e+00
-1.1875000e+00 -3.1043527e+00 -2.6610929e+00 -2.4707398e+00 -2.3801821e+00 -2.1147792e+00 -2.0341592e+00 -3.0459819e+00 -2.1748774e+00 -1.9856529e+00 -2.2114513e+00
-1.1800000e+00 -3.2352322e+00 -2.7065300e+00 -2.6157217e+00 -2.2009826e+00 -2.4119231e+00 -1.9496207e+00 -2.6688207e+00 -2.5060278e+00 -2.0686468e+00 -2.1549828e+00
-1.1725000e+00 -3.3675175e+00 -2.8245430e+00 -2.5962989e+00 -2.1566555e+00 -2.7312833e+00 -1.9762063e+00 -2.2996418e+00 -3.0242221e+00 -2.2312533e+00 -2.1593395e+00
-1.1650000e+00 -3.2990624e+00 -2.9262486e+00 -2.5025223e+00 -2.2504100e+00 -2.6038144e+00 -2.1210599e+00 -2.0984621e+00 -3.1309692e+00 -2.5074808e+00 -2.2270345e+00
-1.1575000e+00 -3.2469822e+00 -2.8818696e+00 -2.4735495e+00 -2.4661676e+00 -2.3173044e+00 -2.4114047e+00 -2.0250542e+00 -2.6339378e+00 -2.9696780e+00 -2.3704162e+00
-1.1500000e+00 -3.3406615e+00 -2.8040334e+00 -2.5356400e+00 -2.6586887e+00 -2.1728832e+00 -2.8154475e+00 -2.0653748e+00 -2.3204016e+00 -3.4573150e+00 -2.6189551e+00
-1.1425000e+00 -3.4533394e+00 -2.8533064e+00 -2.6453532e+00 -2.5751616e+00 -2.1850622e+00 -2.7756092e+00 -2.2306751e+00 -2.1664085e+00 -2.9830686e+00 -3.0408665e+00
-1.1350000e+00 -3.4114452e+00 -3.0272171e+00 -2.7149645e+00 -2.4211399e+00 -2.3543187e+00 -2.4234921e+00 -2.5586555e+00 -2.1345169e+00 -2.5717674e+00 -3.6607319e+00
-1.1275000e+00 -3.3802481e+00 -3.0583103e+00 -2.7050233e+00 -2.3923808e+00 -2.6517783e+00 -2.2292590e+00 -3.0090599e+00 -2.2198580e+00 -2.3568110e+00 -3.3184803e+00
-1.1200000e+00 -3.4916355e+00 -2.9332979e+00 -2.6728399e+00 -2.5051351e+00 -2.7594032e+00 -2.2073565e+00 -2.8576717e+00 -2.4460016e+00 -2.2772680e+00 -2.8321104e+00
-1.1125000e+00 -3.5584124e+00 -2.9713330e+00 -2.6832579e+00 -2.6733100e+00 -2.5311191e+00 -2.3554251e+00 -2.4756147e+00 -2.8684281e+00 -2.3152651e+00 -2.5752926e+00
-1.1050000e+00 -3.4721197e+00 -3.1593940e+00 -2.7675359e+00 -2.6960372e+00 -2.3870244e+00 -2.6796881e+00 -2.2918626e+00 -3.2448775e+00 -2.4834737e+00 -2.4663930e+00
-1.0975000e+00 -3.5600982e+00 -3.1268445e+00 -2.8709078e+00 -2.6111086e+00 -2.4277325e+00 -2.9120434e+00 -2.2889848e+00 -2.8248551e+00 -2.8324449e+00 -2.4775537e+00
-1.0900000e+00 -3.6531286e+00 -3.0436644e+00 -2.8449327e+00 -2.6005348e+00 -2.6354040e+00 -2.6445617e+00 -2.4682621e+00 -2.4933816e+00 -3.3863552e+00 -2.6149397e+00
-1.0825000e+00 -3.5584281e+00 -3.1710672e+00 -2.7823360e+00 -2.6828183e+00 -2.8125465e+00 -2.4339586e+00 -2.8488455e+00 -2.3744420e+00 -3.1959184e+00 -2.9222570e+00
-1.0750000e+00 -3.6798328e+00 -3.2463902e+00 -2.8718669e+00 -2.7666591e+00 -2.6912374e+00 -2.4362598e+00 -3.0521061e+00 -2.4384971e+00 -2.7443634e+00 -3.4854370e+00
-1.0675000e+00 -3.6968512e+00 -3.1672435e+00 -3.0218720e+00 -2.7838052e+00 -2.5783124e+00 -2.6496907e+00 -2.6979677e+00 -2.7062427e+00 -2.5404702e+00 -3.5461657e+00
-1.0600000e+00 -3.6687854e+00 -3.2321270e+00 -2.9255968e+00 -2.7732196e+00 -2.6410337e+00 -2.9297112e+00 -2.4906394e+00 -3.1735078e+00 -2.5318235e+00 -3.0106173e+00
-1.0525000e+00 -3.7869719e+00 -3.3198607e+00 -2.8977083e+00 -2.7788829e+00 -2.8098404e+00 -2.8005819e+00 -2.5205925e+00 -3.0826842e+00 -2.7189521e+00 -2.7485807e+00
-1.0450000e+00 -3.7414477e+00 -3.2806153e+00 -3.0908058e+00 -2.8420628e+00 -2.8392716e+00 -2.6113412e+00 -2.7876647e+00 -2.7001196e+00 -3.1564212e+00 -2.6964313e+00
-1.0375000e+00 -3.8089652e+00 -3.3136070e+00 -3.0596586e+00 -2.9328925e+00 -2.7616718e+00 -2.6465930e+00 -3.0979704e+00 -2.5733127e+00 -3.4426178e+00 -2.8385227e+00
-1.0300000e+00 -3.8386419e+00 -3.4150776e+00 -2.9850215e+00 -2.8977663e+00 -2.7836240e+00 -2.8747395e+00 -2.8630675e+00 -2.6981997e+00 -2.9745259e+00 -3.2305232e+00
-1.0225000e+00 -3.8406759e+00 -3.3484784e+00 -3.1672568e+00 -2.8725305e+00 -2.8761860e+00 -2.9544726e+00 -2.6632837e+00 -3.0802724e+00 -2.7307084e+00 -3.7263866e+00
-1.0150000e+00 -3.9137744e+00 -3.4488658e+00 -3.1309710e+00 -3.0216886e+00 -2.9173668e+00 -2.7966197e+00 -2.7375604e+00 -3.2253925e+00 -2.7562572e+00 -3.2653391e+00
-1.0075000e+00 -3.9000563e+00 -3.4568633e+00 -3.1046361e+00 -3.0315483e+00 -2.9169041e+00 -2.7948530e+00 -3.0357147e+00 -2.8648056e+00 -3.0601883e+00 -2.9389838e+00
-1.0000000e+00 -3.9636959e+00 -3.4585437e+00 -3.2479246e+00 -2.9424521e+00 -2.9199546e+00 -2.9576783e+00 -3.0595922e+00 -2.7518967e+00 -3.4920241e+00 -2.9036713e+00
-9.9250000e-01 -3.9732362e+00 -3.5528713e+00 -3.1885665e+00 -3.1201818e+00 -2.9716313e+00 -2.9968240e+00 -2.8422124e+00 -2.9470643e+00 -3.1480149e+00 -3.1498941e+00
-9.8500000e-01 -4.0110774e+00 -3.5045681e+00 -3.2415212e+00 -3.1046111e+00 -3.0583337e+00 -2.9262617e+00 -2.8752443e+00 -3.2929792e+00 -2.8924568e+00 -3.6742477e+00
-9.7750000e-01 -4.0477628e+00 -3.6126627e+00 -3.3015767e+00 -3.0416183e+00 -3.0111968e+00 -2.9756295e+00 -3.1117528e+00 -3.0827801e+00 -2.9716469e+00 -3.4517802e+00
-9.7000000e-01 -4.0454052e+00 -3.5725218e+00 -3.2785285e+00 -3.2453826e+00 -3.0316852e+00 -3.0545782e+00 -3.0880020e+00 -2.9078633e+00 -3.3675756e+00 -3.0954408e+00
-9.6250000e-01 -4.1411635e+00 -3.6624717e+00 -3.3587274e+00 -3.1205991e+00 -3.1823663e+00 -3.0670041e+00 -2.9716901e+00 -3.0691727e+00 -3.3949044e+00 -3.0982058e+00
-9.5500000e-01 -4.1044760e+00 -3.6355977e+00 -3.3541316e+00 -3.2195589e+00 -3.0751563e+00 -3.0737445e+00 -3.0858047e+00 -3.3268348e+00 -3.0685620e+00 -3.4611738e+00
-9.4750000e-01 -4.1525744e+00 -3.7275393e+00 -3.4012554e+00 -3.2556170e+00 -3.1521034e+00 -3.0989473e+00 -3.1866194e+00 -3.1255450e+00 -3.1011926e+00 -3.7060237e+00
-9.4000000e-01 -4.2163991e+00 -3.6930940e+00 -3.4222591e+00 -3.2297609e+00 -3.2570838e+00 -3.1869440e+00 -3.1148733e+00 -3.0763318e+00 -3.4586194e+00 -3.2913724e+00
-9.3250000e-01 -4.1996905e+00 -3.7660798e+00 -3.4667127e+00 -3.3354998e+00 -3.1332554e+00 -3.1621355e+00 -3.1619120e+00 -3.3034305e+00 -3.3874411e+00 -3.2295005e+00
-9.2500000e-01 -4.2375133e+00 -3.8048146e+00 -3.4636066e+00 -3.2949460e+00 -3.3488181e+00 -3.1767818e+00 -3.2294831e+00 -3.2872890e+00 -3.1764731e+00 -3.5756164e+00
-9.1750000e-01 -4.3094499e+00 -3.7756877e+00 -3.5548933e+00 -3.3759958e+00 -3.2137365e+00 -3.3115684e+00 -3.2384987e+00 -3.1932610e+00 -3.3580836e+00 -3.6819372e+00
-9.1000000e-01 -4.3305022e+00 -3.8663610e+00 -3.5049161e+00 -3.3749745e+00 -3.3531650e+00 -3.1976493e+00 -3.2557535e+00 -3.3413627e+00 -3.5394891e+00 -3.3584468e+00
-9.0250000e-01 -4.3278094e+00 -3.8779197e+00 -3.6135983e+00 -3.4197075e+00 -3.3152039e+00 -3.3570528e+00 -3.2923884e+00 -3.3571131e+00 -3.3204296e+00 -3.4630476e+00
-8.9500000e-01 -4.3491612e+00 -3.8852773e+00 -3.5864824e+00 -3.4378868e+00 -3.3790292e+00 -3.3040936e+00 -3.3614697e+00 -3.3255049e+00 -3.4158825e+00 -3.7924088e+00
-8.8750000e-01 -4.3926483e+00 -3.9560080e+00 -3.6461846e+00 -3.4966721e+00 -3.3903483e+00 -3.3501145e+00 -3.3087001e+00 -3.4119783e+00 -3.5755027e+00 -3.5270577e+00
-8.8000000e-01 -4.4384668e+00 -3.9809857e+00 -3.6634081e+00 -3.4648089e+00 -3.4356698e+00 -3.4176720e+00 -3.4419868e+00 -3.4240100e+00 -3.4322348e+00 -3.5312701e+00
-8.7250000e-01 -4.4758725e+00 -3.9702439e+00 -3.6763038e+00 -3.5947827e+00 -3.4486006e+00 -3.3784272e+00 -3.3819953e+00 -3.4505668e+00 -3.5436911e+00 -3.8132640e+00
-8.6500000e-01 -4.5076823e+00 -3.9943231e+00 -3.7628023e+00 -3.5265094e+00 -3.4942033e+00 -3.4906576e+00 -3.4638962e+00 -3.4698136e+00 -3.5878341e+00 -3.6201413e+00
-8.5750000e-01 -4.5410160e+00 -4.0484016e+00 -3.7661554e+00 -3.5894963e+00 -3.5181912e+00 -3.4457523e+00 -3.4791135e+00 -3.5466017e+00 -3.5562242e+00 -3.6749863e+00
-8.5000000e-01 -4.5734696e+00 -4.0982415e+00 -3.7490098e+00 -3.6697095e+00 -3.5415447e+00 -3.5236834e+00 -3.4945568e+00 -3.4976867e+00 -3.6425141e+00 -3.8287843e+00
-8.4250000e-01 -4.5956614e+00 -4.1306437e+00 -3.7997773e+00 -3.6284664e+00 -3.5748549e+00 -3.5423032e+00 -3.5518920e+00 -3.6323579e+00 -3.6411730e+00 -3.6986078e+00
-8.3500000e-01 -4.6167141e+00 -4.1549186e+00 -3.8645775e+00 -3.6762858e+00 -3.6386955e+00 -3.5437715e+00 -3.5620706e+00 -3.5465682e+00 -3.6826232e+00 -3.8441319e+00
-8.2750000e-01 -4.6364743e+00 -4.1813513e+00 -3.8896396e+00 -3.7288388e+00 -3.5918892e+00 -3.6304423e+00 -3.5831241e+00 -3.7021785e+00 -3.7036318e+00 -3.8133479e+00
-8.2000000e-01 -4.6500884e+00 -4.2109356e+00 -3.8960204e+00 -3.7326909e+00 -3.6823887e+00 -3.6036787e+00 -3.6702807e+00 -3.5966609e+00 -3.7535862e+00 -3.8587086e+00
-8.1250000e-01 -4.6937977e+00 -4.2380908e+00 -3.9128678e+00 -3.7703397e+00 -3.7476740e+00 -3.6685295e+00 -3.5965599e+00 -3.7833733e+00 -3.7485767e+00 -3.8878482e+00
-8.0500000e-01 -4.7422144e+00 -4.2646968e+00 -3.9422780e+00 -3.8348118e+00 -3.6932971e+00 -3.6757378e+00 -3.7656398e+00 -3.6395975e+00 -3.8259827e+00 -3.9262295e+00
-7.9750000e-01 -4.7658185e+00 -4.3053682e+00 -3.9758870e+00 -3.8715865e+00 -3.7222963e+00 -3.7376845e+00 -3.6712122e+00 -3.8556634e+00 -3.8081721e+00 -3.9288063e+00
-7.9000000e-01 -4.7762212e+00 -4.3477646e+00 -4.0093022e+00 -3.8788682e+00 -3.8084030e+00 -3.7505750e+00 -3.7516662e+00 -3.7182050e+00 -3.8667022e+00 -4.0110115e+00
-7.8250000e-01 -4.8312010e+00 -4.3606547e+00 -4.0445356e+00 -3.8870820e+00 -3.8444896e+00 -3.7348648e+00 -3.8044054e+00 -3.8325415e+00 -3.9117152e+00 -3.9679459e+00
-7.7500000e-01 -4.8402640e+00 -4.3781268e+00 -4.0820788e+00 -3.9093860e+00 -3.8471299e+00 -3.8144244e+00 -3.7885660e+00 -3.8878021e+00 -3.8639079e+00 -4.0874444e+00
-7.6750000e-01 -4.8867457e+00 -4.3961440e+00 -4.1102991e+00 -3.9423973e+00 -3.8700745e+00 -3.8965106e+00 -3.8406808e+00 -3.8045802e+00 -4.0502253e+00 -4.0300272e+00
-7.6000000e-01 -4.9028697e+00 -4.4548927e+00 -4.1239604e+00 -3.9776961e+00 -3.9151800e+00 -3.8865174e+00 -3.8579755e+00 -3.9434762e+00 -3.9029574e+00 -4.1122339e+00
-7.5250000e-01 -4.9539749e+00 -4.4776547e+00 -4.1575211e+00 -4.0062566e+00 -3.9638848e+00 -3.8649999e+00 -3.8879911e+00 -3.9600535e+00 -4.0336273e+00 -4.1605628e+00
-7.4500000e-01 -4.9598743e+00 -4.4925392e+00 -4.2162547e+00 -4.0242819e+00 -4.0054176e+00 -3.8860253e+00 -3.9599187e+00 -3.9274628e+00 -4.1030348e+00 -4.0858693e+00
-7.3750000e-01 -4.9970451e+00 -4.5480650e+00 -4.2464844e+00 -4.0449841e+00 -4.0386157e+00 -3.9342582e+00 -3.9938140e+00 -3.9880375e+00 -3.9983750e+00 -4.2851930e+00
-7.3000000e-01 -5.0398104e+00 -4.5480246e+00 -4.2729902e+00 -4.0908799e+00 -4.0634760e+00 -3.9831518e+00 -3.9786521e+00 -4.0316891e+00 -4.0973443e+00 -4.1945495e+00
-7.2250000e-01 -5.0674678e+00 -4.6030687e+00 -4.2752288e+00 -4.1465537e+00 -4.0792835e+00 -4.0221326e+00 -3.9726957e+00 -4.0474226e+00 -4.1964259e+00 -4.1830622e+00
-7.1500000e-01 -5.0907159e+00 -4.6106778e+00 -4.3449347e+00 -4.1731942e+00 -4.0929161e+00 -4.0554976e+00 -3.9961957e+00 -4.0904113e+00 -4.1574849e+00 -4.3630470e+00
-7.0750000e-01 -5.1147696e+00 -4.6640150e+00 -4.3486893e+00 -4.2071239e+00 -4.1201277e+00 -4.0917904e+00 -4.0369034e+00 -4.1462511e+00 -4.1554307e+00 -4.3411807e+00
-7.0000000e-01 -5.1489085e+00 -4.6882021e+00 -4.3818347e+00 -4.2127594e+00 -4.1551646e+00 -4.1355860e+00 -4.0797043e+00 -4.1806371e+00 -4.2075300e+00 -4.2720550e+00
-6.5000000e-01 -5.3556663e+00 -4.8749091e+00 -4.5874438e+00 -4.4394197e+00 -4.3454248e+00 -4.2918900e+00 -4.3113421e+00 -4.3239934e+00 -4.4773859e+00 -4.5344176e+00
-6.0000000e-01 -5.5424944e+00 -5.0875274e+00 -4.7771088e+00 -4.6368598e+00 -4.5331196e+00 -4.5057412e+00 -4.5329960e+00 -4.5087513e+00 -4.6212218e+00 -4.7905954e+00
-5.5000000e-01 -5.7548733e+00 -5.2863222e+00 -4.9912354e+00 -4.8134255e+00 -4.7585079e+00 -4.6923685e+00 -4.7237923e+00 -4.7308345e+00 -4.8402021e+00 -4.9082495e+00
-5.0000000e-01 -5.9463494e+00 -5.4837381e+00 -5.1919544e+00 -5.0163688e+00 -4.9526854e+00 -4.9152833e+00 -4.9051582e+00 -4.9236060e+00 -5.0305413e+00 -5.1307753e+00
-4.0000000e-01 -6.3077022e+00 -5.8795532e+00 -5.5855687e+00 -5.4275469e+00 -5.3475081e+00 -5.3023047e+00 -5.3160237e+00 -5.3441373e+00 -5.4095071e+00 -5.5450369e+00
-2.0000000e-01 -7.2542770e+00 -6.6359850e+00 -6.3481875e+00 -6.2259687e+00 -6.1449603e+00 -6.1065206e+00 -6.1067302e+00 -6.1486457e+00 -6.2193288e+00 -6.3310085e+00
0.0000000e+00 -7.9308624e+00 -7.4412400e+00 -7.1699155e+00 -7.0015664e+00 -6.9249878e+00 -6.9268545e+00 -6.9129415e+00 -6.9429336e+00 -7.0207048e+00 -7.1376539e+00
2.0000000e-01 -8.6916564e+00 -8.2991795e+00 -7.9861253e+00 -7.8140962e+00 -7.7317945e+00 -7.7606310e+00 -7.7380684e+00 -7.7195829e+00 -7.8383971e+00 -7.9435154e+00
4.0000000e-01 -9.6080757e+00 -9.0484266e+00 -8.8205631e+00 -8.6219372e+00 -8.5423580e+00 -8.5439307e+00 -8.4991363e+00 -8.5477897e+00 -8.6196643e+00 -8.7317019e+00
6.0000000e-01 -1.0367321e+01 -9.8898432e+00 -9.5503055e+00 -9.4146644e+00 -9.3057832e+00 -9.3327693e+00 -9.2838067e+00 -9.2878678e+00 -9.4381598e+00 -9.5228658e+00
8.0000000e-01 -1.1111649e+01 -1.0666285e+01 -1.0399890e+01 -1.0229728e+01 -1.0109736e+01 -1.0107011e+01 -1.0080029e+01 -1.0199078e+01 -1.0191153e+01 -1.0291818e+01
1.0000000e+00 -1.1955401e+01 -1.1482239e+01 -1.1205287e+01 -1.1049410e+01 -1.0901816e+01 -1.0965346e+01 -1.0881088e+01 -1.0919373e+01 -1.1057946e+01 -1.1173661e+01
1.2000000e+00 -1.2713951e+01 -1.2344052e+01 -1.1991561e+01 -1.1795653e+01 -1.1783209e+01 -1.1710528e+01 -1.1731158e+01 -1.1754103e+01 -1.1854613e+01 -1.1942968e+01
1.4000000e+00 -1.3540155e+01 -1.3090903e+01 -1.2755045e+01 -1.2581662e+01 -1.2547652e+01 -1.2467150e+01 -1.2541115e+01 -1.2530621e+01 -1.2597364e+01 -1.2762021e+01
1.6000000e+00 -1.4346352e+01 -1.3888639e+01 -1.3598922e+01 -1.3379706e+01 -1.3345152e+01 -1.3315708e+01 -1.3317620e+01 -1.3301153e+01 -1.3457741e+01 -1.3577973e+01
1.8000000e+00 -1.5199234e+01 -1.4695887e+01 -1.4374639e+01 -1.4239004e+01 -1.4125196e+01 -1.4143716e+01 -1.4129989e+01 -1.4157702e+01 -1.4258421e+01 -1.4353835e+01
2.0000000e+00 -1.6051723e+01 -1.5481822e+01 -1.5268613e+01 -1.5051737e+01 -1.4945326e+01 -1.4882710e+01 -1.4913078e+01 -1.4940568e+01 -1.4997443e+01 -1.5158829e+01