########################################################################
# Reference Counts for Solar Model AGSS09met                           #
# Column 1: log10(Axion mass in eV)                                    #
#        n>1: log10(Reference photon counts in energy bin n-1)         #
########################################################################
-3.0000000e+00 -3.9343855e-01 -9.1568899e-02 6.4977543e-02 1.0470323e-01 7.4215552e-02 1.8428850e-02 -6.8004059e-02 -1.8228081e-01 -3.3103379e-01 -5.1620155e-01
-2.8000000e+00 -3.9345893e-01 -9.1582790e-02 6.4967525e-02 1.0469567e-01 7.4209663e-02 1.8424135e-02 -6.8007920e-02 -1.8228403e-01 -3.3103652e-01 -5.1620389e-01
-2.6000000e+00 -3.9358753e-01 -9.1670439e-02 6.4904318e-02 1.0464796e-01 7.4172507e-02 1.8394386e-02 -6.8032286e-02 -1.8230434e-01 -3.3105372e-01 -5.1621864e-01
-2.4000000e+00 -3.9439912e-01 -9.2223545e-02 6.4505470e-02 1.0434693e-01 7.3938055e-02 1.8206669e-02 -6.8186027e-02 -1.8243250e-01 -3.3116230e-01 -5.1631171e-01
-2.2000000e+00 -3.9952648e-01 -9.5716515e-02 6.1987268e-02 1.0244656e-01 7.2458189e-02 1.7021892e-02 -6.9156316e-02 -1.8324133e-01 -3.3184748e-01 -5.1689907e-01
-2.1500000e+00 -4.0309696e-01 -9.8147481e-02 6.0235319e-02 1.0112475e-01 7.1429022e-02 1.6198035e-02 -6.9830969e-02 -1.8380367e-01 -3.3232385e-01 -5.1730741e-01
-2.1000000e+00 -4.0876713e-01 -1.0200565e-01 5.7455854e-02 9.9028216e-02 6.9796920e-02 1.4891679e-02 -7.0900648e-02 -1.8469523e-01 -3.3307904e-01 -5.1795473e-01
-2.0500000e+00 -4.1778240e-01 -1.0813396e-01 5.3043607e-02 9.5701364e-02 6.7207738e-02 1.2819653e-02 -7.2597042e-02 -1.8610900e-01 -3.3427649e-01 -5.1898107e-01
-2.0000000e+00 -4.3214356e-01 -1.1788090e-01 4.6032744e-02 9.0418405e-02 6.3097927e-02 9.5317088e-03 -7.5288336e-02 -1.8835154e-01 -3.3617565e-01 -5.2060868e-01
-1.9500000e+00 -4.5509118e-01 -1.3341588e-01 3.4875817e-02 8.2019535e-02 5.6568562e-02 4.3105621e-03 -7.9560532e-02 -1.9191044e-01 -3.3918901e-01 -5.2319077e-01
-1.9000000e+00 -4.9194460e-01 -1.5826074e-01 1.7077317e-02 6.8642288e-02 4.6180284e-02 -3.9899695e-03 -8.6348645e-02 -1.9756283e-01 -3.4397340e-01 -5.2728938e-01
-1.8500000e+00 -5.5163199e-01 -1.9821848e-01 -1.1430001e-02 4.7272032e-02 2.9614198e-02 -1.7210411e-02 -9.7150545e-02 -2.0655139e-01 -3.5157774e-01 -5.3380108e-01
-1.8475000e+00 -5.5545421e-01 -2.0076512e-01 -1.3241850e-02 4.5916146e-02 2.8564352e-02 -1.8047550e-02 -9.7834135e-02 -2.0711997e-01 -3.5205860e-01 -5.3421274e-01
-1.8400000e+00 -5.6750723e-01 -2.0878597e-01 -1.8944420e-02 4.1650518e-02 2.5262493e-02 -2.0679892e-02 -9.9983335e-02 -2.0890739e-01 -3.5357012e-01 -5.3550665e-01
-1.8325000e+00 -5.8049699e-01 -2.1741347e-01 -2.5071508e-02 3.7070491e-02 2.1718903e-02 -2.3504046e-02 -1.0228861e-01 -2.1082429e-01 -3.5519092e-01 -5.3689395e-01
-1.8250000e+00 -5.9450304e-01 -2.2669634e-01 -3.1656101e-02 3.2152133e-02 1.7915437e-02 -2.6534269e-02 -1.0476148e-01 -2.1288015e-01 -3.5692898e-01 -5.3838146e-01
-1.8175000e+00 -6.0961282e-01 -2.3668766e-01 -3.8733972e-02 2.6869570e-02 1.3832517e-02 -2.9785926e-02 -1.0741434e-01 -2.1508522e-01 -3.5879289e-01 -5.3997649e-01
-1.8100000e+00 -6.2592273e-01 -2.4744537e-01 -4.6343950e-02 2.1194811e-02 9.4490103e-03 -3.3275572e-02 -1.1026054e-01 -2.1745049e-01 -3.6079189e-01 -5.4168690e-01
-1.8025000e+00 -6.4353929e-01 -2.5903282e-01 -5.4528230e-02 1.5097550e-02 4.7420895e-03 -3.7021065e-02 -1.1331447e-01 -2.1998780e-01 -3.6293591e-01 -5.4352113e-01
-1.7950000e+00 -6.6258050e-01 -2.7151936e-01 -6.3332711e-02 8.5449500e-03 -3.1291391e-04 -4.1041665e-02 -1.1659162e-01 -2.2270988e-01 -3.6523563e-01 -5.4548828e-01
-1.7875000e+00 -6.8317749e-01 -2.8498106e-01 -7.2807385e-02 1.5013967e-03 -5.7426788e-03 -4.5358165e-02 -1.2010868e-01 -2.2563046e-01 -3.6770254e-01 -5.4759810e-01
-1.7800000e+00 -7.0547645e-01 -2.9950153e-01 -8.3006773e-02 -6.0717687e-03 -1.1576078e-02 -4.9993018e-02 -1.2388367e-01 -2.2876431e-01 -3.7034902e-01 -5.4986110e-01
-1.7725000e+00 -7.2964096e-01 -3.1517289e-01 -9.3990423e-02 -1.4216555e-02 -1.7844382e-02 -5.4970490e-02 -1.2793601e-01 -2.3212736e-01 -3.7318838e-01 -5.5228859e-01
-1.7650000e+00 -7.5585483e-01 -3.3209681e-01 -1.0582347e-01 -2.2978665e-02 -2.4581488e-02 -6.0316820e-02 -1.3228667e-01 -2.3573678e-01 -3.7623497e-01 -5.5489273e-01
-1.7575000e+00 -7.8432546e-01 -3.5038590e-01 -1.1857731e-01 -3.2407876e-02 -3.1824175e-02 -6.6060399e-02 -1.3695832e-01 -2.3961109e-01 -3.7950425e-01 -5.5768661e-01
-1.7500000e+00 -8.1528812e-01 -3.7016516e-01 -1.3233029e-01 -4.2558480e-02 -3.9612382e-02 -7.2231975e-02 -1.4197543e-01 -2.4377027e-01 -3.8301287e-01 -5.6068434e-01
-1.7425000e+00 -8.4901115e-01 -3.9157383e-01 -1.4716864e-01 -5.3489778e-02 -4.7989535e-02 -7.8864874e-02 -1.4736447e-01 -2.4823589e-01 -3.8677880e-01 -5.6390111e-01
-1.7350000e+00 -8.8580253e-01 -4.1476758e-01 -1.6318743e-01 -6.5266644e-02 -5.7002902e-02 -8.5995245e-02 -1.5315411e-01 -2.5303127e-01 -3.9082143e-01 -5.6735331e-01
-1.7275000e+00 -9.2601824e-01 -4.3992110e-01 -1.8049176e-01 -7.7960173e-02 -6.6703995e-02 -9.3662344e-02 -1.5937537e-01 -2.5818161e-01 -3.9516169e-01 -5.7105858e-01
-1.7200000e+00 -9.7007293e-01 -4.6723132e-01 -1.9919813e-01 -9.1648427e-02 -7.7149038e-02 -1.0190884e-01 -1.6606189e-01 -2.6371416e-01 -3.9982217e-01 -5.7503598e-01
-1.7125000e+00 -1.0184540e+00 -4.9692133e-01 -2.1943608e-01 -1.0641730e-01 -8.8399481e-02 -1.1078117e-01 -1.7325016e-01 -2.6965843e-01 -4.0482730e-01 -5.7930608e-01
-1.7050000e+00 -1.0717398e+00 -5.2924521e-01 -2.4135012e-01 -1.2236150e-01 -1.0052261e-01 -1.2032993e-01 -1.8097983e-01 -2.7604639e-01 -4.1020349e-01 -5.8389107e-01
-1.6975000e+00 -1.1306248e+00 -5.6449414e-01 -2.6510212e-01 -1.3958575e-01 -1.1359221e-01 -1.3061033e-01 -1.8929398e-01 -2.8291270e-01 -4.1597934e-01 -5.8881496e-01
-1.6900000e+00 -1.1959533e+00 -6.0300413e-01 -2.9087406e-01 -1.5820615e-01 -1.2768938e-01 -1.4168270e-01 -1.9823952e-01 -2.9029499e-01 -4.2218581e-01 -5.9410369e-01
-1.6825000e+00 -1.2687663e+00 -6.4516590e-01 -3.1887155e-01 -1.7835180e-01 -1.4290346e-01 -1.5361306e-01 -2.0786756e-01 -2.9823413e-01 -4.2885646e-01 -5.9978534e-01
-1.6750000e+00 -1.3503682e+00 -6.9143780e-01 -3.4932810e-01 -2.0016678e-01 -1.5933305e-01 -1.6647383e-01 -2.1823388e-01 -3.0677460e-01 -4.3602770e-01 -6.0589032e-01
-1.6675000e+00 -1.4424224e+00 -7.4236287e-01 -3.8251038e-01 -2.2381245e-01 -1.7708733e-01 -1.8034455e-01 -2.2939947e-01 -3.1596480e-01 -4.4373909e-01 -6.1245157e-01
-1.6600000e+00 -1.5470899e+00 -7.9859179e-01 -4.1872502e-01 -2.4947030e-01 -1.9628749e-01 -1.9531279e-01 -2.4143107e-01 -3.2585753e-01 -4.5203362e-01 -6.1950484e-01
-1.6525000e+00 -1.6672295e+00 -8.6091422e-01 -4.5832706e-01 -2.7734543e-01 -2.1706850e-01 -2.1147521e-01 -2.5440191e-01 -3.3651045e-01 -4.6095809e-01 -6.2708895e-01
-1.6450000e+00 -1.8066722e+00 -9.3030272e-01 -5.0173115e-01 -3.0767081e-01 -2.3958125e-01 -2.2893874e-01 -2.6839245e-01 -3.4798660e-01 -4.7056351e-01 -6.3524607e-01
-1.6375000e+00 -1.9705153e+00 -1.0079753e+00 -5.4942601e-01 -3.4071263e-01 -2.6399503e-01 -2.4782206e-01 -2.8349130e-01 -3.6035508e-01 -4.8090555e-01 -6.4402211e-01
-1.6300000e+00 -2.1650078e+00 -1.0954868e+00 -6.0199388e-01 -3.7677702e-01 -2.9050068e-01 -2.6825724e-01 -2.9979630e-01 -3.7369171e-01 -4.9204505e-01 -6.5346710e-01
-1.6225000e+00 -2.3946862e+00 -1.1948662e+00 -6.6013700e-01 -4.1621872e-01 -3.1931434e-01 -2.9039184e-01 -3.1741575e-01 -3.8807988e-01 -5.0404864e-01 -6.6363560e-01
-1.6150000e+00 -2.6456099e+00 -1.3088258e+00 -7.2471419e-01 -4.5945214e-01 -3.5068218e-01 -3.1439134e-01 -3.3646987e-01 -4.0361154e-01 -5.1698938e-01 -6.7458724e-01
-1.6075000e+00 -2.8273675e+00 -1.4410868e+00 -7.9679303e-01 -5.0696616e-01 -3.8488631e-01 -3.4044210e-01 -3.5709256e-01 -4.2038828e-01 -5.3094758e-01 -6.8638728e-01
-1.6000000e+00 -2.7872945e+00 -1.5968763e+00 -8.7772560e-01 -5.5934371e-01 -4.2225227e-01 -3.6875504e-01 -3.7943347e-01 -4.3852270e-01 -5.4601169e-01 -6.9910728e-01
-1.5925000e+00 -2.5881930e+00 -1.7835885e+00 -9.6926211e-01 -6.1728860e-01 -4.6315871e-01 -3.9957016e-01 -4.0366053e-01 -4.5813995e-01 -5.6227934e-01 -7.1282584e-01
-1.5850000e+00 -2.3776974e+00 -2.0109810e+00 -1.0737264e+00 -6.8166291e-01 -5.0804993e-01 -4.3316221e-01 -4.2996300e-01 -4.7937959e-01 -5.7985865e-01 -7.2762948e-01
-1.5775000e+00 -2.2015731e+00 -2.2859010e+00 -1.1942958e+00 -7.5354021e-01 -5.5745270e-01 -4.6984788e-01 -4.5855525e-01 -5.0239785e-01 -5.9886961e-01 -7.4361369e-01
-1.5700000e+00 -2.0619542e+00 -2.5711038e+00 -1.3354628e+00 -8.3428377e-01 -6.1199876e-01 -5.0999504e-01 -4.8968143e-01 -5.2737034e-01 -6.1944589e-01 -7.6088411e-01
-1.5625000e+00 -1.9535623e+00 -2.6671741e+00 -1.5038057e+00 -9.2566449e-01 -6.7245606e-01 -5.5403477e-01 -5.2362130e-01 -5.5449534e-01 -6.4173689e-01 -7.7955794e-01
-1.5550000e+00 -1.8715028e+00 -2.4699192e+00 -1.7092143e+00 -1.0300457e+00 -7.3977270e-01 -6.0247727e-01 -5.6069770e-01 -5.8399793e-01 -6.6591028e-01 -7.9976562e-01
-1.5475000e+00 -1.8123103e+00 -2.2120562e+00 -1.9660526e+00 -1.1506835e+00 -8.1514057e-01 -6.5593334e-01 -6.0128614e-01 -6.1613503e-01 -6.9215503e-01 -8.2165284e-01
-1.5400000e+00 -1.7738004e+00 -1.9969710e+00 -2.2865017e+00 -1.2922371e+00 -9.0009034e-01 -7.1514394e-01 -6.4582728e-01 -6.5120188e-01 -7.2068523e-01 -8.4538297e-01
-1.5325000e+00 -1.7548144e+00 -1.8295587e+00 -2.6017916e+00 -1.4616705e+00 -9.9663795e-01 -7.8102174e-01 -6.9484356e-01 -6.8954016e-01 -7.5174470e-01 -8.7113994e-01
-1.5250000e+00 -1.7550437e+00 -1.7007171e+00 -2.5838484e+00 -1.6698734e+00 -1.1075199e+00 -8.5471112e-01 -7.4896170e-01 -7.3154870e-01 -7.8561290e-01 -8.9913190e-01
-1.5175000e+00 -1.7749506e+00 -1.6027170e+00 -2.2852597e+00 -1.9342175e+00 -1.2365885e+00 -9.3767748e-01 -8.0894374e-01 -7.7769734e-01 -8.2261238e-01 -9.2959564e-01
-1.5100000e+00 -1.8157778e+00 -1.5303581e+00 -2.0073411e+00 -2.2772821e+00 -1.3895112e+00 -1.0318447e+00 -8.7573092e-01 -8.2854568e-01 -8.6311836e-01 -9.6280218e-01
-1.5025000e+00 -1.8796435e+00 -1.4803864e+00 -1.7944503e+00 -2.6542115e+00 -1.5750770e+00 -1.1398153e+00 -9.5050742e-01 -8.8476854e-01 -9.0757130e-01 -9.9906383e-01
-1.4950000e+00 -1.9697137e+00 -1.4509510e+00 -1.6332137e+00 -2.6513831e+00 -1.8077246e+00 -1.2652407e+00 -1.0347958e+00 -9.4719142e-01 -9.5649358e-01 -1.0387433e+00
-1.4875000e+00 -2.0903786e+00 -1.4412665e+00 -1.5107611e+00 -2.3010079e+00 -2.1118947e+00 -1.4134785e+00 -1.1306050e+00 -1.0168413e+00 -1.0105121e+00 -1.0822655e+00
-1.4800000e+00 -2.2470331e+00 -1.4514446e+00 -1.4187157e+00 -1.9962540e+00 -2.5171936e+00 -1.5928374e+00 -1.2406702e+00 -1.0950214e+00 -1.0703895e+00 -1.1301332e+00
-1.4725000e+00 -2.4435177e+00 -1.4824595e+00 -1.3519130e+00 -1.7708610e+00 -2.8642892e+00 -1.8170963e+00 -1.3688614e+00 -1.1834242e+00 -1.1370684e+00 -1.1829482e+00
-1.4650000e+00 -2.6687739e+00 -1.5362348e+00 -1.3072858e+00 -1.6028535e+00 -2.6068070e+00 -2.1107091e+00 -1.5209216e+00 -1.2843112e+00 -1.2117357e+00 -1.2414405e+00
-1.4575000e+00 -2.8520724e+00 -1.6158689e+00 -1.2832046e+00 -1.4761933e+00 -2.2208486e+00 -2.5147849e+00 -1.7059030e+00 -1.4008094e+00 -1.2959196e+00 -1.3065094e+00
-1.4500000e+00 -2.8568159e+00 -1.7260256e+00 -1.2791282e+00 -1.3812346e+00 -1.9377117e+00 -2.9758793e+00 -1.9391952e+00 -1.5374306e+00 -1.3916396e+00 -1.3792823e+00
-1.4425000e+00 -2.7029540e+00 -1.8734514e+00 -1.2954559e+00 -1.3122379e+00 -1.7324698e+00 -2.8061406e+00 -2.2492807e+00 -1.7010441e+00 -1.5016521e+00 -1.4612041e+00
-1.4350000e+00 -2.5290084e+00 -2.0669940e+00 -1.3335364e+00 -1.2658482e+00 -1.5798358e+00 -2.3674966e+00 -2.6879558e+00 -1.9028572e+00 -1.6298713e+00 -1.5541734e+00
-1.4275000e+00 -2.3945248e+00 -2.3127421e+00 -1.3958305e+00 -1.2402833e+00 -1.4651869e+00 -2.0523143e+00 -3.1744680e+00 -2.1628526e+00 -1.7821404e+00 -1.6607642e+00
-1.4200000e+00 -2.3091972e+00 -2.5796332e+00 -1.4862763e+00 -1.2349212e+00 -1.3801273e+00 -1.8290096e+00 -2.8785671e+00 -2.5203775e+00 -1.9677616e+00 -1.7846012e+00
-1.4125000e+00 -2.2719476e+00 -2.6978539e+00 -1.6109543e+00 -1.2501286e+00 -1.3197638e+00 -1.6648494e+00 -2.4235134e+00 -3.0435077e+00 -2.2028564e+00 -1.9310403e+00
-1.4050000e+00 -2.2815382e+00 -2.5436799e+00 -1.7791555e+00 -1.2872643e+00 -1.2813281e+00 -1.5419987e+00 -2.1135911e+00 -3.3508074e+00 -2.5186171e+00 -2.1085012e+00
-1.3975000e+00 -2.3384969e+00 -2.3177514e+00 -2.0043201e+00 -1.3488569e+00 -1.2634847e+00 -1.4505649e+00 -1.8955943e+00 -2.8257801e+00 -2.9811678e+00 -2.3313550e+00
-1.3900000e+00 -2.4445745e+00 -2.1383308e+00 -2.2980130e+00 -1.4390197e+00 -1.2660023e+00 -1.3848717e+00 -1.7355854e+00 -2.4155590e+00 -3.5768204e+00 -2.6270124e+00
-1.3825000e+00 -2.5990471e+00 -2.0193746e+00 -2.6032187e+00 -1.5642511e+00 -1.2896494e+00 -1.3416914e+00 -1.6160343e+00 -2.1412357e+00 -3.2192154e+00 -3.0551938e+00
-1.3750000e+00 -2.7844968e+00 -1.9562075e+00 -2.6232987e+00 -1.7349052e+00 -1.3362706e+00 -1.3193862e+00 -1.5273581e+00 -1.9459202e+00 -2.7143656e+00 -3.7025831e+00
-1.3675000e+00 -2.9319964e+00 -1.9451064e+00 -2.3573395e+00 -1.9674894e+00 -1.4090709e+00 -1.3174974e+00 -1.4641003e+00 -1.8015852e+00 -2.3900678e+00 -3.5811968e+00
-1.3600000e+00 -2.9387960e+00 -1.9858457e+00 -2.1058720e+00 -2.2835650e+00 -1.5132210e+00 -1.3365937e+00 -1.4231920e+00 -1.6938457e+00 -2.1661235e+00 -3.0026388e+00
-1.3525000e+00 -2.8307181e+00 -2.0816415e+00 -1.9300795e+00 -2.6483602e+00 -1.6570498e+00 -1.3783129e+00 -1.4031216e+00 -1.6147705e+00 -2.0029670e+00 -2.6407126e+00
-1.3450000e+00 -2.7170809e+00 -2.2376937e+00 -1.8220072e+00 -2.6872984e+00 -1.8543751e+00 -1.4456116e+00 -1.4035474e+00 -1.5598527e+00 -1.8814544e+00 -2.3968942e+00
-1.3375000e+00 -2.6517382e+00 -2.4521365e+00 -1.7724810e+00 -2.3651879e+00 -2.1285071e+00 -1.5433261e+00 -1.4251655e+00 -1.5266342e+00 -1.7914044e+00 -2.2213495e+00
-1.3300000e+00 -2.6478699e+00 -2.6725332e+00 -1.7777367e+00 -2.0828918e+00 -2.5086511e+00 -1.6793101e+00 -1.4697768e+00 -1.5140527e+00 -1.7270957e+00 -2.0911074e+00
-1.3225000e+00 -2.7063099e+00 -2.7318947e+00 -1.8392171e+00 -1.8925292e+00 -2.8661565e+00 -1.8667737e+00 -1.5405778e+00 -1.5221548e+00 -1.6853275e+00 -1.9943009e+00
-1.3150000e+00 -2.8207059e+00 -2.5901016e+00 -1.9634473e+00 -1.7764854e+00 -2.6572034e+00 -2.1291078e+00 -1.6428022e+00 -1.5520386e+00 -1.6645178e+00 -1.9243479e+00
-1.3075000e+00 -2.9654238e+00 -2.4258707e+00 -2.1611406e+00 -1.7221384e+00 -2.2878942e+00 -2.5057967e+00 -1.7850431e+00 -1.6060011e+00 -1.6642866e+00 -1.8775462e+00
-1.3000000e+00 -3.0725766e+00 -2.3258638e+00 -2.4332369e+00 -1.7246197e+00 -2.0293519e+00 -2.9629054e+00 -1.9820745e+00 -1.6879498e+00 -1.6853134e+00 -1.8519808e+00
-1.2925000e+00 -3.0700176e+00 -2.3042780e+00 -2.6760859e+00 -1.7854375e+00 -1.8646933e+00 -2.8526494e+00 -2.2611305e+00 -1.8042758e+00 -1.7294027e+00 -1.8470145e+00
-1.2850000e+00 -2.9927534e+00 -2.3612727e+00 -2.6159584e+00 -1.9125221e+00 -1.7714098e+00 -2.4280058e+00 -2.6719226e+00 -1.9656952e+00 -1.7997837e+00 -1.8630901e+00
-1.2775000e+00 -2.9278103e+00 -2.4923759e+00 -2.3818085e+00 -2.1212118e+00 -1.7386454e+00 -2.1327822e+00 -3.1636114e+00 -2.1913871e+00 -1.9017815e+00 -1.9017498e+00
-1.2700000e+00 -2.9234484e+00 -2.6699847e+00 -2.2033359e+00 -2.4263142e+00 -1.7638796e+00 -1.9458436e+00 -2.9294380e+00 -2.5188352e+00 -2.0442314e+00 -1.9658788e+00
-1.2625000e+00 -2.9962719e+00 -2.7967784e+00 -2.1191940e+00 -2.7335526e+00 -1.8515717e+00 -1.8366441e+00 -2.4831227e+00 -3.0148600e+00 -2.2426161e+00 -2.0602838e+00
-1.2550000e+00 -3.1358543e+00 -2.7683401e+00 -2.1279739e+00 -2.6521932e+00 -2.0143477e+00 -1.7906992e+00 -2.1937876e+00 -3.3747696e+00 -2.5267379e+00 -2.1929151e+00
-1.2475000e+00 -3.2608551e+00 -2.6646340e+00 -2.2300435e+00 -2.3603451e+00 -2.2757612e+00 -1.8036081e+00 -2.0138041e+00 -2.8798744e+00 -2.9593781e+00 -2.3775639e+00
-1.2400000e+00 -3.2394406e+00 -2.6002621e+00 -2.4243242e+00 -2.1543636e+00 -2.6518013e+00 -1.8785948e+00 -1.9109907e+00 -2.4785808e+00 -3.5558583e+00 -2.6404598e+00
-1.2325000e+00 -3.1362865e+00 -2.6117633e+00 -2.6586103e+00 -2.0585119e+00 -2.8880432e+00 -2.0274399e+00 -1.8713349e+00 -2.2305954e+00 -3.2733043e+00 -3.0381189e+00
-1.2250000e+00 -3.1033061e+00 -2.6953492e+00 -2.7245036e+00 -2.0646261e+00 -2.5984134e+00 -2.2749372e+00 -1.8911842e+00 -2.0799029e+00 -2.7704329e+00 -3.6633883e+00
-1.2175000e+00 -3.1978166e+00 -2.8175231e+00 -2.5710926e+00 -2.1741910e+00 -2.2947948e+00 -2.6586531e+00 -1.9748735e+00 -2.0006206e+00 -2.4646867e+00 -3.6355483e+00
-1.2100000e+00 -3.3745731e+00 -2.9054671e+00 -2.4300875e+00 -2.3958075e+00 -2.1217184e+00 -3.0335557e+00 -2.1363286e+00 -1.9826959e+00 -2.2777439e+00 -3.0563901e+00
-1.2025000e+00 -3.4120205e+00 -2.9014207e+00 -2.3932704e+00 -2.6907790e+00 -2.0633712e+00 -2.7679978e+00 -2.4055569e+00 -2.0254613e+00 -2.1710741e+00 -2.7079712e+00
-1.1950000e+00 -3.2922054e+00 -2.8481761e+00 -2.4687268e+00 -2.7665589e+00 -2.1118906e+00 -2.4059505e+00 -2.8325920e+00 -2.1367144e+00 -2.1289359e+00 -2.4967402e+00
-1.1875000e+00 -3.2658609e+00 -2.8226018e+00 -2.6322487e+00 -2.5416907e+00 -2.2762889e+00 -2.1956683e+00 -3.2074910e+00 -2.3363864e+00 -2.1471620e+00 -2.3729597e+00
-1.1800000e+00 -3.3967405e+00 -2.8680388e+00 -2.7772304e+00 -2.3624913e+00 -2.5734328e+00 -2.1111298e+00 -2.8303296e+00 -2.6675369e+00 -2.2301559e+00 -2.3164911e+00
-1.1725000e+00 -3.5290258e+00 -2.9860517e+00 -2.7578077e+00 -2.3181644e+00 -2.8927927e+00 -2.1377153e+00 -2.4611507e+00 -3.1857313e+00 -2.3927624e+00 -2.3208478e+00
-1.1650000e+00 -3.4605706e+00 -3.0877574e+00 -2.6640313e+00 -2.4119190e+00 -2.7653235e+00 -2.2825689e+00 -2.2599710e+00 -3.2924782e+00 -2.6689900e+00 -2.3885427e+00
-1.1575000e+00 -3.4084905e+00 -3.0433785e+00 -2.6350586e+00 -2.6276767e+00 -2.4788136e+00 -2.5729136e+00 -2.1865630e+00 -2.7954466e+00 -3.1311872e+00 -2.5319244e+00
-1.1500000e+00 -3.5021697e+00 -2.9655422e+00 -2.6971490e+00 -2.8201975e+00 -2.3343926e+00 -2.9769566e+00 -2.2268836e+00 -2.4819104e+00 -3.6188241e+00 -2.7804632e+00
-1.1425000e+00 -3.6148477e+00 -3.0148151e+00 -2.8068620e+00 -2.7366703e+00 -2.3465718e+00 -2.9371184e+00 -2.3921839e+00 -2.3279173e+00 -3.1445776e+00 -3.2023745e+00
-1.1350000e+00 -3.5729535e+00 -3.1887260e+00 -2.8764732e+00 -2.5826486e+00 -2.5158284e+00 -2.5850013e+00 -2.7201644e+00 -2.2960258e+00 -2.7332764e+00 -3.8222401e+00
-1.1275000e+00 -3.5417563e+00 -3.2198193e+00 -2.8665323e+00 -2.5538897e+00 -2.8132880e+00 -2.3907681e+00 -3.1705689e+00 -2.3813669e+00 -2.5183200e+00 -3.4799890e+00
-1.1200000e+00 -3.6531438e+00 -3.0948067e+00 -2.8343490e+00 -2.6666442e+00 -2.9209123e+00 -2.3688655e+00 -3.0191807e+00 -2.6075106e+00 -2.4387770e+00 -2.9936189e+00
-1.1125000e+00 -3.7199206e+00 -3.1328418e+00 -2.8447668e+00 -2.8348190e+00 -2.6926283e+00 -2.5169341e+00 -2.6371236e+00 -3.0299372e+00 -2.4767741e+00 -2.7368009e+00
-1.1050000e+00 -3.6336279e+00 -3.3209029e+00 -2.9290446e+00 -2.8575459e+00 -2.5485338e+00 -2.8411971e+00 -2.4533714e+00 -3.4063867e+00 -2.6449828e+00 -2.6279013e+00
-1.0975000e+00 -3.7216065e+00 -3.2883533e+00 -3.0324167e+00 -2.7726173e+00 -2.5892421e+00 -3.0735526e+00 -2.4504936e+00 -2.9863639e+00 -2.9939540e+00 -2.6390619e+00
-1.0900000e+00 -3.8146369e+00 -3.2051732e+00 -3.0064419e+00 -2.7620438e+00 -2.7969137e+00 -2.8060709e+00 -2.6297710e+00 -2.6548904e+00 -3.5478644e+00 -2.7764479e+00
-1.0825000e+00 -3.7199364e+00 -3.3325760e+00 -2.9438448e+00 -2.8443274e+00 -2.9740558e+00 -2.5954677e+00 -3.0103544e+00 -2.5359508e+00 -3.3574273e+00 -3.0837651e+00
-1.0750000e+00 -3.8413410e+00 -3.4078991e+00 -3.0333756e+00 -2.9281679e+00 -2.8527466e+00 -2.5977688e+00 -3.2136152e+00 -2.6000060e+00 -2.9058724e+00 -3.6469451e+00
-1.0675000e+00 -3.8583594e+00 -3.3287523e+00 -3.1833811e+00 -2.9453139e+00 -2.7398219e+00 -2.8111996e+00 -2.8594766e+00 -2.8677517e+00 -2.7019793e+00 -3.7076744e+00
-1.0600000e+00 -3.8302936e+00 -3.3936358e+00 -3.0871058e+00 -2.9347285e+00 -2.8025434e+00 -3.0912203e+00 -2.6521483e+00 -3.3350171e+00 -2.6933326e+00 -3.1721259e+00
-1.0525000e+00 -3.9484802e+00 -3.4813695e+00 -3.0592171e+00 -2.9403919e+00 -2.9713499e+00 -2.9620911e+00 -2.6821013e+00 -3.2441931e+00 -2.8804612e+00 -2.9100891e+00
-1.0450000e+00 -3.9029559e+00 -3.4421241e+00 -3.2523148e+00 -3.0035716e+00 -3.0007808e+00 -2.7728503e+00 -2.9491735e+00 -2.8616284e+00 -3.3179305e+00 -2.8579395e+00
-1.0375000e+00 -3.9704735e+00 -3.4751158e+00 -3.2211677e+00 -3.0944012e+00 -2.9231812e+00 -2.8081020e+00 -3.2594794e+00 -2.7348216e+00 -3.6041268e+00 -3.0000308e+00
-1.0300000e+00 -4.0001502e+00 -3.5765864e+00 -3.1465303e+00 -3.0592754e+00 -2.9451337e+00 -3.0362485e+00 -3.0245764e+00 -2.8597087e+00 -3.1360349e+00 -3.3920312e+00
-1.0225000e+00 -4.0021841e+00 -3.5099873e+00 -3.3287657e+00 -3.0340394e+00 -3.0376955e+00 -3.1159818e+00 -2.8247925e+00 -3.2417816e+00 -2.8922174e+00 -3.8878951e+00
-1.0150000e+00 -4.0752826e+00 -3.6103746e+00 -3.2924801e+00 -3.1831974e+00 -3.0788760e+00 -2.9581287e+00 -2.8990692e+00 -3.3869015e+00 -2.9177663e+00 -3.4268477e+00
-1.0075000e+00 -4.0615646e+00 -3.6183722e+00 -3.2661449e+00 -3.1930573e+00 -3.0784137e+00 -2.9563619e+00 -3.1972236e+00 -3.0263144e+00 -3.2216975e+00 -3.1004922e+00
-1.0000000e+00 -4.1252042e+00 -3.6200525e+00 -3.4094336e+00 -3.1039610e+00 -3.0814643e+00 -3.1191874e+00 -3.2211012e+00 -2.9134055e+00 -3.6535333e+00 -3.0651795e+00
-9.9250000e-01 -4.1347444e+00 -3.7143802e+00 -3.3500754e+00 -3.2816906e+00 -3.1331405e+00 -3.1583332e+00 -3.0037212e+00 -3.1085734e+00 -3.3095238e+00 -3.3114022e+00
-9.8500000e-01 -4.1725856e+00 -3.6660769e+00 -3.4030300e+00 -3.2661200e+00 -3.2198431e+00 -3.0877707e+00 -3.0367531e+00 -3.4544884e+00 -3.0539658e+00 -3.8357559e+00
-9.7750000e-01 -4.2092710e+00 -3.7741715e+00 -3.4630857e+00 -3.2031272e+00 -3.1727064e+00 -3.1371385e+00 -3.2732618e+00 -3.2442889e+00 -3.1331560e+00 -3.6132889e+00
-9.7000000e-01 -4.2069135e+00 -3.7340306e+00 -3.4400374e+00 -3.4068915e+00 -3.1931945e+00 -3.2160873e+00 -3.2495110e+00 -3.0693721e+00 -3.5290849e+00 -3.2569492e+00
-9.6250000e-01 -4.3026718e+00 -3.8239805e+00 -3.5202364e+00 -3.2821080e+00 -3.3438758e+00 -3.2285132e+00 -3.1331988e+00 -3.2306818e+00 -3.5564133e+00 -3.2597140e+00
-9.5500000e-01 -4.2659842e+00 -3.7971066e+00 -3.5156405e+00 -3.3810678e+00 -3.2366658e+00 -3.2352535e+00 -3.2473135e+00 -3.4883440e+00 -3.2300710e+00 -3.6226818e+00
-9.4750000e-01 -4.3140827e+00 -3.8890482e+00 -3.5627643e+00 -3.4171259e+00 -3.3136127e+00 -3.2604564e+00 -3.3481284e+00 -3.2870537e+00 -3.2627017e+00 -3.8675324e+00
-9.4000000e-01 -4.3779074e+00 -3.8546028e+00 -3.5837680e+00 -3.3912698e+00 -3.4185934e+00 -3.3484530e+00 -3.2763821e+00 -3.2378406e+00 -3.6201286e+00 -3.4528808e+00
-9.3250000e-01 -4.3611988e+00 -3.9275886e+00 -3.6282216e+00 -3.4970086e+00 -3.2947648e+00 -3.3236445e+00 -3.3234207e+00 -3.4649397e+00 -3.5489500e+00 -3.3910087e+00
-9.2500000e-01 -4.3990215e+00 -3.9663234e+00 -3.6251155e+00 -3.4564549e+00 -3.5103276e+00 -3.3382910e+00 -3.3909922e+00 -3.4487978e+00 -3.3379821e+00 -3.7371244e+00
-9.1750000e-01 -4.4709581e+00 -3.9371965e+00 -3.7164023e+00 -3.5375047e+00 -3.3752460e+00 -3.4730773e+00 -3.4000075e+00 -3.3547697e+00 -3.5195928e+00 -3.8434459e+00
-9.1000000e-01 -4.4920105e+00 -4.0278699e+00 -3.6664249e+00 -3.5364834e+00 -3.5146744e+00 -3.3591584e+00 -3.4172623e+00 -3.5028719e+00 -3.7009981e+00 -3.5199552e+00
-9.0250000e-01 -4.4893176e+00 -4.0394286e+00 -3.7751073e+00 -3.5812163e+00 -3.4767134e+00 -3.5185619e+00 -3.4538974e+00 -3.5186219e+00 -3.4819386e+00 -3.6245556e+00
-8.9500000e-01 -4.5106695e+00 -4.0467861e+00 -3.7479913e+00 -3.5993957e+00 -3.5405386e+00 -3.4656026e+00 -3.5229783e+00 -3.4870136e+00 -3.5773917e+00 -3.9539173e+00
-8.8750000e-01 -4.5541565e+00 -4.1175168e+00 -3.8076935e+00 -3.6581809e+00 -3.5518577e+00 -3.5116235e+00 -3.4702091e+00 -3.5734875e+00 -3.7370118e+00 -3.6885662e+00
-8.8000000e-01 -4.5999750e+00 -4.1424945e+00 -3.8249170e+00 -3.6263178e+00 -3.5971793e+00 -3.5791811e+00 -3.6034956e+00 -3.5855187e+00 -3.5937437e+00 -3.6927781e+00
-8.7250000e-01 -4.6373808e+00 -4.1317527e+00 -3.8378127e+00 -3.7562916e+00 -3.6101101e+00 -3.5399363e+00 -3.5435041e+00 -3.6120758e+00 -3.7052003e+00 -3.9747725e+00
-8.6500000e-01 -4.6691906e+00 -4.1558319e+00 -3.9243113e+00 -3.6880183e+00 -3.6557128e+00 -3.6521667e+00 -3.6254052e+00 -3.6313226e+00 -3.7493431e+00 -3.7816497e+00
-8.5750000e-01 -4.7025243e+00 -4.2099104e+00 -3.9276643e+00 -3.7510052e+00 -3.6797006e+00 -3.6072614e+00 -3.6406223e+00 -3.7081104e+00 -3.7177332e+00 -3.8364943e+00
-8.5000000e-01 -4.7349778e+00 -4.2597503e+00 -3.9105187e+00 -3.8312184e+00 -3.7030541e+00 -3.6851925e+00 -3.6560658e+00 -3.6591958e+00 -3.8040233e+00 -3.9902929e+00
-8.4250000e-01 -4.7571697e+00 -4.2921526e+00 -3.9612862e+00 -3.7899753e+00 -3.7363644e+00 -3.7038122e+00 -3.7134007e+00 -3.7938664e+00 -3.8026820e+00 -3.8601160e+00
-8.3500000e-01 -4.7782224e+00 -4.3164274e+00 -4.0260865e+00 -3.8377946e+00 -3.8002049e+00 -3.7052806e+00 -3.7235796e+00 -3.7080774e+00 -3.8441324e+00 -4.0056401e+00
-8.2750000e-01 -4.7979825e+00 -4.3428601e+00 -4.0511485e+00 -3.8903476e+00 -3.7533986e+00 -3.7919514e+00 -3.7446329e+00 -3.8636870e+00 -3.8651408e+00 -3.9748563e+00
-8.2000000e-01 -4.8115967e+00 -4.3724445e+00 -4.0575293e+00 -3.8941998e+00 -3.8438981e+00 -3.7651877e+00 -3.8317896e+00 -3.7581701e+00 -3.9150953e+00 -4.0202166e+00
-8.1250000e-01 -4.8553060e+00 -4.3995996e+00 -4.0743767e+00 -3.9318486e+00 -3.9091835e+00 -3.8300386e+00 -3.7580688e+00 -3.9448818e+00 -3.9100857e+00 -4.0493568e+00
-8.0500000e-01 -4.9037226e+00 -4.4262056e+00 -4.1037869e+00 -3.9963207e+00 -3.8548065e+00 -3.8372468e+00 -3.9271485e+00 -3.8011066e+00 -3.9874918e+00 -4.0877375e+00
-7.9750000e-01 -4.9273268e+00 -4.4668770e+00 -4.1373959e+00 -4.0330953e+00 -3.8838058e+00 -3.8991935e+00 -3.8327212e+00 -4.0171720e+00 -3.9696811e+00 -4.0903148e+00
-7.9000000e-01 -4.9377294e+00 -4.5092734e+00 -4.1708111e+00 -4.0403771e+00 -3.9699124e+00 -3.9120841e+00 -3.9131749e+00 -3.8797140e+00 -4.0282113e+00 -4.1725195e+00
-7.8250000e-01 -4.9927092e+00 -4.5221636e+00 -4.2060445e+00 -4.0485909e+00 -4.0059991e+00 -3.8963739e+00 -3.9659143e+00 -3.9940505e+00 -4.0732241e+00 -4.1294544e+00
-7.7500000e-01 -5.0017722e+00 -4.5396356e+00 -4.2435877e+00 -4.0708949e+00 -4.0086394e+00 -3.9759334e+00 -3.9500749e+00 -4.0493109e+00 -4.0254170e+00 -4.2489525e+00
-7.6750000e-01 -5.0482540e+00 -4.5576528e+00 -4.2718080e+00 -4.1039062e+00 -4.0315840e+00 -4.0580196e+00 -4.0021896e+00 -3.9660893e+00 -4.2117343e+00 -4.1915357e+00
-7.6000000e-01 -5.0643780e+00 -4.6164015e+00 -4.2854693e+00 -4.1392050e+00 -4.0766894e+00 -4.0480264e+00 -4.0194844e+00 -4.1049851e+00 -4.0644664e+00 -4.2737421e+00
-7.5250000e-01 -5.1154832e+00 -4.6391635e+00 -4.3190300e+00 -4.1677655e+00 -4.1253942e+00 -4.0265090e+00 -4.0495000e+00 -4.1215623e+00 -4.1951364e+00 -4.3220710e+00
-7.4500000e-01 -5.1213826e+00 -4.6540480e+00 -4.3777636e+00 -4.1857908e+00 -4.1669271e+00 -4.0475344e+00 -4.1214276e+00 -4.0889718e+00 -4.2645438e+00 -4.2473777e+00
-7.3750000e-01 -5.1585534e+00 -4.7095739e+00 -4.4079934e+00 -4.2064930e+00 -4.2001251e+00 -4.0957673e+00 -4.1553228e+00 -4.1495464e+00 -4.1598841e+00 -4.4467010e+00
-7.3000000e-01 -5.2013186e+00 -4.7095334e+00 -4.4344992e+00 -4.2523888e+00 -4.2249854e+00 -4.1446609e+00 -4.1401609e+00 -4.1931980e+00 -4.2588534e+00 -4.3560578e+00
-7.2250000e-01 -5.2289760e+00 -4.7645775e+00 -4.4367377e+00 -4.3080626e+00 -4.2407930e+00 -4.1836416e+00 -4.1342046e+00 -4.2089314e+00 -4.3579349e+00 -4.3445707e+00
-7.1500000e-01 -5.2522241e+00 -4.7721866e+00 -4.5064437e+00 -4.3347031e+00 -4.2544255e+00 -4.2170066e+00 -4.1577046e+00 -4.2519202e+00 -4.3189940e+00 -4.5245551e+00
-7.0750000e-01 -5.2762778e+00 -4.8255238e+00 -4.5101983e+00 -4.3686327e+00 -4.2816371e+00 -4.2532995e+00 -4.1984122e+00 -4.3077600e+00 -4.3169397e+00 -4.5026888e+00
-7.0000000e-01 -5.3104167e+00 -4.8497109e+00 -4.5433437e+00 -4.3742683e+00 -4.3166740e+00 -4.2970950e+00 -4.2412131e+00 -4.3421459e+00 -4.3690390e+00 -4.4335633e+00
-6.5000000e-01 -5.5171746e+00 -5.0364180e+00 -4.7489528e+00 -4.6009286e+00 -4.5069342e+00 -4.4533991e+00 -4.4728509e+00 -4.4855023e+00 -4.6388949e+00 -4.6959260e+00
-6.0000000e-01 -5.7040026e+00 -5.2490363e+00 -4.9386178e+00 -4.7983687e+00 -4.6946291e+00 -4.6672502e+00 -4.6945048e+00 -4.6702602e+00 -4.7827308e+00 -4.9521036e+00
-5.5000000e-01 -5.9163816e+00 -5.4478310e+00 -5.1527444e+00 -4.9749344e+00 -4.9200173e+00 -4.8538775e+00 -4.8853011e+00 -4.8923434e+00 -5.0017112e+00 -5.0697578e+00
-5.0000000e-01 -6.1078577e+00 -5.6452469e+00 -5.3534634e+00 -5.1778777e+00 -5.1141948e+00 -5.0767923e+00 -5.0666670e+00 -5.0851149e+00 -5.1920504e+00 -5.2922836e+00
-4.0000000e-01 -6.4692106e+00 -6.0410620e+00 -5.7470776e+00 -5.5890558e+00 -5.5090175e+00 -5.4638138e+00 -5.4775326e+00 -5.5056462e+00 -5.5710162e+00 -5.7065452e+00
-2.0000000e-01 -7.4157853e+00 -6.7974938e+00 -6.5096964e+00 -6.3874775e+00 -6.3064698e+00 -6.2680296e+00 -6.2682391e+00 -6.3101546e+00 -6.3808379e+00 -6.4925168e+00
0.0000000e+00 -8.0923706e+00 -7.6027489e+00 -7.3314244e+00 -7.1630753e+00 -7.0864972e+00 -7.0883636e+00 -7.0744503e+00 -7.1044425e+00 -7.1822138e+00 -7.2991622e+00
2.0000000e-01 -8.8531647e+00 -8.4606883e+00 -8.1476341e+00 -7.9756051e+00 -7.8933039e+00 -7.9221400e+00 -7.8995773e+00 -7.8810918e+00 -7.9999061e+00 -8.1050237e+00
4.0000000e-01 -9.7695840e+00 -9.2099355e+00 -8.9820720e+00 -8.7834461e+00 -8.7038675e+00 -8.7054397e+00 -8.6606451e+00 -8.7092986e+00 -8.7811734e+00 -8.8932102e+00
6.0000000e-01 -1.0528830e+01 -1.0051352e+01 -9.7118144e+00 -9.5761734e+00 -9.4672927e+00 -9.4942784e+00 -9.4453155e+00 -9.4493767e+00 -9.5996689e+00 -9.6843740e+00
8.0000000e-01 -1.1273157e+01 -1.0827794e+01 -1.0561399e+01 -1.0391236e+01 -1.0271245e+01 -1.0268520e+01 -1.0241538e+01 -1.0360587e+01 -1.0352662e+01 -1.0453326e+01
1.0000000e+00 -1.2116909e+01 -1.1643747e+01 -1.1366795e+01 -1.1210919e+01 -1.1063325e+01 -1.1126855e+01 -1.1042597e+01 -1.1080882e+01 -1.1219455e+01 -1.1335169e+01
1.2000000e+00 -1.2875460e+01 -1.2505560e+01 -1.2153069e+01 -1.1957162e+01 -1.1944719e+01 -1.1872037e+01 -1.1892667e+01 -1.1915612e+01 -1.2016122e+01 -1.2104477e+01
1.4000000e+00 -1.3701663e+01 -1.3252411e+01 -1.2916554e+01 -1.2743171e+01 -1.2709161e+01 -1.2628659e+01 -1.2702624e+01 -1.2692130e+01 -1.2758874e+01 -1.2923529e+01
1.6000000e+00 -1.4507860e+01 -1.4050148e+01 -1.3760431e+01 -1.3541215e+01 -1.3506662e+01 -1.3477217e+01 -1.3479129e+01 -1.3462662e+01 -1.3619250e+01 -1.3739481e+01
1.8000000e+00 -1.5360743e+01 -1.4857395e+01 -1.4536148e+01 -1.4400513e+01 -1.4286706e+01 -1.4305225e+01 -1.4291498e+01 -1.4319211e+01 -1.4419930e+01 -1.4515343e+01
2.0000000e+00 -1.6213231e+01 -1.5643330e+01 -1.5430122e+01 -1.5213246e+01 -1.5106836e+01 -1.5044219e+01 -1.5074587e+01 -1.5102077e+01 -1.5158952e+01 -1.5320337e+01
