########################################################################
# Reference Counts for Solar Model AGSS09ph                            #
# Column 1: log10(Axion mass in eV)                                    #
#        n>1: log10(Reference photon counts in energy bin n-1)         #
########################################################################
-3.0000000e+00 -3.7870491e-01 -7.6085032e-02 8.1306580e-02 1.2193530e-01 9.2404425e-02 3.7605274e-02 -4.7821875e-02 -1.6107452e-01 -3.0879875e-01 -4.9292385e-01
-2.8000000e+00 -3.7872529e-01 -7.6098922e-02 8.1296563e-02 1.2192774e-01 9.2398536e-02 3.7600559e-02 -4.7825736e-02 -1.6107774e-01 -3.0880147e-01 -4.9292619e-01
-2.6000000e+00 -3.7885388e-01 -7.6186566e-02 8.1233360e-02 1.2188004e-01 9.2361382e-02 3.7570811e-02 -4.7850101e-02 -1.6109805e-01 -3.0881868e-01 -4.9294094e-01
-2.4000000e+00 -3.7966543e-01 -7.6739640e-02 8.0834532e-02 1.2157901e-01 9.2126940e-02 3.7383102e-02 -4.8003836e-02 -1.6122621e-01 -3.0892725e-01 -4.9303401e-01
-2.2000000e+00 -3.8479249e-01 -8.0232411e-02 7.8316462e-02 1.1967874e-01 9.0647140e-02 3.6198373e-02 -4.8974089e-02 -1.6203501e-01 -3.0961241e-01 -4.9362135e-01
-2.1500000e+00 -3.8836276e-01 -8.2663238e-02 7.6564605e-02 1.1835700e-01 8.9618018e-02 3.5374549e-02 -4.9648718e-02 -1.6259734e-01 -3.1008876e-01 -4.9402967e-01
-2.1000000e+00 -3.9403259e-01 -8.6521191e-02 7.3785287e-02 1.1626056e-01 8.7985988e-02 3.4068246e-02 -5.0718356e-02 -1.6348886e-01 -3.1084394e-01 -4.9467698e-01
-2.0500000e+00 -4.0304734e-01 -9.2649145e-02 6.9373272e-02 1.1293387e-01 8.5396921e-02 3.1996304e-02 -5.2414687e-02 -1.6490258e-01 -3.1204134e-01 -4.9570328e-01
-2.0000000e+00 -4.1740765e-01 -1.0239552e-01 6.2362780e-02 1.0765116e-01 8.1287292e-02 2.8708493e-02 -5.5105880e-02 -1.6714504e-01 -3.1394045e-01 -4.9733085e-01
-1.9500000e+00 -4.4035392e-01 -1.1792961e-01 5.1206445e-02 9.9252700e-02 7.4758218e-02 2.3487558e-02 -5.9377916e-02 -1.7070382e-01 -3.1695371e-01 -4.9991286e-01
-1.9000000e+00 -4.7720513e-01 -1.4277302e-01 3.3408897e-02 8.5876104e-02 6.4370403e-02 1.5187365e-02 -6.6165775e-02 -1.7635601e-01 -3.2173795e-01 -5.0401135e-01
-1.8500000e+00 -5.3688887e-01 -1.8272839e-01 4.9031188e-03 6.4506899e-02 4.7805061e-02 1.9674649e-03 -7.6967268e-02 -1.8534427e-01 -3.2934204e-01 -5.1052286e-01
-1.8475000e+00 -5.4071086e-01 -1.8527489e-01 3.0913675e-03 6.3151079e-02 4.6755262e-02 1.1303603e-03 -7.7650832e-02 -1.8591283e-01 -3.2982289e-01 -5.1093450e-01
-1.8400000e+00 -5.5276313e-01 -1.9329525e-01 -2.6108913e-03 5.8885663e-02 4.3453552e-02 -1.5018739e-03 -7.9799950e-02 -1.8770019e-01 -3.3133436e-01 -5.1222837e-01
-1.8325000e+00 -5.6575208e-01 -2.0192224e-01 -8.7376446e-03 5.4305862e-02 3.9910123e-02 -4.3259112e-03 -8.2105136e-02 -1.8961701e-01 -3.3295511e-01 -5.1361564e-01
-1.8250000e+00 -5.7975725e-01 -2.1120455e-01 -1.5321877e-02 4.9387748e-02 3.6106829e-02 -7.3560098e-03 -8.4577910e-02 -1.9167281e-01 -3.3469311e-01 -5.1510310e-01
-1.8175000e+00 -5.9486607e-01 -2.2119526e-01 -2.2399358e-02 4.4105448e-02 3.2024095e-02 -1.0607532e-02 -8.7230671e-02 -1.9387780e-01 -3.3655697e-01 -5.1669808e-01
-1.8100000e+00 -6.1117495e-01 -2.3195232e-01 -3.0008916e-02 3.8430973e-02 2.7640787e-02 -1.4097034e-02 -9.0076770e-02 -1.9624299e-01 -3.3855590e-01 -5.1840844e-01
-1.8025000e+00 -6.2879038e-01 -2.4353906e-01 -3.8192743e-02 3.2334017e-02 2.2934081e-02 -1.7842371e-02 -9.3130584e-02 -1.9878021e-01 -3.4069985e-01 -5.2024262e-01
-1.7950000e+00 -6.4783036e-01 -2.5602483e-01 -4.6996734e-02 2.5781746e-02 1.7879308e-02 -2.1862805e-02 -9.6407605e-02 -2.0150220e-01 -3.4299950e-01 -5.2220970e-01
-1.7875000e+00 -6.6842601e-01 -2.6948569e-01 -5.6470879e-02 1.8738548e-02 1.2449792e-02 -2.6179125e-02 -9.9924532e-02 -2.0442267e-01 -3.4546633e-01 -5.2431946e-01
-1.7800000e+00 -6.9072350e-01 -2.8400526e-01 -6.6669695e-02 1.1165765e-02 6.6166607e-03 -3.0813785e-02 -1.0369937e-01 -2.0755641e-01 -3.4811272e-01 -5.2658240e-01
-1.7725000e+00 -7.1488641e-01 -2.9967563e-01 -7.7652725e-02 3.0213921e-03 3.4864528e-04 -3.5791049e-02 -1.0775156e-01 -2.1091935e-01 -3.5095199e-01 -5.2900982e-01
-1.7650000e+00 -7.4109851e-01 -3.1659848e-01 -8.9485105e-02 -5.7402707e-03 -6.3881498e-03 -4.1137154e-02 -1.1210206e-01 -2.1452864e-01 -3.5399848e-01 -5.3161388e-01
-1.7575000e+00 -7.6956720e-01 -3.3488640e-01 -1.0223821e-01 -1.5168999e-02 -1.3630500e-02 -4.6880492e-02 -1.1677352e-01 -2.1840281e-01 -3.5726765e-01 -5.3440767e-01
-1.7500000e+00 -8.0052772e-01 -3.5466438e-01 -1.1599040e-01 -2.5319080e-02 -2.1418345e-02 -5.3051809e-02 -1.2179044e-01 -2.2256184e-01 -3.6077616e-01 -5.3740531e-01
-1.7425000e+00 -8.3424838e-01 -3.7607166e-01 -1.3082789e-01 -3.6249812e-02 -2.9795107e-02 -5.9684427e-02 -1.2717927e-01 -2.2702731e-01 -3.6454197e-01 -5.4062199e-01
-1.7350000e+00 -8.7103714e-01 -3.9926387e-01 -1.4684575e-01 -4.8026065e-02 -3.8808050e-02 -6.6814496e-02 -1.3296869e-01 -2.3182252e-01 -3.6858447e-01 -5.4407408e-01
-1.7275000e+00 -9.1124992e-01 -4.2441571e-01 -1.6414906e-01 -6.0718929e-02 -4.8508686e-02 -7.4481269e-02 -1.3918970e-01 -2.3697267e-01 -3.7292459e-01 -5.4777924e-01
-1.7200000e+00 -9.5530133e-01 -4.5172409e-01 -1.8285432e-01 -7.4406462e-02 -5.8953233e-02 -8.2727412e-02 -1.4587596e-01 -2.4250503e-01 -3.7758491e-01 -5.5175652e-01
-1.7125000e+00 -1.0036787e+00 -4.8141205e-01 -2.0309105e-01 -8.9174545e-02 -7.0203140e-02 -9.1599360e-02 -1.5306396e-01 -2.4844908e-01 -3.8258988e-01 -5.5602648e-01
-1.7050000e+00 -1.0569603e+00 -5.1373367e-01 -2.2500376e-01 -1.0511789e-01 -8.2325683e-02 -1.0114771e-01 -1.6079332e-01 -2.5483681e-01 -3.8796590e-01 -5.6061134e-01
-1.6975000e+00 -1.1158406e+00 -5.4898009e-01 -2.4875429e-01 -1.2234121e-01 -9.5394653e-02 -1.1142766e-01 -1.6910714e-01 -2.6170288e-01 -3.9374155e-01 -5.6553508e-01
-1.6900000e+00 -1.1811636e+00 -5.8748728e-01 -2.7452463e-01 -1.4096059e-01 -1.0949114e-01 -1.2249955e-01 -1.7805233e-01 -2.6908490e-01 -3.9994782e-01 -5.7082365e-01
-1.6825000e+00 -1.2539703e+00 -6.2964591e-01 -3.0252035e-01 -1.6110514e-01 -1.2470447e-01 -1.3442939e-01 -1.8767998e-01 -2.7702376e-01 -4.0661824e-01 -5.7650513e-01
-1.6750000e+00 -1.3355649e+00 -6.7591427e-01 -3.3297493e-01 -1.8291890e-01 -1.4113326e-01 -1.4728959e-01 -1.9804589e-01 -2.8556391e-01 -4.1378925e-01 -5.8260992e-01
-1.6675000e+00 -1.4276104e+00 -7.2683533e-01 -3.6615504e-01 -2.0656323e-01 -1.5888665e-01 -1.6115969e-01 -2.0921103e-01 -2.9475378e-01 -4.2150038e-01 -5.8917097e-01
-1.6600000e+00 -1.5322675e+00 -7.8305967e-01 -4.0236725e-01 -2.3221961e-01 -1.7808584e-01 -1.7612727e-01 -2.2124215e-01 -3.0464614e-01 -4.2979463e-01 -5.9622402e-01
-1.6525000e+00 -1.6523946e+00 -8.4537684e-01 -4.4196658e-01 -2.6009312e-01 -1.9886579e-01 -1.9228895e-01 -2.3421246e-01 -3.1529867e-01 -4.3871880e-01 -6.0380789e-01
-1.6450000e+00 -1.7918221e+00 -9.1475922e-01 -4.8536762e-01 -2.9041670e-01 -2.2137738e-01 -2.0975169e-01 -2.4820242e-01 -3.2677440e-01 -4.4832389e-01 -6.1196475e-01
-1.6375000e+00 -1.9556469e+00 -9.9242460e-01 -5.3305902e-01 -3.2345651e-01 -2.4578988e-01 -2.2863413e-01 -2.6330064e-01 -3.3914242e-01 -4.5866558e-01 -6.2074052e-01
-1.6300000e+00 -2.1501194e+00 -1.0799276e+00 -5.8562297e-01 -3.5951869e-01 -2.7229412e-01 -2.4906836e-01 -2.7960496e-01 -3.5247854e-01 -4.6980471e-01 -6.3018521e-01
-1.6225000e+00 -2.3797843e+00 -1.1792967e+00 -6.4376157e-01 -3.9895788e-01 -3.0110623e-01 -2.7120192e-01 -2.9722367e-01 -3.6686617e-01 -4.8180788e-01 -6.4035339e-01
-1.6150000e+00 -2.6307386e+00 -1.2932436e+00 -7.0833354e-01 -4.4218850e-01 -3.3247234e-01 -2.9520027e-01 -3.1627698e-01 -3.8239723e-01 -4.9474818e-01 -6.5130468e-01
-1.6075000e+00 -2.8126537e+00 -1.4254886e+00 -7.8040627e-01 -4.8969934e-01 -3.6667455e-01 -3.2124977e-01 -3.3689878e-01 -3.9917333e-01 -5.0870589e-01 -6.6310435e-01
-1.6000000e+00 -2.7727644e+00 -1.5812579e+00 -8.6133159e-01 -5.4207327e-01 -4.0403837e-01 -3.4956131e-01 -3.5923872e-01 -4.1730704e-01 -5.2376946e-01 -6.7582394e-01
-1.5925000e+00 -2.5736856e+00 -1.7679439e+00 -9.5285938e-01 -6.0001399e-01 -4.4494240e-01 -3.8037489e-01 -3.8346470e-01 -4.3692352e-01 -5.4003654e-01 -6.8954205e-01
-1.5850000e+00 -2.3631483e+00 -1.9953049e+00 -1.0573129e+00 -6.6438346e-01 -4.8983091e-01 -4.1396522e-01 -4.0976599e-01 -4.5816231e-01 -5.5761521e-01 -7.0434521e-01
-1.5775000e+00 -2.1869812e+00 -2.2702016e+00 -1.1778690e+00 -7.3625510e-01 -5.3923059e-01 -4.5064897e-01 -4.3835694e-01 -4.8117964e-01 -5.7662549e-01 -7.2032889e-01
-1.5700000e+00 -2.0473278e+00 -2.5554743e+00 -1.3190186e+00 -8.1699191e-01 -5.9377312e-01 -4.9079398e-01 -4.6948167e-01 -5.0615111e-01 -5.9720101e-01 -7.3759873e-01
-1.5625000e+00 -1.9389085e+00 -2.6518182e+00 -1.4873384e+00 -9.0836447e-01 -6.5422634e-01 -5.3483128e-01 -5.0341993e-01 -5.3327498e-01 -6.1949119e-01 -7.5627193e-01
-1.5550000e+00 -1.8568262e+00 -2.4546885e+00 -1.6927157e+00 -1.0127356e+00 -7.2153822e-01 -5.8327102e-01 -5.4049454e-01 -5.6277633e-01 -6.4366367e-01 -7.7647893e-01
-1.5475000e+00 -1.7976140e+00 -2.1967893e+00 -1.9495125e+00 -1.1333607e+00 -7.9690047e-01 -6.3672394e-01 -5.8108097e-01 -5.9491205e-01 -6.6990742e-01 -7.9836540e-01
-1.5400000e+00 -1.7590861e+00 -1.9816533e+00 -2.2699262e+00 -1.2748977e+00 -8.8184350e-01 -6.9593091e-01 -6.2561982e-01 -6.2997735e-01 -6.9843651e-01 -8.2209469e-01
-1.5325000e+00 -1.7400829e+00 -1.8142008e+00 -2.5853358e+00 -1.4443086e+00 -9.7838287e-01 -7.6180447e-01 -6.7463351e-01 -6.6831391e-01 -7.2949475e-01 -8.4785075e-01
-1.5250000e+00 -1.7402953e+00 -1.6853284e+00 -2.5677327e+00 -1.6524797e+00 -1.0892545e+00 -8.3548886e-01 -7.2874868e-01 -7.1032049e-01 -7.6336159e-01 -8.7584171e-01
-1.5175000e+00 -1.7601849e+00 -1.5873038e+00 -2.2691835e+00 -1.9167775e+00 -1.2183098e+00 -9.1844925e-01 -7.8872730e-01 -7.5646693e-01 -8.0035954e-01 -9.0630434e-01
-1.5100000e+00 -1.8009936e+00 -1.5149241e+00 -1.9912066e+00 -2.2597857e+00 -1.3712149e+00 -1.0126092e+00 -8.5551048e-01 -8.0731277e-01 -8.4086380e-01 -9.3950963e-01
-1.5025000e+00 -1.8648392e+00 -1.4649340e+00 -1.7782667e+00 -2.6367898e+00 -1.5567559e+00 -1.1205707e+00 -9.3028226e-01 -8.6353275e-01 -8.8531481e-01 -9.7576990e-01
-1.4950000e+00 -1.9548871e+00 -1.4354814e+00 -1.6169942e+00 -2.6343638e+00 -1.7893670e+00 -1.2459844e+00 -1.0145649e+00 -9.2595229e-01 -9.3423488e-01 -1.0154478e+00
-1.4875000e+00 -2.0755273e+00 -1.4257799e+00 -1.4945147e+00 -2.2840267e+00 -2.0934810e+00 -1.3942067e+00 -1.1103672e+00 -9.9559828e-01 -9.8825087e-01 -1.0589682e+00
-1.4800000e+00 -2.2321564e+00 -1.4359408e+00 -1.4024476e+00 -1.9792088e+00 -2.4987184e+00 -1.5735440e+00 -1.2204238e+00 -1.0737737e+00 -1.0481253e+00 -1.1068339e+00
-1.4725000e+00 -2.4286231e+00 -1.4669373e+00 -1.3356264e+00 -1.7537667e+00 -2.8460606e+00 -1.7977707e+00 -1.3486037e+00 -1.1621708e+00 -1.1148008e+00 -1.1596467e+00
-1.4650000e+00 -2.6539024e+00 -1.5206922e+00 -1.2909826e+00 -1.5857248e+00 -2.5888938e+00 -2.0913320e+00 -1.5006487e+00 -1.2630509e+00 -1.1894642e+00 -1.2181364e+00
-1.4575000e+00 -2.8373369e+00 -1.6003031e+00 -1.2668857e+00 -1.4590391e+00 -2.2028771e+00 -2.4953306e+00 -1.6856087e+00 -1.3795402e+00 -1.2736432e+00 -1.2832022e+00
-1.4500000e+00 -2.8422619e+00 -1.7104324e+00 -1.2627935e+00 -1.3640603e+00 -1.9196783e+00 -2.9565325e+00 -1.9188683e+00 -1.5161498e+00 -1.3693572e+00 -1.3559715e+00
-1.4425000e+00 -2.6884304e+00 -1.8578253e+00 -1.2791048e+00 -1.2950465e+00 -1.7143952e+00 -2.7872393e+00 -2.2288997e+00 -1.6797475e+00 -1.4793623e+00 -1.4378889e+00
-1.4350000e+00 -2.5144319e+00 -2.0513302e+00 -1.3171675e+00 -1.2486416e+00 -1.5617327e+00 -2.3485431e+00 -2.6674871e+00 -1.8815373e+00 -1.6075719e+00 -1.5308530e+00
-1.4275000e+00 -2.3798871e+00 -2.2970493e+00 -1.3794414e+00 -1.2230622e+00 -1.4470624e+00 -2.0332931e+00 -3.1541597e+00 -2.1414955e+00 -1.7598279e+00 -1.6374372e+00
-1.4200000e+00 -2.2945050e+00 -2.5639963e+00 -1.4698633e+00 -1.2176857e+00 -1.3619854e+00 -1.8099457e+00 -2.8586665e+00 -2.4989549e+00 -1.9454304e+00 -1.7612658e+00
-1.4125000e+00 -2.2572067e+00 -2.6824705e+00 -1.5945119e+00 -1.2328781e+00 -1.3016070e+00 -1.6457569e+00 -2.4035337e+00 -3.0219899e+00 -2.1804963e+00 -1.9076935e+00
-1.4050000e+00 -2.2667523e+00 -2.5284377e+00 -1.7626755e+00 -1.2699973e+00 -1.2631576e+00 -1.5228852e+00 -2.0935482e+00 -3.3297451e+00 -2.4962069e+00 -2.0851383e+00
-1.3975000e+00 -2.3236688e+00 -2.3024700e+00 -1.9877926e+00 -1.3315713e+00 -1.2453010e+00 -1.4314349e+00 -1.8755130e+00 -2.8048231e+00 -2.9586622e+00 -2.3079676e+00
-1.3900000e+00 -2.4297100e+00 -2.1229835e+00 -2.2814435e+00 -1.4217116e+00 -1.2478052e+00 -1.3657275e+00 -1.7154784e+00 -2.3945166e+00 -3.5544052e+00 -2.6035832e+00
-1.3825000e+00 -2.5841647e+00 -2.0039686e+00 -2.5867460e+00 -1.5469147e+00 -1.2714380e+00 -1.3225345e+00 -1.5959085e+00 -2.1201435e+00 -3.1972551e+00 -3.0316824e+00
-1.3750000e+00 -2.7696533e+00 -1.9407499e+00 -2.6071607e+00 -1.7175313e+00 -1.3180433e+00 -1.3002172e+00 -1.5072172e+00 -1.9247974e+00 -2.6923116e+00 -3.6789996e+00
-1.3675000e+00 -2.9172961e+00 -1.9296001e+00 -2.3412571e+00 -1.9500639e+00 -1.3908250e+00 -1.2983162e+00 -1.4439467e+00 -1.7804414e+00 -2.3679543e+00 -3.5581962e+00
-1.3600000e+00 -2.9242355e+00 -1.9702905e+00 -2.0897223e+00 -2.2660772e+00 -1.4949522e+00 -1.3173997e+00 -1.4030267e+00 -1.6726860e+00 -2.1439758e+00 -2.9795513e+00
-1.3525000e+00 -2.8161459e+00 -2.0660351e+00 -1.9138657e+00 -2.6309233e+00 -1.6387512e+00 -1.3591046e+00 -1.3829452e+00 -1.5935978e+00 -1.9807968e+00 -2.6175588e+00
-1.3450000e+00 -2.7024237e+00 -2.2220367e+00 -1.8057405e+00 -2.6702559e+00 -1.8360350e+00 -1.4263868e+00 -1.3833597e+00 -1.5386687e+00 -1.8592680e+00 -2.3737040e+00
-1.3375000e+00 -2.6369939e+00 -2.4364548e+00 -1.7561672e+00 -2.3482036e+00 -2.1101064e+00 -1.5240811e+00 -1.4049657e+00 -1.5054397e+00 -1.7692051e+00 -2.1981365e+00
-1.3300000e+00 -2.6330558e+00 -2.6569489e+00 -1.7613771e+00 -2.0658346e+00 -2.4901815e+00 -1.6600389e+00 -1.4495637e+00 -1.4928480e+00 -1.7048854e+00 -2.0678780e+00
-1.3225000e+00 -2.6914534e+00 -2.7165568e+00 -1.8228086e+00 -1.8754094e+00 -2.8478907e+00 -1.8474659e+00 -1.5203490e+00 -1.5009394e+00 -1.6631073e+00 -1.9710590e+00
-1.3150000e+00 -2.8058543e+00 -2.5748363e+00 -1.9469833e+00 -1.7593159e+00 -2.6392843e+00 -2.1097447e+00 -1.6225541e+00 -1.5308118e+00 -1.6422881e+00 -1.9010954e+00
-1.3075000e+00 -2.9506547e+00 -2.4105311e+00 -2.1446146e+00 -1.7049255e+00 -2.2699184e+00 -2.4863519e+00 -1.7647694e+00 -1.5847614e+00 -1.6420472e+00 -1.8542843e+00
-1.3000000e+00 -3.0579417e+00 -2.3104286e+00 -2.4166767e+00 -1.7073644e+00 -2.0113026e+00 -2.9435295e+00 -1.9617644e+00 -1.6666945e+00 -1.6630638e+00 -1.8287100e+00
-1.2925000e+00 -3.0554131e+00 -2.2887523e+00 -2.6596962e+00 -1.7681361e+00 -1.8465901e+00 -2.8337384e+00 -2.2407630e+00 -1.7830008e+00 -1.7071418e+00 -1.8237349e+00
-1.2850000e+00 -2.9780550e+00 -2.3456661e+00 -2.5998519e+00 -1.8951658e+00 -1.7532633e+00 -2.4090507e+00 -2.6514640e+00 -1.9443932e+00 -1.7775094e+00 -1.8398012e+00
-1.2775000e+00 -2.9130183e+00 -2.4767146e+00 -2.3656907e+00 -2.1037868e+00 -1.7204597e+00 -2.1137488e+00 -3.1432621e+00 -2.1700449e+00 -1.8794907e+00 -1.8784505e+00
-1.2700000e+00 -2.9086163e+00 -2.6543575e+00 -2.1871257e+00 -2.4088237e+00 -1.7456538e+00 -1.9267559e+00 -2.9095348e+00 -2.4974252e+00 -2.0219186e+00 -1.9425676e+00
-1.2625000e+00 -2.9814603e+00 -2.7813443e+00 -2.1028929e+00 -2.7162045e+00 -1.8332999e+00 -1.8175149e+00 -2.4631411e+00 -2.9933482e+00 -2.2202714e+00 -2.0369580e+00
-1.2550000e+00 -3.1211206e+00 -2.7530461e+00 -2.1115856e+00 -2.6351940e+00 -1.9960178e+00 -1.7715335e+00 -2.1737324e+00 -3.3536590e+00 -2.5043407e+00 -2.1695701e+00
-1.2475000e+00 -3.2461997e+00 -2.6492726e+00 -2.2135682e+00 -2.3433268e+00 -2.2573534e+00 -1.7844062e+00 -1.9936996e+00 -2.8589207e+00 -2.9368846e+00 -2.3541915e+00
-1.2400000e+00 -3.2247422e+00 -2.5847681e+00 -2.4077808e+00 -2.1372526e+00 -2.6333373e+00 -1.8593519e+00 -1.8908486e+00 -2.4575332e+00 -3.5334002e+00 -2.6170435e+00
-1.2325000e+00 -3.1215105e+00 -2.5961597e+00 -2.6421349e+00 -2.0413156e+00 -2.8699171e+00 -2.0081451e+00 -1.8511594e+00 -2.2094882e+00 -3.2513452e+00 -3.0146201e+00
-1.2250000e+00 -3.0885033e+00 -2.6797117e+00 -2.7083185e+00 -2.0473473e+00 -2.5804840e+00 -2.2555694e+00 -1.8709748e+00 -2.0587549e+00 -2.7483780e+00 -3.6397936e+00
-1.2175000e+00 -3.1830313e+00 -2.8019828e+00 -2.5549727e+00 -2.1568234e+00 -2.2767764e+00 -2.6391951e+00 -1.9546251e+00 -1.9794399e+00 -2.4425630e+00 -3.6125408e+00
-1.2100000e+00 -3.3598498e+00 -2.8900969e+00 -2.4138535e+00 -2.3783484e+00 -2.1036116e+00 -3.0143208e+00 -2.1160292e+00 -1.9614846e+00 -2.2555768e+00 -3.0333040e+00
-1.2025000e+00 -3.3973280e+00 -2.8860547e+00 -2.3769009e+00 -2.6733425e+00 -2.0451869e+00 -2.7490915e+00 -2.3851821e+00 -2.0042175e+00 -2.1488745e+00 -2.6848097e+00
-1.1950000e+00 -3.2774556e+00 -2.8326657e+00 -2.4522395e+00 -2.7494750e+00 -2.0936273e+00 -2.3869558e+00 -2.8121161e+00 -2.1154312e+00 -2.1067078e+00 -2.4735340e+00
-1.1875000e+00 -3.2510634e+00 -2.8070002e+00 -2.6157285e+00 -2.5246797e+00 -2.2579336e+00 -2.1765848e+00 -3.1873190e+00 -2.3150483e+00 -2.1249050e+00 -2.3497215e+00
-1.1800000e+00 -3.3819498e+00 -2.8524690e+00 -2.7609001e+00 -2.3453648e+00 -2.5549832e+00 -2.0919731e+00 -2.8104108e+00 -2.6461112e+00 -2.2078655e+00 -2.2932259e+00
-1.1725000e+00 -3.5143264e+00 -2.9706002e+00 -2.7416678e+00 -2.3009076e+00 -2.8744977e+00 -2.1184868e+00 -2.4411295e+00 -3.1642230e+00 -2.3704276e+00 -2.2975560e+00
-1.1650000e+00 -3.4458560e+00 -3.0723575e+00 -2.6478020e+00 -2.3945332e+00 -2.7473827e+00 -2.2632560e+00 -2.2398676e+00 -3.2715024e+00 -2.6465859e+00 -2.3652212e+00
-1.1575000e+00 -3.3936916e+00 -3.0278672e+00 -2.6186561e+00 -2.6102113e+00 -2.4608031e+00 -2.5534944e+00 -2.1663925e+00 -2.7744572e+00 -3.1086654e+00 -2.5085644e+00
-1.1500000e+00 -3.4873770e+00 -2.9499783e+00 -2.6806488e+00 -2.8029354e+00 -2.3162569e+00 -2.9575653e+00 -2.2066456e+00 -2.4608233e+00 -3.5965696e+00 -2.7570445e+00
-1.1425000e+00 -3.6001576e+00 -2.9992874e+00 -2.7904606e+00 -2.7196532e+00 -2.3283122e+00 -2.9181835e+00 -2.3718628e+00 -2.3067605e+00 -3.1225943e+00 -3.1788494e+00
-1.1350000e+00 -3.5582071e+00 -3.1732679e+00 -2.8602735e+00 -2.5655353e+00 -2.4974402e+00 -2.5660223e+00 -2.6997298e+00 -2.2748083e+00 -2.7111853e+00 -3.7987467e+00
-1.1275000e+00 -3.5269505e+00 -3.2043509e+00 -2.8502896e+00 -2.5365988e+00 -2.7948634e+00 -2.3716667e+00 -3.1501914e+00 -2.3600831e+00 -2.4961552e+00 -3.4569791e+00
-1.1200000e+00 -3.6384080e+00 -3.0792806e+00 -2.8179255e+00 -2.6492114e+00 -2.9028616e+00 -2.3496491e+00 -2.9992637e+00 -2.5861373e+00 -2.4165545e+00 -2.9704974e+00
-1.1125000e+00 -3.7051977e+00 -3.1172990e+00 -2.8283169e+00 -2.8174703e+00 -2.6746484e+00 -2.4975921e+00 -2.6171165e+00 -3.0084414e+00 -2.4544937e+00 -2.7136028e+00
-1.1050000e+00 -3.6188398e+00 -3.3054145e+00 -2.9127367e+00 -2.8404781e+00 -2.5303962e+00 -2.8217498e+00 -2.4332481e+00 -3.3852214e+00 -2.6226291e+00 -2.6046473e+00
-1.0975000e+00 -3.7068486e+00 -3.2728978e+00 -3.0161793e+00 -2.7555004e+00 -2.5709299e+00 -3.0544378e+00 -2.4302626e+00 -2.9654032e+00 -2.9714864e+00 -2.6157550e+00
-1.0900000e+00 -3.7999121e+00 -3.1896365e+00 -2.9900579e+00 -2.7447143e+00 -2.7784861e+00 -2.7871281e+00 -2.6094155e+00 -2.6338060e+00 -3.5253785e+00 -2.7530771e+00
-1.0825000e+00 -3.7051576e+00 -3.3170268e+00 -2.9274329e+00 -2.8269190e+00 -2.9558808e+00 -2.5763758e+00 -2.9898865e+00 -2.5147630e+00 -3.3354614e+00 -3.0602955e+00
-1.0750000e+00 -3.8265806e+00 -3.3924685e+00 -3.0170518e+00 -2.9109725e+00 -2.8347684e+00 -2.5785106e+00 -3.1935668e+00 -2.5787147e+00 -2.8837970e+00 -3.6233513e+00
-1.0675000e+00 -3.8436320e+00 -3.3132303e+00 -3.1670866e+00 -2.9282207e+00 -2.7216691e+00 -2.7917844e+00 -2.8395118e+00 -2.8463281e+00 -2.6797991e+00 -3.6846496e+00
-1.0600000e+00 -3.8154985e+00 -3.3780773e+00 -3.0707316e+00 -2.9174292e+00 -2.7841806e+00 -3.0719550e+00 -2.6320297e+00 -3.3135650e+00 -2.6710595e+00 -3.1490271e+00
-1.0525000e+00 -3.9337645e+00 -3.4659395e+00 -3.0428422e+00 -2.9230248e+00 -2.9530101e+00 -2.9431485e+00 -2.6618246e+00 -3.2232456e+00 -2.8580756e+00 -2.8868833e+00
-1.0450000e+00 -3.8881741e+00 -3.4265823e+00 -3.2359849e+00 -2.9863838e+00 -2.9827579e+00 -2.7537561e+00 -2.9287348e+00 -2.8405762e+00 -3.2953978e+00 -2.8346469e+00
-1.0375000e+00 -3.9557285e+00 -3.4595948e+00 -3.2048458e+00 -3.0772411e+00 -2.9050766e+00 -2.7887903e+00 -3.2392601e+00 -2.7136219e+00 -3.5820311e+00 -2.9766391e+00
-1.0300000e+00 -3.9853910e+00 -3.5611266e+00 -3.1301488e+00 -3.0419414e+00 -2.9267871e+00 -3.0168460e+00 -3.0046291e+00 -2.8383535e+00 -3.1140059e+00 -3.3684913e+00
-1.0225000e+00 -3.9874199e+00 -3.4944401e+00 -3.3124053e+00 -3.0167676e+00 -3.0194067e+00 -3.0969549e+00 -2.8046677e+00 -3.2202905e+00 -2.8700437e+00 -3.8645804e+00
-1.0150000e+00 -4.0605389e+00 -3.5948932e+00 -3.2761836e+00 -3.1660228e+00 -3.0608382e+00 -2.9390901e+00 -2.8787327e+00 -3.3658796e+00 -2.8954541e+00 -3.4038019e+00
-1.0075000e+00 -4.0467892e+00 -3.6028616e+00 -3.2497377e+00 -3.1757774e+00 -3.0602135e+00 -2.9370641e+00 -3.1768063e+00 -3.0052836e+00 -3.1992150e+00 -3.0773018e+00
-1.0000000e+00 -4.1104681e+00 -3.6045293e+00 -3.3931162e+00 -3.0866862e+00 -3.0631249e+00 -3.0998274e+00 -3.2011231e+00 -2.8921812e+00 -3.6312247e+00 -3.0418609e+00
-9.9250000e-01 -4.1199701e+00 -3.6989031e+00 -3.3337408e+00 -3.2644683e+00 -3.1150065e+00 -3.1393195e+00 -2.9836509e+00 -3.0871445e+00 -3.2875226e+00 -3.2879267e+00
-9.8500000e-01 -4.1578322e+00 -3.6505359e+00 -3.3866240e+00 -3.2488739e+00 -3.2017040e+00 -3.0686482e+00 -3.0164232e+00 -3.4331815e+00 -3.0317894e+00 -3.8122375e+00
-9.7750000e-01 -4.1945244e+00 -3.7587089e+00 -3.4468095e+00 -3.1858518e+00 -3.1543999e+00 -3.1177720e+00 -3.2528958e+00 -3.2233131e+00 -3.1107872e+00 -3.5902662e+00
-9.7000000e-01 -4.1921385e+00 -3.7184801e+00 -3.4236208e+00 -3.3896568e+00 -3.1750261e+00 -3.1969331e+00 -3.2295348e+00 -3.0481835e+00 -3.5065678e+00 -3.2337666e+00
-9.6250000e-01 -4.2879334e+00 -3.8085220e+00 -3.5039456e+00 -3.2648710e+00 -3.3257075e+00 -3.2094544e+00 -3.1130389e+00 -3.2092490e+00 -3.5344063e+00 -3.2363544e+00
-9.5500000e-01 -4.2512108e+00 -3.7815606e+00 -3.4992464e+00 -3.3637638e+00 -3.2184069e+00 -3.2159254e+00 -3.2269100e+00 -3.4671244e+00 -3.2079479e+00 -3.5991211e+00
-9.4750000e-01 -4.2993303e+00 -3.8735687e+00 -3.5464433e+00 -3.3999429e+00 -3.2954381e+00 -3.2412777e+00 -3.3280292e+00 -3.2660382e+00 -3.2403372e+00 -3.8444124e+00
-9.4000000e-01 -4.3631714e+00 -3.8390855e+00 -3.5673983e+00 -3.3739529e+00 -3.4003857e+00 -3.3293622e+00 -3.2563000e+00 -3.2165429e+00 -3.5976500e+00 -3.4297593e+00
-9.3250000e-01 -4.3464258e+00 -3.9120808e+00 -3.6118774e+00 -3.4798255e+00 -3.2765423e+00 -3.3043412e+00 -3.3030473e+00 -3.4435270e+00 -3.5269471e+00 -3.3676632e+00
-9.2500000e-01 -4.3842525e+00 -3.9508186e+00 -3.6087650e+00 -3.4391497e+00 -3.4921352e+00 -3.3191537e+00 -3.3708602e+00 -3.4277953e+00 -3.3157804e+00 -3.7135618e+00
-9.1750000e-01 -4.4562141e+00 -3.9216745e+00 -3.7000479e+00 -3.5203058e+00 -3.3570435e+00 -3.4538884e+00 -3.3798968e+00 -3.3335392e+00 -3.4971133e+00 -3.8203757e+00
-9.1000000e-01 -4.4772580e+00 -4.0123940e+00 -3.6500649e+00 -3.5191806e+00 -3.4964349e+00 -3.3399280e+00 -3.3969160e+00 -3.4814641e+00 -3.6788648e+00 -3.4967722e+00
-9.0250000e-01 -4.4745447e+00 -4.0239111e+00 -3.7587914e+00 -3.5640167e+00 -3.4585500e+00 -3.4994231e+00 -3.4338144e+00 -3.4975940e+00 -3.4598170e+00 -3.6010870e+00
-8.9500000e-01 -4.4958932e+00 -4.0312492e+00 -3.7315929e+00 -3.5820916e+00 -3.5222683e+00 -3.4463775e+00 -3.5027409e+00 -3.4657428e+00 -3.5549430e+00 -3.9305931e+00
-8.8750000e-01 -4.5393905e+00 -4.1020222e+00 -3.7913736e+00 -3.6409745e+00 -3.5337175e+00 -3.4924407e+00 -3.4499794e+00 -3.5521716e+00 -3.7148426e+00 -3.6654629e+00
-8.8000000e-01 -4.5852224e+00 -4.1270036e+00 -3.8085799e+00 -3.6090385e+00 -3.5788987e+00 -3.5599958e+00 -3.5833786e+00 -3.5644601e+00 -3.5716011e+00 -3.6693532e+00
-8.7250000e-01 -4.6226376e+00 -4.1162350e+00 -3.8214274e+00 -3.7390556e+00 -3.5919649e+00 -3.5207207e+00 -3.5232347e+00 -3.5907052e+00 -3.6827409e+00 -3.9514152e+00
-8.6500000e-01 -4.6544510e+00 -4.1403142e+00 -3.9079716e+00 -3.6707534e+00 -3.6374604e+00 -3.6330132e+00 -3.6052731e+00 -3.6101900e+00 -3.7272599e+00 -3.7585360e+00
-8.5750000e-01 -4.6877815e+00 -4.1944135e+00 -3.9113201e+00 -3.7337703e+00 -3.6615012e+00 -3.5880213e+00 -3.6203791e+00 -3.6868605e+00 -3.6954458e+00 -3.8130205e+00
-8.5000000e-01 -4.7202308e+00 -4.2442687e+00 -3.8941527e+00 -3.8139647e+00 -3.6848777e+00 -3.6660628e+00 -3.6358920e+00 -3.6379556e+00 -3.7817050e+00 -3.9670927e+00
-8.4250000e-01 -4.7424248e+00 -4.2766694e+00 -3.9449450e+00 -3.7726847e+00 -3.7181002e+00 -3.6845483e+00 -3.6931940e+00 -3.7726980e+00 -3.7805615e+00 -3.8368862e+00
-8.3500000e-01 -4.7634722e+00 -4.3009329e+00 -4.0097696e+00 -3.8205729e+00 -3.7820453e+00 -3.6861443e+00 -3.7033733e+00 -3.6868101e+00 -3.8217301e+00 -3.9821654e+00
-8.2750000e-01 -4.7832191e+00 -4.3273530e+00 -4.0348147e+00 -3.8731338e+00 -3.7351826e+00 -3.7727281e+00 -3.7244561e+00 -3.8425208e+00 -3.8430356e+00 -3.9517526e+00
-8.2000000e-01 -4.7968308e+00 -4.3569297e+00 -4.0411682e+00 -3.8769191e+00 -3.8256779e+00 -3.7459661e+00 -3.8115569e+00 -3.7369190e+00 -3.8927145e+00 -3.9967521e+00
-8.1250000e-01 -4.8405396e+00 -4.3840888e+00 -4.0580053e+00 -3.9145591e+00 -3.8909850e+00 -3.8109222e+00 -3.7378924e+00 -3.9236860e+00 -3.8879410e+00 -4.0262011e+00
-8.0500000e-01 -4.8889764e+00 -4.4107070e+00 -4.0874207e+00 -3.9790678e+00 -3.8365808e+00 -3.8179900e+00 -3.9069548e+00 -3.7798778e+00 -3.9651428e+00 -4.0643471e+00
-7.9750000e-01 -4.9125721e+00 -4.4513812e+00 -4.1210407e+00 -4.0158577e+00 -3.8656087e+00 -3.8799927e+00 -3.8124766e+00 -3.9959586e+00 -3.9475099e+00 -4.0670943e+00
-7.9000000e-01 -4.9229604e+00 -4.4937752e+00 -4.1544639e+00 -4.0231226e+00 -3.9517484e+00 -3.8929450e+00 -3.8930590e+00 -3.8584787e+00 -4.0058940e+00 -4.1491611e+00
-7.8250000e-01 -4.9779621e+00 -4.5066708e+00 -4.1896949e+00 -4.0313175e+00 -3.9877954e+00 -3.8771640e+00 -3.9456668e+00 -3.9728656e+00 -4.0510255e+00 -4.1062229e+00
-7.7500000e-01 -4.9870111e+00 -4.5241187e+00 -4.2272247e+00 -4.0536120e+00 -3.9903877e+00 -3.9567164e+00 -3.9298327e+00 -4.0280456e+00 -4.0031475e+00 -4.2255800e+00
-7.6750000e-01 -5.0334997e+00 -4.5421347e+00 -4.2554361e+00 -4.0866197e+00 -4.0133269e+00 -4.0388354e+00 -3.9820721e+00 -3.9448713e+00 -4.1894897e+00 -4.1683181e+00
-7.6000000e-01 -5.0496139e+00 -4.6008964e+00 -4.2691061e+00 -4.1219177e+00 -4.0584535e+00 -4.0288261e+00 -3.9992957e+00 -4.0838292e+00 -4.0422162e+00 -4.2503749e+00
-7.5250000e-01 -5.1007321e+00 -4.6236678e+00 -4.3026684e+00 -4.1504831e+00 -4.1071802e+00 -4.0072929e+00 -4.0292365e+00 -4.1002701e+00 -4.1729087e+00 -4.2988347e+00
-7.4500000e-01 -5.1066167e+00 -4.6385240e+00 -4.3614047e+00 -4.1685214e+00 -4.1487239e+00 -4.0283337e+00 -4.1012102e+00 -4.0677239e+00 -4.2422632e+00 -4.2240747e+00
-7.3750000e-01 -5.1437950e+00 -4.6940761e+00 -4.3916661e+00 -4.1892331e+00 -4.1819253e+00 -4.0765963e+00 -4.1351587e+00 -4.1284071e+00 -4.1376231e+00 -4.4233986e+00
-7.3000000e-01 -5.1865706e+00 -4.6940204e+00 -4.4181425e+00 -4.2351206e+00 -4.2067916e+00 -4.1255122e+00 -4.1199829e+00 -4.1720075e+00 -4.2366675e+00 -4.3327700e+00
-7.2250000e-01 -5.2142229e+00 -4.7490822e+00 -4.4203785e+00 -4.2907968e+00 -4.2226128e+00 -4.1645002e+00 -4.1140038e+00 -4.1876470e+00 -4.3356749e+00 -4.3212899e+00
-7.1500000e-01 -5.2374647e+00 -4.7566680e+00 -4.4900953e+00 -4.3174765e+00 -4.2362559e+00 -4.1978614e+00 -4.1375021e+00 -4.2306369e+00 -4.2966652e+00 -4.5012818e+00
-7.0750000e-01 -5.2615190e+00 -4.8100225e+00 -4.4938497e+00 -4.3513885e+00 -4.2634515e+00 -4.2341434e+00 -4.1782229e+00 -4.2865329e+00 -4.2946833e+00 -4.4793507e+00
-7.0000000e-01 -5.2956560e+00 -4.8342050e+00 -4.5269914e+00 -4.3570004e+00 -4.2984486e+00 -4.2779225e+00 -4.2210387e+00 -4.3209552e+00 -4.3468651e+00 -4.4102562e+00
-6.5000000e-01 -5.5024218e+00 -5.0209067e+00 -4.7325953e+00 -4.5836886e+00 -4.4887466e+00 -4.4342042e+00 -4.4526427e+00 -4.4642477e+00 -4.6166469e+00 -4.6727121e+00
-6.0000000e-01 -5.6892417e+00 -5.2335271e+00 -4.9222595e+00 -4.7811161e+00 -4.6764152e+00 -4.6480352e+00 -4.6743121e+00 -4.6490326e+00 -4.7604281e+00 -4.9288039e+00
-5.5000000e-01 -5.9016259e+00 -5.4323282e+00 -5.1364021e+00 -4.9576800e+00 -4.9018085e+00 -4.8346763e+00 -4.8650982e+00 -4.8711195e+00 -4.9794712e+00 -5.0464691e+00
-5.0000000e-01 -6.0930986e+00 -5.6297370e+00 -5.3371165e+00 -5.1606235e+00 -5.0959831e+00 -5.0576089e+00 -5.0464870e+00 -5.0638868e+00 -5.1697777e+00 -5.2689715e+00
-4.0000000e-01 -6.4544828e+00 -6.0255524e+00 -5.7307224e+00 -5.5718023e+00 -5.4908110e+00 -5.4446156e+00 -5.4573341e+00 -5.4844380e+00 -5.5487727e+00 -5.6832528e+00
-2.0000000e-01 -7.4010621e+00 -6.7819746e+00 -6.4932961e+00 -6.3702270e+00 -6.2882615e+00 -6.2488317e+00 -6.2480352e+00 -6.2889339e+00 -6.3585973e+00 -6.4692278e+00
0.0000000e+00 -8.0776298e+00 -7.5872563e+00 -7.3150616e+00 -7.1458023e+00 -7.0682786e+00 -7.0691905e+00 -7.0542449e+00 -7.0832205e+00 -7.1599641e+00 -7.2758714e+00
2.0000000e-01 -8.8384128e+00 -8.4451810e+00 -8.1312763e+00 -7.9583570e+00 -7.8750919e+00 -7.9029392e+00 -7.8793840e+00 -7.8598667e+00 -7.9776590e+00 -8.0817582e+00
4.0000000e-01 -9.7548507e+00 -9.1944061e+00 -8.9657342e+00 -8.7661832e+00 -8.6856345e+00 -8.6862871e+00 -8.6404361e+00 -8.6881020e+00 -8.7589463e+00 -8.8699145e+00
6.0000000e-01 -1.0514089e+01 -1.0035860e+01 -9.6954703e+00 -9.5588953e+00 -9.4490715e+00 -9.4750935e+00 -9.4251195e+00 -9.4281664e+00 -9.5773941e+00 -9.6610686e+00
8.0000000e-01 -1.1258382e+01 -1.0812271e+01 -1.0545075e+01 -1.0374004e+01 -1.0253057e+01 -1.0249316e+01 -1.0221341e+01 -1.0339401e+01 -1.0330408e+01 -1.0430068e+01
1.0000000e+00 -1.2102168e+01 -1.1628214e+01 -1.1350461e+01 -1.1193663e+01 -1.1045151e+01 -1.1107689e+01 -1.1022404e+01 -1.1059681e+01 -1.1197228e+01 -1.1311891e+01
1.2000000e+00 -1.2860691e+01 -1.2490051e+01 -1.2136687e+01 -1.1939919e+01 -1.1926499e+01 -1.1852824e+01 -1.1872489e+01 -1.1894392e+01 -1.1993882e+01 -1.2081175e+01
1.4000000e+00 -1.3686877e+01 -1.3236899e+01 -1.2900198e+01 -1.2725895e+01 -1.2690923e+01 -1.2609494e+01 -1.2682432e+01 -1.2670913e+01 -1.2736626e+01 -1.2900257e+01
1.6000000e+00 -1.4493098e+01 -1.4034644e+01 -1.3744088e+01 -1.3523959e+01 -1.3488445e+01 -1.3458013e+01 -1.3458943e+01 -1.3441399e+01 -1.3596973e+01 -1.3716170e+01
1.8000000e+00 -1.5345999e+01 -1.4841880e+01 -1.4519842e+01 -1.4383258e+01 -1.4268502e+01 -1.4286031e+01 -1.4271296e+01 -1.4297991e+01 -1.4397691e+01 -1.4492038e+01
2.0000000e+00 -1.6198474e+01 -1.5627842e+01 -1.5413817e+01 -1.5196010e+01 -1.5088636e+01 -1.5025058e+01 -1.5054372e+01 -1.5080865e+01 -1.5136714e+01 -1.5297045e+01