########################################################################
# Reference Counts for Solar Model AGSS09met                           #
# Column 1: log10(Axion mass in eV)                                    #
#        n>1: log10(Reference photon counts in energy bin n-1)         #
########################################################################
-3.0000000e+00 -4.1561146e-01 -1.0065983e-01 6.2112325e-02 1.0747120e-01 7.5571737e-02 1.1391599e-02 -7.8057025e-02 -1.8974774e-01 -3.4169398e-01 -5.3822677e-01
-2.8000000e+00 -4.1563180e-01 -1.0067371e-01 6.2102311e-02 1.0746364e-01 7.5565846e-02 1.1386882e-02 -7.8060886e-02 -1.8975096e-01 -3.4169671e-01 -5.3822911e-01
-2.6000000e+00 -4.1576016e-01 -1.0076131e-01 6.2039126e-02 1.0741594e-01 7.5528676e-02 1.1357123e-02 -7.8085250e-02 -1.8977127e-01 -3.4171392e-01 -5.3824387e-01
-2.4000000e+00 -4.1657018e-01 -1.0131411e-01 6.1640415e-02 1.0711498e-01 7.5294140e-02 1.1169347e-02 -7.8238979e-02 -1.8989942e-01 -3.4182253e-01 -5.3833697e-01
-2.2000000e+00 -4.2168765e-01 -1.0480517e-01 5.9123085e-02 1.0521512e-01 7.3813739e-02 9.9841867e-03 -7.9209192e-02 -1.9070818e-01 -3.4250791e-01 -5.3892454e-01
-2.1500000e+00 -4.2525123e-01 -1.0723480e-01 5.7371743e-02 1.0389366e-01 7.2784201e-02 9.1600639e-03 -7.9883792e-02 -1.9127049e-01 -3.4298441e-01 -5.3933302e-01
-2.1000000e+00 -4.3091042e-01 -1.1109085e-01 5.4593242e-02 1.0179768e-01 7.1151509e-02 7.8532850e-03 -8.0953386e-02 -1.9216198e-01 -3.4373983e-01 -5.3998057e-01
-2.0500000e+00 -4.3990820e-01 -1.1721578e-01 5.0182527e-02 9.8471703e-02 6.8561391e-02 5.7805892e-03 -8.2649647e-02 -1.9357564e-01 -3.4493763e-01 -5.4100726e-01
-2.0000000e+00 -4.5424138e-01 -1.2695733e-01 4.3174106e-02 9.3190142e-02 6.4450091e-02 2.4915802e-03 -8.5340729e-02 -1.9581801e-01 -3.4683735e-01 -5.4263545e-01
-1.9500000e+00 -4.7714401e-01 -1.4248368e-01 3.2021080e-02 8.4793503e-02 5.7918355e-02 -2.7312605e-03 -8.9612587e-02 -1.9937664e-01 -3.4985159e-01 -5.4521845e-01
-1.9000000e+00 -5.1392439e-01 -1.6731463e-01 1.4228846e-02 7.1419825e-02 4.7526289e-02 -1.1034494e-02 -9.6400163e-02 -2.0502860e-01 -3.5463738e-01 -5.4931850e-01
-1.8500000e+00 -5.7349139e-01 -2.0724967e-01 -1.4268329e-02 5.0055318e-02 3.0954122e-02 -2.4259260e-02 -1.0720120e-01 -2.1401647e-01 -3.6224396e-01 -5.5583251e-01
-1.8475000e+00 -5.7730581e-01 -2.0979485e-01 -1.6079530e-02 4.8699798e-02 2.9903889e-02 -2.5096674e-02 -1.0788474e-01 -2.1458501e-01 -3.6272496e-01 -5.5624431e-01
-1.8400000e+00 -5.8933416e-01 -2.1781109e-01 -2.1780053e-02 4.4435326e-02 2.6600811e-02 -2.7729881e-02 -1.1003377e-01 -2.1637230e-01 -3.6423694e-01 -5.5753868e-01
-1.8325000e+00 -6.0229721e-01 -2.2643362e-01 -2.7904935e-02 3.9856541e-02 2.3055912e-02 -3.0554963e-02 -1.1233886e-01 -2.1828904e-01 -3.6585821e-01 -5.5892647e-01
-1.8250000e+00 -6.1627429e-01 -2.3571111e-01 -3.4487151e-02 3.4939520e-02 1.9251037e-02 -3.3586185e-02 -1.1481153e-01 -2.2034475e-01 -3.6759679e-01 -5.6041451e-01
-1.8175000e+00 -6.3135265e-01 -2.4569662e-01 -4.1562458e-02 2.9658397e-02 1.5166603e-02 -3.6838913e-02 -1.1746418e-01 -2.2254966e-01 -3.6946125e-01 -5.6201010e-01
-1.8100000e+00 -6.4762844e-01 -2.5644806e-01 -4.9169670e-02 2.3985188e-02 1.0781466e-02 -4.0329713e-02 -1.2031015e-01 -2.2491474e-01 -3.7146084e-01 -5.6372112e-01
-1.8025000e+00 -6.6520789e-01 -2.6802870e-01 -5.7350963e-02 1.7889598e-02 6.0727908e-03 -4.4076445e-02 -1.2336384e-01 -2.2745185e-01 -3.7360550e-01 -5.6555600e-01
-1.7950000e+00 -6.8420870e-01 -2.8050787e-01 -6.6152219e-02 1.1338798e-02 1.0158990e-03 -4.8098379e-02 -1.2664072e-01 -2.3017373e-01 -3.7590590e-01 -5.6752385e-01
-1.7875000e+00 -7.0476163e-01 -2.9396158e-01 -7.5623406e-02 4.2971868e-03 -4.4158996e-03 -5.2416313e-02 -1.3015750e-01 -2.3309408e-01 -3.7837354e-01 -5.6963442e-01
-1.7800000e+00 -7.2701247e-01 -3.0847338e-01 -8.5819023e-02 -3.2738833e-03 -1.0251490e-02 -5.7052709e-02 -1.3393218e-01 -2.3622769e-01 -3.8102081e-01 -5.7189823e-01
-1.7725000e+00 -7.5112433e-01 -3.2413530e-01 -9.6798590e-02 -1.1416408e-02 -1.6522155e-02 -6.2031842e-02 -1.3798419e-01 -2.3959048e-01 -3.8386102e-01 -5.7432659e-01
-1.7650000e+00 -7.7728047e-01 -3.4104897e-01 -1.0862722e-01 -2.0176075e-02 -2.3261808e-02 -6.7379960e-02 -1.4233451e-01 -2.4319962e-01 -3.8690852e-01 -5.7693166e-01
-1.7575000e+00 -8.0568767e-01 -3.5932687e-01 -1.2137625e-01 -2.9602645e-02 -3.0507242e-02 -7.3125466e-02 -1.4700577e-01 -2.4707363e-01 -3.9017877e-01 -5.7972654e-01
-1.7500000e+00 -8.3658045e-01 -3.7909392e-01 -1.3512403e-01 -3.9750392e-02 -3.8298415e-02 -7.9299119e-02 -1.5202247e-01 -2.5123248e-01 -3.9368844e-01 -5.8272534e-01
-1.7425000e+00 -8.7022628e-01 -4.0048925e-01 -1.4995672e-01 -5.0678598e-02 -4.6678772e-02 -8.5934256e-02 -1.5741108e-01 -2.5569776e-01 -3.9745550e-01 -5.8594327e-01
-1.7350000e+00 -9.0693210e-01 -4.2366838e-01 -1.6596935e-01 -6.2452114e-02 -5.5695600e-02 -9.3067042e-02 -1.6320024e-01 -2.6049277e-01 -4.0149935e-01 -5.8939670e-01
-1.7275000e+00 -9.4705262e-01 -4.4880586e-01 -1.8326697e-01 -7.5142010e-02 -6.5400438e-02 -1.0073675e-01 -1.6942099e-01 -2.6564270e-01 -4.0584091e-01 -5.9310331e-01
-1.7200000e+00 -9.9100100e-01 -4.7609843e-01 -2.0196601e-01 -8.8826320e-02 -7.5849534e-02 -1.0898606e-01 -1.7610695e-01 -2.7117482e-01 -4.1050280e-01 -5.9708214e-01
-1.7125000e+00 -1.0392627e+00 -5.0576897e-01 -2.2219595e-01 -1.0359090e-01 -8.7104368e-02 -1.1786143e-01 -1.8329464e-01 -2.7711862e-01 -4.1550944e-01 -6.0135378e-01
-1.7050000e+00 -1.0924139e+00 -5.3807130e-01 -2.4410123e-01 -1.1953044e-01 -9.9232253e-02 -1.2741347e-01 -1.9102366e-01 -2.8350607e-01 -4.2088727e-01 -6.0594044e-01
-1.6975000e+00 -1.1511461e+00 -5.7329631e-01 -2.6784360e-01 -1.3674961e-01 -1.1230702e-01 -1.3769743e-01 -1.9933712e-01 -2.9037184e-01 -4.2666488e-01 -6.1086611e-01
-1.6900000e+00 -1.2162999e+00 -6.1177963e-01 -2.9360495e-01 -1.5536446e-01 -1.2640981e-01 -1.4877365e-01 -2.0828190e-01 -2.9775354e-01 -4.3287324e-01 -6.1615677e-01
-1.6825000e+00 -1.2889116e+00 -6.5391155e-01 -3.2159077e-01 -1.7550406e-01 -1.4163000e-01 -1.6070819e-01 -2.1790913e-01 -3.0569206e-01 -4.3954593e-01 -6.2184050e-01
-1.6750000e+00 -1.3702795e+00 -7.0014986e-01 -3.5203440e-01 -1.9731240e-01 -1.5806624e-01 -1.7357349e-01 -2.2827458e-01 -3.1423184e-01 -4.4671938e-01 -6.2794771e-01
-1.6675000e+00 -1.4620589e+00 -7.5103691e-01 -3.8520235e-01 -2.2095078e-01 -1.7582778e-01 -1.8744913e-01 -2.3943921e-01 -3.2342130e-01 -4.5443315e-01 -6.3451137e-01
-1.6600000e+00 -1.5664007e+00 -8.0722251e-01 -4.2140101e-01 -2.4660062e-01 -1.9503587e-01 -2.0242273e-01 -2.5146979e-01 -3.3331323e-01 -4.6273024e-01 -6.4156724e-01
-1.6525000e+00 -1.6861510e+00 -8.6949520e-01 -4.6098519e-01 -2.7446690e-01 -2.1582557e-01 -2.1859097e-01 -2.6443950e-01 -3.4396528e-01 -4.7165749e-01 -6.4915415e-01
-1.6450000e+00 -1.8251279e+00 -9.3882603e-01 -5.0436918e-01 -3.0478250e-01 -2.3834784e-01 -2.3606085e-01 -2.7842882e-01 -3.5544051e-01 -4.8126592e-01 -6.5731430e-01
-1.6375000e+00 -1.9884266e+00 -1.0164310e+00 -5.5204131e-01 -3.3781346e-01 -2.6277210e-01 -2.5495110e-01 -2.9352635e-01 -3.6780797e-01 -4.9161121e-01 -6.6609362e-01
-1.6300000e+00 -2.1823515e+00 -1.1038625e+00 -6.0458330e-01 -3.7386577e-01 -2.8928929e-01 -2.7539388e-01 -3.0982991e-01 -3.8114349e-01 -5.0275424e-01 -6.7554214e-01
-1.6225000e+00 -2.4117474e+00 -1.2031454e+00 -6.6269672e-01 -4.1329392e-01 -3.1811571e-01 -2.9753680e-01 -3.2744778e-01 -3.9553047e-01 -5.1476165e-01 -6.8571447e-01
-1.6150000e+00 -2.6639362e+00 -1.3169868e+00 -7.2723954e-01 -4.5651213e-01 -3.4949771e-01 -3.2154544e-01 -3.4650018e-01 -4.1106082e-01 -5.2770653e-01 -6.9667026e-01
-1.6075000e+00 -2.8511180e+00 -1.4491006e+00 -7.9927813e-01 -5.0400893e-01 -3.8371759e-01 -3.4760627e-01 -3.6712098e-01 -4.2783614e-01 -5.4166924e-01 -7.0847480e-01
-1.6000000e+00 -2.8169505e+00 -1.6047037e+00 -8.8016299e-01 -5.5636687e-01 -4.2110117e-01 -3.7593032e-01 -3.8945982e-01 -4.4596902e-01 -5.5673824e-01 -7.2119968e-01
-1.5925000e+00 -2.6182432e+00 -1.7911799e+00 -9.7164206e-01 -6.1428926e-01 -4.6202738e-01 -4.0675776e-01 -4.1368460e-01 -4.6558457e-01 -5.7301124e-01 -7.3492354e-01
-1.5850000e+00 -2.4061424e+00 -2.0182954e+00 -1.0760358e+00 -6.7863748e-01 -5.0694095e-01 -4.4036350e-01 -4.3998456e-01 -4.8682236e-01 -5.9059637e-01 -7.4973294e-01
-1.5775000e+00 -2.2284871e+00 -2.2930429e+00 -1.1965169e+00 -7.5048424e-01 -5.5636911e-01 -4.7706447e-01 -4.6857404e-01 -5.0983858e-01 -6.0961370e-01 -7.6572343e-01
-1.5700000e+00 -2.0876692e+00 -2.5789998e+00 -1.3375699e+00 -8.3119154e-01 -6.1094426e-01 -5.1722878e-01 -4.9969713e-01 -5.3480883e-01 -6.3019695e-01 -7.8300069e-01
-1.5625000e+00 -1.9783358e+00 -2.6777121e+00 -1.5057614e+00 -9.2252852e-01 -6.7143516e-01 -5.6128784e-01 -5.3363357e-01 -5.6193137e-01 -6.5249560e-01 -8.0168199e-01
-1.5550000e+00 -1.8955051e+00 -2.4815570e+00 -1.7109640e+00 -1.0268559e+00 -7.3879104e-01 -6.0975227e-01 -5.7070614e-01 -5.9143123e-01 -6.7667739e-01 -8.2189785e-01
-1.5475000e+00 -1.8356489e+00 -2.2232778e+00 -1.9675290e+00 -1.1474259e+00 -8.1420530e-01 -6.6323340e-01 -6.1129026e-01 -6.2356531e-01 -7.0293142e-01 -8.4379404e-01
-1.5400000e+00 -1.7965397e+00 -2.0076743e+00 -2.2877459e+00 -1.2888915e+00 -8.9921077e-01 -7.2247290e-01 -6.5582652e-01 -6.5862878e-01 -7.3147186e-01 -8.6753402e-01
-1.5325000e+00 -1.7769877e+00 -1.8398620e+00 -2.6038229e+00 -1.4582064e+00 -9.9582652e-01 -7.8838433e-01 -7.0483725e-01 -6.9696330e-01 -7.6254270e-01 -8.9330184e-01
-1.5250000e+00 -1.7766606e+00 -1.7107172e+00 -2.5881212e+00 -1.6662437e+00 -1.1067938e+00 -8.6211336e-01 -7.5894903e-01 -7.3896759e-01 -7.9642356e-01 -9.2130580e-01
-1.5175000e+00 -1.7960010e+00 -1.6124767e+00 -2.2897931e+00 -1.9303527e+00 -1.2359724e+00 -9.4512713e-01 -8.1892370e-01 -7.8511144e-01 -8.3343719e-01 -9.5178282e-01
-1.5100000e+00 -1.8362335e+00 -1.5399163e+00 -2.0114898e+00 -2.2731517e+00 -1.3890425e+00 -1.0393521e+00 -8.8570228e-01 -8.3595433e-01 -8.7395906e-01 -9.8500414e-01
-1.5025000e+00 -1.8994599e+00 -1.4897663e+00 -1.7982744e+00 -2.6505847e+00 -1.5748153e+00 -1.1473946e+00 -9.6046858e-01 -8.9217093e-01 -9.1842996e-01 -1.0212823e+00
-1.4950000e+00 -1.9888337e+00 -1.4601649e+00 -1.6368014e+00 -2.6499344e+00 -1.8077709e+00 -1.2729122e+00 -1.0447447e+00 -9.5458656e-01 -9.6737267e-01 -1.0609802e+00
-1.4875000e+00 -2.1087496e+00 -1.4503183e+00 -1.5141706e+00 -2.2996703e+00 -2.1124186e+00 -1.4212725e+00 -1.1405388e+00 -1.0242280e+00 -1.0214146e+00 -1.1045233e+00
-1.4800000e+00 -2.2646715e+00 -1.4603315e+00 -1.4219823e+00 -1.9945296e+00 -2.5182727e+00 -1.6008023e+00 -1.2505851e+00 -1.1023979e+00 -1.0813190e+00 -1.1524147e+00
-1.4725000e+00 -2.4607502e+00 -1.4911717e+00 -1.3550580e+00 -1.7688543e+00 -2.8634259e+00 -1.8253144e+00 -1.3787517e+00 -1.1907886e+00 -1.1480296e+00 -1.2052568e+00
-1.4650000e+00 -2.6870445e+00 -1.5447552e+00 -1.3103212e+00 -1.6006526e+00 -2.6032788e+00 -2.1193274e+00 -1.5307786e+00 -1.2916606e+00 -1.2227344e+00 -1.2637804e+00
-1.4575000e+00 -2.8750753e+00 -1.6241714e+00 -1.2861362e+00 -1.4738501e+00 -2.2177421e+00 -2.5239902e+00 -1.7157124e+00 -1.4081399e+00 -1.3069633e+00 -1.3288856e+00
-1.4500000e+00 -2.8856423e+00 -1.7340739e+00 -1.2819562e+00 -1.3787793e+00 -1.9350939e+00 -2.9841305e+00 -1.9489312e+00 -1.5447364e+00 -1.4027385e+00 -1.4017015e+00
-1.4425000e+00 -2.7323412e+00 -1.8811998e+00 -1.2981761e+00 -1.3096883e+00 -1.7301811e+00 -2.8109010e+00 -2.2588919e+00 -1.7083161e+00 -1.5128206e+00 -1.4836747e+00
-1.4350000e+00 -2.5563508e+00 -2.0744090e+00 -1.3361393e+00 -1.2632143e+00 -1.5777774e+00 -2.3727328e+00 -2.6973489e+00 -1.9100803e+00 -1.6411301e+00 -1.5767068e+00
-1.4275000e+00 -2.4197070e+00 -2.3199333e+00 -1.3983005e+00 -1.2375698e+00 -1.4633022e+00 -2.0581056e+00 -3.1841068e+00 -2.1699988e+00 -1.7935213e+00 -1.6833760e+00
-1.4200000e+00 -2.3325227e+00 -2.5874475e+00 -1.4885890e+00 -1.2321288e+00 -1.3783833e+00 -1.8351469e+00 -2.8891530e+00 -2.5273925e+00 -1.9793179e+00 -1.8073140e+00
-1.4125000e+00 -2.2936637e+00 -2.7081237e+00 -1.6130733e+00 -1.2472541e+00 -1.3181415e+00 -1.6712173e+00 -2.4339779e+00 -3.0503631e+00 -2.2146854e+00 -1.9538883e+00
-1.4050000e+00 -2.3018104e+00 -2.5551935e+00 -1.7810271e+00 -1.2843004e+00 -1.2798174e+00 -1.5485348e+00 -2.1239333e+00 -3.3587231e+00 -2.5309225e+00 -2.1315402e+00
-1.3975000e+00 -2.3574702e+00 -2.3288043e+00 -2.0058793e+00 -1.3457916e+00 -1.2620820e+00 -1.4572341e+00 -1.9058592e+00 -2.8338286e+00 -2.9944013e+00 -2.3546853e+00
-1.3900000e+00 -2.4625082e+00 -2.1487134e+00 -2.2992962e+00 -1.4358338e+00 -1.2647094e+00 -1.3916537e+00 -1.7457978e+00 -2.4233965e+00 -3.5893806e+00 -2.6508386e+00
-1.3825000e+00 -2.6166544e+00 -2.0291785e+00 -2.6051386e+00 -1.5609146e+00 -1.2884737e+00 -1.3485751e+00 -1.6262078e+00 -2.1489571e+00 -3.2274316e+00 -3.0799923e+00
-1.3750000e+00 -2.8037264e+00 -1.9655106e+00 -2.6274250e+00 -1.7313715e+00 -1.3352259e+00 -1.3263670e+00 -1.5375003e+00 -1.9535717e+00 -2.7233778e+00 -3.7281938e+00
-1.3675000e+00 -2.9561217e+00 -1.9539453e+00 -2.3618334e+00 -1.9636903e+00 -1.4081797e+00 -1.3245756e+00 -1.4742158e+00 -1.8091892e+00 -2.3996136e+00 -3.5998906e+00
-1.3600000e+00 -2.9671440e+00 -1.9942250e+00 -2.1099210e+00 -2.2794667e+00 -1.5125194e+00 -1.3437745e+00 -1.4332830e+00 -1.7014142e+00 -2.1759806e+00 -3.0223961e+00
-1.3525000e+00 -2.8580986e+00 -2.0895507e+00 -1.9337049e+00 -2.6446374e+00 -1.6565966e+00 -1.3856070e+00 -1.4131891e+00 -1.6223100e+00 -2.0130285e+00 -2.6612624e+00
-1.3450000e+00 -2.7413655e+00 -2.2451594e+00 -1.8252830e+00 -2.6857303e+00 -1.8542702e+00 -1.4530370e+00 -1.4135909e+00 -1.5673670e+00 -1.8916650e+00 -2.4178776e+00
-1.3375000e+00 -2.6731333e+00 -2.4594409e+00 -1.7754469e+00 -2.3638309e+00 -2.1289175e+00 -1.5509117e+00 -1.4351834e+00 -1.5341253e+00 -1.8017332e+00 -2.2426061e+00
-1.3300000e+00 -2.6671331e+00 -2.6808657e+00 -1.7804005e+00 -2.0810920e+00 -2.5096770e+00 -1.6871033e+00 -1.4797661e+00 -1.5215212e+00 -1.7375252e+00 -2.1125573e+00
-1.3225000e+00 -2.7244942e+00 -2.7425618e+00 -1.8415590e+00 -1.8903701e+00 -2.8655959e+00 -1.8748553e+00 -1.5505334e+00 -1.5296000e+00 -1.6958484e+00 -2.0159007e+00
-1.3150000e+00 -2.8394693e+00 -2.6013229e+00 -1.9654233e+00 -1.7740469e+00 -2.6537220e+00 -2.1376218e+00 -1.6527157e+00 -1.5594587e+00 -1.6751264e+00 -1.9460730e+00
-1.3075000e+00 -2.9872106e+00 -2.4362940e+00 -2.1627092e+00 -1.7194589e+00 -2.2848141e+00 -2.5149342e+00 -1.7949005e+00 -1.6133930e+00 -1.6749839e+00 -1.8993833e+00
-1.3000000e+00 -3.0985077e+00 -2.3353429e+00 -2.4345805e+00 -1.7217073e+00 -2.0268517e+00 -2.9713984e+00 -1.9918506e+00 -1.6953080e+00 -1.6961050e+00 -1.8739238e+00
-1.2925000e+00 -3.0961284e+00 -2.3128982e+00 -2.6785515e+00 -1.7822754e+00 -1.8626278e+00 -2.8574811e+00 -2.2707751e+00 -1.8115916e+00 -1.7402997e+00 -1.8690633e+00
-1.2850000e+00 -3.0153845e+00 -2.3691575e+00 -2.6202938e+00 -1.9090677e+00 -1.7696954e+00 -2.4332569e+00 -2.6813431e+00 -1.9729538e+00 -1.8108045e+00 -1.8852499e+00
-1.2775000e+00 -2.9476240e+00 -2.4998186e+00 -2.3860690e+00 -2.1174029e+00 -1.7372515e+00 -2.1386756e+00 -3.1731686e+00 -2.1985613e+00 -1.9129567e+00 -1.9240320e+00
-1.2700000e+00 -2.9424847e+00 -2.6778672e+00 -2.2069855e+00 -2.4222053e+00 -1.7628157e+00 -1.9521769e+00 -2.9400159e+00 -2.5258723e+00 -2.0556124e+00 -1.9883030e+00
-1.2625000e+00 -3.0164702e+00 -2.8065373e+00 -2.1222432e+00 -2.7303327e+00 -1.8508883e+00 -1.8433117e+00 -2.4935876e+00 -3.0217188e+00 -2.2542979e+00 -2.0828821e+00
-1.2550000e+00 -3.1586498e+00 -2.7792819e+00 -2.1304479e+00 -2.6508262e+00 -2.0141523e+00 -1.7976587e+00 -2.2041097e+00 -3.3825859e+00 -2.5389164e+00 -2.2157417e+00
-1.2475000e+00 -3.2853796e+00 -2.6747923e+00 -2.2319452e+00 -2.3587725e+00 -2.2762306e+00 -1.8108578e+00 -2.0240264e+00 -2.8879314e+00 -2.9724896e+00 -2.4007162e+00
-1.2400000e+00 -3.2619131e+00 -2.6091318e+00 -2.4257778e+00 -2.1522427e+00 -2.6528018e+00 -1.8861700e+00 -1.9211350e+00 -2.4864039e+00 -3.5688047e+00 -2.6641349e+00
-1.2325000e+00 -3.1567335e+00 -2.6196604e+00 -2.6605118e+00 -2.0559077e+00 -2.8863275e+00 -2.0354254e+00 -1.8814089e+00 -2.2382797e+00 -3.2815158e+00 -3.0627714e+00
-1.2250000e+00 -3.1235474e+00 -2.7030567e+00 -2.7283202e+00 -2.0615679e+00 -2.5949781e+00 -2.2834938e+00 -1.9011858e+00 -2.0874945e+00 -2.7794495e+00 -3.6891424e+00
-1.2175000e+00 -3.2188687e+00 -2.8262596e+00 -2.5753407e+00 -2.1706588e+00 -2.2920358e+00 -2.6678882e+00 -1.9847905e+00 -2.0081387e+00 -2.4743204e+00 -3.6543172e+00
-1.2100000e+00 -3.3970143e+00 -2.9157272e+00 -2.4335804e+00 -2.3918194e+00 -2.1196684e+00 -3.0409060e+00 -2.1461325e+00 -1.9901463e+00 -2.2877720e+00 -3.0761307e+00
-1.2025000e+00 -3.4347698e+00 -2.9115005e+00 -2.3958688e+00 -2.6870263e+00 -2.0619537e+00 -2.7728229e+00 -2.4151871e+00 -2.0328406e+00 -2.1813998e+00 -2.7286131e+00
-1.1950000e+00 -3.3136945e+00 -2.8568560e+00 -2.4705478e+00 -2.7647677e+00 -2.1111268e+00 -2.4115329e+00 -2.8419611e+00 -2.1440088e+00 -2.1395244e+00 -2.5179159e+00
-1.1875000e+00 -3.2863309e+00 -2.8305716e+00 -2.6338531e+00 -2.5401678e+00 -2.2763017e+00 -2.2019754e+00 -3.2174197e+00 -2.3435650e+00 -2.1580176e+00 -2.3945165e+00
-1.1800000e+00 -3.4173033e+00 -2.8764595e+00 -2.7800885e+00 -2.3602646e+00 -2.5742787e+00 -2.1180260e+00 -2.8409048e+00 -2.6745390e+00 -2.2413221e+00 -2.3383702e+00
-1.1725000e+00 -3.5518655e+00 -2.9955550e+00 -2.7619253e+00 -2.3152032e+00 -2.8924637e+00 -2.1451851e+00 -2.4715471e+00 -3.1926205e+00 -2.4043449e+00 -2.3430426e+00
-1.1650000e+00 -3.4831348e+00 -3.0974945e+00 -2.6675569e+00 -2.4082694e+00 -2.7619972e+00 -2.2907064e+00 -2.2702028e+00 -3.3005586e+00 -2.6812304e+00 -2.4110922e+00
-1.1575000e+00 -3.4287655e+00 -3.0520575e+00 -2.6374379e+00 -2.6236780e+00 -2.4759761e+00 -2.5818729e+00 -2.1966547e+00 -2.8034093e+00 -3.1445803e+00 -2.5549322e+00
-1.1500000e+00 -3.5225853e+00 -2.9739344e+00 -2.6988832e+00 -2.8174414e+00 -2.3325596e+00 -2.9855910e+00 -2.2368296e+00 -2.4896373e+00 -3.6299033e+00 -2.8041689e+00
-1.1425000e+00 -3.6381915e+00 -3.0236173e+00 -2.8092507e+00 -2.7351635e+00 -2.3457643e+00 -2.9421354e+00 -2.4019436e+00 -2.3354841e+00 -3.1529698e+00 -3.2273407e+00
-1.1350000e+00 -3.5945867e+00 -3.1979964e+00 -2.8801976e+00 -2.5804840e+00 -2.5161219e+00 -2.5904585e+00 -2.7296497e+00 -2.3034571e+00 -2.7426085e+00 -3.8467568e+00
-1.1275000e+00 -3.5617641e+00 -3.2288964e+00 -2.8699696e+00 -2.5507130e+00 -2.8139838e+00 -2.3972287e+00 -3.1800744e+00 -2.3886540e+00 -2.5283192e+00 -3.4988066e+00
-1.1200000e+00 -3.6753121e+00 -3.1035460e+00 -2.8365872e+00 -2.6627516e+00 -2.9185355e+00 -2.3762514e+00 -3.0297377e+00 -2.6146105e+00 -2.4493064e+00 -3.0137843e+00
-1.1125000e+00 -3.7421555e+00 -3.1414587e+00 -2.8468324e+00 -2.8315466e+00 -2.6895356e+00 -2.5253111e+00 -2.6475566e+00 -3.0368110e+00 -2.4878398e+00 -2.7578826e+00
-1.1050000e+00 -3.6541297e+00 -3.3298585e+00 -2.9320545e+00 -2.8558011e+00 -2.5466963e+00 -2.8503516e+00 -2.4635720e+00 -3.4140846e+00 -2.6567367e+00 -2.6496500e+00
-1.0975000e+00 -3.7431467e+00 -3.2976587e+00 -3.0358923e+00 -2.7704221e+00 -2.5888691e+00 -3.0799530e+00 -2.4604634e+00 -2.9944019e+00 -3.0068044e+00 -2.6614401e+00
-1.0900000e+00 -3.8367717e+00 -3.2138220e+00 -3.0089392e+00 -2.7586292e+00 -2.7975948e+00 -2.8112201e+00 -2.6394560e+00 -2.6626184e+00 -3.5610513e+00 -2.7995870e+00
-1.0825000e+00 -3.7407888e+00 -3.3410486e+00 -2.9461602e+00 -2.8406174e+00 -2.9727192e+00 -2.6018628e+00 -3.0197259e+00 -2.5434411e+00 -3.3656989e+00 -3.1080784e+00
-1.0750000e+00 -3.8626847e+00 -3.4174421e+00 -3.0362822e+00 -2.9257615e+00 -2.8496351e+00 -2.6055014e+00 -3.2238348e+00 -2.6072690e+00 -2.9150552e+00 -3.6727037e+00
-1.0675000e+00 -3.8805270e+00 -3.3374941e+00 -3.1864764e+00 -2.9433038e+00 -2.7380860e+00 -2.8201456e+00 -2.8699967e+00 -2.8747438e+00 -2.7121089e+00 -3.7266410e+00
-1.0600000e+00 -3.8506852e+00 -3.4020474e+00 -3.0896657e+00 -2.9314476e+00 -2.8026132e+00 -3.0988347e+00 -2.6623710e+00 -3.3420456e+00 -2.7043195e+00 -3.1920196e+00
-1.0525000e+00 -3.9710376e+00 -3.4909379e+00 -3.0617833e+00 -2.9369012e+00 -2.9713680e+00 -2.9672137e+00 -2.6919780e+00 -3.2523043e+00 -2.8925107e+00 -2.9312645e+00
-1.0450000e+00 -3.9236329e+00 -3.4506532e+00 -3.2551803e+00 -3.0011939e+00 -2.9980859e+00 -2.7792770e+00 -2.9586451e+00 -2.8694286e+00 -3.3314414e+00 -2.8801517e+00
-1.0375000e+00 -3.9922935e+00 -3.4839051e+00 -3.2240719e+00 -3.0919583e+00 -2.9210244e+00 -2.8162744e+00 -3.2693163e+00 -2.7422764e+00 -3.6136995e+00 -3.0234230e+00
-1.0300000e+00 -4.0214060e+00 -3.5858299e+00 -3.1490525e+00 -3.0558335e+00 -2.9450690e+00 -3.0450407e+00 -3.0351295e+00 -2.8668272e+00 -3.1447984e+00 -3.4171799e+00
-1.0225000e+00 -4.0234780e+00 -3.5185216e+00 -3.3314280e+00 -3.0311602e+00 -3.0372922e+00 -3.1217103e+00 -2.8350165e+00 -3.2486726e+00 -2.9022745e+00 -3.9102695e+00
-1.0150000e+00 -4.0969866e+00 -3.6194701e+00 -3.2955545e+00 -3.1807872e+00 -3.0762412e+00 -2.9641022e+00 -2.9088128e+00 -3.3948876e+00 -2.9291079e+00 -3.4461017e+00
-1.0075000e+00 -4.0825004e+00 -3.6271974e+00 -3.2684993e+00 -3.1898768e+00 -3.0770407e+00 -2.9644444e+00 -3.2066733e+00 -3.0341633e+00 -3.2346846e+00 -3.1214852e+00
-1.0000000e+00 -4.1471777e+00 -3.6287974e+00 -3.4123732e+00 -3.1010295e+00 -3.0814428e+00 -3.1276314e+00 -3.2315354e+00 -2.9207944e+00 -3.6651039e+00 -3.0877054e+00
-9.9250000e-01 -4.1556960e+00 -3.7234959e+00 -3.3529036e+00 -3.2790312e+00 -3.1313689e+00 -3.1639793e+00 -3.0140741e+00 -3.1155358e+00 -3.3180449e+00 -3.3357965e+00
-9.8500000e-01 -4.1940372e+00 -3.6746547e+00 -3.4053879e+00 -3.2631494e+00 -3.2179331e+00 -3.0944554e+00 -3.0465194e+00 -3.4618564e+00 -3.0640320e+00 -3.8605932e+00
-9.7750000e-01 -4.2310323e+00 -3.7834375e+00 -3.4663000e+00 -3.2002038e+00 -3.1724015e+00 -3.1457372e+00 -3.2828065e+00 -3.2522942e+00 -3.1450220e+00 -3.6322515e+00
-9.7000000e-01 -4.2278316e+00 -3.7425031e+00 -3.4423238e+00 -3.4040946e+00 -3.1916933e+00 -3.2228249e+00 -3.2599934e+00 -3.0768306e+00 -3.5424960e+00 -3.2778520e+00
-9.6250000e-01 -4.3245010e+00 -3.8332970e+00 -3.5233577e+00 -3.2792572e+00 -3.3422161e+00 -3.2346512e+00 -3.1433803e+00 -3.2376272e+00 -3.5650764e+00 -3.2827355e+00
-9.5500000e-01 -4.2869736e+00 -3.8056287e+00 -3.5180728e+00 -3.3780097e+00 -3.2359898e+00 -3.2435815e+00 -3.2568479e+00 -3.4959081e+00 -3.2396354e+00 -3.6480857e+00
-9.4750000e-01 -4.3356461e+00 -3.8981401e+00 -3.5656888e+00 -3.4145328e+00 -3.3120723e+00 -3.2674014e+00 -3.3582759e+00 -3.2949432e+00 -3.2745132e+00 -3.8876023e+00
-9.4000000e-01 -4.3999203e+00 -3.8634148e+00 -3.5863574e+00 -3.3880918e+00 -3.4173926e+00 -3.3548560e+00 -3.2867462e+00 -3.2450397e+00 -3.6332138e+00 -3.4730505e+00
-9.3250000e-01 -4.3821941e+00 -3.9364328e+00 -3.6309976e+00 -3.4944888e+00 -3.2937262e+00 -3.3317491e+00 -3.3330393e+00 -3.4720080e+00 -3.5575182e+00 -3.4138681e+00
-9.2500000e-01 -4.4200586e+00 -3.9751930e+00 -3.6278288e+00 -3.4532744e+00 -3.5089036e+00 -3.3449114e+00 -3.4010726e+00 -3.4567797e+00 -3.3482407e+00 -3.7625521e+00
-9.1750000e-01 -4.4926421e+00 -3.9459560e+00 -3.7191112e+00 -3.5349581e+00 -3.3740747e+00 -3.4803343e+00 -3.4103285e+00 -3.3621050e+00 -3.5325509e+00 -3.8629375e+00
-9.1000000e-01 -4.5135011e+00 -4.0370245e+00 -3.6690815e+00 -3.5332830e+00 -3.5136435e+00 -3.3665848e+00 -3.4268924e+00 -3.5099244e+00 -3.7108890e+00 -3.5408669e+00
-9.0250000e-01 -4.5102801e+00 -4.0482005e+00 -3.7780555e+00 -3.5786732e+00 -3.4752196e+00 -3.5252853e+00 -3.4641574e+00 -3.5265542e+00 -3.4914495e+00 -3.6488938e+00
-8.9500000e-01 -4.5315300e+00 -4.0553743e+00 -3.7504094e+00 -3.5962064e+00 -3.5397820e+00 -3.4730816e+00 -3.5329938e+00 -3.4942421e+00 -3.5900270e+00 -3.9764201e+00
-8.8750000e-01 -4.5752810e+00 -4.1264744e+00 -3.8106102e+00 -3.6555492e+00 -3.5501584e+00 -3.5186339e+00 -3.4800622e+00 -3.5807830e+00 -3.7472367e+00 -3.7085113e+00
-8.8000000e-01 -4.6214603e+00 -4.1515090e+00 -3.8277291e+00 -3.6233392e+00 -3.5965365e+00 -3.5863802e+00 -3.6138163e+00 -3.5933212e+00 -3.6034212e+00 -3.7166066e+00
-8.7250000e-01 -4.6591488e+00 -4.1405485e+00 -3.8403124e+00 -3.7533942e+00 -3.6084056e+00 -3.5472109e+00 -3.5532810e+00 -3.6191050e+00 -3.7180014e+00 -3.9976818e+00
-8.6500000e-01 -4.6910721e+00 -4.1646269e+00 -3.9271043e+00 -3.6851699e+00 -3.6549089e+00 -3.6591026e+00 -3.6356454e+00 -3.6390579e+00 -3.7586730e+00 -3.8017176e+00
-8.5750000e-01 -4.7242979e+00 -4.2188815e+00 -3.9304291e+00 -3.7481562e+00 -3.6783633e+00 -3.6147434e+00 -3.6504833e+00 -3.7153659e+00 -3.7287357e+00 -3.8609152e+00
-8.5000000e-01 -4.7566120e+00 -4.2688523e+00 -3.9131422e+00 -3.8283204e+00 -3.7016714e+00 -3.6919218e+00 -3.6661895e+00 -3.6666651e+00 -3.8156415e+00 -4.0113135e+00
-8.4250000e-01 -4.7789024e+00 -4.3012400e+00 -3.9640686e+00 -3.7869585e+00 -3.7355984e+00 -3.7114857e+00 -3.7233429e+00 -3.8013503e+00 -3.8121364e+00 -3.8816027e+00
-8.3500000e-01 -4.7998152e+00 -4.3254112e+00 -4.0290275e+00 -3.8350198e+00 -3.7985499e+00 -3.7120552e+00 -3.7336450e+00 -3.7154415e+00 -3.8564450e+00 -4.0300267e+00
-8.2750000e-01 -4.8191936e+00 -4.3517231e+00 -4.0539810e+00 -3.8876591e+00 -3.7523430e+00 -3.7992989e+00 -3.7546263e+00 -3.8712165e+00 -3.8745497e+00 -3.9947681e+00
-8.2000000e-01 -4.8327969e+00 -4.3812321e+00 -4.0601851e+00 -3.8912464e+00 -3.8427973e+00 -3.7726251e+00 -3.8418145e+00 -3.7655550e+00 -3.9271238e+00 -4.0445471e+00
-8.1250000e-01 -4.8764476e+00 -4.4084313e+00 -4.0769658e+00 -3.9287809e+00 -3.9078135e+00 -3.8365956e+00 -3.7680900e+00 -3.9523403e+00 -3.9199118e+00 -4.0698465e+00
-8.0500000e-01 -4.9254379e+00 -4.4351628e+00 -4.1064097e+00 -3.9933521e+00 -3.8537583e+00 -3.8448699e+00 -3.9371832e+00 -3.8085578e+00 -3.9992105e+00 -4.1111948e+00
-7.9750000e-01 -4.9487783e+00 -4.4758454e+00 -4.1400901e+00 -4.0302235e+00 -3.8825788e+00 -3.9065113e+00 -3.8426794e+00 -4.0245487e+00 -3.9797288e+00 -4.1115808e+00
-7.9000000e-01 -4.9588124e+00 -4.5182011e+00 -4.1735561e+00 -4.0374924e+00 -3.9683909e+00 -3.9188044e+00 -3.9233190e+00 -3.8871812e+00 -4.0396965e+00 -4.1955952e+00
-7.8250000e-01 -5.0143949e+00 -4.5311666e+00 -4.2087730e+00 -4.0456535e+00 -4.0047554e+00 -3.9036071e+00 -3.9758217e+00 -4.0014856e+00 -4.0834348e+00 -4.1508534e+00
-7.7500000e-01 -5.0230844e+00 -4.5484107e+00 -4.2462280e+00 -4.0679148e+00 -4.0077667e+00 -3.9833440e+00 -3.9600562e+00 -4.0567094e+00 -4.0365195e+00 -4.2722102e+00
-7.6750000e-01 -5.0697316e+00 -4.5664371e+00 -4.2743907e+00 -4.1008961e+00 -4.0307436e+00 -4.0652005e+00 -4.0123708e+00 -3.9735204e+00 -4.2223211e+00 -4.2127573e+00
-7.6000000e-01 -5.0855843e+00 -4.6252789e+00 -4.2881105e+00 -4.1361798e+00 -4.0756658e+00 -4.0552257e+00 -4.0294562e+00 -4.1125211e+00 -4.0753140e+00 -4.2969307e+00
-7.5250000e-01 -5.1370322e+00 -4.6481392e+00 -4.3216837e+00 -4.1647665e+00 -4.1241830e+00 -4.0337968e+00 -4.0593726e+00 -4.1289069e+00 -4.2057810e+00 -4.3435309e+00
-7.4500000e-01 -5.1425542e+00 -4.6627651e+00 -4.3804331e+00 -4.1828727e+00 -4.1656236e+00 -4.0547388e+00 -4.1314801e+00 -4.0963235e+00 -4.2755163e+00 -4.2697164e+00
-7.3750000e-01 -5.1799266e+00 -4.7185170e+00 -4.4108677e+00 -4.2036331e+00 -4.1987978e+00 -4.1027865e+00 -4.1654823e+00 -4.1571107e+00 -4.1708036e+00 -4.4690894e+00
-7.3000000e-01 -5.2229759e+00 -4.7183639e+00 -4.4371824e+00 -4.2494646e+00 -4.2236286e+00 -4.1515281e+00 -4.1502267e+00 -4.2007522e+00 -4.2691241e+00 -4.3781123e+00
-7.2250000e-01 -5.2504810e+00 -4.7735535e+00 -4.4394057e+00 -4.3051075e+00 -4.2393614e+00 -4.1904516e+00 -4.1441788e+00 -4.2162830e+00 -4.3688162e+00 -4.3666805e+00
-7.1500000e-01 -5.2735572e+00 -4.7809596e+00 -4.5091811e+00 -4.3319304e+00 -4.2529399e+00 -4.2238391e+00 -4.1676612e+00 -4.2591841e+00 -4.3304671e+00 -4.5465839e+00
-7.0750000e-01 -5.2976566e+00 -4.8344382e+00 -4.5129351e+00 -4.3657707e+00 -4.2802703e+00 -4.2602169e+00 -4.2083975e+00 -4.3150924e+00 -4.3277565e+00 -4.5253416e+00
-7.0000000e-01 -5.3317137e+00 -4.8585877e+00 -4.5460554e+00 -4.3713371e+00 -4.3155900e+00 -4.3041549e+00 -4.2512364e+00 -4.3495875e+00 -4.3791428e+00 -4.4559298e+00
-6.5000000e-01 -5.5386948e+00 -5.0452586e+00 -4.7516314e+00 -4.5980913e+00 -4.5055832e+00 -4.4605527e+00 -4.4828571e+00 -4.4928917e+00 -4.6495541e+00 -4.7172118e+00
-6.0000000e-01 -5.7253153e+00 -5.2578813e+00 -4.9412909e+00 -4.7954668e+00 -4.6934868e+00 -4.6745790e+00 -4.7045626e+00 -4.6777321e+00 -4.7939851e+00 -4.9743983e+00
-5.5000000e-01 -5.9378159e+00 -5.4567400e+00 -5.1555214e+00 -4.9720640e+00 -4.9188083e+00 -4.8610946e+00 -4.8953271e+00 -4.8997910e+00 -5.0123909e+00 -5.0918630e+00
-5.0000000e-01 -6.1292189e+00 -5.6540901e+00 -5.3562108e+00 -5.1750039e+00 -5.1130190e+00 -5.0838999e+00 -5.0767128e+00 -5.0925566e+00 -5.2030369e+00 -5.3146789e+00
-4.0000000e-01 -6.4916580e+00 -6.0499127e+00 -5.7497703e+00 -5.5861677e+00 -5.5078070e+00 -5.4710154e+00 -5.4875585e+00 -5.5131000e+00 -5.5817757e+00 -5.7287447e+00
-2.0000000e-01 -7.4384612e+00 -6.8062608e+00 -6.5120894e+00 -6.3846061e+00 -6.3052759e+00 -6.2752349e+00 -6.2782480e+00 -6.3175833e+00 -6.3915519e+00 -6.5146711e+00
0.0000000e+00 -8.1142551e+00 -7.6117318e+00 -7.3340647e+00 -7.1600878e+00 -7.0854052e+00 -7.0953894e+00 -7.0844713e+00 -7.1118774e+00 -7.1930093e+00 -7.3213415e+00
2.0000000e-01 -8.8747997e+00 -8.4695796e+00 -8.1503095e+00 -7.9727188e+00 -7.8921420e+00 -7.9293666e+00 -7.9096059e+00 -7.8885007e+00 -8.0106560e+00 -8.1269179e+00
4.0000000e-01 -9.7918245e+00 -9.2185892e+00 -8.9848791e+00 -8.7804573e+00 -8.7028716e+00 -8.7123032e+00 -8.6706561e+00 -8.7167858e+00 -8.7917841e+00 -8.9154475e+00
6.0000000e-01 -1.0550634e+01 -1.0060388e+01 -9.7145778e+00 -9.5731090e+00 -9.4661932e+00 -9.5013688e+00 -9.4553342e+00 -9.4568263e+00 -9.6106873e+00 -9.7067363e+00
8.0000000e-01 -1.1293901e+01 -1.0836529e+01 -1.0564299e+01 -1.0388456e+01 -1.0269896e+01 -1.0275745e+01 -1.0251578e+01 -1.0368117e+01 -1.0363466e+01 -1.0475109e+01
1.0000000e+00 -1.2138829e+01 -1.1652368e+01 -1.1369626e+01 -1.1208033e+01 -1.1061828e+01 -1.1133778e+01 -1.1052604e+01 -1.1088365e+01 -1.1230046e+01 -1.1357209e+01
1.2000000e+00 -1.2896468e+01 -1.2514397e+01 -1.2155581e+01 -1.1954313e+01 -1.1943624e+01 -1.1879378e+01 -1.1902758e+01 -1.1923065e+01 -1.2026826e+01 -1.2126764e+01
1.4000000e+00 -1.3722148e+01 -1.3261227e+01 -1.2919242e+01 -1.2740151e+01 -1.2708201e+01 -1.2635636e+01 -1.2712635e+01 -1.2699561e+01 -1.2769673e+01 -1.2945494e+01
1.6000000e+00 -1.4529011e+01 -1.4059031e+01 -1.3763207e+01 -1.3538262e+01 -1.3505544e+01 -1.3484483e+01 -1.3489178e+01 -1.3470021e+01 -1.3630296e+01 -1.3761926e+01
1.8000000e+00 -1.5382566e+01 -1.4866205e+01 -1.4539163e+01 -1.4397628e+01 -1.4285465e+01 -1.4312422e+01 -1.4301496e+01 -1.4326639e+01 -1.4430607e+01 -1.4537687e+01
2.0000000e+00 -1.6234692e+01 -1.5652407e+01 -1.5433144e+01 -1.5210441e+01 -1.5105577e+01 -1.5051149e+01 -1.5084555e+01 -1.5109528e+01 -1.5169622e+01 -1.5342527e+01