########################################################################
# Reference Counts for Solar Model AGSS09met                           #
# Column 1: log10(Axion mass in eV)                                    #
#        n>1: log10(Reference photon counts in energy bin n-1)         #
########################################################################
-3.0000000e+00 -3.9046360e-01 -2.2252618e-01 -8.2789889e-02 -2.6891706e-03 1.0647861e-02 -2.0107847e-03 -5.4551177e-02 -1.4099398e-01 -2.6013173e-01 -4.0958862e-01
-2.8000000e+00 -3.9048432e-01 -2.2254016e-01 -8.2799884e-02 -2.6967159e-03 1.0641985e-02 -2.0154921e-03 -5.4555035e-02 -1.4099719e-01 -2.6013445e-01 -4.0959096e-01
-2.6000000e+00 -3.9061510e-01 -2.2262836e-01 -8.2862949e-02 -2.7443239e-03 1.0604906e-02 -2.0451938e-03 -5.4579374e-02 -1.4101749e-01 -2.6015164e-01 -4.0960569e-01
-2.4000000e+00 -3.9144040e-01 -2.2318492e-01 -8.3260899e-02 -3.0447334e-03 1.0370944e-02 -2.2326081e-03 -5.4732954e-02 -1.4114553e-01 -2.6026010e-01 -4.0969867e-01
-2.2000000e+00 -3.9665449e-01 -2.2669976e-01 -8.5773425e-02 -4.9411259e-03 8.8941688e-03 -3.4154804e-03 -5.5702224e-02 -1.4195362e-01 -2.6094459e-01 -4.1028540e-01
-2.1500000e+00 -4.0028546e-01 -2.2914596e-01 -8.7521421e-02 -6.2601701e-03 7.8671529e-03 -4.2380117e-03 -5.6376168e-02 -1.4251545e-01 -2.6142047e-01 -4.1069329e-01
-2.1000000e+00 -4.0605186e-01 -2.3302834e-01 -9.0294608e-02 -8.3523203e-03 6.2384641e-03 -5.5422658e-03 -5.7444721e-02 -1.4340620e-01 -2.6217491e-01 -4.1133993e-01
-2.0500000e+00 -4.1522058e-01 -2.3919517e-01 -9.4696873e-02 -1.1672201e-02 3.6547031e-03 -7.6109538e-03 -5.9139330e-02 -1.4481868e-01 -2.6337113e-01 -4.1236516e-01
-2.0000000e+00 -4.2982728e-01 -2.4900359e-01 -1.0169183e-01 -1.6944067e-02 -4.4649130e-04 -1.0893595e-02 -6.1827788e-02 -1.4705918e-01 -2.6526837e-01 -4.1399103e-01
-1.9500000e+00 -4.5317014e-01 -2.6463708e-01 -1.1282334e-01 -2.5325245e-02 -6.9621327e-03 -1.6106305e-02 -6.6095476e-02 -1.5061484e-01 -2.6827866e-01 -4.1657034e-01
-1.9000000e+00 -4.9066592e-01 -2.8964082e-01 -1.3058102e-01 -3.8674172e-02 -1.7328490e-02 -2.4393380e-02 -7.2876408e-02 -1.5626205e-01 -2.7305817e-01 -4.2066454e-01
-1.8500000e+00 -5.5141446e-01 -3.2985761e-01 -1.5902222e-01 -5.9998814e-02 -3.3859399e-02 -3.7592282e-02 -8.3666832e-02 -1.6524237e-01 -2.8065473e-01 -4.2716922e-01
-1.8475000e+00 -5.5530554e-01 -3.3242091e-01 -1.6082984e-01 -6.1351790e-02 -3.4907006e-02 -3.8428053e-02 -8.4349693e-02 -1.6581043e-01 -2.8113510e-01 -4.2758043e-01
-1.8400000e+00 -5.6757644e-01 -3.4049436e-01 -1.6651906e-01 -6.5608252e-02 -3.8201817e-02 -4.1056089e-02 -8.6496602e-02 -1.6759621e-01 -2.8264507e-01 -4.2887294e-01
-1.8325000e+00 -5.8080229e-01 -3.4917866e-01 -1.7263177e-01 -7.0178417e-02 -4.1737830e-02 -4.3875616e-02 -8.8799415e-02 -1.6951133e-01 -2.8426421e-01 -4.3025875e-01
-1.8250000e+00 -5.9506437e-01 -3.5852287e-01 -1.7920086e-01 -7.5086160e-02 -4.5533150e-02 -4.6900869e-02 -9.1269641e-02 -1.7156531e-01 -2.8600048e-01 -4.3174464e-01
-1.8175000e+00 -6.1045213e-01 -3.6858049e-01 -1.8626200e-01 -8.0357293e-02 -4.9607309e-02 -5.0147183e-02 -9.3919665e-02 -1.7376834e-01 -2.8786248e-01 -4.3333794e-01
-1.8100000e+00 -6.2706417e-01 -3.7940994e-01 -1.9385394e-01 -8.6019742e-02 -5.3981391e-02 -5.3631088e-02 -9.6762824e-02 -1.7613143e-01 -2.8985942e-01 -4.3504650e-01
-1.8025000e+00 -6.4500954e-01 -3.9107504e-01 -2.0201873e-01 -9.2103738e-02 -5.8678168e-02 -5.7370407e-02 -9.9813478e-02 -1.7866639e-01 -2.9200123e-01 -4.3687874e-01
-1.7950000e+00 -6.6440908e-01 -4.0364571e-01 -2.1080217e-01 -9.8642039e-02 -6.3722253e-02 -6.1384367e-02 -1.0308710e-01 -1.8138595e-01 -2.9429858e-01 -4.3884375e-01
-1.7875000e+00 -6.8539718e-01 -4.1719865e-01 -2.2025409e-01 -1.0567017e-01 -6.9140260e-02 -6.5693725e-02 -1.0660038e-01 -1.8430382e-01 -2.9676295e-01 -4.4095128e-01
-1.7800000e+00 -7.0812376e-01 -4.3181819e-01 -2.3042886e-01 -1.1322669e-01 -7.4960992e-02 -7.0320892e-02 -1.1037130e-01 -1.8743476e-01 -2.9940669e-01 -4.4321182e-01
-1.7725000e+00 -7.3275672e-01 -4.4759721e-01 -2.4138586e-01 -1.2135351e-01 -8.1215645e-02 -7.5290091e-02 -1.1441926e-01 -1.9079469e-01 -3.0224311e-01 -4.4563667e-01
-1.7650000e+00 -7.5948481e-01 -4.6463831e-01 -2.5319002e-01 -1.3009621e-01 -8.7938032e-02 -8.0627511e-02 -1.1876522e-01 -1.9440074e-01 -3.0528655e-01 -4.4823796e-01
-1.7575000e+00 -7.8852130e-01 -4.8305509e-01 -2.6591253e-01 -1.3950444e-01 -9.5164840e-02 -8.6361494e-02 -1.2343180e-01 -1.9827143e-01 -3.0855243e-01 -4.5102879e-01
-1.7500000e+00 -8.2010828e-01 -5.0297372e-01 -2.7963149e-01 -1.4963235e-01 -1.0293591e-01 -9.2522729e-02 -1.2844345e-01 -2.0242672e-01 -3.1205740e-01 -4.5402324e-01
-1.7425000e+00 -8.5452220e-01 -5.2453477e-01 -2.9443286e-01 -1.6053907e-01 -1.1129455e-01 -9.9144478e-02 -1.3382663e-01 -2.0688816e-01 -3.1581942e-01 -4.5723649e-01
-1.7350000e+00 -8.9208076e-01 -5.4789543e-01 -3.1041140e-01 -1.7228930e-01 -1.2028792e-01 -1.0626282e-01 -1.3960993e-01 -2.1167904e-01 -3.1985783e-01 -4.6068490e-01
-1.7275000e+00 -9.3315162e-01 -5.7323218e-01 -3.2767186e-01 -1.8495394e-01 -1.2996738e-01 -1.1391694e-01 -1.4582437e-01 -2.1682453e-01 -3.2419355e-01 -4.6438610e-01
-1.7200000e+00 -9.7816371e-01 -6.0074402e-01 -3.4633034e-01 -1.9861084e-01 -1.4038902e-01 -1.2214942e-01 -1.5250354e-01 -2.2235186e-01 -3.2884914e-01 -4.6835912e-01
-1.7125000e+00 -1.0276219e+00 -6.3065647e-01 -3.6651592e-01 -2.1334561e-01 -1.5161411e-01 -1.3100661e-01 -1.5968389e-01 -2.2829050e-01 -3.3384902e-01 -4.7262450e-01
-1.7050000e+00 -1.0821267e+00 -6.6322651e-01 -3.8837259e-01 -2.2925270e-01 -1.6370975e-01 -1.4053899e-01 -1.6740499e-01 -2.3467239e-01 -3.3921955e-01 -4.7720443e-01
-1.6975000e+00 -1.1424002e+00 -6.9874879e-01 -4.1206160e-01 -2.4643651e-01 -1.7674953e-01 -1.5080167e-01 -1.7570990e-01 -2.4153216e-01 -3.4498930e-01 -4.8212286e-01
-1.6900000e+00 -1.2093219e+00 -7.3756348e-01 -4.3776422e-01 -2.6501276e-01 -1.9081430e-01 -1.6185485e-01 -1.8464544e-01 -2.4890739e-01 -3.5118919e-01 -4.8740571e-01
-1.6825000e+00 -1.2839788e+00 -7.8006640e-01 -4.6568522e-01 -2.8511015e-01 -2.0599314e-01 -1.7376442e-01 -1.9426268e-01 -2.5683892e-01 -3.5785275e-01 -4.9308103e-01
-1.6750000e+00 -1.3677355e+00 -8.2672223e-01 -4.9605711e-01 -3.0687225e-01 -2.2238436e-01 -1.8660262e-01 -2.0461731e-01 -2.6537115e-01 -3.6501635e-01 -4.9917919e-01
-1.6675000e+00 -1.4623346e+00 -8.7808190e-01 -5.2914540e-01 -3.3045985e-01 -2.4009678e-01 -2.0044883e-01 -2.1577023e-01 -2.7455245e-01 -3.7271948e-01 -5.0573308e-01
-1.6600000e+00 -1.5700409e+00 -9.3480608e-01 -5.6525524e-01 -3.5605381e-01 -2.5925121e-01 -2.1539042e-01 -2.2778811e-01 -2.8443556e-01 -3.8100510e-01 -5.1277842e-01
-1.6525000e+00 -1.6938439e+00 -9.9769740e-01 -6.0473996e-01 -3.8385844e-01 -2.7998218e-01 -2.3152382e-01 -2.4074404e-01 -2.9507805e-01 -3.8991993e-01 -5.2035396e-01
-1.6450000e+00 -1.8377147e+00 -1.0677453e+00 -6.4801202e-01 -4.1410579e-01 -3.0244005e-01 -2.4895570e-01 -2.5471839e-01 -3.0654292e-01 -3.9951493e-01 -5.2850183e-01
-1.6375000e+00 -2.0067969e+00 -1.1461906e+00 -6.9555743e-01 -4.4706096e-01 -3.2679352e-01 -2.6780446e-01 -2.6979964e-01 -3.1889915e-01 -4.0984570e-01 -5.3726788e-01
-1.6300000e+00 -2.2068264e+00 -1.2346190e+00 -7.4795503e-01 -4.8302876e-01 -3.5323271e-01 -2.8820183e-01 -2.8608546e-01 -3.3222248e-01 -4.2097299e-01 -5.4670206e-01
-1.6225000e+00 -2.4392903e+00 -1.3351024e+00 -8.0590258e-01 -5.2236229e-01 -3.8197294e-01 -3.1029498e-01 -3.0368400e-01 -3.4659620e-01 -4.3296333e-01 -5.5685887e-01
-1.6150000e+00 -2.6778912e+00 -1.4504133e+00 -8.7025310e-01 -5.6547398e-01 -4.1325939e-01 -3.3424895e-01 -3.2271527e-01 -3.6211213e-01 -4.4588970e-01 -5.6779785e-01
-1.6075000e+00 -2.8108065e+00 -1.5843579e+00 -9.4206630e-01 -6.1285019e-01 -4.4737297e-01 -3.6024955e-01 -3.4331295e-01 -3.7887173e-01 -4.5983228e-01 -5.7958416e-01
-1.6000000e+00 -2.7237277e+00 -1.7422758e+00 -1.0226835e+00 -6.6507066e-01 -4.8463778e-01 -3.8850710e-01 -3.6562644e-01 -3.9698745e-01 -4.7487939e-01 -5.9228927e-01
-1.5925000e+00 -2.5216838e+00 -1.9316690e+00 -1.1138396e+00 -7.2283507e-01 -5.2543069e-01 -4.1926086e-01 -3.8982335e-01 -4.1658425e-01 -4.9112854e-01 -6.0599164e-01
-1.5850000e+00 -2.3233134e+00 -2.1621524e+00 -1.2178361e+00 -7.8700004e-01 -5.7019379e-01 -4.5278468e-01 -4.1609260e-01 -4.3780148e-01 -5.0868766e-01 -6.2077769e-01
-1.5775000e+00 -2.1591210e+00 -2.4387072e+00 -1.3378172e+00 -8.5863182e-01 -6.1945105e-01 -4.8939419e-01 -4.4464815e-01 -4.6079515e-01 -5.2767656e-01 -6.3674274e-01
-1.5700000e+00 -2.0291123e+00 -2.7141870e+00 -1.4782231e+00 -9.3908347e-01 -6.7383064e-01 -5.2945594e-01 -4.7573363e-01 -4.8574058e-01 -5.4822870e-01 -6.5399227e-01
-1.5625000e+00 -1.9284381e+00 -2.7802157e+00 -1.6455500e+00 -1.0301114e+00 -7.3409582e-01 -5.7339935e-01 -5.0962823e-01 -5.1283573e-01 -5.7049322e-01 -6.7264328e-01
-1.5550000e+00 -1.8528161e+00 -2.5719703e+00 -1.8495631e+00 -1.1340577e+00 -8.0118842e-01 -6.2173257e-01 -5.4665406e-01 -5.4230530e-01 -5.9463749e-01 -6.9282599e-01
-1.5475000e+00 -1.7992501e+00 -2.3190750e+00 -2.1045099e+00 -1.2541458e+00 -8.7629178e-01 -6.7506377e-01 -5.8718571e-01 -5.7440573e-01 -6.2085015e-01 -7.1468584e-01
-1.5400000e+00 -1.7658928e+00 -2.1098256e+00 -2.4231719e+00 -1.3949831e+00 -9.6092454e-01 -7.3413044e-01 -6.3166274e-01 -6.0943171e-01 -6.4934488e-01 -7.3838588e-01
-1.5325000e+00 -1.7518359e+00 -1.9469041e+00 -2.7429870e+00 -1.5634470e+00 -1.0570852e+00 -7.9984065e-01 -6.8060620e-01 -6.4772425e-01 -6.8036501e-01 -7.6410972e-01
-1.5250000e+00 -1.7569721e+00 -1.8214737e+00 -2.7399217e+00 -1.7702817e+00 -1.1674838e+00 -8.7333253e-01 -7.3464100e-01 -6.8968131e-01 -7.1418943e-01 -7.9206508e-01
-1.5175000e+00 -1.7819402e+00 -1.7261865e+00 -2.4436576e+00 -2.0326460e+00 -1.2959311e+00 -9.5606269e-01 -7.9452680e-01 -7.3577169e-01 -7.5113998e-01 -8.2248827e-01
-1.5100000e+00 -1.8281513e+00 -1.6561079e+00 -2.1634257e+00 -2.3732952e+00 -1.4480257e+00 -1.0499422e+00 -8.6120168e-01 -7.8655366e-01 -7.9159100e-01 -8.5564972e-01
-1.5025000e+00 -1.8978887e+00 -1.6081595e+00 -1.9484802e+00 -2.7533638e+00 -1.6324355e+00 -1.1575546e+00 -9.3584549e-01 -8.4270026e-01 -8.3598188e-01 -8.9186101e-01
-1.4950000e+00 -1.9944559e+00 -1.5806126e+00 -1.7857270e+00 -2.7680557e+00 -1.8633796e+00 -1.2825208e+00 -1.0199746e+00 -9.0503473e-01 -8.8483361e-01 -9.3148398e-01
-1.4875000e+00 -2.1222311e+00 -1.5727744e+00 -1.6621228e+00 -2.4194192e+00 -2.1649546e+00 -1.4301482e+00 -1.1155891e+00 -9.7458094e-01 -9.3877132e-01 -9.7494243e-01
-1.4800000e+00 -2.2859674e+00 -1.5848361e+00 -1.5691512e+00 -2.1118358e+00 -2.5674205e+00 -1.6086562e+00 -1.2254105e+00 -1.0526377e+00 -9.9855533e-01 -1.0227378e+00
-1.4725000e+00 -2.4864308e+00 -1.6178489e+00 -1.5015580e+00 -1.8842793e+00 -2.9259805e+00 -1.8316537e+00 -1.3532868e+00 -1.1408914e+00 -1.0651252e+00 -1.0754702e+00
-1.4650000e+00 -2.7015892e+00 -1.6738213e+00 -1.4562172e+00 -1.7147621e+00 -2.6836088e+00 -2.1232689e+00 -1.5049241e+00 -1.2415943e+00 -1.1396635e+00 -1.1338672e+00
-1.4575000e+00 -2.8418912e+00 -1.7559519e+00 -1.4314576e+00 -1.5869877e+00 -2.2948192e+00 -2.5243768e+00 -1.6893070e+00 -1.3578590e+00 -1.2236923e+00 -1.1988249e+00
-1.4500000e+00 -2.7995157e+00 -1.8690211e+00 -1.4267037e+00 -1.4911479e+00 -2.0086930e+00 -2.9897858e+00 -1.9216905e+00 -1.4941738e+00 -1.3192222e+00 -1.2714668e+00
-1.4425000e+00 -2.6414058e+00 -2.0198683e+00 -1.4423238e+00 -1.4214075e+00 -1.8014793e+00 -2.8377836e+00 -2.2302748e+00 -1.6573666e+00 -1.4289961e+00 -1.3532316e+00
-1.4350000e+00 -2.4831804e+00 -2.2171549e+00 -1.4796324e+00 -1.3743517e+00 -1.6474805e+00 -2.3969304e+00 -2.6665434e+00 -1.8585650e+00 -1.5569060e+00 -1.4460094e+00
-1.4275000e+00 -2.3660312e+00 -2.4651321e+00 -1.5410479e+00 -1.3481568e+00 -1.5318094e+00 -2.0789845e+00 -3.1575982e+00 -2.1175826e+00 -1.7087571e+00 -1.5523611e+00
-1.4200000e+00 -2.2962496e+00 -2.7238113e+00 -1.6304497e+00 -1.3421681e+00 -1.4459252e+00 -1.8539512e+00 -2.8731755e+00 -2.4733852e+00 -1.8937807e+00 -1.6758904e+00
-1.4125000e+00 -2.2729968e+00 -2.8138172e+00 -1.7538323e+00 -1.3567225e+00 -1.3848516e+00 -1.6886391e+00 -2.4158218e+00 -2.9940161e+00 -2.1279501e+00 -1.8219174e+00
-1.4050000e+00 -2.2955879e+00 -2.6470669e+00 -1.9203625e+00 -1.3931459e+00 -1.3457671e+00 -1.5649481e+00 -2.1040879e+00 -3.3133054e+00 -2.4421086e+00 -1.9987962e+00
-1.3975000e+00 -2.3646208e+00 -2.4267295e+00 -2.1433722e+00 -1.4539263e+00 -1.3272979e+00 -1.4728502e+00 -1.8849956e+00 -2.7911388e+00 -2.9015992e+00 -2.2207630e+00
-1.3900000e+00 -2.4806389e+00 -2.2549155e+00 -2.4349837e+00 -1.5431185e+00 -1.3291812e+00 -1.4065942e+00 -1.7242578e+00 -2.3786354e+00 -3.4999080e+00 -2.5149118e+00
-1.3825000e+00 -2.6382838e+00 -2.1425177e+00 -2.7437396e+00 -1.6671309e+00 -1.3521543e+00 -1.3629066e+00 -1.6041723e+00 -2.1029821e+00 -3.1571021e+00 -2.9401361e+00
-1.3750000e+00 -2.8082090e+00 -2.0850521e+00 -2.7784231e+00 -1.8361719e+00 -1.3980254e+00 -1.3401178e+00 -1.5150712e+00 -1.9068512e+00 -2.6492796e+00 -3.5848681e+00
-1.3675000e+00 -2.9122751e+00 -2.0792583e+00 -2.5155763e+00 -2.0665420e+00 -1.4699505e+00 -1.3377437e+00 -1.4514511e+00 -1.7619567e+00 -2.3230704e+00 -3.4846916e+00
-1.3600000e+00 -2.8851572e+00 -2.1252658e+00 -2.2614376e+00 -2.3799471e+00 -1.5730260e+00 -1.3563290e+00 -1.4102140e+00 -1.6537952e+00 -2.0980244e+00 -2.9029784e+00
-1.3525000e+00 -2.7845913e+00 -2.2264368e+00 -2.0829489e+00 -2.7468670e+00 -1.7154576e+00 -1.3974840e+00 -1.3898283e+00 -1.5743757e+00 -1.9341482e+00 -2.5386218e+00
-1.3450000e+00 -2.6960247e+00 -2.3874527e+00 -1.9726136e+00 -2.8029392e+00 -1.9108462e+00 -1.4641291e+00 -1.3899356e+00 -1.5191575e+00 -1.8121132e+00 -2.2934735e+00
-1.3375000e+00 -2.6556404e+00 -2.6032037e+00 -1.9210624e+00 -2.4834541e+00 -2.1821667e+00 -1.5610461e+00 -1.4112158e+00 -1.4856607e+00 -1.7216498e+00 -2.1170918e+00
-1.3300000e+00 -2.6712672e+00 -2.8105599e+00 -1.9243264e+00 -2.1979433e+00 -2.5591329e+00 -1.6959972e+00 -1.4554513e+00 -1.4728069e+00 -1.6569898e+00 -1.9862577e+00
-1.3225000e+00 -2.7399553e+00 -2.8437282e+00 -1.9836628e+00 -2.0048308e+00 -2.9260966e+00 -1.8820247e+00 -1.5258130e+00 -1.4806286e+00 -1.6149035e+00 -1.8889924e+00
-1.3150000e+00 -2.8488175e+00 -2.6970033e+00 -2.1054194e+00 -1.8866130e+00 -2.7337220e+00 -2.1422035e+00 -1.6274951e+00 -1.5102094e+00 -1.5937889e+00 -1.8186559e+00
-1.3075000e+00 -2.9658476e+00 -2.5421577e+00 -2.3002745e+00 -1.8303729e+00 -2.3616572e+00 -2.5157501e+00 -1.7690220e+00 -1.5638282e+00 -1.5932499e+00 -1.7715121e+00
-1.3000000e+00 -3.0379848e+00 -2.4529782e+00 -2.5704935e+00 -1.8310104e+00 -2.0995773e+00 -2.9756623e+00 -1.9650360e+00 -1.6453659e+00 -1.6139500e+00 -1.7456230e+00
-1.2925000e+00 -3.0339769e+00 -2.4412541e+00 -2.8200916e+00 -1.8898332e+00 -1.9323311e+00 -2.8839006e+00 -2.2424988e+00 -1.7611708e+00 -1.6576752e+00 -1.7403338e+00
-1.2850000e+00 -2.9857832e+00 -2.5066332e+00 -2.7728229e+00 -2.0145505e+00 -1.8369869e+00 -2.4573709e+00 -2.6507839e+00 -1.9218796e+00 -1.7276291e+00 -1.7560705e+00
-1.2775000e+00 -2.9460798e+00 -2.6424002e+00 -2.5388296e+00 -2.2202900e+00 -1.8023622e+00 -2.1589547e+00 -3.1455916e+00 -2.1465079e+00 -1.8290968e+00 -1.7943565e+00
-1.2700000e+00 -2.9489793e+00 -2.8137667e+00 -2.3565370e+00 -2.5225869e+00 -1.8257019e+00 -1.9698218e+00 -2.9239732e+00 -2.4721739e+00 -1.9708420e+00 -1.8580524e+00
-1.2625000e+00 -3.0109989e+00 -2.9184826e+00 -2.2684800e+00 -2.8358569e+00 -1.9112359e+00 -1.8589558e+00 -2.4753700e+00 -2.9655257e+00 -2.1682031e+00 -1.9519263e+00
-1.2550000e+00 -3.1274603e+00 -2.8780681e+00 -2.2734225e+00 -2.7697636e+00 -2.0712891e+00 -1.8115570e+00 -2.1839280e+00 -3.3359808e+00 -2.4506491e+00 -2.0838622e+00
-1.2475000e+00 -3.2377974e+00 -2.7841352e+00 -2.3715662e+00 -2.4771131e+00 -2.3290889e+00 -1.8230216e+00 -2.0025447e+00 -2.8453186e+00 -2.8802030e+00 -2.2675194e+00
-1.2400000e+00 -3.2338492e+00 -2.7347564e+00 -2.5625255e+00 -2.2670566e+00 -2.7025398e+00 -1.8963890e+00 -1.8986631e+00 -2.4415169e+00 -3.4776056e+00 -2.5288249e+00
-1.2325000e+00 -3.1487388e+00 -2.7572743e+00 -2.7990939e+00 -2.1674724e+00 -2.9545914e+00 -2.0431935e+00 -1.8580631e+00 -2.1919417e+00 -3.2112206e+00 -2.9235124e+00
-1.2250000e+00 -3.1176386e+00 -2.8420791e+00 -2.8777913e+00 -2.1700075e+00 -2.6744329e+00 -2.2878444e+00 -1.8769581e+00 -2.0401643e+00 -2.7053204e+00 -3.5452879e+00
-1.2175000e+00 -3.2047906e+00 -2.9510665e+00 -2.7281773e+00 -2.2757426e+00 -2.3665090e+00 -2.6681062e+00 -1.9595536e+00 -1.9600115e+00 -2.3973657e+00 -3.5387789e+00
-1.2100000e+00 -3.3692543e+00 -3.0220990e+00 -2.5825025e+00 -2.4934383e+00 -2.1891889e+00 -3.0518805e+00 -2.1195854e+00 -1.9412777e+00 -2.2090305e+00 -2.9567837e+00
-1.2025000e+00 -3.4040257e+00 -3.0217754e+00 -2.5397138e+00 -2.7893226e+00 -2.1271555e+00 -2.7993957e+00 -2.3867193e+00 -1.9831833e+00 -2.1013182e+00 -2.6056031e+00
-1.1950000e+00 -3.2952704e+00 -2.9852329e+00 -2.6096917e+00 -2.8803608e+00 -2.1719520e+00 -2.4336864e+00 -2.8109876e+00 -2.0933956e+00 -2.0582649e+00 -2.3927366e+00
-1.1875000e+00 -3.2781044e+00 -2.9671049e+00 -2.7711147e+00 -2.6587743e+00 -2.3320492e+00 -2.2198024e+00 -3.1944496e+00 -2.2916204e+00 -2.0755660e+00 -2.2677901e+00
-1.1800000e+00 -3.4081380e+00 -3.0057855e+00 -2.9240002e+00 -2.4745027e+00 -2.6248304e+00 -2.1323327e+00 -2.8243944e+00 -2.6204670e+00 -2.1574910e+00 -2.2103366e+00
-1.1725000e+00 -3.5202493e+00 -3.1109194e+00 -2.9139563e+00 -2.4245106e+00 -2.9513651e+00 -2.1560670e+00 -2.4522585e+00 -3.1364799e+00 -2.3186764e+00 -2.2137295e+00
-1.1650000e+00 -3.4541817e+00 -3.2117719e+00 -2.8169131e+00 -2.5127028e+00 -2.8407974e+00 -2.2976013e+00 -2.2487347e+00 -3.2573064e+00 -2.5926856e+00 -2.2803432e+00
-1.1575000e+00 -3.4225139e+00 -3.1806155e+00 -2.7800936e+00 -2.7250297e+00 -2.5509086e+00 -2.5838274e+00 -2.1734274e+00 -2.7599365e+00 -3.0511037e+00 -2.4223289e+00
-1.1500000e+00 -3.5149090e+00 -3.1047471e+00 -2.8371325e+00 -2.9262125e+00 -2.4004897e+00 -2.9890940e+00 -2.2118499e+00 -2.4437940e+00 -3.5470127e+00 -2.6687453e+00
-1.1425000e+00 -3.6017439e+00 -3.1478879e+00 -2.9505848e+00 -2.8534587e+00 -2.4068060e+00 -2.9673972e+00 -2.3748308e+00 -2.2879449e+00 -3.0817523e+00 -3.0868228e+00
-1.1350000e+00 -3.5747371e+00 -3.3169949e+00 -3.0299546e+00 -2.6952419e+00 -2.5700534e+00 -2.6133710e+00 -2.6996809e+00 -2.2544447e+00 -2.6670113e+00 -3.7076998e+00
-1.1275000e+00 -3.5582335e+00 -3.3523808e+00 -3.0190637e+00 -2.6587712e+00 -2.8658314e+00 -2.4141718e+00 -3.1517574e+00 -2.3380336e+00 -2.4496894e+00 -3.3831661e+00
-1.1200000e+00 -3.6502086e+00 -3.2302244e+00 -2.9782571e+00 -2.7654219e+00 -2.9910795e+00 -2.3876774e+00 -3.0133171e+00 -2.5618186e+00 -2.3682936e+00 -2.8927186e+00
-1.1125000e+00 -3.7164024e+00 -3.2682248e+00 -2.9865398e+00 -2.9371238e+00 -2.7662145e+00 -2.5308189e+00 -2.6286266e+00 -2.9810253e+00 -2.4044381e+00 -2.6330955e+00
-1.1050000e+00 -3.6455816e+00 -3.4529912e+00 -3.0773880e+00 -2.9720650e+00 -2.6145379e+00 -2.8510646e+00 -2.4415619e+00 -3.3661405e+00 -2.5703015e+00 -2.5221570e+00
-1.0975000e+00 -3.7242168e+00 -3.4180510e+00 -3.1852433e+00 -2.8850532e+00 -2.6470036e+00 -3.0966458e+00 -2.4356494e+00 -2.9516213e+00 -2.9156201e+00 -2.5313972e+00
-1.0900000e+00 -3.8119958e+00 -3.3411338e+00 -3.1520802e+00 -2.8652760e+00 -2.8493107e+00 -2.8359305e+00 -2.6114605e+00 -2.6168455e+00 -3.4687602e+00 -2.6664669e+00
-1.0825000e+00 -3.7287095e+00 -3.4695596e+00 -3.0872768e+00 -2.9441350e+00 -3.0382918e+00 -2.6192361e+00 -2.9889825e+00 -2.4951589e+00 -3.2951176e+00 -2.9702157e+00
-1.0750000e+00 -3.8457019e+00 -3.5343941e+00 -3.1814495e+00 -3.0370798e+00 -2.9264249e+00 -2.6149159e+00 -3.2040506e+00 -2.5564773e+00 -2.8401182e+00 -3.5288898e+00
-1.0675000e+00 -3.8554315e+00 -3.4642320e+00 -3.3336595e+00 -3.0587571e+00 -2.8051046e+00 -2.8222518e+00 -2.8521891e+00 -2.8207405e+00 -2.6328658e+00 -3.6102538e+00
-1.0600000e+00 -3.8432511e+00 -3.5313404e+00 -3.2324215e+00 -3.0392752e+00 -2.8579355e+00 -3.1083171e+00 -2.6404633e+00 -3.2872270e+00 -2.6212448e+00 -3.0720638e+00
-1.0525000e+00 -3.9421499e+00 -3.6073571e+00 -3.2047396e+00 -3.0419732e+00 -3.0278198e+00 -2.9919891e+00 -2.6659695e+00 -3.2097918e+00 -2.8047680e+00 -2.8061103e+00
-1.0450000e+00 -3.9133170e+00 -3.5801153e+00 -3.4008783e+00 -3.1128102e+00 -3.0723085e+00 -2.7965053e+00 -2.9285789e+00 -2.8244466e+00 -3.2374917e+00 -2.7507976e+00
-1.0375000e+00 -3.9706034e+00 -3.6083857e+00 -3.3688444e+00 -3.2049294e+00 -2.9907655e+00 -2.8231290e+00 -3.2450995e+00 -2.6937176e+00 -3.5374668e+00 -2.8892994e+00
-1.0300000e+00 -4.0052970e+00 -3.7068928e+00 -3.2919267e+00 -3.1623420e+00 -3.0012702e+00 -3.0478685e+00 -3.0177920e+00 -2.8145004e+00 -3.0717755e+00 -3.2759528e+00
-1.0225000e+00 -4.0069909e+00 -3.6470175e+00 -3.4756532e+00 -3.1396707e+00 -3.0965521e+00 -3.1425573e+00 -2.8129159e+00 -3.1929948e+00 -2.8233271e+00 -3.7797755e+00
-1.0150000e+00 -4.0764394e+00 -3.7408785e+00 -3.4412407e+00 -3.2930331e+00 -3.1496982e+00 -2.9840229e+00 -2.8812715e+00 -3.3504885e+00 -2.8444397e+00 -3.3287300e+00
-1.0075000e+00 -4.0695858e+00 -3.7532090e+00 -3.4108106e+00 -3.2984692e+00 -3.1414327e+00 -2.9719077e+00 -3.1772781e+00 -2.9897015e+00 -3.1429049e+00 -2.9970866e+00
-1.0000000e+00 -4.1239800e+00 -3.7539551e+00 -3.5574658e+00 -3.2094815e+00 -3.1379280e+00 -3.1324830e+00 -3.2134860e+00 -2.8716541e+00 -3.5800080e+00 -2.9571040e+00
-9.9250000e-01 -4.1426233e+00 -3.8461961e+00 -3.4977252e+00 -3.3894385e+00 -3.1993577e+00 -3.1853999e+00 -2.9933805e+00 -3.0614329e+00 -3.2461457e+00 -3.1976498e+00
-9.8500000e-01 -4.1759844e+00 -3.8020178e+00 -3.5473962e+00 -3.3729910e+00 -3.2857822e+00 -3.1102469e+00 -3.0191335e+00 -3.4105030e+00 -2.9850060e+00 -3.7203371e+00
-9.7750000e-01 -4.2099204e+00 -3.9040491e+00 -3.6131601e+00 -3.3086005e+00 -3.2306902e+00 -3.1500507e+00 -3.2547569e+00 -3.2091391e+00 -3.0580334e+00 -3.5160100e+00
-9.7000000e-01 -4.2150933e+00 -3.8713442e+00 -3.5840715e+00 -3.5141486e+00 -3.2577839e+00 -3.2375714e+00 -3.2419123e+00 -3.0285696e+00 -3.4490915e+00 -3.1538369e+00
-9.6250000e-01 -4.3027211e+00 -3.9531897e+00 -3.6695695e+00 -3.3893393e+00 -3.4084125e+00 -3.2535794e+00 -3.1203051e+00 -3.1834422e+00 -3.4927329e+00 -3.1501592e+00
-9.5500000e-01 -4.2735228e+00 -3.9337680e+00 -3.6606866e+00 -3.4852709e+00 -3.2968922e+00 -3.2496256e+00 -3.2277041e+00 -3.4466626e+00 -3.1628377e+00 -3.5058471e+00
-9.4750000e-01 -4.3164868e+00 -4.0210025e+00 -3.7108495e+00 -3.5267205e+00 -3.3779338e+00 -3.2809501e+00 -3.3370916e+00 -3.2508475e+00 -3.1877354e+00 -3.7665682e+00
-9.4000000e-01 -4.3763372e+00 -3.9878786e+00 -3.7296760e+00 -3.4949587e+00 -3.4811937e+00 -3.3722145e+00 -3.2656764e+00 -3.1941596e+00 -3.5413096e+00 -3.3520114e+00
-9.3250000e-01 -4.3686838e+00 -4.0619635e+00 -3.7756296e+00 -3.6065394e+00 -3.3567752e+00 -3.3390318e+00 -3.3046303e+00 -3.4181987e+00 -3.4854647e+00 -3.2819769e+00
-9.2500000e-01 -4.4061304e+00 -4.0998229e+00 -3.7715141e+00 -3.5606913e+00 -3.5737253e+00 -3.3604100e+00 -3.3790273e+00 -3.4129187e+00 -3.2682600e+00 -3.6202024e+00
-9.1750000e-01 -4.4722925e+00 -4.0713565e+00 -3.8636304e+00 -3.6463121e+00 -3.4381447e+00 -3.4928550e+00 -3.3884765e+00 -3.3128682e+00 -3.4409133e+00 -3.7443537e+00
-9.1000000e-01 -4.4950619e+00 -4.1588735e+00 -3.8125618e+00 -3.6408476e+00 -3.5759048e+00 -3.3775350e+00 -3.3992653e+00 -3.4562712e+00 -3.6331422e+00 -3.4168563e+00
-9.0250000e-01 -4.4970981e+00 -4.1737524e+00 -3.9233724e+00 -3.6899805e+00 -3.5414360e+00 -3.5404713e+00 -3.4432578e+00 -3.4820555e+00 -3.4147945e+00 -3.5110700e+00
-8.9500000e-01 -4.5193693e+00 -4.1830341e+00 -3.8930609e+00 -3.7037044e+00 -3.6003275e+00 -3.4840821e+00 -3.5079004e+00 -3.4440539e+00 -3.4997313e+00 -3.8454612e+00
-8.8750000e-01 -4.5604801e+00 -4.2506259e+00 -3.9557613e+00 -3.7666609e+00 -3.6176846e+00 -3.5318689e+00 -3.4555023e+00 -3.5292857e+00 -3.6679964e+00 -3.5883851e+00
-8.8000000e-01 -4.6030738e+00 -4.2746618e+00 -3.9720478e+00 -3.7316620e+00 -3.6564671e+00 -3.5991875e+00 -3.5917801e+00 -3.5481513e+00 -3.5259526e+00 -3.5808830e+00
-8.7250000e-01 -4.6379707e+00 -4.2655526e+00 -3.9832342e+00 -3.8635544e+00 -3.6757325e+00 -3.5588911e+00 -3.5276687e+00 -3.5664890e+00 -3.6271373e+00 -3.8651214e+00
-8.6500000e-01 -4.6687783e+00 -4.2896635e+00 -4.0720105e+00 -3.7939189e+00 -3.7162770e+00 -3.6734464e+00 -3.6133101e+00 -3.5919508e+00 -3.6832025e+00 -3.6811005e+00
-8.5750000e-01 -4.7030643e+00 -4.3422874e+00 -4.0748147e+00 -3.8583518e+00 -3.7427973e+00 -3.6252295e+00 -3.6254958e+00 -3.6657121e+00 -3.6453426e+00 -3.7228277e+00
-8.5000000e-01 -4.7367528e+00 -4.3910257e+00 -4.0564159e+00 -3.9376440e+00 -3.7671760e+00 -3.7074478e+00 -3.6428166e+00 -3.6169838e+00 -3.7302516e+00 -3.8863865e+00
-8.4250000e-01 -4.7580719e+00 -4.4235828e+00 -4.1082730e+00 -3.8947771e+00 -3.7963959e+00 -3.7208272e+00 -3.6992924e+00 -3.7536015e+00 -3.7356068e+00 -3.7553541e+00
-8.3500000e-01 -4.7803647e+00 -4.4488585e+00 -4.1742843e+00 -3.9457088e+00 -3.8651784e+00 -3.7272806e+00 -3.7094075e+00 -3.6651711e+00 -3.7678387e+00 -3.8918143e+00
-8.2750000e-01 -4.8035295e+00 -4.4765316e+00 -4.1986830e+00 -3.9985505e+00 -3.8156655e+00 -3.8105862e+00 -3.7313779e+00 -3.8234622e+00 -3.7984174e+00 -3.8746595e+00
-8.2000000e-01 -4.8172412e+00 -4.5069201e+00 -4.2038694e+00 -3.9994089e+00 -3.9059670e+00 -3.7837896e+00 -3.8168626e+00 -3.7156972e+00 -3.8395974e+00 -3.9068707e+00
-8.1250000e-01 -4.8614756e+00 -4.5335478e+00 -4.2202491e+00 -4.0367358e+00 -3.9723348e+00 -3.8528874e+00 -3.7448076e+00 -3.9038765e+00 -3.8420158e+00 -3.9471516e+00
-8.0500000e-01 -4.9047794e+00 -4.5587373e+00 -4.2498590e+00 -4.1028733e+00 -3.9166566e+00 -3.8545546e+00 -3.9133653e+00 -3.7592142e+00 -3.9130299e+00 -3.9771249e+00
-7.9750000e-01 -4.9307256e+00 -4.5994280e+00 -4.2839083e+00 -4.1402952e+00 -3.9469551e+00 -3.9185636e+00 -3.8174916e+00 -3.9757265e+00 -3.9007772e+00 -3.9856922e+00
-7.9000000e-01 -4.9444257e+00 -4.6424276e+00 -4.3176416e+00 -4.1467825e+00 -4.0346133e+00 -3.9340366e+00 -3.9016169e+00 -3.8376271e+00 -3.9546904e+00 -4.0630877e+00
-7.8250000e-01 -4.9940282e+00 -4.6542869e+00 -4.3528227e+00 -4.1541415e+00 -4.0688653e+00 -3.9155697e+00 -3.9506468e+00 -3.9533782e+00 -4.0035458e+00 -4.0244391e+00
-7.7500000e-01 -5.0064153e+00 -4.6741256e+00 -4.3899152e+00 -4.1760267e+00 -4.0692746e+00 -3.9947088e+00 -3.9348939e+00 -4.0064248e+00 -3.9533066e+00 -4.1389789e+00
-7.6750000e-01 -5.0514207e+00 -4.6918357e+00 -4.4177733e+00 -4.2088878e+00 -4.0919747e+00 -4.0780466e+00 -3.9905489e+00 -3.9244953e+00 -4.1407223e+00 -4.0870927e+00
-7.6000000e-01 -5.0699677e+00 -4.7498872e+00 -4.4316439e+00 -4.2441607e+00 -4.1380678e+00 -4.0675355e+00 -4.0059066e+00 -4.0650685e+00 -3.9929683e+00 -4.1638447e+00
-7.5250000e-01 -5.1180151e+00 -4.7715866e+00 -4.4653266e+00 -4.2729391e+00 -4.1877990e+00 -4.0454445e+00 -4.0337862e+00 -4.0779629e+00 -4.1245040e+00 -4.2170769e+00
-7.4500000e-01 -5.1272833e+00 -4.7890399e+00 -4.5243412e+00 -4.2915287e+00 -4.2298389e+00 -4.0670500e+00 -4.1069229e+00 -4.0465819e+00 -4.1922630e+00 -4.1397328e+00
-7.3750000e-01 -5.1626509e+00 -4.8424283e+00 -4.5557702e+00 -4.3126408e+00 -4.2631941e+00 -4.1164117e+00 -4.1423008e+00 -4.1100766e+00 -4.0880804e+00 -4.3392967e+00
-7.3000000e-01 -5.2028897e+00 -4.8432582e+00 -4.5811838e+00 -4.3581740e+00 -4.2883256e+00 -4.1661647e+00 -4.1268075e+00 -4.1523222e+00 -4.1895284e+00 -4.2491054e+00
-7.2250000e-01 -5.2318997e+00 -4.8970163e+00 -4.5830579e+00 -4.4139883e+00 -4.3047606e+00 -4.2054287e+00 -4.1202602e+00 -4.1655433e+00 -4.2862753e+00 -4.2377534e+00
-7.1500000e-01 -5.2566800e+00 -4.9065162e+00 -4.6535191e+00 -4.4423741e+00 -4.3188770e+00 -4.2386470e+00 -4.1437385e+00 -4.2085880e+00 -4.2450944e+00 -4.4181562e+00
-7.0750000e-01 -5.2803259e+00 -4.9587119e+00 -4.6570610e+00 -4.4755170e+00 -4.3453364e+00 -4.2745084e+00 -4.1848176e+00 -4.2659469e+00 -4.2453613e+00 -4.3939601e+00
-7.0000000e-01 -5.3151952e+00 -4.9831519e+00 -4.6900300e+00 -4.4800753e+00 -4.3785297e+00 -4.3176316e+00 -4.2280340e+00 -4.3013012e+00 -4.3001115e+00 -4.3258455e+00
-6.5000000e-01 -5.5199621e+00 -5.1700910e+00 -4.8955375e+00 -4.7079901e+00 -4.5705464e+00 -4.4731434e+00 -4.4586639e+00 -4.4429307e+00 -4.5676925e+00 -4.5916395e+00
-6.0000000e-01 -5.7086415e+00 -5.3828290e+00 -5.0850709e+00 -4.9048855e+00 -4.7570190e+00 -4.6861746e+00 -4.6807309e+00 -4.6283951e+00 -4.7096540e+00 -4.8447570e+00
-5.5000000e-01 -5.9199338e+00 -5.5809304e+00 -5.2999257e+00 -5.0813472e+00 -4.9826467e+00 -4.8733504e+00 -4.8712555e+00 -4.8505906e+00 -4.9306813e+00 -4.9627272e+00
-5.0000000e-01 -6.1120622e+00 -5.7790096e+00 -5.5004812e+00 -5.2843000e+00 -5.1766840e+00 -5.0969354e+00 -5.0532899e+00 -5.0432346e+00 -5.1199493e+00 -5.1844310e+00
-4.0000000e-01 -6.4638370e+00 -6.1746893e+00 -5.8940276e+00 -5.6955184e+00 -5.5717500e+00 -5.4833990e+00 -5.4636193e+00 -5.4643107e+00 -5.4998259e+00 -5.5994121e+00
-2.0000000e-01 -7.4084275e+00 -6.9319802e+00 -6.6543125e+00 -6.4940710e+00 -6.3691191e+00 -6.2876196e+00 -6.2541732e+00 -6.2684886e+00 -6.3097627e+00 -6.3854881e+00
0.0000000e+00 -8.0919322e+00 -7.7349302e+00 -7.4775952e+00 -7.2686835e+00 -7.1486578e+00 -7.1089208e+00 -7.0603281e+00 -7.0627390e+00 -7.1108398e+00 -7.1920774e+00
2.0000000e-01 -8.8549329e+00 -8.5937444e+00 -8.2939504e+00 -8.0823167e+00 -7.9557804e+00 -7.8813611e+00 -7.8858078e+00 -7.8393068e+00 -7.9286292e+00 -7.9988478e+00
4.0000000e-01 -9.7660166e+00 -9.3461180e+00 -9.1294563e+00 -8.8895371e+00 -8.7653608e+00 -8.7268079e+00 -8.6464205e+00 -8.6682710e+00 -8.7105026e+00 -8.7859426e+00
6.0000000e-01 -1.0529096e+01 -1.0182726e+01 -9.8587739e+00 -9.6816023e+00 -9.5293414e+00 -9.5143953e+00 -9.4314733e+00 -9.4079930e+00 -9.5275323e+00 -9.5767471e+00
8.0000000e-01 -1.1282912e+01 -1.0962841e+01 -1.0709453e+01 -1.0498629e+01 -1.0334830e+01 -1.0287894e+01 -1.0227664e+01 -1.0319828e+01 -1.0281195e+01 -1.0347444e+01
1.0000000e+00 -1.2116157e+01 -1.1779864e+01 -1.1514325e+01 -1.1317273e+01 -1.1127604e+01 -1.1147743e+01 -1.1028861e+01 -1.1039725e+01 -1.1148807e+01 -1.1228580e+01
1.2000000e+00 -1.2882827e+01 -1.2639441e+01 -1.2298559e+01 -1.2064089e+01 -1.2006824e+01 -1.1891025e+01 -1.1879312e+01 -1.1873947e+01 -1.1945063e+01 -1.1997011e+01
1.4000000e+00 -1.3713775e+01 -1.3386626e+01 -1.3063175e+01 -1.2848671e+01 -1.2770396e+01 -1.2649502e+01 -1.2688908e+01 -1.2650582e+01 -1.2687557e+01 -1.2817140e+01
1.6000000e+00 -1.4510639e+01 -1.4149642e+01 -1.3907888e+01 -1.3647567e+01 -1.3568915e+01 -1.3496552e+01 -1.3465564e+01 -1.3419878e+01 -1.3546988e+01 -1.3631667e+01
1.8000000e+00 -1.5360840e+01 -1.4991591e+01 -1.4701361e+01 -1.4506901e+01 -1.4349572e+01 -1.4324953e+01 -1.4277482e+01 -1.4277554e+01 -1.4348932e+01 -1.4407730e+01
2.0000000e+00 -1.6216549e+01 -1.5774329e+01 -1.5578886e+01 -1.5320439e+01 -1.5169880e+01 -1.5065263e+01 -1.5060240e+01 -1.5060629e+01 -1.5087973e+01 -1.5213192e+01