########################################################################
# Reference Counts for Solar Model AGSS09met_old                       #
# Column 1: log10(Axion mass in eV)                                    #
#        n>1: log10(Reference photon counts in energy bin n-1)         #
########################################################################
-3.0000000e+00 -5.9520306e-01 -2.9289385e-01 -1.3589947e-01 -9.5724456e-02 -1.2575513e-01 -1.8108596e-01 -2.6706444e-01 -3.8088567e-01 -5.2918521e-01 -7.1390012e-01
-2.8000000e+00 -5.9522344e-01 -2.9290775e-01 -1.3590949e-01 -9.5732017e-02 -1.2576102e-01 -1.8109068e-01 -2.6706830e-01 -3.8088889e-01 -5.2918794e-01 -7.1390246e-01
-2.6000000e+00 -5.9535204e-01 -2.9299539e-01 -1.3597270e-01 -9.5779723e-02 -1.2579817e-01 -1.8112043e-01 -2.6709266e-01 -3.8090920e-01 -5.2920515e-01 -7.1391721e-01
-2.4000000e+00 -5.9616360e-01 -2.9354848e-01 -1.3637153e-01 -9.6080754e-02 -1.2603262e-01 -1.8130814e-01 -2.6724640e-01 -3.8103736e-01 -5.2931372e-01 -7.1401029e-01
-2.2000000e+00 -6.0129077e-01 -2.9704134e-01 -1.3888967e-01 -9.7981074e-02 -1.2751245e-01 -1.8249290e-01 -2.6821667e-01 -3.8184617e-01 -5.2999890e-01 -7.1459764e-01
-2.1500000e+00 -6.0486112e-01 -2.9947223e-01 -1.4064157e-01 -9.9302852e-02 -1.2854160e-01 -1.8331674e-01 -2.6889132e-01 -3.8240851e-01 -5.3047525e-01 -7.1500597e-01
-2.1000000e+00 -6.1053108e-01 -3.0333028e-01 -1.4342096e-01 -1.0139934e-01 -1.3017367e-01 -1.8462307e-01 -2.6996098e-01 -3.8330006e-01 -5.3123044e-01 -7.1565328e-01
-2.0500000e+00 -6.1954602e-01 -3.0945839e-01 -1.4783309e-01 -1.0472612e-01 -1.3276279e-01 -1.8669506e-01 -2.7165734e-01 -3.8471380e-01 -5.3242787e-01 -7.1667960e-01
-2.0000000e+00 -6.3390664e-01 -3.1920502e-01 -1.5484376e-01 -1.1000895e-01 -1.3687252e-01 -1.8998294e-01 -2.7434859e-01 -3.8695631e-01 -5.3432701e-01 -7.1830720e-01
-1.9500000e+00 -6.5685341e-01 -3.3473950e-01 -1.6600039e-01 -1.1840762e-01 -1.4340175e-01 -1.9520399e-01 -2.7862072e-01 -3.9051516e-01 -5.3734032e-01 -7.2088926e-01
-1.9000000e+00 -6.9370543e-01 -3.5958357e-01 -1.8379840e-01 -1.3178455e-01 -1.5378981e-01 -2.0350437e-01 -2.8540871e-01 -3.9616745e-01 -5.4212465e-01 -7.2498781e-01
-1.8500000e+00 -7.5339052e-01 -3.9953999e-01 -2.1230493e-01 -1.5315430e-01 -1.7035554e-01 -2.1672456e-01 -2.9621043e-01 -4.0515588e-01 -5.4972888e-01 -7.3149943e-01
-1.8475000e+00 -7.5721259e-01 -4.0208655e-01 -2.1411673e-01 -1.5451015e-01 -1.7140537e-01 -2.1756168e-01 -2.9689401e-01 -4.0572445e-01 -5.5020973e-01 -7.3191108e-01
-1.8400000e+00 -7.6926514e-01 -4.1010713e-01 -2.1981914e-01 -1.5877568e-01 -1.7470716e-01 -2.2019398e-01 -2.9904317e-01 -4.0751185e-01 -5.5172124e-01 -7.3320497e-01
-1.8325000e+00 -7.8225439e-01 -4.1873435e-01 -2.2594606e-01 -1.6335560e-01 -1.7825067e-01 -2.2301808e-01 -3.0134841e-01 -4.0942871e-01 -5.5334201e-01 -7.3459226e-01
-1.8250000e+00 -7.9625988e-01 -4.2801691e-01 -2.3253047e-01 -1.6827384e-01 -1.8205406e-01 -2.2604824e-01 -3.0382123e-01 -4.1148455e-01 -5.5508005e-01 -7.3607975e-01
-1.8175000e+00 -8.1136906e-01 -4.3800789e-01 -2.3960814e-01 -1.7355627e-01 -1.8613689e-01 -2.2929984e-01 -3.0647405e-01 -4.1368958e-01 -5.5694393e-01 -7.3767476e-01
-1.8100000e+00 -8.2767832e-01 -4.4876524e-01 -2.4721790e-01 -1.7923089e-01 -1.9052030e-01 -2.3278942e-01 -3.0932021e-01 -4.1605481e-01 -5.5894290e-01 -7.3938514e-01
-1.8025000e+00 -8.4529416e-01 -4.6035230e-01 -2.5540195e-01 -1.8532801e-01 -1.9522712e-01 -2.3653484e-01 -3.1237408e-01 -4.1859208e-01 -5.6108689e-01 -7.4121935e-01
-1.7950000e+00 -8.6433460e-01 -4.7283841e-01 -2.6420618e-01 -1.9188045e-01 -2.0028202e-01 -2.4055537e-01 -3.1565117e-01 -4.2131412e-01 -5.6338658e-01 -7.4318647e-01
-1.7875000e+00 -8.8493074e-01 -4.8629965e-01 -2.7368059e-01 -1.9892383e-01 -2.0571166e-01 -2.4487178e-01 -3.1916818e-01 -4.2423465e-01 -5.6585346e-01 -7.4529627e-01
-1.7800000e+00 -9.0722877e-01 -5.0081962e-01 -2.8387968e-01 -2.0649681e-01 -2.1154494e-01 -2.4950655e-01 -3.2294310e-01 -4.2736846e-01 -5.6849990e-01 -7.4755924e-01
-1.7725000e+00 -9.3139228e-01 -5.1649043e-01 -2.9486302e-01 -2.1464139e-01 -2.1781311e-01 -2.5448392e-01 -3.2699537e-01 -4.3073145e-01 -5.7133922e-01 -7.4998670e-01
-1.7650000e+00 -9.5760503e-01 -5.3341376e-01 -3.0669572e-01 -2.2340329e-01 -2.2455006e-01 -2.5983015e-01 -3.3134596e-01 -4.3434082e-01 -5.7438576e-01 -7.5259081e-01
-1.7575000e+00 -9.8607443e-01 -5.5170220e-01 -3.1944919e-01 -2.3283226e-01 -2.3179259e-01 -2.6557362e-01 -3.3601752e-01 -4.3821507e-01 -5.7765499e-01 -7.5538465e-01
-1.7500000e+00 -1.0170357e+00 -5.7148075e-01 -3.3320176e-01 -2.4298261e-01 -2.3958063e-01 -2.7174508e-01 -3.4103454e-01 -4.4237418e-01 -5.8116357e-01 -7.5838234e-01
-1.7425000e+00 -1.0507573e+00 -5.9288865e-01 -3.4803968e-01 -2.5391364e-01 -2.4795760e-01 -2.7837785e-01 -3.4642349e-01 -4.4683973e-01 -5.8492945e-01 -7.6159907e-01
-1.7350000e+00 -1.0875470e+00 -6.1608155e-01 -3.6405799e-01 -2.6569020e-01 -2.5697077e-01 -2.8550808e-01 -3.5221303e-01 -4.5163504e-01 -5.8897202e-01 -7.6505122e-01
-1.7275000e+00 -1.1277609e+00 -6.4123414e-01 -3.8136180e-01 -2.7838341e-01 -2.6667164e-01 -2.9317503e-01 -3.5843418e-01 -4.5678529e-01 -5.9331221e-01 -7.6875644e-01
-1.7200000e+00 -1.1718135e+00 -6.6854334e-01 -4.0006760e-01 -2.9207132e-01 -2.7711645e-01 -3.0142136e-01 -3.6512058e-01 -4.6231776e-01 -5.9797263e-01 -7.7273379e-01
-1.7125000e+00 -1.2201922e+00 -6.9823222e-01 -4.2030492e-01 -3.0683980e-01 -2.8836664e-01 -3.1029352e-01 -3.7230873e-01 -4.6826193e-01 -6.0297768e-01 -7.7700383e-01
-1.7050000e+00 -1.2734754e+00 -7.3055485e-01 -4.4221829e-01 -3.2278359e-01 -3.0048950e-01 -3.1984209e-01 -3.8003826e-01 -4.7464979e-01 -6.0835380e-01 -7.8158877e-01
-1.6975000e+00 -1.3323574e+00 -7.6580240e-01 -4.6596954e-01 -3.4000739e-01 -3.1355880e-01 -3.3012229e-01 -3.8835227e-01 -4.8151599e-01 -6.1412957e-01 -7.8651259e-01
-1.6900000e+00 -1.3976825e+00 -8.0431083e-01 -4.9174066e-01 -3.5862729e-01 -3.2765565e-01 -3.4119443e-01 -3.9729764e-01 -4.8889816e-01 -6.2033595e-01 -7.9180125e-01
-1.6825000e+00 -1.4704915e+00 -8.4647086e-01 -5.1973725e-01 -3.7877241e-01 -3.4286938e-01 -3.5312456e-01 -4.0692551e-01 -4.9683718e-01 -6.2700650e-01 -7.9748283e-01
-1.6750000e+00 -1.5520888e+00 -8.9274081e-01 -5.5019279e-01 -4.0058680e-01 -3.5929859e-01 -3.6598507e-01 -4.1729165e-01 -5.0537750e-01 -6.3417764e-01 -8.0358773e-01
-1.6675000e+00 -1.6441375e+00 -9.4366367e-01 -5.8337397e-01 -4.2423182e-01 -3.7705245e-01 -3.7985551e-01 -4.2845703e-01 -5.1456755e-01 -6.4188891e-01 -8.1014889e-01
-1.6600000e+00 -1.7487985e+00 -9.9989005e-01 -6.1958736e-01 -4.4988896e-01 -3.9625215e-01 -3.9482344e-01 -4.4048842e-01 -5.2446012e-01 -6.5018332e-01 -8.1720207e-01
-1.6525000e+00 -1.8689303e+00 -1.0622096e+00 -6.5918802e-01 -4.7776330e-01 -4.1703267e-01 -4.1098553e-01 -4.5345902e-01 -5.3511287e-01 -6.5910766e-01 -8.2478607e-01
-1.6450000e+00 -2.0083635e+00 -1.1315947e+00 -7.0259055e-01 -5.0808780e-01 -4.3954487e-01 -4.2844869e-01 -4.6744929e-01 -5.4658883e-01 -6.6871294e-01 -8.3294308e-01
-1.6375000e+00 -2.1721952e+00 -1.2092633e+00 -7.5028364e-01 -5.4112865e-01 -4.6395805e-01 -4.4733161e-01 -4.8254786e-01 -5.5895711e-01 -6.7905482e-01 -8.4171901e-01
-1.6300000e+00 -2.3666753e+00 -1.2967701e+00 -8.0284951e-01 -5.7719197e-01 -4.9046304e-01 -4.6776635e-01 -4.9885256e-01 -5.7229351e-01 -6.9019416e-01 -8.5116386e-01
-1.6225000e+00 -2.5963456e+00 -1.3961438e+00 -8.6099032e-01 -6.1663245e-01 -5.1927596e-01 -4.8990048e-01 -5.1647168e-01 -5.8668144e-01 -7.0219757e-01 -8.6133222e-01
-1.6150000e+00 -2.8472894e+00 -1.5100964e+00 -9.2556485e-01 -6.5986452e-01 -5.5064299e-01 -5.1389945e-01 -5.3552543e-01 -6.0221283e-01 -7.1513812e-01 -8.7228371e-01
-1.6075000e+00 -3.0291470e+00 -1.6423486e+00 -9.9764057e-01 -7.0737699e-01 -5.8484622e-01 -5.3994964e-01 -5.5614772e-01 -6.1898929e-01 -7.2909610e-01 -8.8408360e-01
-1.6000000e+00 -2.9891894e+00 -1.7981269e+00 -1.0785694e+00 -7.5975278e-01 -6.2221117e-01 -5.6826194e-01 -5.7848819e-01 -6.3712340e-01 -7.4415998e-01 -8.9680342e-01
-1.5925000e+00 -2.7901012e+00 -1.9848248e+00 -1.1701015e+00 -8.1769566e-01 -6.6311647e-01 -5.9907635e-01 -6.0271477e-01 -6.5674030e-01 -7.6042738e-01 -9.1052178e-01
-1.5850000e+00 -2.5795788e+00 -2.2122000e+00 -1.2745603e+00 -8.8206761e-01 -7.0800642e-01 -6.3266761e-01 -6.2901671e-01 -6.7797956e-01 -7.7800641e-01 -9.2532521e-01
-1.5775000e+00 -2.4034272e+00 -2.4871075e+00 -1.3951229e+00 -9.5394217e-01 -7.5740773e-01 -6.6935240e-01 -6.5760837e-01 -7.0099741e-01 -7.9701707e-01 -9.4130920e-01
-1.5700000e+00 -2.2637864e+00 -2.7723496e+00 -1.5362811e+00 -1.0346825e+00 -8.1195214e-01 -7.0949858e-01 -6.8873390e-01 -7.2596944e-01 -8.1759302e-01 -9.5857937e-01
-1.5625000e+00 -2.1553771e+00 -2.8685715e+00 -1.7046122e+00 -1.1260592e+00 -8.7240752e-01 -7.5353720e-01 -7.2267304e-01 -7.5309395e-01 -8.3988366e-01 -9.7725292e-01
-1.5550000e+00 -2.0733032e+00 -2.6713851e+00 -1.9100048e+00 -1.2304355e+00 -9.3972192e-01 -8.0197843e-01 -7.5974864e-01 -7.8259598e-01 -8.6405665e-01 -9.9746031e-01
-1.5475000e+00 -2.0140982e+00 -2.4135016e+00 -2.1668220e+00 -1.3510672e+00 -1.0150871e+00 -8.5543306e-01 -8.0033617e-01 -8.1473247e-01 -8.9030097e-01 -1.0193472e+00
-1.5400000e+00 -1.9755769e+00 -2.1983880e+00 -2.4872533e+00 -1.4926128e+00 -1.1000337e+00 -9.1464200e-01 -8.4487628e-01 -8.4979863e-01 -9.1883068e-01 -1.0430770e+00
-1.5325000e+00 -1.9565801e+00 -2.0309534e+00 -2.8026047e+00 -1.6620352e+00 -1.1965775e+00 -9.8051786e-01 -8.9389140e-01 -8.8813615e-01 -9.4988962e-01 -1.0688335e+00
-1.5250000e+00 -1.9567987e+00 -1.9020947e+00 -2.7848351e+00 -1.8702227e+00 -1.3074546e+00 -1.0542050e+00 -9.4800820e-01 -9.3014381e-01 -9.8375722e-01 -1.0968251e+00
-1.5175000e+00 -1.9766947e+00 -1.8040810e+00 -2.4862661e+00 -2.1345443e+00 -1.4365169e+00 -1.1371686e+00 -1.0079887e+00 -9.7629148e-01 -1.0207560e+00 -1.1272883e+00
-1.5100000e+00 -2.0175103e+00 -1.7317106e+00 -2.2083176e+00 -2.4775816e+00 -1.5894313e+00 -1.2313324e+00 -1.0747741e+00 -1.0271387e+00 -1.0612613e+00 -1.1604943e+00
-1.5025000e+00 -2.0813634e+00 -1.6817287e+00 -1.9954016e+00 -2.8545474e+00 -1.7749855e+00 -1.3392989e+00 -1.1495485e+00 -1.0833603e+00 -1.1057134e+00 -1.1967554e+00
-1.4950000e+00 -2.1714195e+00 -1.6522838e+00 -1.8341467e+00 -2.8519142e+00 -2.0076159e+00 -1.4647190e+00 -1.2338343e+00 -1.1457817e+00 -1.1546347e+00 -1.2364342e+00
-1.4875000e+00 -2.2920690e+00 -1.6425898e+00 -1.7116803e+00 -2.5015573e+00 -2.3117597e+00 -1.6129497e+00 -1.3296403e+00 -1.2154298e+00 -1.2086521e+00 -1.2799556e+00
-1.4800000e+00 -2.4487077e+00 -1.6527584e+00 -1.6196238e+00 -2.1967724e+00 -2.7170298e+00 -1.7922987e+00 -1.4397017e+00 -1.2936078e+00 -1.2685282e+00 -1.3278224e+00
-1.4725000e+00 -2.6451816e+00 -1.6837631e+00 -1.5528117e+00 -1.9713555e+00 -3.0642419e+00 -2.0165428e+00 -1.5678878e+00 -1.3820081e+00 -1.3352056e+00 -1.3806365e+00
-1.4650000e+00 -2.8704531e+00 -1.7375272e+00 -1.5081760e+00 -1.8033313e+00 -2.8069077e+00 -2.3101320e+00 -1.7199412e+00 -1.4828920e+00 -1.4098712e+00 -1.4391277e+00
-1.4575000e+00 -3.0538382e+00 -1.8171484e+00 -1.4840868e+00 -1.6766588e+00 -2.4209217e+00 -2.7141725e+00 -1.9049129e+00 -1.5993863e+00 -1.4940530e+00 -1.5041952e+00
-1.4500000e+00 -3.0586956e+00 -1.9272901e+00 -1.4800023e+00 -1.5816903e+00 -2.1377556e+00 -3.1753161e+00 -2.1381905e+00 -1.7360023e+00 -1.5897703e+00 -1.5769666e+00
-1.4425000e+00 -2.9048516e+00 -2.0746978e+00 -1.4963216e+00 -1.5126853e+00 -1.9324943e+00 -3.0057813e+00 -2.4482516e+00 -1.8996088e+00 -1.6997796e+00 -1.6588865e+00
-1.4350000e+00 -2.7308719e+00 -2.2682197e+00 -1.5343930e+00 -1.4662882e+00 -1.7798468e+00 -2.5671134e+00 -2.8868873e+00 -2.1014116e+00 -1.8279946e+00 -1.7518535e+00
-1.4275000e+00 -2.5963494e+00 -2.5139521e+00 -1.5966768e+00 -1.4407163e+00 -1.6651879e+00 -2.2519001e+00 -3.3734720e+00 -2.3613904e+00 -1.9802580e+00 -1.8584415e+00
-1.4200000e+00 -2.5109873e+00 -2.7808748e+00 -1.6871104e+00 -1.4353472e+00 -1.5801201e+00 -2.0285759e+00 -3.0777544e+00 -2.7188861e+00 -2.1658710e+00 -1.9822748e+00
-1.4125000e+00 -2.4737069e+00 -2.8992360e+00 -1.8117735e+00 -1.4505474e+00 -1.5197496e+00 -1.8644026e+00 -2.6226649e+00 -3.2419740e+00 -2.4009532e+00 -2.1287090e+00
-1.4050000e+00 -2.4832693e+00 -2.7451393e+00 -1.9799555e+00 -1.4876750e+00 -1.4813074e+00 -1.7415423e+00 -2.3127141e+00 -3.5494762e+00 -2.7166920e+00 -2.3061630e+00
-1.3975000e+00 -2.5402015e+00 -2.5191885e+00 -2.2050959e+00 -1.5492586e+00 -1.4634578e+00 -1.6501009e+00 -2.0947000e+00 -3.0244957e+00 -3.1792011e+00 -2.5290061e+00
-1.3900000e+00 -2.6462566e+00 -2.3397312e+00 -2.4987676e+00 -1.6394105e+00 -1.4659691e+00 -1.5844013e+00 -1.9346796e+00 -2.6142367e+00 -3.7748933e+00 -2.8246454e+00
-1.3825000e+00 -2.8007186e+00 -2.2207424e+00 -2.8040232e+00 -1.7646282e+00 -1.4896095e+00 -1.5412152e+00 -1.8151200e+00 -2.3398913e+00 -3.4174868e+00 -3.2527913e+00
-1.3750000e+00 -2.9861938e+00 -2.1575467e+00 -2.8242740e+00 -1.9352641e+00 -1.5362232e+00 -1.5189044e+00 -1.7264371e+00 -2.1445621e+00 -2.9125961e+00 -3.9001491e+00
-1.3675000e+00 -3.1337842e+00 -2.1464187e+00 -2.5583427e+00 -2.1678233e+00 -1.6090148e+00 -1.5170100e+00 -1.6631735e+00 -2.0002178e+00 -2.5882723e+00 -3.7790149e+00
-1.3600000e+00 -3.1406708e+00 -2.1871309e+00 -2.3068406e+00 -2.4838687e+00 -1.7131541e+00 -1.5361005e+00 -1.6222599e+00 -1.8924713e+00 -2.3643131e+00 -3.2004196e+00
-1.3525000e+00 -3.0325840e+00 -2.2828986e+00 -2.1310153e+00 -2.8486887e+00 -1.8569688e+00 -1.5778132e+00 -1.6021846e+00 -1.8133903e+00 -2.2011467e+00 -2.8384647e+00
-1.3450000e+00 -2.9188925e+00 -2.4389231e+00 -2.0229160e+00 -2.8878182e+00 -2.0542746e+00 -1.6451043e+00 -1.6026053e+00 -1.7584674e+00 -2.0796271e+00 -2.5946306e+00
-1.3375000e+00 -2.8534948e+00 -2.6533527e+00 -1.9733657e+00 -2.5657358e+00 -2.3283782e+00 -1.7428095e+00 -1.6242179e+00 -1.7252443e+00 -1.9895714e+00 -2.4190760e+00
-1.3300000e+00 -2.8495830e+00 -2.8738040e+00 -1.9785980e+00 -2.2834043e+00 -2.7084900e+00 -1.8787816e+00 -1.6688232e+00 -1.7126583e+00 -1.9252579e+00 -2.2888269e+00
-1.3225000e+00 -2.9079970e+00 -2.9333017e+00 -2.0400534e+00 -2.0930113e+00 -3.0660917e+00 -2.0662284e+00 -1.7396172e+00 -1.7207556e+00 -1.8834854e+00 -2.1920149e+00
-1.3150000e+00 -3.0223973e+00 -2.7915478e+00 -2.1642554e+00 -1.9769434e+00 -2.8573013e+00 -2.3285372e+00 -1.8418329e+00 -1.7506343e+00 -1.8626716e+00 -2.1220574e+00
-1.3075000e+00 -3.1671680e+00 -2.6272752e+00 -2.3619171e+00 -1.9225754e+00 -2.4879652e+00 -2.7051887e+00 -1.9840623e+00 -1.8045911e+00 -1.8624361e+00 -2.0752516e+00
-1.3000000e+00 -3.2744046e+00 -2.5272152e+00 -2.6339963e+00 -1.9250361e+00 -2.2293883e+00 -3.1623289e+00 -2.1810773e+00 -1.8865328e+00 -1.8834585e+00 -2.0496824e+00
-1.2925000e+00 -3.2718627e+00 -2.5055793e+00 -2.8769328e+00 -1.9858316e+00 -2.0647043e+00 -3.0522857e+00 -2.4601075e+00 -2.0028501e+00 -1.9275429e+00 -2.0447123e+00
-1.2850000e+00 -3.1945383e+00 -2.5625295e+00 -2.8169496e+00 -2.1128895e+00 -1.9714004e+00 -2.6276219e+00 -2.8708586e+00 -2.1642575e+00 -1.9979180e+00 -2.0607838e+00
-1.2775000e+00 -3.1295369e+00 -2.6936029e+00 -2.5827934e+00 -2.3215459e+00 -1.9386175e+00 -2.3323625e+00 -3.3625969e+00 -2.3899315e+00 -2.0999086e+00 -2.0994390e+00
-1.2700000e+00 -3.1251511e+00 -2.8712314e+00 -2.4042735e+00 -2.6266166e+00 -1.9638328e+00 -2.1453990e+00 -3.1286241e+00 -2.7173495e+00 -2.2423489e+00 -2.1635629e+00
-1.2625000e+00 -3.1979887e+00 -2.9981323e+00 -2.3200851e+00 -2.9339242e+00 -2.0515033e+00 -2.0361805e+00 -2.6822734e+00 -3.2133289e+00 -2.4407197e+00 -2.2579616e+00
-1.2550000e+00 -3.3376202e+00 -2.9697705e+00 -2.3288205e+00 -2.8527340e+00 -2.2142520e+00 -1.9902189e+00 -2.3929051e+00 -3.5734169e+00 -2.7248185e+00 -2.3905846e+00
-1.2475000e+00 -3.4626683e+00 -2.8660260e+00 -2.4308457e+00 -2.5608765e+00 -2.4756289e+00 -2.0031113e+00 -2.2128994e+00 -3.0785915e+00 -3.1574167e+00 -2.5752216e+00
-1.2400000e+00 -3.4412253e+00 -2.8015806e+00 -2.6250920e+00 -2.3548500e+00 -2.8516428e+00 -2.0780791e+00 -2.1100691e+00 -2.6772562e+00 -3.7539124e+00 -2.8380985e+00
-1.2325000e+00 -3.3380236e+00 -2.8130216e+00 -2.8594133e+00 -2.2589569e+00 -3.0880441e+00 -2.2269006e+00 -2.0703983e+00 -2.4292443e+00 -3.4715762e+00 -3.2357219e+00
-1.2250000e+00 -3.3050278e+00 -2.8965897e+00 -2.9254547e+00 -2.2650310e+00 -2.7985064e+00 -2.4743644e+00 -2.0902323e+00 -2.2785337e+00 -2.9686630e+00 -3.8609495e+00
-1.2175000e+00 -3.3995499e+00 -3.0188181e+00 -2.7720764e+00 -2.3745529e+00 -2.4948457e+00 -2.8580390e+00 -2.1739041e+00 -2.1992368e+00 -2.6628867e+00 -3.8333634e+00
-1.2100000e+00 -3.5763440e+00 -3.1068557e+00 -2.6310127e+00 -2.5961251e+00 -2.3217277e+00 -3.2330438e+00 -2.3353362e+00 -2.1812985e+00 -2.4759249e+00 -3.2541714e+00
-1.2025000e+00 -3.6138092e+00 -3.1028100e+00 -2.5941264e+00 -2.8911076e+00 -2.2633440e+00 -2.9676363e+00 -2.6045306e+00 -2.2240495e+00 -2.3692410e+00 -2.9057200e+00
-1.1950000e+00 -3.4939593e+00 -3.0494853e+00 -2.6695229e+00 -2.9670587e+00 -2.3118262e+00 -2.6055485e+00 -3.0315203e+00 -2.3352850e+00 -2.3270904e+00 -2.6944696e+00
-1.1875000e+00 -3.4675860e+00 -3.0238615e+00 -2.8330285e+00 -2.7422257e+00 -2.4761812e+00 -2.3952256e+00 -3.4065563e+00 -2.5349326e+00 -2.3453038e+00 -2.5706753e+00
-1.1800000e+00 -3.5984697e+00 -3.0693171e+00 -2.9781075e+00 -2.5629702e+00 -2.7732810e+00 -2.3106536e+00 -3.0295086e+00 -2.8660442e+00 -2.4282831e+00 -2.5141951e+00
-1.1725000e+00 -3.7308111e+00 -3.1873954e+00 -2.9587813e+00 -2.5185800e+00 -3.0927141e+00 -2.3372063e+00 -2.6602835e+00 -3.3842018e+00 -2.5908702e+00 -2.5185403e+00
-1.1650000e+00 -3.6623464e+00 -3.2891280e+00 -2.8649587e+00 -2.6122721e+00 -2.9654112e+00 -2.4820212e+00 -2.4590668e+00 -3.4911854e+00 -2.8670676e+00 -2.5862224e+00
-1.1575000e+00 -3.6102142e+00 -3.2446872e+00 -2.8358977e+00 -2.8279912e+00 -2.6788682e+00 -2.7723173e+00 -2.3856286e+00 -2.9941479e+00 -3.3292134e+00 -2.7295874e+00
-1.1500000e+00 -3.7038977e+00 -3.1668231e+00 -2.8979388e+00 -3.0206108e+00 -2.5343881e+00 -3.1763731e+00 -2.4259189e+00 -2.6805683e+00 -3.8169672e+00 -2.9781008e+00
-1.1425000e+00 -3.8166393e+00 -3.2161167e+00 -3.0077028e+00 -2.9372023e+00 -2.5465090e+00 -3.1367438e+00 -2.5911817e+00 -2.5265442e+00 -3.3428389e+00 -3.3999661e+00
-1.1350000e+00 -3.7747092e+00 -3.3900651e+00 -3.0774164e+00 -2.7831339e+00 -2.7157052e+00 -2.7846065e+00 -2.9191112e+00 -2.4946257e+00 -2.9314906e+00 -4.0198450e+00
-1.1275000e+00 -3.7434759e+00 -3.4211518e+00 -3.0674527e+00 -2.7542888e+00 -3.0131481e+00 -2.5903172e+00 -3.3695416e+00 -2.5799373e+00 -2.7165021e+00 -3.6778031e+00
-1.1200000e+00 -3.8549074e+00 -3.2961084e+00 -3.0351775e+00 -2.8669745e+00 -3.1209486e+00 -2.5683620e+00 -3.2183606e+00 -2.8060412e+00 -2.6369339e+00 -3.1913850e+00
-1.1125000e+00 -3.9216906e+00 -3.3341347e+00 -3.0455826e+00 -3.0351902e+00 -2.8926973e+00 -2.7163731e+00 -2.8362628e+00 -3.2284133e+00 -2.6749057e+00 -2.9345339e+00
-1.1050000e+00 -3.8353586e+00 -3.5222252e+00 -3.1299328e+00 -3.0580534e+00 -2.7485284e+00 -3.0405879e+00 -2.6524583e+00 -3.6050097e+00 -2.8430824e+00 -2.8256101e+00
-1.0975000e+00 -3.9233563e+00 -3.4896934e+00 -3.2333399e+00 -2.9731008e+00 -2.7891546e+00 -3.2730956e+00 -2.6495319e+00 -3.1850779e+00 -3.1920039e+00 -2.8367479e+00
-1.0900000e+00 -4.0164057e+00 -3.4064691e+00 -3.2072904e+00 -2.9624241e+00 -2.9967723e+00 -3.0056927e+00 -2.8287533e+00 -2.8535495e+00 -3.7459064e+00 -2.9741062e+00
-1.0825000e+00 -3.9216731e+00 -3.5338652e+00 -3.1446800e+00 -3.0446696e+00 -3.1740336e+00 -2.7950213e+00 -3.2092863e+00 -2.7345639e+00 -3.5556963e+00 -3.2813807e+00
-1.0750000e+00 -4.0430885e+00 -3.6092532e+00 -3.2342554e+00 -3.1286135e+00 -3.0528165e+00 -2.7972462e+00 -3.4127361e+00 -2.7985730e+00 -3.1040935e+00 -3.8445067e+00
-1.0675000e+00 -4.0601274e+00 -3.5300559e+00 -3.3842750e+00 -3.1458089e+00 -2.9398092e+00 -3.0106050e+00 -3.0586348e+00 -3.0662600e+00 -2.9001546e+00 -3.9054820e+00
-1.0600000e+00 -4.0320201e+00 -3.5949200e+00 -3.2879600e+00 -3.1351234e+00 -3.0024321e+00 -3.2906944e+00 -2.8512372e+00 -3.5335126e+00 -2.8914674e+00 -3.3699017e+00
-1.0525000e+00 -4.1502554e+00 -3.6827240e+00 -3.2600710e+00 -3.1407541e+00 -3.1712500e+00 -3.1617130e+00 -2.8811190e+00 -3.4429129e+00 -3.0785469e+00 -3.1078188e+00
-1.0450000e+00 -4.1046904e+00 -3.6434166e+00 -3.4531908e+00 -3.2040209e+00 -3.2008299e+00 -2.9724028e+00 -3.1481184e+00 -3.0603018e+00 -3.5159520e+00 -3.0556317e+00
-1.0375000e+00 -4.1722308e+00 -3.6764210e+00 -3.4220484e+00 -3.2948638e+00 -3.1231911e+00 -3.0075548e+00 -3.4585234e+00 -2.9334294e+00 -3.8023392e+00 -3.1976801e+00
-1.0300000e+00 -4.2018984e+00 -3.7779238e+00 -3.3473808e+00 -3.2596536e+00 -3.1450299e+00 -3.2356597e+00 -3.2237426e+00 -3.0582474e+00 -3.3342763e+00 -3.5896163e+00
-1.0225000e+00 -4.2039297e+00 -3.7112776e+00 -3.5296263e+00 -3.2344479e+00 -3.2376196e+00 -3.3155652e+00 -3.0238786e+00 -3.4402598e+00 -3.0903956e+00 -4.0855772e+00
-1.0150000e+00 -4.2770405e+00 -3.8117009e+00 -3.4933740e+00 -3.3836530e+00 -3.2789179e+00 -3.1577067e+00 -3.0980600e+00 -3.5855882e+00 -3.1158840e+00 -3.6246464e+00
-1.0075000e+00 -4.2633030e+00 -3.8196820e+00 -3.4669819e+00 -3.3934617e+00 -3.2783785e+00 -3.1558211e+00 -3.3961783e+00 -3.2249973e+00 -3.4197409e+00 -3.2982285e+00
-1.0000000e+00 -4.3269670e+00 -3.8213562e+00 -3.6103165e+00 -3.3043680e+00 -3.2813643e+00 -3.3186180e+00 -3.4202537e+00 -3.1120024e+00 -3.8516527e+00 -3.2628605e+00
-9.9250000e-01 -4.3364833e+00 -3.9157082e+00 -3.5509496e+00 -3.4821231e+00 -3.3331375e+00 -3.3579227e+00 -3.2028318e+00 -3.3070793e+00 -3.5077774e+00 -3.5090153e+00
-9.8500000e-01 -4.3743377e+00 -3.8673708e+00 -3.6038676e+00 -3.4665408e+00 -3.4198367e+00 -3.2873103e+00 -3.2357468e+00 -3.6530485e+00 -3.2521428e+00 -4.0333500e+00
-9.7750000e-01 -4.4110273e+00 -3.9755077e+00 -3.6639898e+00 -3.4035339e+00 -3.3726218e+00 -3.3365661e+00 -3.4722396e+00 -3.4429962e+00 -3.3312490e+00 -3.8110975e+00
-9.7000000e-01 -4.4086521e+00 -3.9353190e+00 -3.6408695e+00 -3.6073181e+00 -3.3931752e+00 -3.4156124e+00 -3.4486643e+00 -3.2679848e+00 -3.7271132e+00 -3.4546889e+00
-9.6250000e-01 -4.5044330e+00 -4.0253191e+00 -3.7211332e+00 -3.4825332e+00 -3.5438556e+00 -3.4280821e+00 -3.3322691e+00 -3.4291860e+00 -3.7546644e+00 -3.4573772e+00
-9.5500000e-01 -4.4677239e+00 -3.9983976e+00 -3.7164840e+00 -3.5814607e+00 -3.4366037e+00 -3.4346986e+00 -3.4462742e+00 -3.6869429e+00 -3.4282712e+00 -3.8202579e+00
-9.4750000e-01 -4.5158353e+00 -4.0903749e+00 -3.7636457e+00 -3.6175773e+00 -3.5135903e+00 -3.4599702e+00 -3.5472264e+00 -3.4857434e+00 -3.4607966e+00 -4.0652987e+00
-9.4000000e-01 -4.5796702e+00 -4.0559099e+00 -3.7846240e+00 -3.5916563e+00 -3.6185548e+00 -3.5480072e+00 -3.4754874e+00 -3.4364048e+00 -3.8181737e+00 -3.6506469e+00
-9.3250000e-01 -4.5629388e+00 -4.1289000e+00 -3.8290911e+00 -3.6974602e+00 -3.4947200e+00 -3.5231009e+00 -3.5223949e+00 -3.6634528e+00 -3.7472029e+00 -3.5886781e+00
-9.2500000e-01 -4.6007639e+00 -4.1676364e+00 -3.8259815e+00 -3.6568470e+00 -3.7102962e+00 -3.5378239e+00 -3.5900755e+00 -3.6474932e+00 -3.5361480e+00 -3.9346997e+00
-9.1750000e-01 -4.6727158e+00 -4.1385010e+00 -3.9172663e+00 -3.7379487e+00 -3.5752104e+00 -3.6725864e+00 -3.5990998e+00 -3.5533638e+00 -3.7176374e+00 -4.0412338e+00
-9.1000000e-01 -4.6937629e+00 -4.2291988e+00 -3.8672863e+00 -3.7368766e+00 -3.7146212e+00 -3.5586483e+00 -3.6162487e+00 -3.7013871e+00 -3.8991941e+00 -3.7176948e+00
-9.0250000e-01 -4.6910575e+00 -4.2407346e+00 -3.9759908e+00 -3.7816599e+00 -3.6766960e+00 -3.7180943e+00 -3.6530027e+00 -3.7173060e+00 -3.6801395e+00 -3.8221718e+00
-8.9500000e-01 -4.7124072e+00 -4.2480821e+00 -3.9488331e+00 -3.7997884e+00 -3.7404711e+00 -3.6650948e+00 -3.7220134e+00 -3.6855898e+00 -3.7754497e+00 -4.1515952e+00
-8.8750000e-01 -4.7559006e+00 -4.3188358e+00 -4.0085751e+00 -3.8586210e+00 -3.7518512e+00 -3.7111358e+00 -3.6692484e+00 -3.7720436e+00 -3.9351921e+00 -3.8863402e+00
-8.8000000e-01 -4.8017274e+00 -4.3438153e+00 -4.0257899e+00 -3.8267227e+00 -3.7971069e+00 -3.7786914e+00 -3.8025852e+00 -3.7841892e+00 -3.7919354e+00 -3.8904132e+00
-8.7250000e-01 -4.8391390e+00 -4.3330589e+00 -4.0386611e+00 -3.9567172e+00 -3.8101012e+00 -3.7394335e+00 -3.7425252e+00 -3.8106076e+00 -3.9032537e+00 -4.1724361e+00
-8.6500000e-01 -4.8709511e+00 -4.3571383e+00 -4.1251828e+00 -3.8884302e+00 -3.8556537e+00 -3.8516916e+00 -3.8244883e+00 -3.8299602e+00 -3.9475610e+00 -3.9794193e+00
-8.5750000e-01 -4.9042827e+00 -4.4112282e+00 -4.1285335e+00 -3.9514314e+00 -3.8796662e+00 -3.8067474e+00 -3.8396550e+00 -3.9066958e+00 -3.9158616e+00 -4.0341083e+00
-8.5000000e-01 -4.9367335e+00 -4.4610765e+00 -4.1113769e+00 -4.0316356e+00 -3.9030307e+00 -3.8847283e+00 -3.8551302e+00 -3.8577856e+00 -4.0021385e+00 -4.1880245e+00
-8.4250000e-01 -4.9589270e+00 -4.4934779e+00 -4.1621571e+00 -3.9903746e+00 -3.9362996e+00 -3.9032874e+00 -3.9124497e+00 -3.9924880e+00 -4.0008834e+00 -4.0578356e+00
-8.3500000e-01 -4.9799766e+00 -4.5177464e+00 -4.2269697e+00 -4.0382273e+00 -4.0001892e+00 -3.9048135e+00 -3.9226294e+00 -3.9066552e+00 -4.0422107e+00 -4.2032533e+00
-8.2750000e-01 -4.9997284e+00 -4.5441722e+00 -4.2520232e+00 -4.0907843e+00 -3.9533567e+00 -3.9914449e+00 -3.9436955e+00 -4.0623095e+00 -4.0633490e+00 -4.1726301e+00
-8.2000000e-01 -5.0133410e+00 -4.5737522e+00 -4.2583901e+00 -4.0946040e+00 -4.0438540e+00 -3.9646819e+00 -4.0308273e+00 -3.9567551e+00 -4.1131829e+00 -4.2178346e+00
-8.1250000e-01 -5.0570498e+00 -4.6009096e+00 -4.2752322e+00 -4.1322484e+00 -4.1091494e+00 -4.0295807e+00 -3.9571319e+00 -4.1434911e+00 -4.1082768e+00 -4.2471078e+00
-8.0500000e-01 -5.1054792e+00 -4.6275224e+00 -4.3046451e+00 -4.1967381e+00 -4.0547600e+00 -4.0367250e+00 -4.1262034e+00 -3.9997016e+00 -4.1855933e+00 -4.2853878e+00
-7.9750000e-01 -5.1290780e+00 -4.6681953e+00 -4.3382597e+00 -4.2335202e+00 -4.0837727e+00 -4.0986972e+00 -4.0317537e+00 -4.2157735e+00 -4.1678606e+00 -4.2880377e+00
-7.9000000e-01 -5.1394717e+00 -4.7105903e+00 -4.3716789e+00 -4.2407939e+00 -4.1698948e+00 -4.1116160e+00 -4.1122650e+00 -4.0783061e+00 -4.2263266e+00 -4.3701837e+00
-7.8250000e-01 -5.1944652e+00 -4.7234836e+00 -4.4069110e+00 -4.2489986e+00 -4.2059627e+00 -4.0958734e+00 -4.1649451e+00 -4.1926648e+00 -4.2713916e+00 -4.3271725e+00
-7.7500000e-01 -5.2035194e+00 -4.7409423e+00 -4.4444473e+00 -4.2712979e+00 -4.2085805e+00 -4.1754296e+00 -4.1491084e+00 -4.2478893e+00 -4.2235533e+00 -4.4466105e+00
-7.6750000e-01 -5.2500055e+00 -4.7589589e+00 -4.4726630e+00 -4.3043075e+00 -4.2315226e+00 -4.2575309e+00 -4.2012791e+00 -4.1646892e+00 -4.4098814e+00 -4.3892599e+00
-7.6000000e-01 -5.2661234e+00 -4.8177146e+00 -4.4863289e+00 -4.3396059e+00 -4.2766379e+00 -4.2475305e+00 -4.2185417e+00 -4.3036122e+00 -4.2626115e+00 -4.4714021e+00
-7.5250000e-01 -5.3172365e+00 -4.8404820e+00 -4.5198905e+00 -4.3681688e+00 -4.3253530e+00 -4.2260057e+00 -4.2485237e+00 -4.3201287e+00 -4.3932908e+00 -4.5197876e+00
-7.4500000e-01 -5.3231269e+00 -4.8553508e+00 -4.5786253e+00 -4.3862005e+00 -4.3668909e+00 -4.2470380e+00 -4.3204722e+00 -4.2875584e+00 -4.4626754e+00 -4.4450650e+00
-7.3750000e-01 -5.3603023e+00 -4.9108910e+00 -4.6088713e+00 -4.4069074e+00 -4.4000906e+00 -4.2952843e+00 -4.3543916e+00 -4.3481812e+00 -4.3580244e+00 -4.6443896e+00
-7.3000000e-01 -5.4030740e+00 -4.9108424e+00 -4.6353621e+00 -4.4527990e+00 -4.4249537e+00 -4.3441880e+00 -4.3392233e+00 -4.3918095e+00 -4.4570261e+00 -4.5537518e+00
-7.2250000e-01 -5.4307282e+00 -4.9658961e+00 -4.6375993e+00 -4.5084739e+00 -4.4407678e+00 -4.3831721e+00 -4.3332566e+00 -4.4075013e+00 -4.5560753e+00 -4.5422677e+00
-7.1500000e-01 -5.4539724e+00 -4.9734924e+00 -4.7073108e+00 -4.5351334e+00 -4.4544052e+00 -4.4165354e+00 -4.3567557e+00 -4.4504910e+00 -4.5171047e+00 -4.7222561e+00
-7.0750000e-01 -5.4780265e+00 -5.0268391e+00 -4.7110653e+00 -4.5690545e+00 -4.4816092e+00 -4.4528233e+00 -4.3974692e+00 -4.5063560e+00 -4.5150819e+00 -4.7003613e+00
-7.0000000e-01 -5.5121642e+00 -5.0510237e+00 -4.7442089e+00 -4.5746786e+00 -4.5166274e+00 -4.4966113e+00 -4.4402768e+00 -4.5407580e+00 -4.5672170e+00 -4.6312488e+00
-6.5000000e-01 -5.7189270e+00 -5.2377279e+00 -4.9498152e+00 -4.8013524e+00 -4.7069055e+00 -4.6529054e+00 -4.6718995e+00 -4.6840857e+00 -4.8370406e+00 -4.8936522e+00
-6.0000000e-01 -5.9057501e+00 -5.4503472e+00 -5.1394799e+00 -4.9987864e+00 -4.8945880e+00 -4.8667474e+00 -4.8935604e+00 -4.8688555e+00 -4.9808528e+00 -5.1497927e+00
-5.5000000e-01 -6.1181322e+00 -5.6491454e+00 -5.3536146e+00 -5.1753513e+00 -5.1199786e+00 -5.0533810e+00 -5.0843521e+00 -5.0909404e+00 -5.1998605e+00 -5.2674516e+00
-5.0000000e-01 -6.3096062e+00 -5.8465574e+00 -5.5543312e+00 -5.3782947e+00 -5.3141548e+00 -5.2763039e+00 -5.2657283e+00 -5.2837101e+00 -5.3901854e+00 -5.4899674e+00
-4.0000000e-01 -6.6709789e+00 -6.2423727e+00 -5.9479412e+00 -5.7894731e+00 -5.7089800e+00 -5.6633186e+00 -5.6765857e+00 -5.7042502e+00 -5.7691637e+00 -5.9042374e+00
-2.0000000e-01 -7.6175570e+00 -6.9987994e+00 -6.7105370e+00 -6.5878962e+00 -6.5064314e+00 -6.4675346e+00 -6.4672897e+00 -6.5087531e+00 -6.5789870e+00 -6.6902105e+00
0.0000000e+00 -8.2941304e+00 -7.8040688e+00 -7.5322841e+00 -7.3634832e+00 -7.2864540e+00 -7.2878799e+00 -7.2735002e+00 -7.3030403e+00 -7.3803589e+00 -7.4968551e+00
2.0000000e-01 -9.0549178e+00 -8.6620003e+00 -8.3484966e+00 -8.1760250e+00 -8.0932638e+00 -8.1216436e+00 -8.0986328e+00 -8.0796883e+00 -8.1980523e+00 -8.3027275e+00
4.0000000e-01 -9.9713489e+00 -9.4112351e+00 -9.1829445e+00 -8.9838588e+00 -8.9038175e+00 -8.9049654e+00 -8.8596935e+00 -8.9079078e+00 -8.9793283e+00 -9.0909009e+00
6.0000000e-01 -1.0730589e+01 -1.0252673e+01 -9.9126837e+00 -9.7765787e+00 -9.6672482e+00 -9.6937894e+00 -9.6443697e+00 -9.6479798e+00 -9.7978029e+00 -9.8820606e+00
8.0000000e-01 -1.1474896e+01 -1.1029097e+01 -1.0762279e+01 -1.0591664e+01 -1.0471216e+01 -1.0468022e+01 -1.0440591e+01 -1.0559201e+01 -1.0550805e+01 -1.0651033e+01
1.0000000e+00 -1.2318669e+01 -1.1845045e+01 -1.1567670e+01 -1.1411335e+01 -1.1263303e+01 -1.1326375e+01 -1.1241652e+01 -1.1279489e+01 -1.1417610e+01 -1.1532868e+01
1.2000000e+00 -1.3077202e+01 -1.2706871e+01 -1.2353919e+01 -1.2157584e+01 -1.2144675e+01 -1.2071535e+01 -1.2091729e+01 -1.2114211e+01 -1.2214271e+01 -1.2302165e+01
1.4000000e+00 -1.3903395e+01 -1.3453720e+01 -1.3117417e+01 -1.2943577e+01 -1.2909109e+01 -1.2828179e+01 -1.2901680e+01 -1.2890730e+01 -1.2957020e+01 -1.3121230e+01
1.6000000e+00 -1.4709607e+01 -1.4251462e+01 -1.3961301e+01 -1.3741631e+01 -1.3706620e+01 -1.3676719e+01 -1.3678188e+01 -1.3661242e+01 -1.3817383e+01 -1.3937165e+01
1.8000000e+00 -1.5562501e+01 -1.5058703e+01 -1.4737036e+01 -1.4600929e+01 -1.4486669e+01 -1.4504732e+01 -1.4490549e+01 -1.4517810e+01 -1.4618080e+01 -1.4713030e+01
2.0000000e+00 -1.6414981e+01 -1.5844653e+01 -1.5631011e+01 -1.5413672e+01 -1.5306801e+01 -1.5243741e+01 -1.5273633e+01 -1.5300679e+01 -1.5357102e+01 -1.5518029e+01