########################################################################
# Reference Counts for Solar Model AGSS09met                           #
# Column 1: log10(Axion mass in eV)                                    #
#        n>1: Reference photon counts in energy bin n-1                #
########################################################################
-3.0000000e+00 -4.8319102e-01 -2.2732113e-01 -5.9328439e-02 3.9564232e-02 4.7867997e-02 -8.5239416e-02 -3.4333349e-02 -3.6027088e-03 3.0891820e-03 3.8547225e-03 -7.4333167e-03 -3.0870991e-02 -6.5575200e-02 -1.0765135e-01 -1.5885551e-01 -2.1613732e-01 -2.7841673e-01 -3.4900300e-01 -4.2775557e-01 -5.1509831e-01
-2.8000000e+00 -4.8330659e-01 -2.2738854e-01 -5.9372436e-02 3.9533233e-02 4.7844810e-02 -8.5257005e-02 -3.4347376e-02 -3.6141027e-03 3.0797382e-03 3.8467678e-03 -7.4401101e-03 -3.0876860e-02 -6.5580320e-02 -1.0765586e-01 -1.5885950e-01 -2.1614089e-01 -2.7841993e-01 -3.4900589e-01 -4.2775820e-01 -5.1510071e-01
-2.6000000e+00 -4.8403591e-01 -2.2781392e-01 -5.9650058e-02 3.9337630e-02 4.7698504e-02 -8.5367986e-02 -3.4435879e-02 -3.6859950e-03 3.0201513e-03 3.7965759e-03 -7.4829738e-03 -3.0913893e-02 -6.5612630e-02 -1.0768429e-01 -1.5888472e-01 -2.1616340e-01 -2.7844016e-01 -3.4902417e-01 -4.2777478e-01 -5.1511583e-01
-2.4000000e+00 -4.8864255e-01 -2.3049967e-01 -6.1402511e-02 3.8103069e-02 4.6775154e-02 -8.6068356e-02 -3.4994375e-02 -4.1396588e-03 2.6441458e-03 3.4798602e-03 -7.7534449e-03 -3.1147567e-02 -6.5816501e-02 -1.0786372e-01 -1.5904386e-01 -2.1630548e-01 -2.7856780e-01 -3.4913947e-01 -4.2787946e-01 -5.1521128e-01
-2.2000000e+00 -5.1790594e-01 -2.4751686e-01 -7.2490886e-02 3.0297842e-02 4.0940345e-02 -9.0492507e-02 -3.8521513e-02 -7.0042447e-03 2.7022414e-04 1.4804626e-03 -9.4607741e-03 -3.2622529e-02 -6.7103278e-02 -1.0899615e-01 -1.6004818e-01 -2.1720215e-01 -2.7937333e-01 -3.4986712e-01 -4.2854000e-01 -5.1581358e-01
-2.1500000e+00 -5.3845064e-01 -2.5941806e-01 -8.0229822e-02 2.4856768e-02 3.6875795e-02 -9.3572742e-02 -4.0976385e-02 -8.9974816e-03 -1.3812887e-03 8.9702092e-05 -1.0648241e-02 -3.3648290e-02 -6.7998101e-02 -1.0978359e-01 -1.6074651e-01 -2.1782559e-01 -2.7993339e-01 -3.5037303e-01 -4.2899924e-01 -5.1623231e-01
-2.1000000e+00 -5.7136774e-01 -2.7840593e-01 -9.2549582e-02 1.6206051e-02 3.0418594e-02 -9.8463403e-02 -4.4872713e-02 -1.2160262e-02 -4.0013132e-03 -2.1163174e-03 -1.2531573e-02 -3.5274999e-02 -6.9417052e-02 -1.1103218e-01 -1.6185374e-01 -2.1881405e-01 -2.8082132e-01 -3.5117507e-01 -4.2972727e-01 -5.1689611e-01
-2.0500000e+00 -6.2447004e-01 -3.0882359e-01 -1.1221398e-01 2.4264559e-03 2.0145785e-02 -1.0623688e-01 -5.1062163e-02 -1.7182299e-02 -8.1602082e-03 -5.6171898e-03 -1.5519784e-02 -3.7855647e-02 -7.1667831e-02 -1.1301254e-01 -1.6360974e-01 -2.2038157e-01 -2.8222933e-01 -3.5244682e-01 -4.3088162e-01 -5.1794859e-01
-2.0000000e+00 -7.1113868e-01 -3.5787998e-01 -1.4373835e-01 -1.9589724e-02 3.7655215e-03 -1.1861366e-01 -6.0907729e-02 -2.5165386e-02 -1.4767874e-02 -1.1177227e-02 -2.0264182e-02 -4.1951968e-02 -7.5239846e-02 -1.1615489e-01 -1.6639572e-01 -2.2286824e-01 -2.8446276e-01 -3.5446394e-01 -4.3271240e-01 -5.1961769e-01
-1.9500000e+00 -8.5555389e-01 -4.3790567e-01 -1.9464153e-01 -5.4941450e-02 -2.2449788e-02 -1.3837427e-01 -7.6603450e-02 -3.7877919e-02 -2.5281547e-02 -2.0018479e-02 -2.7804795e-02 -4.8460037e-02 -8.0913151e-02 -1.2114449e-01 -1.7081852e-01 -2.2681518e-01 -2.8800720e-01 -3.5766469e-01 -4.3561716e-01 -5.2226567e-01
-1.9000000e+00 -1.1059525e+00 -5.7113209e-01 -2.7785513e-01 -1.1218049e-01 -6.4661241e-02 -1.7006660e-01 -1.0173002e-01 -5.8179858e-02 -4.2049703e-02 -3.4105150e-02 -3.9809807e-02 -5.8814785e-02 -8.9935227e-02 -1.2907605e-01 -1.7784670e-01 -2.3308539e-01 -2.9363665e-01 -3.6274724e-01 -4.4022887e-01 -5.2646907e-01
-1.8500000e+00 -1.5788212e+00 -8.0176384e-01 -4.1692734e-01 -2.0619883e-01 -1.3333111e-01 -2.2127812e-01 -1.4214060e-01 -9.0754239e-02 -6.8889853e-02 -5.6621243e-02 -5.8974298e-02 -7.5328301e-02 -1.0431183e-01 -1.4170661e-01 -1.8903259e-01 -2.4306037e-01 -3.0258881e-01 -3.7082703e-01 -4.4755810e-01 -5.3314775e-01
-1.8475000e+00 -1.6128005e+00 -8.1726935e-01 -4.2603318e-01 -2.1227868e-01 -1.3774200e-01 -2.2455245e-01 -1.4471716e-01 -9.2827023e-02 -7.0595657e-02 -5.8050358e-02 -6.0189662e-02 -7.6374853e-02 -1.0522247e-01 -1.4250630e-01 -1.8974056e-01 -2.4369151e-01 -3.0315509e-01 -3.7133802e-01 -4.4802153e-01 -5.3356999e-01
-1.8400000e+00 -1.7234033e+00 -8.6682404e-01 -4.5491782e-01 -2.3150000e-01 -1.5166232e-01 -2.3487362e-01 -1.5283307e-01 -9.9352790e-02 -7.5964095e-02 -6.2546778e-02 -6.4012756e-02 -7.9666382e-02 -1.0808616e-01 -1.4502083e-01 -1.9196648e-01 -2.4567573e-01 -3.0493528e-01 -3.7294431e-01 -4.4947827e-01 -5.3489716e-01
-1.8325000e+00 -1.8486664e+00 -9.2141104e-01 -4.8634562e-01 -2.5230023e-01 -1.6668346e-01 -2.4598982e-01 -1.6156427e-01 -1.0636766e-01 -8.1731552e-02 -6.7375314e-02 -6.8116868e-02 -8.3198935e-02 -1.1115890e-01 -1.4771846e-01 -1.9435416e-01 -2.4780388e-01 -3.0684443e-01 -3.7466681e-01 -4.5104028e-01 -5.3632015e-01
-1.8250000e+00 -1.9906235e+00 -9.8174279e-01 -5.2059357e-01 -2.7482936e-01 -1.8290224e-01 -2.5796732e-01 -1.7096038e-01 -1.1391016e-01 -8.7928934e-02 -7.2561357e-02 -7.2523272e-02 -8.6990613e-02 -1.1445629e-01 -1.5061279e-01 -1.9691554e-01 -2.5008658e-01 -3.0889199e-01 -3.7651402e-01 -4.5271526e-01 -5.3784595e-01
-1.8175000e+00 -2.1500594e+00 -1.0486841e+00 -5.5798037e-01 -2.9925551e-01 -2.0042577e-01 -2.7087880e-01 -1.8107556e-01 -1.2202219e-01 -9.4589739e-02 -7.8132376e-02 -7.7254943e-02 -9.1060946e-02 -1.1799515e-01 -1.5371846e-01 -1.9966351e-01 -2.5253522e-01 -3.1108816e-01 -3.7849511e-01 -4.5451148e-01 -5.3948208e-01
-1.8100000e+00 -2.3228376e+00 -1.1232989e+00 -5.9887532e-01 -3.2576803e-01 -2.1937287e-01 -2.8480409e-01 -1.9196895e-01 -1.3074931e-01 -1.0175031e-01 -8.4118111e-02 -8.2336719e-02 -9.5431017e-02 -1.2179362e-01 -1.5705125e-01 -2.0261192e-01 -2.5516209e-01 -3.1344388e-01 -3.8061991e-01 -4.5643783e-01 -5.4123660e-01
-1.8025000e+00 -2.4904729e+00 -1.2069144e+00 -6.4370995e-01 -3.5458111e-01 -2.3987580e-01 -2.9983107e-01 -2.0370526e-01 -1.4014116e-01 -1.0945012e-01 -9.0550784e-02 -8.7795464e-02 -1.0012360e-01 -1.2587126e-01 -1.6062816e-01 -2.0577570e-01 -2.5798040e-01 -3.1597096e-01 -3.8289900e-01 -4.5850386e-01 -5.4311819e-01
-1.7950000e+00 -2.6070950e+00 -1.3012116e+00 -6.9299321e-01 -3.8593838e-01 -2.6208221e-01 -3.1605673e-01 -2.1635541e-01 -1.5025189e-01 -1.1773206e-01 -9.7465340e-02 -9.3660256e-02 -1.0516331e-01 -1.3024920e-01 -1.6446755e-01 -2.0917095e-01 -2.6100439e-01 -3.1868207e-01 -3.8534377e-01 -4.6071986e-01 -5.4513618e-01
-1.7875000e+00 -2.6184057e+00 -1.4083482e+00 -7.4733175e-01 -4.2011863e-01 -2.8615767e-01 -3.3358840e-01 -2.2999727e-01 -1.6114065e-01 -1.2664285e-01 -1.0489971e-01 -9.9962595e-02 -1.1057677e-01 -1.3495025e-01 -1.6858920e-01 -2.1281502e-01 -2.6424940e-01 -3.2159089e-01 -3.8796649e-01 -4.6309688e-01 -5.4730059e-01
-1.7800000e+00 -2.5296830e+00 -1.5311191e+00 -8.0745734e-01 -4.5744300e-01 -3.1228856e-01 -3.5254513e-01 -2.4471655e-01 -1.7287217e-01 -1.3623338e-01 -1.1289511e-01 -1.0673663e-01 -1.1639278e-01 -1.3999910e-01 -1.7301450e-01 -2.1672662e-01 -2.6773197e-01 -3.2471214e-01 -3.9078034e-01 -4.6564683e-01 -5.4962223e-01
-1.7725000e+00 -2.3983185e+00 -1.6731204e+00 -8.7426481e-01 -4.9828422e-01 -3.4068574e-01 -3.7305947e-01 -2.6060776e-01 -1.8551737e-01 -1.4655919e-01 -1.2149637e-01 -1.1401943e-01 -1.2264258e-01 -1.4542240e-01 -1.7776654e-01 -2.2092596e-01 -2.7146991e-01 -3.2806168e-01 -3.9379955e-01 -4.6838252e-01 -5.5211269e-01
-1.7650000e+00 -2.2672023e+00 -1.8387275e+00 -9.4886539e-01 -5.4307865e-01 -3.7158901e-01 -3.9527946e-01 -2.7777543e-01 -1.9915418e-01 -1.5768097e-01 -1.3075193e-01 -1.2185124e-01 -1.2935998e-01 -1.5124904e-01 -1.8287027e-01 -2.2543485e-01 -2.7548248e-01 -3.3165660e-01 -3.9703942e-01 -4.7131774e-01 -5.5478448e-01
-1.7575000e+00 -2.1529579e+00 -2.0320225e+00 -1.0326635e+00 -5.9234209e-01 -4.0527274e-01 -4.1937109e-01 -2.9633545e-01 -2.1386832e-01 -1.6966519e-01 -1.4071584e-01 -1.3027585e-01 -1.3658170e-01 -1.5751030e-01 -1.8835270e-01 -2.3027686e-01 -2.7979042e-01 -3.3551537e-01 -4.0051647e-01 -4.7446736e-01 -5.5765106e-01
-1.7500000e+00 -2.0595058e+00 -2.2510662e+00 -1.1274692e+00 -6.4669100e-01 -4.4205298e-01 -4.4552132e-01 -3.1641672e-01 -2.2975438e-01 -1.8258473e-01 -1.5144586e-01 -1.3934093e-01 -1.4434761e-01 -1.6424008e-01 -1.9424304e-01 -2.3547745e-01 -2.8441618e-01 -3.3965789e-01 -4.0424848e-01 -4.7784739e-01 -5.6072691e-01
-1.7425000e+00 -1.9866022e+00 -2.4656477e+00 -1.2356670e+00 -7.0687152e-01 -4.8229655e-01 -4.7394170e-01 -3.3816312e-01 -2.4691692e-01 -1.9651968e-01 -1.6300562e-01 -1.4909844e-01 -1.5270110e-01 -1.7147517e-01 -2.0057297e-01 -2.4106422e-01 -2.8938398e-01 -3.4410564e-01 -4.0825467e-01 -4.8147511e-01 -5.6402767e-01
-1.7350000e+00 -1.9330641e+00 -2.5772810e+00 -1.3604689e+00 -7.7379989e-01 -5.2643288e-01 -5.0487293e-01 -3.6173584e-01 -2.6547193e-01 -2.1155823e-01 -1.7546484e-01 -1.5960512e-01 -1.6168934e-01 -1.7925556e-01 -2.0737682e-01 -2.4706699e-01 -2.9472004e-01 -3.4888186e-01 -4.1255577e-01 -4.8536915e-01 -5.6757017e-01
-1.7275000e+00 -1.8978031e+00 -2.5012919e+00 -1.5062878e+00 -8.4862019e-01 -5.7496964e-01 -5.3859051e-01 -3.8731621e-01 -2.8554844e-01 -2.2779776e-01 -1.8890007e-01 -1.7092301e-01 -1.7136040e-01 -1.8762468e-01 -2.1469184e-01 -2.5351812e-01 -3.0045272e-01 -3.5401164e-01 -4.1717416e-01 -4.8954960e-01 -5.7137256e-01
-1.7200000e+00 -1.8801159e+00 -2.3221156e+00 -1.6792112e+00 -9.3278870e-01 -6.2851377e-01 -5.7541194e-01 -4.1510924e-01 -3.0729047e-01 -2.4534603e-01 -2.0339551e-01 -1.8312004e-01 -1.8177726e-01 -1.9662987e-01 -2.2255851e-01 -2.6045269e-01 -3.0661274e-01 -3.5952215e-01 -4.2213405e-01 -4.9403819e-01 -5.7545445e-01
-1.7125000e+00 -1.8797425e+00 -2.1394469e+00 -1.8871490e+00 -1.0282008e+00 -6.8780022e-01 -6.1570594e-01 -4.4534785e-01 -3.3085938e-01 -2.6432266e-01 -2.1904402e-01 -1.9627077e-01 -1.9299791e-01 -2.0632270e-01 -2.3102087e-01 -2.6790876e-01 -3.1323341e-01 -3.6544277e-01 -4.2746160e-01 -4.9885835e-01 -5.7983699e-01
-1.7050000e+00 -1.8968587e+00 -1.9845989e+00 -2.1367241e+00 -1.1373877e+00 -7.5373224e-01 -6.5990446e-01 -4.7829833e-01 -3.5643679e-01 -2.8486087e-01 -2.3594825e-01 -2.1045719e-01 -2.0508960e-01 -2.1675948e-01 -2.4012684e-01 -2.7592773e-01 -3.2035084e-01 -3.7180536e-01 -4.3318512e-01 -5.0403546e-01 -5.8454303e-01
-1.6975000e+00 -1.9320504e+00 -1.8603866e+00 -2.4103827e+00 -1.2638289e+00 -8.2743916e-01 -7.0851856e-01 -5.1426704e-01 -3.8422799e-01 -3.0710952e-01 -2.5422198e-01 -2.2576961e-01 -2.1812610e-01 -2.2800175e-01 -2.4992871e-01 -2.8455462e-01 -3.2800428e-01 -3.7864446e-01 -4.3933529e-01 -5.0959694e-01 -5.8959728e-01
-1.6900000e+00 -1.9862662e+00 -1.7635821e+00 -2.5811960e+00 -1.4124606e+00 -9.1036162e-01 -7.6215978e-01 -5.5360920e-01 -4.1446636e-01 -3.3123563e-01 -2.7399172e-01 -2.4230785e-01 -2.3218850e-01 -2.4011695e-01 -2.6048354e-01 -2.9383847e-01 -3.3623637e-01 -3.8599756e-01 -4.4594534e-01 -5.1557250e-01 -5.9502644e-01
-1.6825000e+00 -2.0606953e+00 -1.6907289e+00 -2.4780044e+00 -1.5904851e+00 -1.0043812e+00 -8.2156956e-01 -5.9674011e-01 -4.4741872e-01 -3.5742744e-01 -2.9539863e-01 -2.6018242e-01 -2.4736616e-01 -2.5317903e-01 -2.7185374e-01 -3.0383277e-01 -3.4509354e-01 -3.9390538e-01 -4.5305135e-01 -5.2199433e-01 -6.0085944e-01
-1.6750000e+00 -2.1564242e+00 -1.6392562e+00 -2.2409022e+00 -1.8084308e+00 -1.1120249e+00 -8.8766039e-01 -6.4415008e-01 -4.8339219e-01 -3.8589808e-01 -3.1860078e-01 -2.7951614e-01 -2.6375773e-01 -2.6726931e-01 -2.8410770e-01 -3.1459595e-01 -3.5462638e-01 -4.0241223e-01 -4.6069247e-01 -5.2889732e-01 -6.0712761e-01
-1.6675000e+00 -2.2734932e+00 -1.6075386e+00 -2.0202840e+00 -2.0795568e+00 -1.2368005e+00 -9.6157526e-01 -6.9642437e-01 -5.2274296e-01 -4.1689026e-01 -3.4377593e-01 -3.0044588e-01 -2.8147248e-01 -2.8247738e-01 -2.9732044e-01 -3.2619194e-01 -3.6489011e-01 -4.1156636e-01 -4.6891129e-01 -5.3631937e-01 -6.1386491e-01
-1.6600000e+00 -2.4084605e+00 -1.5947775e+00 -1.8434840e+00 -2.4003099e+00 -1.3837708e+00 -1.0447756e+00 -7.5427056e-01 -5.6588768e-01 -4.5068206e-01 -3.7112493e-01 -3.2312477e-01 -3.0063177e-01 -2.9890221e-01 -3.1157451e-01 -3.3869081e-01 -3.7594507e-01 -4.2142037e-01 -4.7775415e-01 -5.4430165e-01 -6.2110819e-01
-1.6525000e+00 -2.5489862e+00 -1.6009003e+00 -1.7058448e+00 -2.6250042e+00 -1.5605733e+00 -1.1391760e+00 -8.1855676e-01 -6.1331848e-01 -4.8759426e-01 -4.0087587e-01 -3.4772482e-01 -3.2137080e-01 -3.1665338e-01 -3.2695523e-01 -3.5216949e-01 -3.8785732e-01 -4.3203174e-01 -4.8727155e-01 -5.5288897e-01 -6.2889750e-01
-1.6450000e+00 -2.6663953e+00 -1.6265173e+00 -1.6001347e+00 -2.4836832e+00 -1.7792323e+00 -1.2473586e+00 -8.9036638e-01 -6.6562317e-01 -5.2799991e-01 -4.3328932e-01 -3.7444011e-01 -3.4384417e-01 -3.3584556e-01 -3.4357435e-01 -3.6671264e-01 -4.0069931e-01 -4.4346329e-01 -4.9751860e-01 -5.6213010e-01 -6.3727638e-01
-1.6375000e+00 -2.7210710e+00 -1.6729345e+00 -1.5209254e+00 -2.1940570e+00 -2.0586767e+00 -1.3729291e+00 -9.7107906e-01 -7.2351296e-01 -5.7233665e-01 -4.6866492e-01 -4.0349076e-01 -3.6821488e-01 -3.5663558e-01 -3.6153761e-01 -3.8241364e-01 -4.1455068e-01 -4.5578388e-01 -5.0855555e-01 -5.7207826e-01 -6.4629222e-01
-1.6300000e+00 -2.6985932e+00 -1.7422115e+00 -1.4646476e+00 -1.9469188e+00 -2.4186789e+00 -1.5211378e+00 -1.0624939e+00 -7.8786119e-01 -6.2112317e-01 -5.0734979e-01 -4.3512780e-01 -3.9467780e-01 -3.7915399e-01 -3.8096877e-01 -3.9937575e-01 -4.2949911e-01 -4.6906908e-01 -5.2044833e-01 -5.8279157e-01 -6.5599672e-01
-1.6225000e+00 -2.6290085e+00 -1.8372130e+00 -1.4291577e+00 -1.7569842e+00 -2.7583967e+00 -1.7000199e+00 -1.1670248e+00 -8.5975914e-01 -6.7498149e-01 -5.4974948e-01 -4.6963941e-01 -4.2344995e-01 -4.0357821e-01 -4.0200582e-01 -4.1771345e-01 -4.4564139e-01 -4.8340204e-01 -5.3326927e-01 -5.9433363e-01 -6.6644628e-01
-1.6150000e+00 -2.5519697e+00 -1.9614501e+00 -1.4133999e+00 -1.6120633e+00 -2.6343744e+00 -1.9225584e+00 -1.2880239e+00 -9.4059855e-01 -7.3466763e-01 -5.9634233e-01 -5.0735872e-01 -4.5477873e-01 -4.3010045e-01 -4.2480319e-01 -4.3755408e-01 -4.6308466e-01 -4.9887441e-01 -5.4709784e-01 -6.0677412e-01 -6.7770260e-01
-1.6075000e+00 -2.4909394e+00 -2.1179416e+00 -1.4172133e+00 -1.5018485e+00 -2.2809643e+00 -2.2104053e+00 -1.4303457e+00 -1.0321980e+00 -8.0111501e-01 -6.4769883e-01 -5.4867405e-01 -4.8894791e-01 -4.5893858e-01 -4.4953441e-01 -4.5903977e-01 -4.8194787e-01 -5.1558748e-01 -5.6202155e-01 -6.2018956e-01 -6.8983326e-01
-1.6000000e+00 -2.4554536e+00 -2.3042552e+00 -1.4412620e+00 -1.4195954e+00 -1.9962350e+00 -2.5921071e+00 -1.6013923e+00 -1.1370040e+00 -8.7549744e-01 -7.0450796e-01 -5.9404222e-01 -5.2628531e-01 -4.9034103e-01 -4.7639539e-01 -4.8232976e-01 -5.0236346e-01 -5.3365352e-01 -5.7813702e-01 -6.3466414e-01 -7.0291237e-01
-1.5925000e+00 -2.4484257e+00 -2.4955592e+00 -1.4870732e+00 -1.3611239e+00 -1.7857358e+00 -2.9736593e+00 -1.8131702e+00 -1.2584273e+00 -9.5932338e-01 -7.6761415e-01 -6.4400639e-01 -5.6717271e-01 -5.2459282e-01 -5.0560843e-01 -5.0760318e-01 -5.2447946e-01 -5.5319732e-01 -5.9555119e-01 -6.5029070e-01 -7.1702148e-01
-1.5850000e+00 -2.4701832e+00 -2.6152858e+00 -1.5571883e+00 -1.3239923e+00 -1.6281988e+00 -2.8178759e+00 -2.0864357e+00 -1.4014357e+00 -1.0545823e+00 -8.3807020e-01 -6.9922030e-01 -6.1205882e-01 -5.6202332e-01 -5.3742721e-01 -5.3506255e-01 -5.4846194e-01 -5.7435808e-01 -6.1438275e-01 -6.6717191e-01 -7.3225039e-01
-1.5775000e+00 -2.5199075e+00 -2.5847554e+00 -1.6554321e+00 -1.3070060e+00 -1.5093432e+00 -2.4309453e+00 -2.4563962e+00 -1.5736736e+00 -1.1639818e+00 -9.1721541e-01 -7.6048197e-01 -6.6147655e-01 -6.0301622e-01 -5.7214880e-01 -5.6493961e-01 -5.7449936e-01 -5.9729163e-01 -6.3476387e-01 -6.8542156e-01 -7.4869835e-01
-1.5700000e+00 -2.5955478e+00 -2.4541062e+00 -1.7872528e+00 -1.3099623e+00 -1.4206112e+00 -2.1353102e+00 -2.9185405e+00 -1.7877409e+00 -1.2913512e+00 -1.0067950e+00 -8.2878169e-01 -7.1606649e-01 -6.4802269e-01 -6.1009902e-01 -5.9749422e-01 -6.0280114e-01 -6.2217315e-01 -6.5684228e-01 -7.0516625e-01 -7.6647527e-01
-1.5625000e+00 -2.6922775e+00 -2.3159953e+00 -1.9596896e+00 -1.3335640e+00 -1.3569094e+00 -1.9207149e+00 -2.9297427e+00 -2.0661501e+00 -1.4423748e+00 -1.1091496e+00 -9.0537238e-01 -7.7660949e-01 -6.9757876e-01 -6.5167686e-01 -6.3302910e-01 -6.3360995e-01 -6.4920052e-01 -6.8078370e-01 -7.2654722e-01 -7.8570325e-01
-1.5550000e+00 -2.7988558e+00 -2.2107386e+00 -2.1783274e+00 -1.3794737e+00 -1.3152929e+00 -1.7613146e+00 -2.4986398e+00 -2.4508095e+00 -1.6260225e+00 -1.2275321e+00 -9.9187612e-01 -8.4407288e-01 -7.5232915e-01 -6.9734553e-01 -6.7189853e-01 -6.6720238e-01 -6.7859835e-01 -7.0677490e-01 -7.4972268e-01 -8.0651840e-01
-1.5475000e+00 -2.8926901e+00 -2.1475938e+00 -2.4277415e+00 -1.4505210e+00 -1.2942670e+00 -1.6414843e+00 -2.1623065e+00 -2.9628601e+00 -1.8576075e+00 -1.3666661e+00 -1.0904518e+00 -9.1967817e-01 -8.1306019e-01 -7.4765643e-01 -7.1451142e-01 -7.0389759e-01 -7.1062315e-01 -7.3502738e-01 -7.7487062e-01 -8.2907297e-01
-1.5400000e+00 -2.9425712e+00 -2.1273327e+00 -2.6019942e+00 -1.5511140e+00 -1.2934400e+00 -1.5521914e+00 -1.9240351e+00 -2.9704998e+00 -2.1658761e+00 -1.5338062e+00 -1.2040711e+00 -1.0050031e+00 -8.8074676e-01 -8.0327418e-01 -7.6135257e-01 -7.4406675e-01 -7.4556971e-01 -7.6578198e-01 -8.0219219e-01 -8.5353799e-01
-1.5325000e+00 -2.9324118e+00 -2.1495695e+00 -2.5400341e+00 -1.6879290e+00 -1.3133944e+00 -1.4881495e+00 -1.7495456e+00 -2.4899948e+00 -2.6068617e+00 -1.7409357e+00 -1.3370005e+00 -1.1021419e+00 -9.5662100e-01 -8.6501144e-01 -8.1300099e-01 -7.8814413e-01 -7.8377830e-01 -7.9931463e-01 -8.3191592e-01 -8.8010643e-01
-1.5250000e+00 -2.8821789e+00 -2.2141197e+00 -2.3407966e+00 -1.8707822e+00 -1.3557267e+00 -1.4463293e+00 -1.6190486e+00 -2.1397393e+00 -3.1422200e+00 -2.0098249e+00 -1.4956991e+00 -1.2139681e+00 -1.0422761e+00 -9.3387871e-01 -8.7015713e-01 -8.3664878e-01 -8.2564967e-01 -8.3594372e-01 -8.6430299e-01 -9.0899715e-01
-1.5175000e+00 -2.8296156e+00 -2.3196257e+00 -2.1560863e+00 -2.1118861e+00 -1.4232705e+00 -1.4252009e+00 -1.5215280e+00 -1.8966593e+00 -2.8594152e+00 -2.3846418e+00 -1.6906496e+00 -1.3445910e+00 -1.1398299e+00 -1.0111576e+00 -9.3368121e-01 -8.9019896e-01 -8.7165361e-01 -8.7603949e-01 -8.9965388e-01 -9.4045976e-01
-1.5100000e+00 -2.8050419e+00 -2.4582695e+00 -2.0245458e+00 -2.4086165e+00 -1.5205769e+00 -1.4243660e+00 -1.4506574e+00 -1.7200149e+00 -2.3789788e+00 -2.9427908e+00 -1.9405149e+00 -1.5002037e+00 -1.2521935e+00 -1.0985126e+00 -1.0046484e+00 -9.4954815e-01 -9.2234791e-01 -9.2004178e-01 -9.3831689e-01 -9.7478075e-01
-1.5025000e+00 -2.8268492e+00 -2.6029955e+00 -1.9471829e+00 -2.6370069e+00 -1.6548305e+00 -1.4444228e+00 -1.4028004e+00 -1.5883631e+00 -2.0584388e+00 -3.1673017e+00 -2.2828169e+00 -1.6908028e+00 -1.3835400e+00 -1.1981675e+00 -1.0844305e+00 -1.0156274e+00 -9.7840941e-01 -9.6845480e-01 -9.8069924e-01 -1.0122914e+00
-1.4950000e+00 -2.9040190e+00 -2.6964335e+00 -1.9207738e+00 -2.5370771e+00 -1.8374959e+00 -1.4870109e+00 -1.3760308e+00 -1.4901414e+00 -1.8351232e+00 -2.6006938e+00 -2.7991823e+00 -1.9340894e+00 -1.5401800e+00 -1.3131990e+00 -1.1748224e+00 -1.0896088e+00 -1.0406657e+00 -1.0219018e+00 -1.0272854e+00 -1.0533778e+00
-1.4875000e+00 -3.0302940e+00 -2.6931397e+00 -1.9441799e+00 -2.2775741e+00 -2.0865724e+00 -1.5550515e+00 -1.3696393e+00 -1.4188062e+00 -1.6719061e+00 -2.2008554e+00 -3.3264058e+00 -2.2656310e+00 -1.7323517e+00 -1.4480550e+00 -1.2782436e+00 -1.1730011e+00 -1.1101477e+00 -1.0811339e+00 -1.0786416e+00 -1.0984941e+00
-1.4800000e+00 -3.1587802e+00 -2.6258389e+00 -2.0190087e+00 -2.0612672e+00 -2.4213095e+00 -1.6532723e+00 -1.3840148e+00 -1.3706248e+00 -1.5501460e+00 -1.9342760e+00 -2.7794879e+00 -2.7670759e+00 -1.9783347e+00 -1.6095360e+00 -1.3980797e+00 -1.2677989e+00 -1.1881660e+00 -1.1470740e+00 -1.1354655e+00 -1.1481807e+00
-1.4725000e+00 -3.1950878e+00 -2.5572042e+00 -2.1485150e+00 -1.9143510e+00 -2.7584842e+00 -1.7892383e+00 -1.4204879e+00 -1.3436272e+00 -1.4597899e+00 -1.7441083e+00 -2.3129514e+00 -3.4066415e+00 -2.3154456e+00 -1.8088453e+00 -1.5392955e+00 -1.3767259e+00 -1.2764271e+00 -1.2209013e+00 -1.1986087e+00 -1.2030878e+00
-1.4650000e+00 -3.1262912e+00 -2.5215134e+00 -2.3317409e+00 -1.8292698e+00 -2.6785336e+00 -1.9753363e+00 -1.4816810e+00 -1.3371034e+00 -1.3951491e+00 -1.6034620e+00 -2.0132097e+00 -2.8900010e+00 -2.8328712e+00 -2.0664420e+00 -1.7096285e+00 -1.5036557e+00 -1.3772191e+00 -1.3041140e+00 -1.2691351e+00 -1.2640158e+00
-1.4575000e+00 -3.0537921e+00 -2.5288171e+00 -2.5383287e+00 -1.7996347e+00 -2.3487244e+00 -2.2321783e+00 -1.5718960e+00 -1.3513985e+00 -1.3530243e+00 -1.4985827e+00 -1.8038558e+00 -2.3840168e+00 -3.5040687e+00 -2.4256148e+00 -1.9221668e+00 -1.6543891e+00 -1.4937219e+00 -1.3986998e+00 -1.3483975e+00 -1.3319375e+00
-1.4500000e+00 -3.0476266e+00 -2.5781754e+00 -2.6556108e+00 -1.8237116e+00 -2.0888864e+00 -2.5874688e+00 -1.6980741e+00 -1.3879128e+00 -1.3318217e+00 -1.4218875e+00 -1.6504362e+00 -2.0671755e+00 -2.9218316e+00 -2.9951884e+00 -2.2017578e+00 -1.8382238e+00 -1.6305593e+00 -1.5073729e+00 -1.4381766e+00 -1.4081073e+00
-1.4425000e+00 -3.1228114e+00 -2.6619692e+00 -2.5866495e+00 -1.9043349e+00 -1.9171738e+00 -2.9685657e+00 -1.8716968e+00 -1.4493062e+00 -1.3311399e+00 -1.3690798e+00 -1.5361053e+00 -1.8486342e+00 -2.4121006e+00 -3.5876210e+00 -2.6042392e+00 -2.0715209e+00 -1.7948598e+00 -1.6339933e+00 -1.5408576e+00 -1.4941362e+00
-1.4350000e+00 -3.2492017e+00 -2.7633316e+00 -2.4412026e+00 -2.0485487e+00 -1.8160285e+00 -2.8653133e+00 -2.1126196e+00 -1.5399909e+00 -1.3516255e+00 -1.3378434e+00 -1.4518051e+00 -1.6893663e+00 -2.0963556e+00 -2.8765282e+00 -3.2764541e+00 -2.3872323e+00 -1.9985122e+00 -1.7843429e+00 -1.6597804e+00 -1.5921924e+00
-1.4275000e+00 -3.3376032e+00 -2.8505763e+00 -2.3313907e+00 -2.2638052e+00 -1.7748142e+00 -2.4978021e+00 -2.4544832e+00 -1.6671478e+00 -1.3950308e+00 -1.3272270e+00 -1.3924328e+00 -1.5708399e+00 -1.8789159e+00 -2.3995680e+00 -3.5131281e+00 -2.8664691e+00 -2.2636691e+00 -1.9676953e+00 -1.7998395e+00 -1.7052442e+00
-1.4200000e+00 -3.3218136e+00 -2.8845824e+00 -2.2890026e+00 -2.5280625e+00 -1.7902185e+00 -2.2246197e+00 -2.9014979e+00 -1.8428438e+00 -1.4644971e+00 -1.3373783e+00 -1.3551724e+00 -1.4832425e+00 -1.7205240e+00 -2.1012575e+00 -2.7808522e+00 -3.6866995e+00 -2.6390634e+00 -2.2003989e+00 -1.9686603e+00 -1.8375781e+00
-1.4125000e+00 -3.2695344e+00 -2.8565639e+00 -2.3179484e+00 -2.6763777e+00 -1.8651466e+00 -2.0476490e+00 -2.9671865e+00 -2.0886365e+00 -1.5651887e+00 -1.3695103e+00 -1.3387158e+00 -1.4210789e+00 -1.6027062e+00 -1.8939831e+00 -2.3614926e+00 -3.2771065e+00 -3.2604589e+00 -2.5155523e+00 -2.1791522e+00 -1.9957274e+00
-1.4050000e+00 -3.2609583e+00 -2.8063860e+00 -2.4141656e+00 -2.5418649e+00 -2.0091041e+00 -1.9440565e+00 -2.5577365e+00 -2.4444866e+00 -1.7056101e+00 -1.4260684e+00 -1.3429126e+00 -1.3812997e+00 -1.5157108e+00 -1.7423737e+00 -2.0915087e+00 -2.6647863e+00 -3.8543627e+00 -2.9962616e+00 -2.4559329e+00 -2.1904251e+00
-1.3975000e+00 -3.3202443e+00 -2.7854220e+00 -2.5588921e+00 -2.3352192e+00 -2.2387774e+00 -1.9017051e+00 -2.2389485e+00 -2.9392567e+00 -1.9004555e+00 -1.5111853e+00 -1.3686733e+00 -1.3624387e+00 -1.4540872e+00 -1.6295773e+00 -1.9008699e+00 -2.3104154e+00 -3.0209592e+00 -3.8664062e+00 -2.8553944e+00 -2.4412651e+00
-1.3900000e+00 -3.4273893e+00 -2.8281113e+00 -2.6928658e+00 -2.1977968e+00 -2.5614141e+00 -1.9169231e+00 -2.0334173e+00 -3.0113428e+00 -2.1771962e+00 -1.6316387e+00 -1.4180807e+00 -1.3642197e+00 -1.4148198e+00 -1.5466219e+00 -1.7604978e+00 -2.0733663e+00 -2.5490717e+00 -3.4510940e+00 -3.5474586e+00 -2.7901951e+00
-1.3825000e+00 -3.4949871e+00 -2.9427969e+00 -2.7274681e+00 -2.1489422e+00 -2.8127618e+00 -1.9928665e+00 -1.9095686e+00 -2.5472616e+00 -2.5892914e+00 -1.7988965e+00 -1.4947570e+00 -1.3874343e+00 -1.3964703e+00 -1.4884854e+00 -1.6561194e+00 -1.9028527e+00 -2.2561814e+00 -2.8117761e+00 -3.9497851e+00 -3.3534794e+00
-1.3750000e+00 -3.4520147e+00 -3.0761673e+00 -2.6686633e+00 -2.1881573e+00 -2.6392815e+00 -2.1401883e+00 -1.8506426e+00 -2.2123783e+00 -3.1246218e+00 -2.0338300e+00 -1.6046617e+00 -1.4340295e+00 -1.3987906e+00 -1.4524200e+00 -1.5800100e+00 -1.7764983e+00 -2.0526286e+00 -2.4508446e+00 -3.0995922e+00 -4.2848670e+00
-1.3675000e+00 -3.4092862e+00 -3.0927468e+00 -2.6061234e+00 -2.3151635e+00 -2.3586009e+00 -2.3792974e+00 -1.8505176e+00 -2.0012977e+00 -2.9114484e+00 -2.3784125e+00 -1.7577898e+00 -1.5074456e+00 -1.4226041e+00 -1.4371808e+00 -1.5278414e+00 -1.6828824e+00 -1.9037116e+00 -2.2110181e+00 -2.6553160e+00 -3.4132705e+00
-1.3600000e+00 -3.4787504e+00 -2.9999188e+00 -2.5917819e+00 -2.5162370e+00 -2.1794149e+00 -2.7294653e+00 -1.9107091e+00 -1.8750049e+00 -2.4372272e+00 -2.9091869e+00 -1.9720514e+00 -1.6133627e+00 -1.4699016e+00 -1.4426790e+00 -1.4973062e+00 -1.6157106e+00 -1.7930118e+00 -2.0389566e+00 -2.3759157e+00 -2.8675350e+00
-1.3525000e+00 -3.6096757e+00 -2.9554576e+00 -2.6340901e+00 -2.6981169e+00 -2.1079967e+00 -3.0240018e+00 -2.0405352e+00 -1.8149228e+00 -2.1356105e+00 -3.2028122e+00 -2.2831687e+00 -1.7612943e+00 -1.5441910e+00 -1.4699248e+00 -1.4874839e+00 -1.5714778e+00 -1.7118052e+00 -1.9115849e+00 -2.1803205e+00 -2.5456447e+00
-1.3450000e+00 -3.6029125e+00 -3.0324525e+00 -2.7193565e+00 -2.6828431e+00 -2.1378282e+00 -2.8117372e+00 -2.2603337e+00 -1.8144626e+00 -1.9490573e+00 -2.6552853e+00 -2.7687076e+00 -1.9682280e+00 -1.6512707e+00 -1.5211019e+00 -1.4985752e+00 -1.5484203e+00 -1.6552223e+00 -1.8172191e+00 -2.0368035e+00 -2.3265506e+00
-1.3375000e+00 -3.5438132e+00 -3.1913574e+00 -2.8155064e+00 -2.5415230e+00 -2.2729774e+00 -2.4980338e+00 -2.6033131e+00 -1.8752272e+00 -1.8418255e+00 -2.2647741e+00 -3.3300246e+00 -2.2680460e+00 -1.8008894e+00 -1.6000266e+00 -1.5318739e+00 -1.5460363e+00 -1.6206204e+00 -1.7494442e+00 -1.9301644e+00 -2.1676580e+00
-1.3300000e+00 -3.6023323e+00 -3.2403170e+00 -2.8735977e+00 -2.4466701e+00 -2.5198859e+00 -2.3060879e+00 -3.0100710e+00 -2.0072586e+00 -1.7986410e+00 -2.0259251e+00 -2.8347034e+00 -2.7377786e+00 -2.0105866e+00 -1.7129991e+00 -1.5899610e+00 -1.5649150e+00 -1.6068380e+00 -1.7046908e+00 -1.8522714e+00 -2.0497333e+00
-1.3225000e+00 -3.7076784e+00 -3.1491038e+00 -2.8623405e+00 -2.4491387e+00 -2.7999525e+00 -2.2294525e+00 -2.8960659e+00 -2.2333841e+00 -1.8152796e+00 -1.8820837e+00 -2.3709501e+00 -3.3915651e+00 -2.3158719e+00 -1.8707147e+00 -1.6772096e+00 -1.6067790e+00 -1.6138706e+00 -1.6811564e+00 -1.7985862e+00 -1.9627962e+00
-1.3150000e+00 -3.7059848e+00 -3.1272720e+00 -2.8165186e+00 -2.5459673e+00 -2.7782952e+00 -2.2582823e+00 -2.5238248e+00 -2.5966414e+00 -1.8957495e+00 -1.8086111e+00 -2.0933502e+00 -2.9467205e+00 -2.8005889e+00 -2.0927911e+00 -1.8008704e+00 -1.6747883e+00 -1.6428012e+00 -1.6783129e+00 -1.7666779e+00 -1.9013178e+00
-1.3075000e+00 -3.6735246e+00 -3.2276356e+00 -2.8067324e+00 -2.6936434e+00 -2.5430232e+00 -2.3980990e+00 -2.2861329e+00 -3.0637213e+00 -2.0538148e+00 -1.7963276e+00 -1.9248111e+00 -2.4396603e+00 -3.4910351e+00 -2.4202976e+00 -1.9734758e+00 -1.7742010e+00 -1.6959509e+00 -1.6967275e+00 -1.7555431e+00 -1.8622585e+00
-1.3000000e+00 -3.7433995e+00 -3.3317969e+00 -2.8810197e+00 -2.7813898e+00 -2.3953507e+00 -2.6641908e+00 -2.1770787e+00 -2.9169758e+00 -2.3200497e+00 -1.8453551e+00 -1.8323100e+00 -2.1423915e+00 -2.9792286e+00 -2.9552653e+00 -2.2188052e+00 -1.9138278e+00 -1.7773169e+00 -1.7381129e+00 -1.7653175e+00 -1.8441804e+00
-1.2925000e+00 -3.8328635e+00 -3.3139244e+00 -3.0189178e+00 -2.7478171e+00 -2.3852961e+00 -2.9937425e+00 -2.1789059e+00 -2.5005608e+00 -2.7522322e+00 -1.9646002e+00 -1.8028894e+00 -1.9623813e+00 -2.4671654e+00 -3.6053438e+00 -2.5895474e+00 -2.1093610e+00 -1.8935280e+00 -1.8055890e+00 -1.7972351e+00 -1.8468522e+00
-1.2850000e+00 -3.7735560e+00 -3.2801165e+00 -3.0641285e+00 -2.6914265e+00 -2.5127198e+00 -2.9673551e+00 -2.2937500e+00 -2.2500019e+00 -3.1891227e+00 -2.1762634e+00 -1.8342388e+00 -1.8615507e+00 -2.1712074e+00 -2.9324603e+00 -3.2240624e+00 -2.3922021e+00 -2.0559441e+00 -1.9044076e+00 -1.8538150e+00 -1.8711319e+00
-1.2775000e+00 -3.8203295e+00 -3.3252119e+00 -2.9690757e+00 -2.6907281e+00 -2.7462027e+00 -2.6848280e+00 -2.5425325e+00 -2.1366682e+00 -2.8003399e+00 -2.5293553e+00 -1.9327452e+00 -1.8249708e+00 -1.9927057e+00 -2.4555688e+00 -3.5731569e+00 -2.8382575e+00 -2.2857847e+00 -2.0433470e+00 -1.9393349e+00 -1.9190778e+00
-1.2700000e+00 -3.9175046e+00 -3.4260112e+00 -2.9411384e+00 -2.7494901e+00 -2.8800812e+00 -2.5150703e+00 -2.9231104e+00 -2.1379864e+00 -2.4064099e+00 -3.0842147e+00 -2.1166100e+00 -1.8492421e+00 -1.8932985e+00 -2.1798502e+00 -2.8340374e+00 -3.6302791e+00 -2.6291304e+00 -2.2380831e+00 -2.0609365e+00 -1.9942888e+00
-1.2625000e+00 -3.8659192e+00 -3.4452114e+00 -3.0724847e+00 -2.8342957e+00 -2.7449181e+00 -2.4975546e+00 -3.0338291e+00 -2.2565396e+00 -2.1932564e+00 -3.0887013e+00 -2.4276363e+00 -1.9398041e+00 -1.8581766e+00 -2.0143651e+00 -2.4208112e+00 -3.3421788e+00 -3.2119449e+00 -2.5201442e+00 -2.2309674e+00 -2.1027989e+00
-1.2550000e+00 -3.9238490e+00 -3.3905245e+00 -3.2109589e+00 -2.8988676e+00 -2.6157944e+00 -2.6315033e+00 -2.7048546e+00 -2.5195743e+00 -2.1121929e+00 -2.5749436e+00 -2.9531400e+00 -2.1135583e+00 -1.8841372e+00 -1.9250459e+00 -2.1784347e+00 -2.7168501e+00 -3.8973055e+00 -2.9671394e+00 -2.4729769e+00 -2.2548244e+00
-1.2475000e+00 -3.9904830e+00 -3.4672658e+00 -3.1164902e+00 -2.9052687e+00 -2.6277402e+00 -2.9015071e+00 -2.4773787e+00 -2.9493573e+00 -2.1463929e+00 -2.2738862e+00 -3.2900247e+00 -2.4101684e+00 -1.9769541e+00 -1.8991001e+00 -2.0347030e+00 -2.3768021e+00 -3.0763699e+00 -3.7993782e+00 -2.8400853e+00 -2.4691439e+00
-1.2400000e+00 -3.9511471e+00 -3.5717409e+00 -3.0664713e+00 -2.8698724e+00 -2.7718467e+00 -3.0817270e+00 -2.4189371e+00 -3.0764177e+00 -2.3064495e+00 -2.1308800e+00 -2.7195860e+00 -2.9222312e+00 -2.1542833e+00 -1.9346986e+00 -1.9626041e+00 -2.1741959e+00 -2.6043615e+00 -3.5197046e+00 -3.4889645e+00 -2.7855222e+00
-1.2325000e+00 -4.0450722e+00 -3.4887858e+00 -3.2053861e+00 -2.8739972e+00 -2.9180721e+00 -2.9023356e+00 -2.5240095e+00 -2.6823505e+00 -2.6335784e+00 -2.1095577e+00 -2.3506487e+00 -3.4081394e+00 -2.4581296e+00 -2.0391825e+00 -1.9526504e+00 -2.0578791e+00 -2.3351174e+00 -2.8631777e+00 -4.0223137e+00 -3.3115222e+00
-1.2250000e+00 -4.0384535e+00 -3.5493724e+00 -3.2942892e+00 -2.9761607e+00 -2.8850634e+00 -2.7319449e+00 -2.7987534e+00 -2.4341015e+00 -3.1235271e+00 -2.2075555e+00 -2.1658495e+00 -2.8116664e+00 -2.9917808e+00 -2.2330953e+00 -2.0053875e+00 -2.0085309e+00 -2.1746502e+00 -2.5156959e+00 -3.1531162e+00 -4.2633896e+00
-1.2175000e+00 -4.0713225e+00 -3.6485618e+00 -3.2021231e+00 -3.0841723e+00 -2.8100959e+00 -2.7307460e+00 -3.0915273e+00 -2.3713097e+00 -2.9987778e+00 -2.4531442e+00 -2.1109607e+00 -2.4053201e+00 -3.4886566e+00 -2.5660885e+00 -2.1310734e+00 -2.0206149e+00 -2.0896481e+00 -2.3097988e+00 -2.7117228e+00 -3.4742574e+00
-1.2100000e+00 -4.1246671e+00 -3.5837474e+00 -3.2349416e+00 -3.0174883e+00 -2.8378823e+00 -2.8972165e+00 -2.9243480e+00 -2.4829625e+00 -2.5826132e+00 -2.9117661e+00 -2.1745918e+00 -2.2007142e+00 -2.8398213e+00 -3.1645524e+00 -2.3559821e+00 -2.0979608e+00 -2.0679620e+00 -2.1914629e+00 -2.4583974e+00 -2.9196203e+00
-1.2025000e+00 -4.1141675e+00 -3.6572468e+00 -3.3521293e+00 -2.9686553e+00 -2.9361510e+00 -3.1053304e+00 -2.6863675e+00 -2.7886217e+00 -2.3814426e+00 -3.2471894e+00 -2.3768303e+00 -2.1314112e+00 -2.4323062e+00 -3.4941887e+00 -2.7457972e+00 -2.2555265e+00 -2.1083979e+00 -2.1405932e+00 -2.3083888e+00 -2.6168294e+00
-1.1950000e+00 -4.1983075e+00 -3.7102227e+00 -3.3409525e+00 -3.1083638e+00 -2.9881314e+00 -3.0572854e+00 -2.6404535e+00 -3.1462027e+00 -2.3677459e+00 -2.7653211e+00 -2.7827349e+00 -2.1814320e+00 -2.2298550e+00 -2.8059128e+00 -3.4610610e+00 -2.5300202e+00 -2.2192696e+00 -2.1513526e+00 -2.2317387e+00 -2.4367155e+00
-1.1875000e+00 -4.1655058e+00 -3.6808616e+00 -3.3260383e+00 -3.2145347e+00 -2.9853308e+00 -2.9229621e+00 -2.7969993e+00 -2.9171266e+00 -2.5402683e+00 -2.4463498e+00 -3.3352884e+00 -2.3678206e+00 -2.1632156e+00 -2.4324445e+00 -3.3635325e+00 -3.0194919e+00 -2.4233291e+00 -2.2274221e+00 -2.2178899e+00 -2.3371637e+00
-1.1800000e+00 -4.2599263e+00 -3.7651777e+00 -3.4041742e+00 -3.0823786e+00 -2.9956720e+00 -2.9334089e+00 -3.0750058e+00 -2.6376696e+00 -2.9322833e+00 -2.3428054e+00 -2.9290069e+00 -2.7547787e+00 -2.2167938e+00 -2.2519438e+00 -2.7349762e+00 -3.8084428e+00 -2.7775519e+00 -2.3836986e+00 -2.2668373e+00 -2.3026464e+00
-1.1725000e+00 -4.2344054e+00 -3.7713733e+00 -3.4567893e+00 -3.1259828e+00 -3.0193758e+00 -3.0797246e+00 -3.0625698e+00 -2.5858316e+00 -3.1995486e+00 -2.4251545e+00 -2.5202055e+00 -3.3791560e+00 -2.4092634e+00 -2.2033929e+00 -2.4202571e+00 -3.1525953e+00 -3.4472752e+00 -2.6571329e+00 -2.3884369e+00 -2.3299724e+00
-1.1650000e+00 -4.3053129e+00 -3.7880194e+00 -3.4072089e+00 -3.3089281e+00 -3.0735254e+00 -3.1784461e+00 -2.8636145e+00 -2.7641381e+00 -2.8122652e+00 -2.7221587e+00 -2.3575664e+00 -3.0352274e+00 -2.8112844e+00 -2.2764036e+00 -2.2768777e+00 -2.6537824e+00 -3.6976348e+00 -3.1493858e+00 -2.6086660e+00 -2.4254367e+00
-1.1575000e+00 -4.3037080e+00 -3.8594170e+00 -3.5087999e+00 -3.2057122e+00 -3.1414778e+00 -3.1160603e+00 -2.8420777e+00 -3.1110915e+00 -2.5775165e+00 -3.2216710e+00 -2.3876474e+00 -2.5748461e+00 -3.4769197e+00 -2.4962666e+00 -2.2598573e+00 -2.4087373e+00 -2.9486239e+00 -4.0206262e+00 -2.9946090e+00 -2.6083568e+00
-1.1500000e+00 -4.3488302e+00 -3.8358993e+00 -3.5265301e+00 -3.2131295e+00 -3.1139119e+00 -3.0837461e+00 -3.0173106e+00 -3.0705686e+00 -2.5928017e+00 -3.0331481e+00 -2.6250610e+00 -2.3843181e+00 -3.0673454e+00 -2.9510928e+00 -2.3679834e+00 -2.3127293e+00 -2.5831936e+00 -3.3140452e+00 -3.7560145e+00 -2.9271479e+00
-1.1425000e+00 -4.3967409e+00 -3.9200154e+00 -3.4998452e+00 -3.3703289e+00 -3.1159887e+00 -3.1585281e+00 -3.1642194e+00 -2.8083280e+00 -2.8603461e+00 -2.6494190e+00 -3.1333471e+00 -2.3928823e+00 -2.6002274e+00 -3.6155131e+00 -2.6395790e+00 -2.3391951e+00 -2.4109030e+00 -2.7948005e+00 -3.7558111e+00 -3.5280484e+00
-1.1350000e+00 -4.3850228e+00 -3.9004549e+00 -3.6350551e+00 -3.2950857e+00 -3.2489152e+00 -3.2584259e+00 -3.0537866e+00 -2.7823682e+00 -3.2302104e+00 -2.5416983e+00 -3.2215854e+00 -2.6081839e+00 -2.4126274e+00 -3.0225613e+00 -3.1976313e+00 -2.4997419e+00 -2.3705611e+00 -2.5434069e+00 -3.0378591e+00 -4.2115471e+00
-1.1275000e+00 -4.4546559e+00 -3.9778761e+00 -3.5509701e+00 -3.3344998e+00 -3.2263143e+00 -3.2549000e+00 -3.0034421e+00 -3.0084548e+00 -2.9831165e+00 -2.6937805e+00 -2.7375371e+00 -3.1116118e+00 -2.4263121e+00 -2.5971540e+00 -3.6364897e+00 -2.8565316e+00 -2.4539243e+00 -2.4439466e+00 -2.7006051e+00 -3.3081310e+00
-1.1200000e+00 -4.4691184e+00 -3.9558951e+00 -3.6775962e+00 -3.4222763e+00 -3.1883246e+00 -3.2111673e+00 -3.1161494e+00 -3.2029166e+00 -2.7457154e+00 -3.1185819e+00 -2.5470581e+00 -3.3445476e+00 -2.6517169e+00 -2.4408436e+00 -2.9295811e+00 -3.5833937e+00 -2.6913977e+00 -2.4678833e+00 -2.5462299e+00 -2.8755883e+00
-1.1125000e+00 -4.4737727e+00 -4.0423179e+00 -3.6358244e+00 -3.3904103e+00 -3.3531516e+00 -3.2839507e+00 -3.2099286e+00 -3.0062538e+00 -2.8038861e+00 -3.1996807e+00 -2.6275008e+00 -2.8016065e+00 -3.1860208e+00 -2.4845096e+00 -2.5837690e+00 -3.4267135e+00 -3.1930968e+00 -2.6263823e+00 -2.5213898e+00 -2.6690046e+00
-1.1050000e+00 -4.5344809e+00 -4.0289625e+00 -3.7062870e+00 -3.4390722e+00 -3.2933143e+00 -3.4006618e+00 -3.1699782e+00 -2.9344397e+00 -3.1290344e+00 -2.8133393e+00 -3.0057483e+00 -2.5703942e+00 -3.4020749e+00 -2.7525873e+00 -2.4815630e+00 -2.8267172e+00 -3.9279314e+00 -2.9829712e+00 -2.6225254e+00 -2.6027474e+00
-1.0975000e+00 -4.5726505e+00 -4.0645814e+00 -3.7215266e+00 -3.5029953e+00 -3.3032304e+00 -3.3167504e+00 -3.1696225e+00 -3.1105862e+00 -3.1961726e+00 -2.7212868e+00 -3.3540408e+00 -2.6213747e+00 -2.8255032e+00 -3.3654027e+00 -2.5792754e+00 -2.5784252e+00 -3.1638675e+00 -3.7426200e+00 -2.8876372e+00 -2.6598854e+00
-1.0900000e+00 -4.5760406e+00 -4.1250065e+00 -3.7453373e+00 -3.4624285e+00 -3.4414236e+00 -3.3402509e+00 -3.2352329e+00 -3.2328869e+00 -2.9290747e+00 -2.9537024e+00 -2.9075562e+00 -2.9790861e+00 -2.5966276e+00 -3.3674266e+00 -2.9288187e+00 -2.5478610e+00 -2.7446907e+00 -3.6059110e+00 -3.4550330e+00 -2.8625669e+00
-1.0825000e+00 -4.5979792e+00 -4.1132316e+00 -3.7916073e+00 -3.5839136e+00 -3.3428110e+00 -3.5142000e+00 -3.2982605e+00 -3.1011766e+00 -2.9385090e+00 -3.3166148e+00 -2.7117022e+00 -3.4503341e+00 -2.6560530e+00 -2.8097039e+00 -3.6460821e+00 -2.7260489e+00 -2.6005132e+00 -2.9682676e+00 -4.0916765e+00 -3.3029979e+00
-1.0750000e+00 -4.6450109e+00 -4.1828637e+00 -3.8135303e+00 -3.5175298e+00 -3.4717179e+00 -3.3887622e+00 -3.2925744e+00 -3.1175522e+00 -3.2130199e+00 -3.0347426e+00 -2.8621753e+00 -2.9776037e+00 -3.0368465e+00 -2.6244476e+00 -3.2404077e+00 -3.2133956e+00 -2.6598154e+00 -2.7106029e+00 -3.2410880e+00 -4.2237009e+00
-1.0675000e+00 -4.6931027e+00 -4.1949753e+00 -3.8227902e+00 -3.6444502e+00 -3.4430679e+00 -3.4602467e+00 -3.2818313e+00 -3.2617207e+00 -3.2132437e+00 -2.8700518e+00 -3.3171532e+00 -2.7288414e+00 -3.5347228e+00 -2.7291288e+00 -2.7785551e+00 -3.7991602e+00 -2.9579371e+00 -2.6753307e+00 -2.8605419e+00 -3.5582876e+00
-1.0600000e+00 -4.7266803e+00 -4.1945536e+00 -3.9115580e+00 -3.5764491e+00 -3.4930035e+00 -3.5846402e+00 -3.4026208e+00 -3.2515077e+00 -3.0424580e+00 -3.0703161e+00 -3.1629158e+00 -2.8446849e+00 -3.0013235e+00 -3.1842594e+00 -2.6707496e+00 -3.0813130e+00 -3.6718822e+00 -2.8507539e+00 -2.7427810e+00 -3.0387545e+00
-1.0525000e+00 -4.7496360e+00 -4.2576011e+00 -3.8691114e+00 -3.7067580e+00 -3.5224299e+00 -3.4474388e+00 -3.3911477e+00 -3.2260418e+00 -3.1574870e+00 -3.3383488e+00 -2.8729345e+00 -3.3262470e+00 -2.7530596e+00 -3.5705206e+00 -2.8587787e+00 -2.7596671e+00 -3.5300020e+00 -3.3439105e+00 -2.8295701e+00 -2.8451094e+00
-1.0450000e+00 -4.7753907e+00 -4.3007126e+00 -3.9486262e+00 -3.6384179e+00 -3.5490701e+00 -3.6541270e+00 -3.3555457e+00 -3.2976362e+00 -3.3173833e+00 -3.0800397e+00 -2.9841202e+00 -3.2573430e+00 -2.8829985e+00 -2.9769104e+00 -3.4482140e+00 -2.7559524e+00 -2.9508702e+00 -4.0221773e+00 -3.1733300e+00 -2.8628446e+00
-1.0375000e+00 -4.8053098e+00 -4.3029073e+00 -3.9617833e+00 -3.7525010e+00 -3.5770833e+00 -3.5452359e+00 -3.5404123e+00 -3.3536773e+00 -3.1949874e+00 -3.0463459e+00 -3.3828067e+00 -2.8962268e+00 -3.4095549e+00 -2.7833422e+00 -3.4723446e+00 -3.0745593e+00 -2.7815653e+00 -3.2289242e+00 -3.9973420e+00 -3.1075166e+00
-1.0300000e+00 -4.8317319e+00 -4.3210136e+00 -3.9823694e+00 -3.7201041e+00 -3.6159224e+00 -3.6446825e+00 -3.4135986e+00 -3.3379386e+00 -3.2285882e+00 -3.3185991e+00 -3.1653959e+00 -2.9661237e+00 -3.2931675e+00 -2.9779555e+00 -2.9333561e+00 -3.8004085e+00 -2.9126021e+00 -2.8904680e+00 -3.5873834e+00 -3.7506623e+00
-1.0225000e+00 -4.8673539e+00 -4.3650827e+00 -4.0520467e+00 -3.7887008e+00 -3.6366423e+00 -3.6551360e+00 -3.5271461e+00 -3.3621660e+00 -3.3543399e+00 -3.2608596e+00 -3.0056031e+00 -3.4158391e+00 -2.9163040e+00 -3.5764044e+00 -2.8412791e+00 -3.2816971e+00 -3.4408984e+00 -2.8802609e+00 -3.0568080e+00 -4.0114931e+00
-1.0150000e+00 -4.8997643e+00 -4.4118942e+00 -4.0458817e+00 -3.7882779e+00 -3.6632892e+00 -3.6704507e+00 -3.5595221e+00 -3.4694426e+00 -3.3127602e+00 -3.1520733e+00 -3.2690908e+00 -3.2372024e+00 -3.0020032e+00 -3.2552191e+00 -3.1566842e+00 -2.9076705e+00 -3.7913402e+00 -3.1987692e+00 -2.9256858e+00 -3.2646987e+00
-1.0075000e+00 -4.9319941e+00 -4.4480497e+00 -4.0506480e+00 -3.8412290e+00 -3.7248715e+00 -3.7314473e+00 -3.5106011e+00 -3.3955462e+00 -3.3341164e+00 -3.3435260e+00 -3.3627051e+00 -3.0067358e+00 -3.5025338e+00 -2.9323552e+00 -3.7422229e+00 -2.9562185e+00 -3.1131009e+00 -3.9989067e+00 -3.1008803e+00 -3.0211289e+00
-1.0000000e+00 -4.9505470e+00 -4.4779319e+00 -4.1116427e+00 -3.8865598e+00 -3.6923026e+00 -3.7264027e+00 -3.6789105e+00 -3.5006968e+00 -3.4087959e+00 -3.3411547e+00 -3.1325478e+00 -3.2583407e+00 -3.2644291e+00 -3.0954155e+00 -3.1695004e+00 -3.4639026e+00 -2.9389227e+00 -3.4365742e+00 -3.7257883e+00 -3.0903883e+00
-9.9250000e-01 -4.9694170e+00 -4.5075537e+00 -4.1618690e+00 -3.8550575e+00 -3.7995369e+00 -3.7916304e+00 -3.5492987e+00 -3.5141799e+00 -3.4213897e+00 -3.2809714e+00 -3.3022754e+00 -3.4499119e+00 -3.0270527e+00 -3.6434157e+00 -2.9716684e+00 -3.6512112e+00 -3.1782933e+00 -3.0361542e+00 -3.8626219e+00 -3.5351255e+00
-9.8500000e-01 -4.9988611e+00 -4.5341445e+00 -4.1738144e+00 -3.9210385e+00 -3.7789988e+00 -3.7838064e+00 -3.7431632e+00 -3.4941217e+00 -3.4143889e+00 -3.4146657e+00 -3.4172562e+00 -3.1431372e+00 -3.3155154e+00 -3.2348672e+00 -3.2783187e+00 -3.0912969e+00 -3.9047376e+00 -3.0771870e+00 -3.2112445e+00 -4.2739493e+00
-9.7750000e-01 -5.0457340e+00 -4.5580820e+00 -4.1825104e+00 -3.9910863e+00 -3.8003721e+00 -3.8587864e+00 -3.6190582e+00 -3.6339487e+00 -3.5237192e+00 -3.4003217e+00 -3.2516786e+00 -3.2929923e+00 -3.5054710e+00 -3.0674405e+00 -3.7207791e+00 -3.0723360e+00 -3.3927924e+00 -3.6011385e+00 -3.0879706e+00 -3.4432551e+00
-9.7000000e-01 -5.0685527e+00 -4.5936856e+00 -4.2076111e+00 -3.9834070e+00 -3.8723872e+00 -3.8416350e+00 -3.7756548e+00 -3.5234281e+00 -3.4681013e+00 -3.4092539e+00 -3.4186998e+00 -3.4942320e+00 -3.1578957e+00 -3.4575974e+00 -3.1794933e+00 -3.5960688e+00 -3.0777109e+00 -3.8430165e+00 -3.3967048e+00 -3.1681493e+00
-9.6250000e-01 -5.0885776e+00 -4.6311663e+00 -4.2441080e+00 -3.9963966e+00 -3.8801515e+00 -3.8967777e+00 -3.7086831e+00 -3.7136547e+00 -3.5615833e+00 -3.4811043e+00 -3.4264536e+00 -3.2528476e+00 -3.3412814e+00 -3.4939549e+00 -3.1602846e+00 -3.5748672e+00 -3.2949992e+00 -3.2219136e+00 -4.1804930e+00 -3.3222768e+00
-9.5500000e-01 -5.1390589e+00 -4.6535936e+00 -4.2839870e+00 -4.0502202e+00 -3.9103842e+00 -3.9590629e+00 -3.7922020e+00 -3.5829778e+00 -3.5582588e+00 -3.4908779e+00 -3.3859721e+00 -3.4329763e+00 -3.5536303e+00 -3.1756687e+00 -3.6930849e+00 -3.1538352e+00 -3.9590099e+00 -3.1908984e+00 -3.4672117e+00 -4.0495621e+00
-9.4750000e-01 -5.1477698e+00 -4.6797717e+00 -4.3247807e+00 -4.0961796e+00 -3.9374188e+00 -3.8986786e+00 -3.8038081e+00 -3.7552387e+00 -3.5922055e+00 -3.4987119e+00 -3.5105878e+00 -3.4754898e+00 -3.2652516e+00 -3.4661581e+00 -3.4082688e+00 -3.3562642e+00 -3.3647936e+00 -3.7425070e+00 -3.2158833e+00 -3.7922309e+00
-9.4000000e-01 -5.1974218e+00 -4.6884239e+00 -4.3633275e+00 -4.1156013e+00 -3.9485072e+00 -4.0126759e+00 -3.8305125e+00 -3.6727225e+00 -3.6340135e+00 -3.5959112e+00 -3.4736261e+00 -3.3764156e+00 -3.4933965e+00 -3.5564528e+00 -3.2329148e+00 -3.8492270e+00 -3.2230688e+00 -3.7469633e+00 -3.5179951e+00 -3.3217687e+00
-9.3250000e-01 -5.2076867e+00 -4.7277882e+00 -4.3896300e+00 -4.1280993e+00 -3.9896688e+00 -4.0524511e+00 -3.8685632e+00 -3.7560361e+00 -3.6551844e+00 -3.5275340e+00 -3.5217057e+00 -3.5671732e+00 -3.5108708e+00 -3.2890649e+00 -3.6868906e+00 -3.3164872e+00 -3.7320428e+00 -3.2754616e+00 -4.1639692e+00 -3.4331356e+00
-9.2500000e-01 -5.2499093e+00 -4.7739028e+00 -4.4049603e+00 -4.1492382e+00 -4.0504692e+00 -4.0024364e+00 -3.8815706e+00 -3.7976849e+00 -3.6693808e+00 -3.6848489e+00 -3.5720451e+00 -3.4708236e+00 -3.3951842e+00 -3.6220676e+00 -3.4839216e+00 -3.3867852e+00 -3.6499988e+00 -3.4762214e+00 -3.4520737e+00 -4.1961498e+00
-9.1750000e-01 -5.2856259e+00 -4.7910805e+00 -4.4317613e+00 -4.1796591e+00 -4.0924873e+00 -4.0574218e+00 -3.9617842e+00 -3.7611512e+00 -3.7633726e+00 -3.5704727e+00 -3.5591060e+00 -3.5601813e+00 -3.6421119e+00 -3.5003690e+00 -3.3648695e+00 -3.8747453e+00 -3.3138812e+00 -4.0639276e+00 -3.3896036e+00 -3.7185736e+00
-9.1000000e-01 -5.3006575e+00 -4.8162860e+00 -4.4607356e+00 -4.2122397e+00 -4.1116928e+00 -4.1308154e+00 -3.9282834e+00 -3.8782117e+00 -3.6785165e+00 -3.7631541e+00 -3.6450977e+00 -3.5774334e+00 -3.4789375e+00 -3.4576220e+00 -3.7917313e+00 -3.4035397e+00 -3.7205309e+00 -3.4425101e+00 -4.0313293e+00 -3.4207618e+00
-9.0250000e-01 -5.3306110e+00 -4.8673454e+00 -4.4896415e+00 -4.2384755e+00 -4.1275479e+00 -4.1389685e+00 -3.9531767e+00 -3.8461369e+00 -3.8720482e+00 -3.6259532e+00 -3.6098742e+00 -3.5922045e+00 -3.6224380e+00 -3.7117020e+00 -3.4613600e+00 -3.5563920e+00 -3.7187418e+00 -3.5021193e+00 -3.7168546e+00 -3.8263536e+00
-8.9500000e-01 -5.3637215e+00 -4.8728870e+00 -4.5484291e+00 -4.2592757e+00 -4.1499612e+00 -4.1462450e+00 -4.0645161e+00 -3.8947198e+00 -3.7458255e+00 -3.8021574e+00 -3.7220473e+00 -3.6483673e+00 -3.5964507e+00 -3.4929188e+00 -3.6064323e+00 -3.8021902e+00 -3.4270182e+00 -4.0876096e+00 -3.4592148e+00 -4.0897766e+00
-8.8750000e-01 -5.3987909e+00 -4.9239241e+00 -4.5682499e+00 -4.2924623e+00 -4.1764093e+00 -4.1895567e+00 -4.0832100e+00 -3.9285864e+00 -3.8460891e+00 -3.7361188e+00 -3.6470506e+00 -3.6494921e+00 -3.6372622e+00 -3.7257564e+00 -3.7038549e+00 -3.4693766e+00 -3.9130043e+00 -3.5245905e+00 -4.0054791e+00 -3.5383476e+00
-8.8000000e-01 -5.4285242e+00 -4.9346409e+00 -4.5842562e+00 -4.3441074e+00 -4.2006413e+00 -4.2474363e+00 -4.0456812e+00 -3.9341220e+00 -3.9109641e+00 -3.7589291e+00 -3.8189909e+00 -3.7132041e+00 -3.6784315e+00 -3.6008203e+00 -3.5550193e+00 -3.8581223e+00 -3.6266316e+00 -3.6770730e+00 -3.7882938e+00 -3.8202015e+00
-8.7250000e-01 -5.4543447e+00 -4.9754502e+00 -4.6230959e+00 -4.3816464e+00 -4.2206785e+00 -4.2950235e+00 -4.0616997e+00 -4.0084179e+00 -3.8539734e+00 -3.9134347e+00 -3.6884158e+00 -3.6954813e+00 -3.6890436e+00 -3.7242953e+00 -3.8263121e+00 -3.6194721e+00 -3.6335048e+00 -3.9897756e+00 -3.5827714e+00 -4.1545824e+00
-8.6500000e-01 -5.4801972e+00 -5.0140919e+00 -4.6565774e+00 -4.4156221e+00 -4.2450672e+00 -4.3280396e+00 -4.1206706e+00 -4.0480933e+00 -3.9296921e+00 -3.7792052e+00 -3.8576784e+00 -3.8044538e+00 -3.7426206e+00 -3.6945175e+00 -3.6178997e+00 -3.7338456e+00 -3.9460065e+00 -3.5767306e+00 -4.1921038e+00 -3.6312213e+00
-8.5750000e-01 -5.5146191e+00 -5.0290740e+00 -4.6742142e+00 -4.4405693e+00 -4.2864382e+00 -4.3531144e+00 -4.1756901e+00 -4.0213197e+00 -3.9740435e+00 -3.8867747e+00 -3.8253679e+00 -3.7220135e+00 -3.7406250e+00 -3.7607316e+00 -3.8491576e+00 -3.7925974e+00 -3.6146839e+00 -4.0365664e+00 -3.7109240e+00 -4.0463371e+00
-8.5000000e-01 -5.5548544e+00 -5.0521222e+00 -4.7278357e+00 -4.4423560e+00 -4.3333746e+00 -4.3742902e+00 -4.2071289e+00 -4.0224980e+00 -3.9741345e+00 -3.9795516e+00 -3.7866657e+00 -3.8904226e+00 -3.8227642e+00 -3.7681011e+00 -3.7056988e+00 -3.7265057e+00 -4.0132224e+00 -3.7419305e+00 -3.8484786e+00 -3.9798383e+00
-8.4250000e-01 -5.5737614e+00 -5.0898512e+00 -4.7360449e+00 -4.5038753e+00 -4.3583810e+00 -4.3928443e+00 -4.2250234e+00 -4.0737745e+00 -4.0246829e+00 -3.9044382e+00 -3.9826770e+00 -3.8090505e+00 -3.7754769e+00 -3.8068921e+00 -3.8707670e+00 -3.8851827e+00 -3.7089918e+00 -3.8614016e+00 -4.0525401e+00 -3.7705475e+00
-8.3500000e-01 -5.6096793e+00 -5.1208552e+00 -4.7760557e+00 -4.5290348e+00 -4.3963738e+00 -4.4154136e+00 -4.2426903e+00 -4.1413594e+00 -4.0742733e+00 -3.9399689e+00 -3.9055066e+00 -3.8405917e+00 -3.9017328e+00 -3.8461008e+00 -3.7915136e+00 -3.7882351e+00 -3.9874396e+00 -3.9444954e+00 -3.7615860e+00 -4.3466934e+00
-8.2750000e-01 -5.6339277e+00 -5.1530764e+00 -4.8105516e+00 -4.5368980e+00 -4.4344747e+00 -4.4523785e+00 -4.2674771e+00 -4.1938833e+00 -4.0761334e+00 -4.0254871e+00 -3.8722705e+00 -4.0067402e+00 -3.8589181e+00 -3.8482800e+00 -3.8972971e+00 -3.9198030e+00 -3.8052272e+00 -3.8365594e+00 -4.2361903e+00 -3.8200301e+00
-8.2000000e-01 -5.6729921e+00 -5.1764761e+00 -4.8252789e+00 -4.6025487e+00 -4.4303709e+00 -4.4882749e+00 -4.3044895e+00 -4.2258164e+00 -4.0691889e+00 -4.0452497e+00 -4.0097610e+00 -3.8831676e+00 -3.8722088e+00 -3.9101592e+00 -3.8799574e+00 -3.8799922e+00 -4.0129507e+00 -4.0547232e+00 -3.8207637e+00 -4.2312938e+00
-8.1250000e-01 -5.6969264e+00 -5.2054723e+00 -4.8606949e+00 -4.6035207e+00 -4.4896680e+00 -4.4855957e+00 -4.3554082e+00 -4.2465180e+00 -4.0849787e+00 -4.0507040e+00 -4.0675845e+00 -3.9086188e+00 -4.0334006e+00 -3.9416248e+00 -3.9326188e+00 -3.9373051e+00 -3.8745330e+00 -3.8942308e+00 -4.2392391e+00 -3.9697808e+00
-8.0500000e-01 -5.7224923e+00 -5.2435017e+00 -4.8980752e+00 -4.6516283e+00 -4.5101871e+00 -4.4951960e+00 -4.4062060e+00 -4.2650363e+00 -4.1198427e+00 -4.0904473e+00 -4.0220250e+00 -4.0784116e+00 -3.9302280e+00 -3.9037486e+00 -3.9428070e+00 -3.9746453e+00 -4.0658808e+00 -4.0831797e+00 -3.9062130e+00 -4.1501933e+00
-7.9750000e-01 -5.7519110e+00 -5.2821063e+00 -4.9283716e+00 -4.6641335e+00 -4.5334525e+00 -4.5631419e+00 -4.4294099e+00 -4.2887492e+00 -4.1597324e+00 -4.1465815e+00 -4.0260428e+00 -4.0748795e+00 -3.9360785e+00 -4.0491850e+00 -4.0165834e+00 -3.9801201e+00 -3.9462259e+00 -3.9958582e+00 -4.2553584e+00 -4.0862738e+00
-7.9000000e-01 -5.7820354e+00 -5.2989532e+00 -4.9646059e+00 -4.6908770e+00 -4.5849125e+00 -4.5935080e+00 -4.4376702e+00 -4.3259451e+00 -4.1958212e+00 -4.1930274e+00 -4.0801006e+00 -4.0031433e+00 -4.1085899e+00 -4.0314024e+00 -3.9833998e+00 -4.0282441e+00 -4.0875415e+00 -4.0710030e+00 -3.9810352e+00 -4.1858679e+00
-7.8250000e-01 -5.8158024e+00 -5.3385896e+00 -4.9890322e+00 -4.7382783e+00 -4.5844167e+00 -4.6115892e+00 -4.4651673e+00 -4.3760755e+00 -4.2279061e+00 -4.2259891e+00 -4.1319342e+00 -4.0255788e+00 -4.1288759e+00 -3.9677813e+00 -4.0369430e+00 -4.0540002e+00 -4.0531163e+00 -4.1286330e+00 -4.2806792e+00 -4.1311033e+00
-7.7500000e-01 -5.8515490e+00 -5.3560318e+00 -5.0200524e+00 -4.7681881e+00 -4.6334211e+00 -4.6317188e+00 -4.4768896e+00 -4.4067735e+00 -4.2617628e+00 -4.2554440e+00 -4.1597465e+00 -4.1060766e+00 -4.0407270e+00 -4.0907349e+00 -4.1449419e+00 -4.1002833e+00 -4.0950139e+00 -4.0739045e+00 -4.0757905e+00 -4.2978294e+00
-7.6750000e-01 -5.8769072e+00 -5.3993349e+00 -5.0359486e+00 -4.7937190e+00 -4.6548670e+00 -4.6911909e+00 -4.5253427e+00 -4.3920552e+00 -4.3016195e+00 -4.2890416e+00 -4.1748638e+00 -4.1735763e+00 -4.0434853e+00 -4.2117593e+00 -4.0748598e+00 -4.0763299e+00 -4.1330564e+00 -4.2104754e+00 -4.2429475e+00 -4.1434889e+00
-7.6000000e-01 -5.9079976e+00 -5.4249294e+00 -5.0649621e+00 -4.8204325e+00 -4.6937377e+00 -4.6931340e+00 -4.5771676e+00 -4.4027597e+00 -4.3381146e+00 -4.3253214e+00 -4.1905327e+00 -4.2041671e+00 -4.1241700e+00 -4.1512260e+00 -4.0677489e+00 -4.1529014e+00 -4.1637138e+00 -4.1641661e+00 -4.2329481e+00 -4.4094735e+00
-7.5250000e-01 -5.9342802e+00 -5.4502170e+00 -5.1113045e+00 -4.8422605e+00 -4.7340121e+00 -4.7353272e+00 -4.5596189e+00 -4.4755891e+00 -4.3577456e+00 -4.3521895e+00 -4.2122463e+00 -4.2173712e+00 -4.2119619e+00 -4.0942551e+00 -4.1987661e+00 -4.2368657e+00 -4.2023346e+00 -4.2104132e+00 -4.2047084e+00 -4.2128609e+00
-7.4500000e-01 -5.9709458e+00 -5.4769176e+00 -5.1313560e+00 -4.8806781e+00 -4.7552121e+00 -4.7590711e+00 -4.6326805e+00 -4.5035629e+00 -4.3925333e+00 -4.3573948e+00 -4.2440364e+00 -4.2304222e+00 -4.2630555e+00 -4.1210541e+00 -4.2990899e+00 -4.1799794e+00 -4.1842748e+00 -4.2503677e+00 -4.3316525e+00 -4.3665516e+00
-7.3750000e-01 -6.0017922e+00 -5.5074425e+00 -5.1682009e+00 -4.9137350e+00 -4.7729341e+00 -4.7888951e+00 -4.6390891e+00 -4.5233734e+00 -4.4709030e+00 -4.3551256e+00 -4.2927513e+00 -4.2466926e+00 -4.2846119e+00 -4.1965341e+00 -4.2619886e+00 -4.1605436e+00 -4.2408160e+00 -4.2781785e+00 -4.3048108e+00 -4.3954725e+00
-7.3000000e-01 -6.0308261e+00 -5.5415115e+00 -5.1868406e+00 -4.9557314e+00 -4.7962788e+00 -4.8457680e+00 -4.6781193e+00 -4.5391467e+00 -4.4714364e+00 -4.3779036e+00 -4.3603698e+00 -4.2654029e+00 -4.2979154e+00 -4.2726939e+00 -4.2094728e+00 -4.2479037e+00 -4.3433882e+00 -4.3279875e+00 -4.3290539e+00 -4.3351525e+00
-7.2250000e-01 -6.0604223e+00 -5.5772975e+00 -5.2261252e+00 -4.9692929e+00 -4.8333020e+00 -4.8655697e+00 -4.6859822e+00 -4.6102336e+00 -4.4645843e+00 -4.4130005e+00 -4.4187609e+00 -4.2912787e+00 -4.3121940e+00 -4.3251832e+00 -4.2059680e+00 -4.3688752e+00 -4.3450706e+00 -4.3186222e+00 -4.3734460e+00 -4.4393383e+00
-7.1500000e-01 -6.0851686e+00 -5.6010866e+00 -5.2583043e+00 -4.9948783e+00 -4.8681685e+00 -4.8793577e+00 -4.7569054e+00 -4.5899311e+00 -4.5561407e+00 -4.4389642e+00 -4.4184551e+00 -4.3381813e+00 -4.3282765e+00 -4.3560148e+00 -4.2391605e+00 -4.4280378e+00 -4.2941774e+00 -4.3205579e+00 -4.3940775e+00 -4.4709629e+00
-7.0750000e-01 -6.1189385e+00 -5.6351521e+00 -5.2808457e+00 -5.0413317e+00 -4.8925392e+00 -4.9027063e+00 -4.7764345e+00 -4.6550431e+00 -4.5421766e+00 -4.5096144e+00 -4.3989111e+00 -4.4142252e+00 -4.3491321e+00 -4.3753015e+00 -4.2844117e+00 -4.4238908e+00 -4.2906022e+00 -4.3935988e+00 -4.4518200e+00 -4.4727922e+00
-7.0000000e-01 -6.1436531e+00 -5.6597923e+00 -5.3126825e+00 -5.0576112e+00 -4.9402843e+00 -4.9271124e+00 -4.7879955e+00 -4.6808696e+00 -4.5864681e+00 -4.4972203e+00 -4.4412260e+00 -4.4730227e+00 -4.3863798e+00 -4.3908860e+00 -4.3262380e+00 -4.4111524e+00 -4.3399392e+00 -4.4904680e+00 -4.5004394e+00 -4.5108457e+00
-6.5000000e-01 -6.3363827e+00 -5.8094791e+00 -5.5085086e+00 -5.2677642e+00 -5.1245068e+00 -5.1484955e+00 -4.9966907e+00 -4.8709313e+00 -4.7844491e+00 -4.6946065e+00 -4.6895480e+00 -4.6039272e+00 -4.6095880e+00 -4.5407262e+00 -4.5572497e+00 -4.5976637e+00 -4.6638671e+00 -4.5483631e+00 -4.7674970e+00 -4.6669680e+00
-6.0000000e-01 -6.6699096e+00 -6.0610806e+00 -5.7162025e+00 -5.4665576e+00 -5.3253102e+00 -5.3508131e+00 -5.1814958e+00 -5.0897253e+00 -4.9680142e+00 -4.9208586e+00 -4.8508611e+00 -4.8229932e+00 -4.7685639e+00 -4.7749609e+00 -4.7853056e+00 -4.7775036e+00 -4.8279078e+00 -4.8121778e+00 -4.8260927e+00 -4.9967598e+00
-5.5000000e-01 -6.7415885e+00 -6.2200531e+00 -5.9561952e+00 -5.6598496e+00 -5.5333817e+00 -5.5395827e+00 -5.3899101e+00 -5.2882221e+00 -5.1899624e+00 -5.0979873e+00 -5.0467427e+00 -5.0161761e+00 -4.9859633e+00 -4.9699002e+00 -4.9979168e+00 -4.9835052e+00 -4.9690502e+00 -5.0810657e+00 -5.0597379e+00 -5.1069248e+00
-5.0000000e-01 -6.9693352e+00 -6.4895620e+00 -6.1139840e+00 -5.8651034e+00 -5.7259845e+00 -5.7493939e+00 -5.5981137e+00 -5.4762636e+00 -5.3886538e+00 -5.2953514e+00 -5.2570114e+00 -5.2282354e+00 -5.1770682e+00 -5.1946582e+00 -5.1573097e+00 -5.2057338e+00 -5.1623988e+00 -5.2242750e+00 -5.2803723e+00 -5.3322143e+00
-4.0000000e-01 -7.3976493e+00 -6.8277864e+00 -6.5066832e+00 -6.2647948e+00 -6.1280125e+00 -6.1475733e+00 -5.9911344e+00 -5.8769317e+00 -5.7821038e+00 -5.7198514e+00 -5.6433633e+00 -5.6196391e+00 -5.5929712e+00 -5.5654434e+00 -5.5922638e+00 -5.5849485e+00 -5.5760724e+00 -5.6353035e+00 -5.6615722e+00 -5.7118584e+00
-2.0000000e-01 -8.1753081e+00 -7.6610645e+00 -7.2865073e+00 -7.0858396e+00 -6.8749210e+00 -6.9543242e+00 -6.7931090e+00 -6.6741739e+00 -6.5875703e+00 -6.5069847e+00 -6.4577359e+00 -6.4146673e+00 -6.3843545e+00 -6.3760231e+00 -6.3788721e+00 -6.3827104e+00 -6.4007497e+00 -6.4306444e+00 -6.4625349e+00 -6.5078995e+00
0.0000000e+00 -8.9272458e+00 -8.5099094e+00 -8.0736319e+00 -7.8411712e+00 -7.6997531e+00 -7.7202137e+00 -7.5825682e+00 -7.4651646e+00 -7.3619113e+00 -7.3401418e+00 -7.2805357e+00 -7.1630999e+00 -7.2089044e+00 -7.1770256e+00 -7.1752199e+00 -7.1841085e+00 -7.1984589e+00 -7.2228654e+00 -7.2650902e+00 -7.3072672e+00
2.0000000e-01 -9.7970598e+00 -9.3004583e+00 -8.9062906e+00 -8.6965539e+00 -8.5073033e+00 -8.5653071e+00 -8.3605768e+00 -8.3137774e+00 -8.1813660e+00 -8.1300201e+00 -8.0454255e+00 -8.0080533e+00 -8.0357358e+00 -7.9880546e+00 -8.0182625e+00 -7.9667106e+00 -7.9383684e+00 -8.0217202e+00 -8.1175630e+00 -8.0803118e+00
4.0000000e-01 -1.0453383e+01 -1.0084049e+01 -9.7358573e+00 -9.4980516e+00 -9.3240401e+00 -9.2972585e+00 -9.2414541e+00 -9.1530358e+00 -8.9549114e+00 -8.9157069e+00 -8.8863409e+00 -8.8099482e+00 -8.7099629e+00 -8.8065288e+00 -8.7158683e+00 -8.7809914e+00 -8.8239269e+00 -8.7493854e+00 -8.8770322e+00 -8.9624067e+00
6.0000000e-01 -1.1321513e+01 -1.0844645e+01 -1.0447881e+01 -1.0243287e+01 -1.0127209e+01 -1.0070926e+01 -9.9820088e+00 -9.8609332e+00 -9.7852721e+00 -9.6521184e+00 -9.6646365e+00 -9.5707076e+00 -9.6424299e+00 -9.6334114e+00 -9.5498639e+00 -9.6481655e+00 -9.5746832e+00 -9.6287124e+00 -9.6930059e+00 -9.7056801e+00
8.0000000e-01 -1.2151177e+01 -1.1713302e+01 -1.1322458e+01 -1.1047935e+01 -1.0897980e+01 -1.0946952e+01 -1.0791871e+01 -1.0659056e+01 -1.0531373e+01 -1.0479497e+01 -1.0414691e+01 -1.0396008e+01 -1.0387569e+01 -1.0367679e+01 -1.0389306e+01 -1.0380500e+01 -1.0333834e+01 -1.0406318e+01 -1.0500807e+01 -1.0568128e+01
1.0000000e+00 -1.2951281e+01 -1.2512191e+01 -1.2148517e+01 -1.1940200e+01 -1.1710781e+01 -1.1773817e+01 -1.1597793e+01 -1.1440272e+01 -1.1410631e+01 -1.1239862e+01 -1.1259189e+01 -1.1220912e+01 -1.1193651e+01 -1.1185260e+01 -1.1242397e+01 -1.1163880e+01 -1.1246030e+01 -1.1182424e+01 -1.1260753e+01 -1.1310216e+01
1.2000000e+00 -1.3730537e+01 -1.3250759e+01 -1.2862389e+01 -1.2659192e+01 -1.2503344e+01 -1.2547746e+01 -1.2383680e+01 -1.2251288e+01 -1.2192577e+01 -1.2098268e+01 -1.2098694e+01 -1.1953345e+01 -1.2082614e+01 -1.1988734e+01 -1.2002208e+01 -1.2031000e+01 -1.1938195e+01 -1.1986725e+01 -1.2033101e+01 -1.2063984e+01
1.4000000e+00 -1.4565346e+01 -1.4065106e+01 -1.3731306e+01 -1.3447974e+01 -1.3350260e+01 -1.3364195e+01 -1.3211376e+01 -1.3092864e+01 -1.2978450e+01 -1.2902157e+01 -1.2835924e+01 -1.2810007e+01 -1.2806470e+01 -1.2890274e+01 -1.2769030e+01 -1.2851827e+01 -1.2839750e+01 -1.2830622e+01 -1.2865709e+01 -1.2967148e+01
1.6000000e+00 -1.5353161e+01 -1.4885105e+01 -1.4595452e+01 -1.4246864e+01 -1.4153830e+01 -1.4129508e+01 -1.3987906e+01 -1.3946745e+01 -1.3757836e+01 -1.3665851e+01 -1.3604871e+01 -1.3679034e+01 -1.3622419e+01 -1.3542817e+01 -1.3558671e+01 -1.3588638e+01 -1.3582762e+01 -1.3655873e+01 -1.3718523e+01 -1.3694192e+01
1.8000000e+00 -1.6131956e+01 -1.5690028e+01 -1.5306228e+01 -1.5031785e+01 -1.4900126e+01 -1.4969012e+01 -1.4808002e+01 -1.4682556e+01 -1.4519791e+01 -1.4502160e+01 -1.4508365e+01 -1.4425799e+01 -1.4444314e+01 -1.4384046e+01 -1.4379304e+01 -1.4387984e+01 -1.4368693e+01 -1.4386381e+01 -1.4432826e+01 -1.4532166e+01
2.0000000e+00 -1.6953381e+01 -1.6504505e+01 -1.6155008e+01 -1.5894775e+01 -1.5742329e+01 -1.5752190e+01 -1.5581388e+01 -1.5472544e+01 -1.5402805e+01 -1.5329119e+01 -1.5262244e+01 -1.5194149e+01 -1.5169133e+01 -1.5180432e+01 -1.5171496e+01 -1.5193041e+01 -1.5138900e+01 -1.5236949e+01 -1.5267058e+01 -1.5336265e+01