########################################################################
# Reference Counts for Solar Model GS98                                #
# Column 1: log10(Axion mass in eV)                                    #
#        n>1: Reference photon counts in energy bin n-1                #
########################################################################
-3.0000000e+00 -4.7085274e-01 -2.1441605e-01 -4.5789311e-02 5.3785602e-02 6.2791472e-02 -6.9506608e-02 -1.7821841e-02 1.3727743e-02 2.1254848e-02 2.2870533e-02 1.2444477e-02 -1.0121411e-02 -4.3943290e-02 -8.5129174e-02 -1.3543685e-01 -1.9181459e-01 -2.5318582e-01 -3.2285914e-01 -4.0069479e-01 -4.8711576e-01
-2.8000000e+00 -4.7096830e-01 -2.1448346e-01 -4.5833306e-02 5.3754604e-02 6.2768286e-02 -6.9524196e-02 -1.7835867e-02 1.3716350e-02 2.1245405e-02 2.2862578e-02 1.2437684e-02 -1.0127280e-02 -4.3948410e-02 -8.5133680e-02 -1.3544084e-01 -1.9181816e-01 -2.5318903e-01 -3.2286204e-01 -4.0069742e-01 -4.8711816e-01
-2.6000000e+00 -4.7169758e-01 -2.1490882e-01 -4.6110914e-02 5.3559010e-02 6.2621985e-02 -6.9635172e-02 -1.7924366e-02 1.3644460e-02 2.1185819e-02 2.2812388e-02 1.2394821e-02 -1.0164311e-02 -4.3980719e-02 -8.5162115e-02 -1.3546606e-01 -1.9184067e-01 -2.5320926e-01 -3.2288031e-01 -4.0071401e-01 -4.8713328e-01
-2.4000000e+00 -4.7630392e-01 -2.1759442e-01 -4.7863280e-02 5.2324504e-02 6.1698669e-02 -7.0335517e-02 -1.8482844e-02 1.3190810e-02 2.0809825e-02 2.2495681e-02 1.2124357e-02 -1.0397980e-02 -4.4184585e-02 -8.5341535e-02 -1.3562519e-01 -1.9198275e-01 -2.5333689e-01 -3.2299561e-01 -4.0081868e-01 -4.8722872e-01
-2.2000000e+00 -5.0556542e-01 -2.3461065e-01 -5.8951105e-02 4.4519624e-02 5.5864075e-02 -7.4759506e-02 -2.2009861e-02 1.0326313e-02 1.8435972e-02 2.0496337e-02 1.0417071e-02 -1.1872907e-02 -4.5471333e-02 -8.6473940e-02 -1.3662949e-01 -1.9287940e-01 -2.5414241e-01 -3.2372325e-01 -4.0147922e-01 -4.8783102e-01
-2.1500000e+00 -5.2610878e-01 -2.4651118e-01 -6.6689655e-02 3.9078794e-02 5.1799674e-02 -7.7839628e-02 -2.4464648e-02 8.3331380e-03 1.6784507e-02 1.9105615e-02 9.2296338e-03 -1.2898644e-02 -4.6366136e-02 -8.7261365e-02 -1.3732781e-01 -1.9350283e-01 -2.5470246e-01 -3.2422915e-01 -4.0193844e-01 -4.8824974e-01
-2.1000000e+00 -5.5902371e-01 -2.6549797e-01 -7.9008800e-02 3.0428465e-02 4.5342712e-02 -8.2730110e-02 -2.8360842e-02 5.1704561e-03 1.4164558e-02 1.6899655e-02 7.3463500e-03 -1.4525315e-02 -4.7785056e-02 -8.8509934e-02 -1.3843502e-01 -1.9449127e-01 -2.5559037e-01 -3.2503117e-01 -4.0266646e-01 -4.8891353e-01
-2.0500000e+00 -6.1212246e-01 -2.9591388e-01 -9.8672205e-02 1.6649492e-02 3.5070284e-02 -9.0503304e-02 -3.4550079e-02 1.4857639e-04 1.0005784e-02 1.3398878e-02 4.3582151e-03 -1.7105901e-02 -5.0035784e-02 -9.0490248e-02 -1.4019098e-01 -1.9605876e-01 -2.5699836e-01 -3.2630290e-01 -4.0382080e-01 -4.8996599e-01
-2.0000000e+00 -6.9878513e-01 -3.4496740e-01 -1.3019497e-01 -5.3656868e-03 1.8690632e-02 -1.0287962e-01 -4.4395304e-02 -7.8342609e-03 3.3983107e-03 7.8389916e-03 -3.8606222e-04 -2.1202124e-02 -5.3607719e-02 -9.3632527e-02 -1.4297690e-01 -1.9854538e-01 -2.5923174e-01 -3.2831999e-01 -4.0565155e-01 -4.9163507e-01
-1.9500000e+00 -8.4318992e-01 -4.2498826e-01 -1.8109551e-01 -4.0715782e-02 -7.5236877e-03 -1.2263949e-01 -6.0090479e-02 -2.0546394e-02 -7.1150547e-03 -1.0020185e-03 -7.9264829e-03 -2.7710037e-02 -5.9280896e-02 -9.8622023e-02 -1.4739961e-01 -2.0249224e-01 -2.6277612e-01 -3.3152069e-01 -4.0855626e-01 -4.9428301e-01
-1.9000000e+00 -1.0935690e+00 -5.5820625e-01 -2.6430464e-01 -9.7952119e-02 -4.9733521e-02 -1.5433063e-01 -8.5216168e-02 -4.0847690e-02 -2.3882717e-02 -1.5088303e-02 -1.9931187e-02 -3.8064536e-02 -6.8302767e-02 -1.0655341e-01 -1.5442765e-01 -2.0876234e-01 -2.6840546e-01 -3.3660314e-01 -4.1316788e-01 -4.9848634e-01
-1.8500000e+00 -1.5663952e+00 -7.8882198e-01 -4.0336896e-01 -1.9196585e-01 -1.1840068e-01 -2.0554018e-01 -1.2562530e-01 -7.3421025e-02 -5.0722071e-02 -3.7603772e-02 -3.9095184e-02 -5.4577653e-02 -8.2679045e-02 -1.1918370e-01 -1.6561331e-01 -2.1873712e-01 -2.7735746e-01 -3.4468280e-01 -4.2049699e-01 -5.0516492e-01
-1.8475000e+00 -1.6003712e+00 -8.0432633e-01 -4.1247427e-01 -1.9804540e-01 -1.2281139e-01 -2.0881439e-01 -1.2820177e-01 -7.5493742e-02 -5.2427825e-02 -3.9032847e-02 -4.0310517e-02 -5.5624179e-02 -8.3589664e-02 -1.1998338e-01 -1.6632127e-01 -2.1936825e-01 -2.7792373e-01 -3.4519378e-01 -4.2096042e-01 -5.0558714e-01
-1.8400000e+00 -1.7109635e+00 -8.5387729e-01 -4.4135719e-01 -2.1726575e-01 -1.3673115e-01 -2.1913515e-01 -1.3631739e-01 -8.2019298e-02 -5.7796101e-02 -4.3529142e-02 -4.4133511e-02 -5.8915628e-02 -8.6453285e-02 -1.2249785e-01 -1.6854715e-01 -2.2135243e-01 -2.7970389e-01 -3.4680004e-01 -4.2241713e-01 -5.0691429e-01
-1.8325000e+00 -1.8362151e+00 -9.0846005e-01 -4.7278308e-01 -2.3806492e-01 -1.5175168e-01 -2.3025091e-01 -1.4504827e-01 -8.9033937e-02 -6.3563385e-02 -4.8357543e-02 -4.8237517e-02 -6.2448096e-02 -8.9525955e-02 -1.2519543e-01 -1.7093477e-01 -2.2348054e-01 -2.8161300e-01 -3.4852250e-01 -4.2397912e-01 -5.0833726e-01
-1.8250000e+00 -1.9781608e+00 -9.6878695e-01 -5.0702893e-01 -2.6059287e-01 -1.6796979e-01 -2.4222794e-01 -1.5444404e-01 -9.6576197e-02 -6.9760580e-02 -5.3543440e-02 -5.2643805e-02 -6.6239681e-02 -9.2823271e-02 -1.2808969e-01 -1.7349611e-01 -2.2576319e-01 -2.8366053e-01 -3.5036968e-01 -4.2565407e-01 -5.0986304e-01
-1.8175000e+00 -2.1375889e+00 -1.0357227e+00 -5.4441337e-01 -2.8501775e-01 -1.8549259e-01 -2.5513891e-01 -1.6455885e-01 -1.0468796e-01 -7.6421184e-02 -5.9114303e-02 -5.7375353e-02 -7.0309914e-02 -9.6362050e-02 -1.3119530e-01 -1.7624402e-01 -2.2821179e-01 -2.8585665e-01 -3.5235074e-01 -4.2745026e-01 -5.1149914e-01
-1.8100000e+00 -2.3103719e+00 -1.1103310e+00 -5.8530568e-01 -3.1152886e-01 -2.0443890e-01 -2.6906363e-01 -1.7545184e-01 -1.1341479e-01 -8.3581538e-02 -6.5099869e-02 -6.2456996e-02 -7.4679878e-02 -1.0016043e-01 -1.3452801e-01 -1.7919236e-01 -2.3083861e-01 -2.8821234e-01 -3.5447549e-01 -4.2937657e-01 -5.1325363e-01
-1.8025000e+00 -2.4780451e+00 -1.1939390e+00 -6.3013734e-01 -3.4034037e-01 -2.2494096e-01 -2.8409001e-01 -1.8718771e-01 -1.2280633e-01 -9.1281109e-02 -7.1532361e-02 -6.7915598e-02 -7.9372346e-02 -1.0423797e-01 -1.3810484e-01 -1.8235608e-01 -2.3365686e-01 -2.9073936e-01 -3.5675455e-01 -4.3144257e-01 -5.1513519e-01
-1.7950000e+00 -2.5947580e+00 -1.2882272e+00 -6.7941725e-01 -3.7169592e-01 -2.4714642e-01 -3.0031501e-01 -1.9983738e-01 -1.3291673e-01 -9.9562803e-02 -7.8446721e-02 -7.3780236e-02 -8.4411931e-02 -1.0861581e-01 -1.4194415e-01 -1.8575126e-01 -2.3668080e-01 -2.9345043e-01 -3.5919928e-01 -4.3365853e-01 -5.1715315e-01
-1.7875000e+00 -2.6061757e+00 -1.3953532e+00 -7.3375198e-01 -4.0587426e-01 -2.7122083e-01 -3.1784596e-01 -2.1347873e-01 -1.4380512e-01 -1.0847332e-01 -8.5880879e-02 -8.0082408e-02 -8.9825255e-02 -1.1331676e-01 -1.4606571e-01 -1.8939526e-01 -2.3992574e-01 -2.9635919e-01 -3.6182195e-01 -4.3603551e-01 -5.1931753e-01
-1.7800000e+00 -2.5175050e+00 -1.5181113e+00 -7.9387319e-01 -4.4319648e-01 -2.9735057e-01 -3.3680191e-01 -2.2819745e-01 -1.5553624e-01 -1.1806355e-01 -9.3876049e-02 -8.6856264e-02 -9.5641130e-02 -1.1836549e-01 -1.5049092e-01 -1.9330678e-01 -2.4340824e-01 -2.9948038e-01 -3.6463575e-01 -4.3858542e-01 -5.2163912e-01
-1.7725000e+00 -2.3861382e+00 -1.6600972e+00 -8.6067560e-01 -4.8403531e-01 -3.2574647e-01 -3.5731538e-01 -2.4408806e-01 -1.6818102e-01 -1.2838904e-01 -1.0247707e-01 -9.4138866e-02 -1.0189077e-01 -1.2378867e-01 -1.5524285e-01 -1.9750603e-01 -2.4714611e-01 -3.0282985e-01 -3.6765491e-01 -4.4132106e-01 -5.2412954e-01
-1.7650000e+00 -2.2549987e+00 -1.8256864e+00 -9.3527026e-01 -5.2882704e-01 -3.5664833e-01 -3.7953443e-01 -2.6125507e-01 -1.8181736e-01 -1.3951047e-01 -1.1173235e-01 -1.0197047e-01 -1.0860800e-01 -1.2961517e-01 -1.6034647e-01 -2.0201483e-01 -2.5115859e-01 -3.0642472e-01 -3.7089472e-01 -4.4425623e-01 -5.2680129e-01
-1.7575000e+00 -2.1407273e+00 -2.0189638e+00 -1.0190613e+00 -5.7808742e-01 -3.9033049e-01 -4.0362503e-01 -2.7981436e-01 -1.9653100e-01 -1.5149432e-01 -1.2169597e-01 -1.1039486e-01 -1.1582954e-01 -1.3587628e-01 -1.6582877e-01 -2.0685673e-01 -2.5546646e-01 -3.1028341e-01 -3.7437170e-01 -4.4740580e-01 -5.2966782e-01
-1.7500000e+00 -2.0472498e+00 -2.2380025e+00 -1.1138587e+00 -6.3243283e-01 -4.2710898e-01 -4.2977412e-01 -2.9989485e-01 -2.1241650e-01 -1.6441345e-01 -1.3242568e-01 -1.1945969e-01 -1.2359526e-01 -1.4260590e-01 -1.7171899e-01 -2.1205722e-01 -2.6009212e-01 -3.1442585e-01 -3.7810365e-01 -4.5078577e-01 -5.3274363e-01
-1.7425000e+00 -1.9743235e+00 -2.4526332e+00 -1.2220462e+00 -6.9260933e-01 -4.6735058e-01 -4.5819325e-01 -3.2164038e-01 -2.2957845e-01 -1.7834795e-01 -1.4398510e-01 -1.2921694e-01 -1.3194853e-01 -1.4984083e-01 -1.7804878e-01 -2.1764387e-01 -2.6505982e-01 -3.1887352e-01 -3.8210977e-01 -4.5441343e-01 -5.3604433e-01
-1.7350000e+00 -1.9207647e+00 -2.5644141e+00 -1.3468354e+00 -7.5953304e-01 -5.1148469e-01 -4.8912308e-01 -3.4521215e-01 -2.4813281e-01 -1.9338603e-01 -1.5644396e-01 -1.3972333e-01 -1.4093314e-01 -1.5762102e-01 -1.8485247e-01 -2.2364652e-01 -2.7039578e-01 -3.2364965e-01 -3.8641079e-01 -4.5830740e-01 -5.3958677e-01
-1.7275000e+00 -1.8854844e+00 -2.4885515e+00 -1.4926383e+00 -8.3434785e-01 -5.6001894e-01 -5.2283911e-01 -3.7079148e-01 -2.6820860e-01 -2.0962503e-01 -1.6987879e-01 -1.5104091e-01 -1.5060737e-01 -1.6598995e-01 -1.9216733e-01 -2.3009751e-01 -2.7612835e-01 -3.2877934e-01 -3.9102910e-01 -4.6248778e-01 -5.4338910e-01
-1.7200000e+00 -1.8677787e+00 -2.3093916e+00 -1.6655413e+00 -9.1850983e-01 -6.1356019e-01 -5.5965882e-01 -3.9858335e-01 -2.8994984e-01 -2.2717273e-01 -1.8437380e-01 -1.6323760e-01 -1.6102396e-01 -1.7499493e-01 -2.0003383e-01 -2.3703193e-01 -2.8228825e-01 -3.3428974e-01 -3.9598890e-01 -4.6697629e-01 -5.4747093e-01
-1.7125000e+00 -1.8673872e+00 -2.1266956e+00 -1.8734543e+00 -1.0139141e+00 -6.7284332e-01 -5.9995088e-01 -4.2882069e-01 -3.1351790e-01 -2.4614873e-01 -2.0002184e-01 -1.7638798e-01 -1.7224433e-01 -1.8468752e-01 -2.0849600e-01 -2.4448785e-01 -2.8890878e-01 -3.4021025e-01 -4.0131635e-01 -4.7179637e-01 -5.5185339e-01
-1.7050000e+00 -1.8844852e+00 -1.9718159e+00 -2.1230065e+00 -1.1230911e+00 -7.3877148e-01 -6.4414722e-01 -4.6176974e-01 -3.3909435e-01 -2.6668625e-01 -2.1692555e-01 -1.9057399e-01 -1.8433570e-01 -1.9512405e-01 -2.1760176e-01 -2.5250665e-01 -2.9602607e-01 -3.4657272e-01 -4.0703977e-01 -4.7697339e-01 -5.5655936e-01
-1.6975000e+00 -1.9196584e+00 -1.8475759e+00 -2.3966863e+00 -1.2495200e+00 -8.1247386e-01 -6.9275885e-01 -4.9773687e-01 -3.6688451e-01 -2.8893415e-01 -2.3519871e-01 -2.0588599e-01 -1.9737186e-01 -2.0636605e-01 -2.2740341e-01 -2.6113335e-01 -3.0367935e-01 -3.5341169e-01 -4.1318983e-01 -4.8253478e-01 -5.6161352e-01
-1.6900000e+00 -1.9738555e+00 -1.7507481e+00 -2.5676697e+00 -1.3981358e+00 -8.9539089e-01 -7.4639726e-01 -5.3707726e-01 -3.9712172e-01 -3.1305944e-01 -2.5496784e-01 -2.2242376e-01 -2.1143390e-01 -2.1848095e-01 -2.3795799e-01 -2.7041700e-01 -3.1191128e-01 -3.6076464e-01 -4.1979976e-01 -4.8851023e-01 -5.6704259e-01
-1.6825000e+00 -2.0482659e+00 -1.6778747e+00 -2.4646483e+00 -1.5761391e+00 -9.8940387e-01 -8.0580379e-01 -5.8020617e-01 -4.3007279e-01 -3.3925034e-01 -2.7637408e-01 -2.4029782e-01 -2.2661115e-01 -2.3154271e-01 -2.4932794e-01 -2.8041109e-01 -3.2076827e-01 -3.6867231e-01 -4.2690564e-01 -4.9493195e-01 -5.7287549e-01
-1.6750000e+00 -2.1439776e+00 -1.6263840e+00 -2.2275528e+00 -1.7940562e+00 -1.0970394e+00 -8.7189085e-01 -6.2761388e-01 -4.6604483e-01 -3.6771998e-01 -2.9957549e-01 -2.5963098e-01 -2.4300228e-01 -2.4563264e-01 -2.6158161e-01 -2.9117404e-01 -3.3030092e-01 -3.7717900e-01 -4.3454662e-01 -5.0183482e-01 -5.7914356e-01
-1.6675000e+00 -2.2610347e+00 -1.5946495e+00 -2.0068974e+00 -2.0651478e+00 -1.2218045e+00 -9.4580127e-01 -6.7988559e-01 -5.0539399e-01 -3.9871105e-01 -3.2474984e-01 -2.8056011e-01 -2.6071656e-01 -2.6084034e-01 -2.7479405e-01 -3.0276977e-01 -3.4056443e-01 -3.8633295e-01 -4.4276529e-01 -5.0925674e-01 -5.8588074e-01
-1.6600000e+00 -2.3960034e+00 -1.5818719e+00 -1.8300625e+00 -2.3858959e+00 -1.3687610e+00 -1.0289963e+00 -7.3772882e-01 -5.4853690e-01 -4.3250161e-01 -3.5209794e-01 -3.0323832e-01 -2.7987533e-01 -2.7726475e-01 -2.8904216e-01 -3.1526836e-01 -3.5161916e-01 -3.9618677e-01 -4.5160798e-01 -5.1723889e-01 -5.9312391e-01
-1.6525000e+00 -2.5365589e+00 -1.5879782e+00 -1.6923957e+00 -2.6107741e+00 -1.5455445e+00 -1.1233903e+00 -8.0201157e-01 -5.9596565e-01 -4.6941243e-01 -3.8184789e-01 -3.2783763e-01 -3.0061379e-01 -2.9501547e-01 -3.0442813e-01 -3.2874674e-01 -3.6353116e-01 -4.0679792e-01 -4.6112521e-01 -5.2582605e-01 -6.0091309e-01
-1.6450000e+00 -2.6540399e+00 -1.6135779e+00 -1.5866633e+00 -2.4696594e+00 -1.7641763e+00 -1.2315649e+00 -8.7381714e-01 -6.4826800e-01 -5.0981653e-01 -4.1426024e-01 -3.5455211e-01 -3.2308654e-01 -3.1420715e-01 -3.2104686e-01 -3.4328957e-01 -3.7637289e-01 -4.1822925e-01 -4.7137207e-01 -5.3506701e-01 -6.0929182e-01
-1.6375000e+00 -2.7088087e+00 -1.6599765e+00 -1.5074354e+00 -2.1800255e+00 -2.0435809e+00 -1.3571252e+00 -9.5452500e-01 -7.0615510e-01 -5.5415151e-01 -4.4963461e-01 -3.8360186e-01 -3.4745656e-01 -3.3499664e-01 -3.3900969e-01 -3.5899022e-01 -3.9022397e-01 -4.3054959e-01 -4.8240881e-01 -5.4501499e-01 -6.1830751e-01
-1.6300000e+00 -2.6863857e+00 -1.7292332e+00 -1.4511412e+00 -1.9328435e+00 -2.4035400e+00 -1.5053206e+00 -1.0459340e+00 -7.7050020e-01 -6.0293605e-01 -4.8831811e-01 -4.1523790e-01 -3.7391872e-01 -3.5751446e-01 -3.5844038e-01 -3.7595195e-01 -4.0517208e-01 -4.4383454e-01 -4.9430137e-01 -5.5572812e-01 -6.2801184e-01
-1.6225000e+00 -2.6167964e+00 -1.8242122e+00 -1.4156361e+00 -1.7428733e+00 -2.7433735e+00 -1.6841843e+00 -1.1504577e+00 -8.4239447e-01 -6.5679209e-01 -5.3071625e-01 -4.4974840e-01 -4.0269004e-01 -3.8193803e-01 -3.7947692e-01 -3.9428923e-01 -4.2131401e-01 -4.5816721e-01 -5.0712206e-01 -5.6726997e-01 -6.3846122e-01
-1.6150000e+00 -2.5397190e+00 -1.9484251e+00 -1.3998636e+00 -1.5979258e+00 -2.6196300e+00 -1.9066963e+00 -1.2714476e+00 -9.2322949e-01 -7.1647561e-01 -5.7730736e-01 -4.8746646e-01 -4.3401789e-01 -4.0845955e-01 -4.0227372e-01 -4.1412940e-01 -4.3875691e-01 -4.7363926e-01 -5.2095037e-01 -5.7971023e-01 -6.4971735e-01
-1.6075000e+00 -2.4786405e+00 -2.1048937e+00 -1.4036623e+00 -1.4876903e+00 -2.2662172e+00 -2.1945041e+00 -1.4137572e+00 -1.0148236e+00 -7.8291994e-01 -6.2866186e-01 -5.2878039e-01 -4.6818604e-01 -4.3729689e-01 -4.2700431e-01 -4.3561459e-01 -4.5761971e-01 -4.9035199e-01 -5.3587379e-01 -5.9312543e-01 -6.6184779e-01
-1.6000000e+00 -2.4431078e+00 -2.2911984e+00 -1.4276953e+00 -1.4054202e+00 -1.9814430e+00 -2.5761629e+00 -1.5847872e+00 -1.1196230e+00 -8.5729876e-01 -6.8546869e-01 -5.7414698e-01 -5.0552228e-01 -4.6869847e-01 -4.5386460e-01 -4.5890403e-01 -4.7803485e-01 -5.0841766e-01 -5.5198895e-01 -6.0759974e-01 -6.7492668e-01
-1.5925000e+00 -2.4360391e+00 -2.4825430e+00 -1.4734895e+00 -1.3469337e+00 -1.7709104e+00 -2.9578584e+00 -1.7965410e+00 -1.2410379e+00 -9.4112037e-01 -7.4857223e-01 -6.2410936e-01 -5.4640839e-01 -5.0294928e-01 -4.8307688e-01 -4.8417684e-01 -5.0015035e-01 -5.2796105e-01 -5.6940278e-01 -6.2322601e-01 -6.8903554e-01
-1.5850000e+00 -2.4577651e+00 -2.6023990e+00 -1.5435854e+00 -1.3097884e+00 -1.6133495e+00 -2.8023745e+00 -2.0697692e+00 -1.3840352e+00 -1.0363740e+00 -8.1902515e-01 -6.7932121e-01 -5.9129303e-01 -5.4037868e-01 -5.1489483e-01 -5.1163554e-01 -5.2413229e-01 -5.4912136e-01 -5.8823396e-01 -6.4010690e-01 -7.0426418e-01
-1.5775000e+00 -2.5074713e+00 -2.5719949e+00 -1.6418067e+00 -1.2927888e+00 -1.4944758e+00 -2.4154054e+00 -2.4396734e+00 -1.5562577e+00 -1.1457668e+00 -8.9816665e-01 -7.4058049e-01 -6.4070909e-01 -5.8137035e-01 -5.4961547e-01 -5.4151187e-01 -5.5016912e-01 -5.7205441e-01 -6.0861467e-01 -6.5835621e-01 -7.2071185e-01
-1.5700000e+00 -2.5831126e+00 -2.4413664e+00 -1.7736009e+00 -1.2957316e+00 -1.4057291e+00 -2.1197139e+00 -2.9018379e+00 -1.7703024e+00 -1.2731278e+00 -9.8774169e-01 -8.0887741e-01 -6.9529713e-01 -6.2637543e-01 -5.8756464e-01 -5.7406403e-01 -5.7847024e-01 -5.9693540e-01 -6.3069263e-01 -6.7810052e-01 -7.3848844e-01
-1.5625000e+00 -2.6798686e+00 -2.3032185e+00 -1.9460073e+00 -1.3193191e+00 -1.3420148e+00 -1.9050815e+00 -2.9134325e+00 -2.0486757e+00 -1.4241399e+00 -1.0900908e+00 -8.8546479e-01 -7.5583791e-01 -6.7592992e-01 -6.2914130e-01 -6.0959961e-01 -6.0927831e-01 -6.2396217e-01 -6.5463356e-01 -6.9948108e-01 -7.5771607e-01
-1.5550000e+00 -2.7865001e+00 -2.1979130e+00 -2.1646174e+00 -1.3652132e+00 -1.3003868e+00 -1.7456558e+00 -2.4823315e+00 -2.4332763e+00 -1.6077714e+00 -1.2084662e+00 -9.7196454e-01 -8.2329873e-01 -7.3067850e-01 -6.7480863e-01 -6.4846801e-01 -6.4286993e-01 -6.5335935e-01 -6.8062422e-01 -7.2265609e-01 -7.7853083e-01
-1.5475000e+00 -2.8803989e+00 -2.1347202e+00 -2.4140452e+00 -1.4362424e+00 -1.2793500e+00 -1.6258068e+00 -2.1459368e+00 -2.9453249e+00 -1.8393318e+00 -1.3475908e+00 -1.0705353e+00 -8.9890097e-01 -7.9140745e-01 -7.2511801e-01 -6.9107974e-01 -6.7956423e-01 -6.8538341e-01 -7.0887610e-01 -7.4780353e-01 -8.0108498e-01
-1.5400000e+00 -2.9303137e+00 -2.1144133e+00 -2.5884488e+00 -1.5368138e+00 -1.2785120e+00 -1.5364990e+00 -1.9076255e+00 -2.9533864e+00 -2.1475596e+00 -1.5147181e+00 -1.1841485e+00 -9.8422223e-01 -8.5909157e-01 -7.8073401e-01 -7.3791958e-01 -7.1973237e-01 -7.2032916e-01 -7.3963003e-01 -7.7512455e-01 -8.2554954e-01
-1.5325000e+00 -2.9201296e+00 -2.1366065e+00 -2.5266628e+00 -1.6736021e+00 -1.2984546e+00 -1.4724444e+00 -1.7331097e+00 -2.4728591e+00 -2.5884761e+00 -1.7218287e+00 -1.3170697e+00 -1.0813565e+00 -9.3496290e-01 -8.4246924e-01 -7.8956650e-01 -7.6380860e-01 -7.5853683e-01 -7.7316195e-01 -8.0484766e-01 -8.5211748e-01
-1.5250000e+00 -2.8698424e+00 -2.2011163e+00 -2.3274374e+00 -1.8564215e+00 -1.3407740e+00 -1.4306127e+00 -1.6025938e+00 -2.1225403e+00 -3.1239383e+00 -1.9906873e+00 -1.4757573e+00 -1.1931770e+00 -1.0206146e+00 -9.1133413e-01 -8.4672092e-01 -8.1231194e-01 -8.0040718e-01 -8.0979022e-01 -8.3723405e-01 -8.8100763e-01
-1.5175000e+00 -2.8172348e+00 -2.3065911e+00 -2.1426802e+00 -2.0974859e+00 -1.4083028e+00 -1.4094733e+00 -1.5050584e+00 -1.8794223e+00 -2.8414913e+00 -2.3654495e+00 -1.6706918e+00 -1.3237925e+00 -1.1181640e+00 -9.8861025e-01 -9.1024299e-01 -8.6586063e-01 -8.4640996e-01 -8.4989047e-01 -8.7258419e-01 -9.1246961e-01
-1.5100000e+00 -2.7926394e+00 -2.4452298e+00 -2.0110898e+00 -2.3942038e+00 -1.5055911e+00 -1.4086275e+00 -1.4341755e+00 -1.7027534e+00 -2.3609789e+00 -2.9235276e+00 -1.9205319e+00 -1.4793951e+00 -1.2305222e+00 -1.0759618e+00 -9.8120778e-01 -9.2520808e-01 -8.9710293e-01 -8.9388631e-01 -9.1124636e-01 -9.4678990e-01
-1.5025000e+00 -2.8144447e+00 -2.5900094e+00 -1.9336818e+00 -2.6227558e+00 -1.6398214e+00 -1.4286726e+00 -1.3863076e+00 -1.5710843e+00 -2.0403848e+00 -3.1484786e+00 -2.2627890e+00 -1.6699798e+00 -1.3618616e+00 -1.1756124e+00 -1.0609871e+00 -9.9128530e-01 -9.5316291e-01 -9.4229815e-01 -9.5362775e-01 -9.8429975e-01
-1.4950000e+00 -2.8916276e+00 -2.6835675e+00 -1.9072303e+00 -2.5230416e+00 -1.8224554e+00 -1.4712481e+00 -1.3595276e+00 -1.4728490e+00 -1.8170376e+00 -2.5818760e+00 -2.7790711e+00 -1.9132437e+00 -1.5184920e+00 -1.2906387e+00 -1.1513756e+00 -1.0652643e+00 -1.0154174e+00 -9.9574375e-01 -1.0002128e+00 -1.0253852e+00
-1.4875000e+00 -3.0179308e+00 -2.6803654e+00 -1.9305943e+00 -2.2635359e+00 -2.0714880e+00 -1.5392740e+00 -1.3531258e+00 -1.4015026e+00 -1.6537998e+00 -2.1819664e+00 -3.3065621e+00 -2.2447448e+00 -1.7106498e+00 -1.4254877e+00 -1.2547925e+00 -1.1486538e+00 -1.0848973e+00 -1.0549689e+00 -1.0515678e+00 -1.0705006e+00
-1.4800000e+00 -3.1464557e+00 -2.6130555e+00 -2.0053796e+00 -2.0471757e+00 -2.4061766e+00 -1.6374770e+00 -1.3674906e+00 -1.3533113e+00 -1.5320247e+00 -1.9153480e+00 -2.7598288e+00 -2.7461085e+00 -1.9566107e+00 -1.5869590e+00 -1.3746232e+00 -1.2434480e+00 -1.1629132e+00 -1.1209126e+00 -1.1083903e+00 -1.1201861e+00
-1.4725000e+00 -3.1827805e+00 -2.5443537e+00 -2.1348424e+00 -1.9002107e+00 -2.7434427e+00 -1.7734204e+00 -1.4039519e+00 -1.3263043e+00 -1.4416567e+00 -1.7251567e+00 -2.2932086e+00 -3.3858288e+00 -2.2936819e+00 -1.7862542e+00 -1.5158318e+00 -1.3523706e+00 -1.2511713e+00 -1.1947377e+00 -1.1715318e+00 -1.1750983e+00
-1.4650000e+00 -3.1139600e+00 -2.5085863e+00 -2.3180384e+00 -1.8150875e+00 -2.6637773e+00 -1.9594878e+00 -1.4651316e+00 -1.3197712e+00 -1.3770058e+00 -1.5844940e+00 -1.9934229e+00 -2.8694761e+00 -2.8110240e+00 -2.0438281e+00 -1.6861547e+00 -1.4792948e+00 -1.3519596e+00 -1.2779478e+00 -1.2420525e+00 -1.2360183e+00
-1.4575000e+00 -3.0414262e+00 -2.5158285e+00 -2.5246629e+00 -1.7854135e+00 -2.3339739e+00 -2.2162870e+00 -1.5553306e+00 -1.3340565e+00 -1.3348719e+00 -1.4796024e+00 -1.7840436e+00 -2.3634022e+00 -3.4823930e+00 -2.4029581e+00 -1.8986779e+00 -1.6300205e+00 -1.4684577e+00 -1.3725304e+00 -1.3213163e+00 -1.3039383e+00
-1.4500000e+00 -3.0352330e+00 -2.5651576e+00 -2.6421123e+00 -1.8094512e+00 -2.0740837e+00 -2.5715293e+00 -1.6814881e+00 -1.3705602e+00 -1.3136606e+00 -1.4028971e+00 -1.6306071e+00 -2.0465154e+00 -2.9004164e+00 -2.9724379e+00 -2.1782435e+00 -1.8138442e+00 -1.6052889e+00 -1.4811995e+00 -1.4110927e+00 -1.3801061e+00
-1.4425000e+00 -3.1104073e+00 -2.6489713e+00 -2.5732764e+00 -1.8900316e+00 -1.9023274e+00 -2.9527402e+00 -1.8550828e+00 -1.4319415e+00 -1.3129701e+00 -1.3500805e+00 -1.5162638e+00 -1.8279486e+00 -2.3905957e+00 -3.5651982e+00 -2.5806742e+00 -2.0471241e+00 -1.7695809e+00 -1.6078148e+00 -1.5137702e+00 -1.4661324e+00
-1.4350000e+00 -3.2368248e+00 -2.7504073e+00 -2.4278065e+00 -2.0341971e+00 -1.8011463e+00 -2.8498032e+00 -2.0959648e+00 -1.5226115e+00 -1.3334464e+00 -1.3188358e+00 -1.4319536e+00 -1.6686641e+00 -2.0748077e+00 -2.8541983e+00 -3.2527784e+00 -2.3628049e+00 -1.9732205e+00 -1.7581575e+00 -1.6326885e+00 -1.5641856e+00
-1.4275000e+00 -3.3252857e+00 -2.8377396e+00 -2.3179211e+00 -2.2494061e+00 -1.7598996e+00 -2.4822589e+00 -2.4377687e+00 -1.6497495e+00 -1.3768415e+00 -1.3082113e+00 -1.3725727e+00 -1.5501256e+00 -1.8573440e+00 -2.3771584e+00 -3.4899546e+00 -2.8419746e+00 -2.2383565e+00 -1.9414998e+00 -1.7727417e+00 -1.6772334e+00
-1.4200000e+00 -3.3095022e+00 -2.8717616e+00 -2.2754549e+00 -2.5136740e+00 -1.7752713e+00 -2.2090105e+00 -2.8847837e+00 -1.8254195e+00 -1.4462958e+00 -1.3183542e+00 -1.3353045e+00 -1.4625187e+00 -1.6989365e+00 -2.0788107e+00 -2.7575916e+00 -3.6621435e+00 -2.6137099e+00 -2.1741878e+00 -1.9415543e+00 -1.8095621e+00
-1.4125000e+00 -3.2571706e+00 -2.8436730e+00 -2.3043281e+00 -2.6621950e+00 -1.8501628e+00 -2.0319918e+00 -2.9508578e+00 -2.0711733e+00 -1.5469727e+00 -1.3504771e+00 -1.3188403e+00 -1.4003469e+00 -1.5811074e+00 -1.8715151e+00 -2.3381694e+00 -3.2530135e+00 -3.2350041e+00 -2.4893132e+00 -2.1520339e+00 -1.9677044e+00
-1.4050000e+00 -3.2485550e+00 -2.7934246e+00 -2.4004902e+00 -2.5278308e+00 -1.9940754e+00 -1.9283620e+00 -2.5414279e+00 -2.4269621e+00 -1.6873748e+00 -1.4070249e+00 -1.3230293e+00 -1.3605603e+00 -1.4941030e+00 -1.7198917e+00 -2.0681553e+00 -2.6405873e+00 -3.8293118e+00 -2.9699596e+00 -2.4287936e+00 -2.1623919e+00
-1.3975000e+00 -3.3078523e+00 -2.7724389e+00 -2.5452156e+00 -2.3211463e+00 -2.2236918e+00 -1.8859778e+00 -2.2225702e+00 -2.9217109e+00 -1.8821926e+00 -1.4921294e+00 -1.3487818e+00 -1.3416921e+00 -1.4324717e+00 -1.6070850e+00 -1.8774988e+00 -2.2861713e+00 -2.9958934e+00 -3.8400061e+00 -2.8282125e+00 -2.4132152e+00
-1.3900000e+00 -3.4150494e+00 -2.8151498e+00 -2.6792979e+00 -2.1836490e+00 -2.5462845e+00 -1.9011633e+00 -2.0169893e+00 -2.9942127e+00 -2.1588900e+00 -1.6125669e+00 -1.3981799e+00 -1.3434659e+00 -1.3931973e+00 -1.5241214e+00 -1.7371145e+00 -2.0490987e+00 -2.5239357e+00 -3.4251731e+00 -3.5201620e+00 -2.7621137e+00
-1.3825000e+00 -3.4826656e+00 -2.9298830e+00 -2.7140463e+00 -2.1347201e+00 -2.7978056e+00 -1.9770707e+00 -1.8931036e+00 -2.5301263e+00 -2.5709141e+00 -1.7798029e+00 -1.4748452e+00 -1.3666728e+00 -1.3748411e+00 -1.4659777e+00 -1.6327269e+00 -1.8785705e+00 -2.2310140e+00 -2.7857473e+00 -3.9229734e+00 -3.3253188e+00
-1.3750000e+00 -3.4396496e+00 -3.0632961e+00 -2.6552497e+00 -2.1738619e+00 -2.6245381e+00 -2.1243489e+00 -1.8341461e+00 -2.1951713e+00 -3.1063076e+00 -2.0147034e+00 -1.5847360e+00 -1.4132594e+00 -1.3771545e+00 -1.4299057e+00 -1.5566100e+00 -1.7522058e+00 -2.0274433e+00 -2.4247731e+00 -3.0726723e+00 -4.2568406e+00
-1.3675000e+00 -3.3968975e+00 -3.0798584e+00 -2.5926153e+00 -2.3007986e+00 -2.3438223e+00 -2.3634026e+00 -1.8339906e+00 -1.9840437e+00 -2.8935234e+00 -2.3592298e+00 -1.7378456e+00 -1.4866653e+00 -1.4009607e+00 -1.4146602e+00 -1.5044348e+00 -1.6585818e+00 -1.8785146e+00 -2.1849249e+00 -2.6283373e+00 -3.3854610e+00
-1.3600000e+00 -3.4663725e+00 -2.9869869e+00 -2.5781721e+00 -2.5018419e+00 -2.1645697e+00 -2.7135278e+00 -1.8941490e+00 -1.8577168e+00 -2.4192259e+00 -2.8899257e+00 -1.9520796e+00 -1.5925699e+00 -1.4482501e+00 -1.4201519e+00 -1.4738935e+00 -1.5914033e+00 -1.7678061e+00 -2.0128499e+00 -2.3489104e+00 -2.8396450e+00
-1.3525000e+00 -3.5973325e+00 -2.9425035e+00 -2.6204291e+00 -2.6838475e+00 -2.0930891e+00 -3.0082786e+00 -2.0239344e+00 -1.7976061e+00 -2.1175466e+00 -3.1839584e+00 -2.2631504e+00 -1.7404844e+00 -1.5225298e+00 -1.4473907e+00 -1.4640652e+00 -1.5471645e+00 -1.6865924e+00 -1.8854687e+00 -2.1532999e+00 -2.5177223e+00
-1.3450000e+00 -3.5905732e+00 -3.0194961e+00 -2.7057345e+00 -2.6687717e+00 -2.1228573e+00 -2.7962280e+00 -2.2436782e+00 -1.7971182e+00 -1.9309533e+00 -2.6364702e+00 -2.7486050e+00 -1.9473932e+00 -1.6295974e+00 -1.4985599e+00 -1.4751502e+00 -1.5241011e+00 -1.6300035e+00 -1.7910956e+00 -2.0097725e+00 -2.2986108e+00
-1.3375000e+00 -3.5314345e+00 -3.1784337e+00 -2.8020004e+00 -2.5274448e+00 -2.2579358e+00 -2.4824541e+00 -2.5865879e+00 -1.8578526e+00 -1.8236916e+00 -2.2458796e+00 -3.3101268e+00 -2.2471692e+00 -1.7792000e+00 -1.5774752e+00 -1.5084421e+00 -1.5217114e+00 -1.5953960e+00 -1.7233145e+00 -1.9031257e+00 -2.1397070e+00
-1.3300000e+00 -3.5899423e+00 -3.2274403e+00 -2.8601577e+00 -2.4324904e+00 -2.5047747e+00 -2.2904302e+00 -2.9934308e+00 -1.9898466e+00 -1.7804809e+00 -2.0069838e+00 -2.8150489e+00 -2.7168208e+00 -1.9888731e+00 -1.6904358e+00 -1.5665214e+00 -1.5405840e+00 -1.5816080e+00 -1.6785556e+00 -1.8252265e+00 -2.0217743e+00
-1.3225000e+00 -3.6953404e+00 -3.1361973e+00 -2.8488231e+00 -2.4348489e+00 -2.7849047e+00 -2.2137292e+00 -2.8797731e+00 -2.2159200e+00 -1.7970934e+00 -1.8631105e+00 -2.3512045e+00 -3.3706996e+00 -2.2941173e+00 -1.8481352e+00 -1.6537606e+00 -1.5824412e+00 -1.5886350e+00 -1.6550159e+00 -1.7715357e+00 -1.9348307e+00
-1.3150000e+00 -3.6936381e+00 -3.1143113e+00 -2.8029064e+00 -2.5315971e+00 -2.7635118e+00 -2.2424958e+00 -2.5074849e+00 -2.5791031e+00 -1.8775335e+00 -1.7896122e+00 -2.0735529e+00 -2.9262010e+00 -2.7787517e+00 -2.0701869e+00 -1.7774092e+00 -1.6504426e+00 -1.6175596e+00 -1.6521672e+00 -1.7396224e+00 -1.8733469e+00
-1.3075000e+00 -3.6611332e+00 -3.2146682e+00 -2.7931124e+00 -2.6793017e+00 -2.5282481e+00 -2.3822437e+00 -2.2697138e+00 -3.0462488e+00 -2.0355602e+00 -1.7773046e+00 -1.9049810e+00 -2.4190439e+00 -3.4693001e+00 -2.3976498e+00 -1.9499975e+00 -1.7498455e+00 -1.6707024e+00 -1.6705762e+00 -1.7284825e+00 -1.8342826e+00
-1.3000000e+00 -3.7310367e+00 -3.3189090e+00 -2.8674607e+00 -2.7672280e+00 -2.3804878e+00 -2.6482678e+00 -2.1605956e+00 -2.8998751e+00 -2.3017380e+00 -1.8263062e+00 -1.8124547e+00 -2.1217223e+00 -2.9578196e+00 -2.9325253e+00 -2.1952999e+00 -1.8894594e+00 -1.7520602e+00 -1.7119556e+00 -1.7382518e+00 -1.8161997e+00
-1.2925000e+00 -3.8205225e+00 -3.3010395e+00 -3.0054244e+00 -2.7337348e+00 -2.3703360e+00 -2.9779007e+00 -2.1623629e+00 -2.4833928e+00 -2.7338388e+00 -1.9455197e+00 -1.7830114e+00 -1.9416798e+00 -2.4456587e+00 -3.5828566e+00 -2.5659913e+00 -2.0849737e+00 -1.8682608e+00 -1.7794244e+00 -1.7701638e+00 -1.8188667e+00
-1.2850000e+00 -3.7611806e+00 -3.2671540e+00 -3.0506031e+00 -2.6772399e+00 -2.4976610e+00 -2.9518207e+00 -2.2771401e+00 -2.2327566e+00 -3.1709566e+00 -2.1571383e+00 -1.8143373e+00 -1.8408249e+00 -2.1496507e+00 -2.9101362e+00 -3.2003956e+00 -2.3677830e+00 -2.0306624e+00 -1.8782342e+00 -1.8267373e+00 -1.8431411e+00
-1.2775000e+00 -3.8079535e+00 -3.3122541e+00 -2.9554913e+00 -2.6764110e+00 -2.7311029e+00 -2.6692567e+00 -2.5258413e+00 -2.1193637e+00 -2.7823982e+00 -2.5101580e+00 -1.9128161e+00 -1.8042236e+00 -1.9711185e+00 -2.4331565e+00 -3.5499651e+00 -2.8137727e+00 -2.2604806e+00 -2.0171619e+00 -1.9122495e+00 -1.8910812e+00
-1.2700000e+00 -3.9051639e+00 -3.4131271e+00 -2.9275510e+00 -2.7351443e+00 -2.8651855e+00 -2.4993913e+00 -2.9063954e+00 -2.1206273e+00 -2.3883752e+00 -3.0649711e+00 -2.0966430e+00 -1.8284730e+00 -1.8716885e+00 -2.1573942e+00 -2.8107802e+00 -3.6057019e+00 -2.6037851e+00 -2.2118807e+00 -2.0338411e+00 -1.9662853e+00
-1.2625000e+00 -3.8535448e+00 -3.4322944e+00 -3.0589245e+00 -2.8200687e+00 -2.7301475e+00 -2.4817747e+00 -3.0174692e+00 -2.2391188e+00 -2.1751539e+00 -3.0699189e+00 -2.4076083e+00 -1.9190096e+00 -1.8365464e+00 -1.9918817e+00 -2.3974837e+00 -3.3180940e+00 -3.1865019e+00 -2.4939130e+00 -2.2038580e+00 -2.0747866e+00
-1.2550000e+00 -3.9114762e+00 -3.3775662e+00 -3.1974374e+00 -2.8847506e+00 -2.6009343e+00 -2.6156271e+00 -2.6885302e+00 -2.5020730e+00 -2.0940372e+00 -2.5560952e+00 -2.9330179e+00 -2.0927294e+00 -1.8624864e+00 -1.9025415e+00 -2.1550711e+00 -2.6926514e+00 -3.8721954e+00 -2.9408467e+00 -2.4458453e+00 -2.2268003e+00
-1.2475000e+00 -3.9781400e+00 -3.4543417e+00 -3.1029476e+00 -2.8910666e+00 -2.6127482e+00 -2.8855942e+00 -2.4609506e+00 -2.9318109e+00 -2.1281853e+00 -2.2549581e+00 -3.2703062e+00 -2.3892841e+00 -1.9552790e+00 -1.8765767e+00 -2.0113156e+00 -2.3525516e+00 -3.0513095e+00 -3.7729654e+00 -2.8129114e+00 -2.4411018e+00
-1.2400000e+00 -3.9387640e+00 -3.5588376e+00 -3.0528862e+00 -2.8555575e+00 -2.7567615e+00 -3.0660711e+00 -2.4024110e+00 -3.0592591e+00 -2.2881787e+00 -2.1118969e+00 -2.6998981e+00 -2.9012479e+00 -2.1325751e+00 -1.9121553e+00 -1.9391975e+00 -2.1499166e+00 -2.5792227e+00 -3.4937934e+00 -3.4616810e+00 -2.7574481e+00
-1.2325000e+00 -4.0327197e+00 -3.4758478e+00 -3.1917980e+00 -2.8597121e+00 -2.9031018e+00 -2.8867880e+00 -2.5073827e+00 -2.6652011e+00 -2.6152199e+00 -2.0905266e+00 -2.3308717e+00 -3.3874841e+00 -2.4363671e+00 -2.0166154e+00 -1.9292258e+00 -2.0335792e+00 -2.3099416e+00 -2.8371493e+00 -3.9954800e+00 -3.2833724e+00
-1.2250000e+00 -4.0260889e+00 -3.5364264e+00 -3.2807807e+00 -2.9619760e+00 -2.8702689e+00 -2.7162682e+00 -2.7820340e+00 -2.4168482e+00 -3.1051912e+00 -2.1884714e+00 -2.1460160e+00 -2.7911131e+00 -2.9699156e+00 -2.2104946e+00 -1.9819434e+00 -1.9842135e+00 -2.1494513e+00 -2.4896187e+00 -3.1262003e+00 -4.2352734e+00
-1.2175000e+00 -4.0589482e+00 -3.6356648e+00 -3.1885768e+00 -3.0699875e+00 -2.7952270e+00 -2.7149300e+00 -3.0749774e+00 -2.3539661e+00 -2.9808430e+00 -2.4339874e+00 -2.0910815e+00 -2.3846737e+00 -3.4671472e+00 -2.5434302e+00 -2.1076049e+00 -1.9962802e+00 -2.0644313e+00 -2.2836949e+00 -2.6847409e+00 -3.4464559e+00
-1.2100000e+00 -4.1123187e+00 -3.5708082e+00 -3.2213293e+00 -3.0032120e+00 -2.8228610e+00 -2.8813105e+00 -2.9080420e+00 -2.4655250e+00 -2.5645916e+00 -2.8925142e+00 -2.1546653e+00 -2.1800118e+00 -2.8183764e+00 -3.1417822e+00 -2.3324773e+00 -2.0736063e+00 -2.0427289e+00 -2.1653402e+00 -2.4313839e+00 -2.8917290e+00
-1.2025000e+00 -4.1017867e+00 -3.6443034e+00 -3.3385951e+00 -2.9543888e+00 -2.9211106e+00 -3.0895740e+00 -2.6699550e+00 -2.7710837e+00 -2.3633248e+00 -3.2282941e+00 -2.3568415e+00 -2.1106654e+00 -2.4107707e+00 -3.4718834e+00 -2.7222251e+00 -2.2311457e+00 -2.0831476e+00 -2.1144545e+00 -2.2813550e+00 -2.5889007e+00
-1.1950000e+00 -4.1859591e+00 -3.6973275e+00 -3.3274302e+00 -3.0941469e+00 -2.9732663e+00 -3.0417303e+00 -2.6239014e+00 -3.1288309e+00 -2.3495441e+00 -2.7464989e+00 -2.7626485e+00 -2.1606423e+00 -2.2082667e+00 -2.7835532e+00 -3.4373806e+00 -2.5055973e+00 -2.1939982e+00 -2.1251983e+00 -2.2046890e+00 -2.4087647e+00
-1.1875000e+00 -4.1531296e+00 -3.6679024e+00 -3.3124274e+00 -3.2003222e+00 -2.9704832e+00 -2.9072771e+00 -2.7803160e+00 -2.9000079e+00 -2.5219715e+00 -2.4274205e+00 -3.3153402e+00 -2.3469740e+00 -2.1415862e+00 -2.4100048e+00 -3.3403627e+00 -2.9949811e+00 -2.3980274e+00 -2.2012498e+00 -2.1908252e+00 -2.3091966e+00
-1.1800000e+00 -4.2475751e+00 -3.7522731e+00 -3.3906370e+00 -3.0681278e+00 -2.9806721e+00 -2.9175586e+00 -3.0583609e+00 -2.6204320e+00 -2.9138908e+00 -2.3237939e+00 -2.9093504e+00 -2.7338391e+00 -2.1951227e+00 -2.2294567e+00 -2.7116876e+00 -3.7840319e+00 -2.7521953e+00 -2.3575024e+00 -2.2397566e+00 -2.2746649e+00
-1.1725000e+00 -4.2220265e+00 -3.7584357e+00 -3.4432507e+00 -3.1117195e+00 -3.0043712e+00 -3.0638654e+00 -3.0462387e+00 -2.5684638e+00 -3.1814965e+00 -2.4060605e+00 -2.5004353e+00 -3.3582491e+00 -2.3875375e+00 -2.1808675e+00 -2.3969033e+00 -3.1284707e+00 -3.4217938e+00 -2.6308982e+00 -2.3613361e+00 -2.3019761e+00
-1.1650000e+00 -4.2929625e+00 -3.7750874e+00 -3.3936152e+00 -3.2947117e+00 -3.0586533e+00 -3.1628248e+00 -2.8472070e+00 -2.7466404e+00 -2.7942828e+00 -2.7029585e+00 -2.3377138e+00 -3.0147077e+00 -2.7894652e+00 -2.2538377e+00 -2.2534824e+00 -2.6295569e+00 -3.6726548e+00 -3.1230682e+00 -2.5815356e+00 -2.3974229e+00
-1.1575000e+00 -4.2913380e+00 -3.8465019e+00 -3.4952671e+00 -3.1914951e+00 -3.1265730e+00 -3.1004160e+00 -2.8254893e+00 -3.0936108e+00 -2.5594035e+00 -3.2024975e+00 -2.3677196e+00 -2.5542096e+00 -3.4551366e+00 -2.4736446e+00 -2.2364261e+00 -2.3844607e+00 -2.9235301e+00 -3.9943584e+00 -2.9674217e+00 -2.5803186e+00
-1.1500000e+00 -4.3364647e+00 -3.8229522e+00 -3.5129666e+00 -3.1988469e+00 -3.0989119e+00 -3.0679119e+00 -3.0006131e+00 -3.0534382e+00 -2.5745654e+00 -3.0143625e+00 -2.6050383e+00 -2.3636007e+00 -3.0459377e+00 -2.9283696e+00 -2.3445113e+00 -2.2884165e+00 -2.5580307e+00 -3.2880909e+00 -3.7286887e+00 -2.8990670e+00
-1.1425000e+00 -4.3843808e+00 -3.9071127e+00 -3.4862722e+00 -3.3561130e+00 -3.1010570e+00 -3.1427029e+00 -3.1477626e+00 -2.7910971e+00 -2.8419816e+00 -2.6305127e+00 -3.1132307e+00 -2.3720945e+00 -2.5787008e+00 -3.5929586e+00 -2.6160453e+00 -2.3148475e+00 -2.3856999e+00 -2.7687471e+00 -3.7289982e+00 -3.4998628e+00
-1.1350000e+00 -4.3726459e+00 -3.8875013e+00 -3.6215175e+00 -3.2808713e+00 -3.2340160e+00 -3.2427983e+00 -3.0374222e+00 -2.7649650e+00 -3.2120034e+00 -2.5226725e+00 -3.2019297e+00 -2.5873083e+00 -2.3910243e+00 -3.0002372e+00 -3.1739785e+00 -2.4753507e+00 -2.3453252e+00 -2.5173061e+00 -3.0109137e+00 -4.1837508e+00
-1.1275000e+00 -4.4423020e+00 -3.9649723e+00 -3.5373960e+00 -3.3202030e+00 -3.2113497e+00 -3.2391845e+00 -2.9868729e+00 -2.9909265e+00 -2.9651538e+00 -2.6746311e+00 -2.7178002e+00 -3.0906178e+00 -2.4046421e+00 -2.5747192e+00 -3.6132647e+00 -2.8320659e+00 -2.4286528e+00 -2.4178125e+00 -2.6736011e+00 -3.2802923e+00
-1.1200000e+00 -4.4567566e+00 -3.9429514e+00 -3.6640447e+00 -3.4080970e+00 -3.1733819e+00 -3.1953272e+00 -3.0994753e+00 -3.1856585e+00 -2.7275986e+00 -3.0993437e+00 -2.5272021e+00 -3.3240004e+00 -2.6299617e+00 -2.4183393e+00 -2.9063188e+00 -3.5588093e+00 -2.6660749e+00 -2.4417176e+00 -2.5191906e+00 -2.8476752e+00
-1.1125000e+00 -4.4613999e+00 -4.0293982e+00 -3.6222631e+00 -3.3761415e+00 -3.3382236e+00 -3.2682317e+00 -3.1934985e+00 -2.9890732e+00 -2.7856038e+00 -3.1808702e+00 -2.6075317e+00 -2.7810074e+00 -3.1641414e+00 -2.4619410e+00 -2.5604141e+00 -3.4026330e+00 -3.1676708e+00 -2.6001769e+00 -2.4943206e+00 -2.6410529e+00
-1.1050000e+00 -4.5221239e+00 -4.0160278e+00 -3.6927249e+00 -3.4248306e+00 -3.2783798e+00 -3.3849873e+00 -3.1535574e+00 -2.9170532e+00 -3.1106705e+00 -2.7944483e+00 -2.9856468e+00 -2.5496777e+00 -3.3806640e+00 -2.7299308e+00 -2.4581458e+00 -2.8025059e+00 -3.9027462e+00 -2.9566970e+00 -2.5954226e+00 -2.5747664e+00
-1.0975000e+00 -4.5602965e+00 -4.0516575e+00 -3.7079666e+00 -3.4887792e+00 -3.2882753e+00 -3.3009413e+00 -3.1529827e+00 -3.0930739e+00 -3.1781895e+00 -2.7022360e+00 -3.3342723e+00 -2.6005522e+00 -2.8040124e+00 -3.3426260e+00 -2.5557942e+00 -2.5541405e+00 -3.1388068e+00 -3.7162074e+00 -2.8604834e+00 -2.6318743e+00
-1.0900000e+00 -4.5636724e+00 -4.1120856e+00 -3.7317815e+00 -3.4481588e+00 -3.4264976e+00 -3.3245079e+00 -3.2186814e+00 -3.2156646e+00 -2.9110045e+00 -2.9344934e+00 -2.8878441e+00 -2.9581284e+00 -2.5750245e+00 -3.3451491e+00 -2.9052389e+00 -2.5235192e+00 -2.7195307e+00 -3.5800064e+00 -3.4277665e+00 -2.8345147e+00
-1.0825000e+00 -4.5856066e+00 -4.1002830e+00 -3.7780379e+00 -3.5697078e+00 -3.3278784e+00 -3.4985011e+00 -3.2818666e+00 -3.0839396e+00 -2.9202314e+00 -3.2975878e+00 -2.6918342e+00 -3.4296207e+00 -2.6343489e+00 -2.7872978e+00 -3.6224660e+00 -2.7016387e+00 -2.5752940e+00 -2.9422281e+00 -4.0647999e+00 -3.2748651e+00
-1.0750000e+00 -4.6326446e+00 -4.1699465e+00 -3.7999796e+00 -3.5032674e+00 -3.4567464e+00 -3.3729822e+00 -3.2759754e+00 -3.1000837e+00 -3.1946915e+00 -3.0159097e+00 -2.8421513e+00 -2.9570332e+00 -3.0150063e+00 -2.6019388e+00 -3.2172060e+00 -3.1888635e+00 -2.6345399e+00 -2.6844950e+00 -3.2141693e+00 -4.1955172e+00
-1.0675000e+00 -4.6807433e+00 -4.1820523e+00 -3.8092237e+00 -3.6302272e+00 -3.4281705e+00 -3.4445018e+00 -3.2652722e+00 -3.2443466e+00 -3.1952645e+00 -2.8510236e+00 -3.2971030e+00 -2.7081181e+00 -3.5131533e+00 -2.7065212e+00 -2.7552182e+00 -3.7749678e+00 -2.9325795e+00 -2.6491708e+00 -2.8335383e+00 -3.5304908e+00
-1.0600000e+00 -4.7143237e+00 -4.1816159e+00 -3.8980059e+00 -3.5622009e+00 -3.4780138e+00 -3.5689181e+00 -3.3861959e+00 -3.2343167e+00 -3.0243161e+00 -3.0511033e+00 -3.1432556e+00 -2.8238133e+00 -2.9798615e+00 -3.1615097e+00 -2.6473206e+00 -3.0571455e+00 -3.6463870e+00 -2.8245316e+00 -2.7157246e+00 -3.0108483e+00
-1.0525000e+00 -4.7372795e+00 -4.2446826e+00 -3.8555343e+00 -3.6925245e+00 -3.5075405e+00 -3.4316699e+00 -3.3745546e+00 -3.2086115e+00 -3.1391404e+00 -3.3193954e+00 -2.8531007e+00 -3.3052761e+00 -2.7314492e+00 -3.5481752e+00 -2.8352478e+00 -2.7353888e+00 -3.5050093e+00 -3.3175711e+00 -2.8024610e+00 -2.8171471e+00
-1.0450000e+00 -4.7630306e+00 -4.2877985e+00 -3.9350930e+00 -3.6241669e+00 -3.5340838e+00 -3.6383890e+00 -3.3390258e+00 -3.2802500e+00 -3.2992907e+00 -3.0611625e+00 -2.9640915e+00 -3.2368197e+00 -2.8612452e+00 -2.9545277e+00 -3.4245405e+00 -2.7315885e+00 -2.9257335e+00 -3.9961562e+00 -3.1461371e+00 -2.8348341e+00
-1.0375000e+00 -4.7929461e+00 -4.2899742e+00 -3.9482150e+00 -3.7382873e+00 -3.5621872e+00 -3.5295006e+00 -3.5239288e+00 -3.3364635e+00 -3.1769133e+00 -3.0272265e+00 -3.3628254e+00 -2.8755414e+00 -3.3876965e+00 -2.7608212e+00 -3.4491691e+00 -3.0500796e+00 -2.7563405e+00 -3.2029279e+00 -3.9700240e+00 -3.0794405e+00
-1.0300000e+00 -4.8193711e+00 -4.3080748e+00 -3.9687895e+00 -3.7058277e+00 -3.6009423e+00 -3.6288965e+00 -3.3970353e+00 -3.3204992e+00 -3.2102651e+00 -3.2994443e+00 -3.1457091e+00 -2.9452499e+00 -3.2717644e+00 -2.9552922e+00 -2.9100326e+00 -3.7759375e+00 -2.8872892e+00 -2.8643666e+00 -3.5605315e+00 -3.7224428e+00
-1.0225000e+00 -4.8549927e+00 -4.3521542e+00 -4.0385035e+00 -3.7744989e+00 -3.6217370e+00 -3.6394380e+00 -3.5106481e+00 -3.3448423e+00 -3.3362181e+00 -3.2420297e+00 -2.9856920e+00 -3.3949152e+00 -2.8947288e+00 -3.5536994e+00 -2.8178293e+00 -3.2575670e+00 -3.4154375e+00 -2.8540815e+00 -3.0298218e+00 -3.9837631e+00
-1.0150000e+00 -4.8874065e+00 -4.3989775e+00 -4.0323235e+00 -3.7740230e+00 -3.6483249e+00 -3.6546448e+00 -3.5429907e+00 -3.4521531e+00 -3.2946651e+00 -3.1330008e+00 -3.2490030e+00 -3.2166605e+00 -2.9802463e+00 -3.2329054e+00 -3.1330835e+00 -2.8833933e+00 -3.7663408e+00 -3.1724821e+00 -2.8986213e+00 -3.2368212e+00
-1.0075000e+00 -4.9196355e+00 -4.4351366e+00 -4.0370791e+00 -3.8269740e+00 -3.7099452e+00 -3.7157647e+00 -3.4940635e+00 -3.3781333e+00 -3.3158035e+00 -3.3243655e+00 -3.3430129e+00 -2.9859820e+00 -3.4807267e+00 -2.9098616e+00 -3.7188301e+00 -2.9318206e+00 -3.0879837e+00 -3.9725792e+00 -3.0737309e+00 -2.9931665e+00
-1.0000000e+00 -4.9381861e+00 -4.4650140e+00 -4.0980944e+00 -3.8723413e+00 -3.6773611e+00 -3.7105932e+00 -3.6624116e+00 -3.4834277e+00 -3.3907297e+00 -3.3223100e+00 -3.1126962e+00 -3.2373768e+00 -3.2430019e+00 -3.0727435e+00 -3.1462371e+00 -3.4393382e+00 -2.9136852e+00 -3.4106165e+00 -3.6984800e+00 -3.0623518e+00
-9.9250000e-01 -4.9570468e+00 -4.4946286e+00 -4.1483300e+00 -3.8408079e+00 -3.7846003e+00 -3.7759422e+00 -3.5327492e+00 -3.4967885e+00 -3.4031831e+00 -3.2618642e+00 -3.2821990e+00 -3.4293317e+00 -3.0054110e+00 -3.6208050e+00 -2.9482349e+00 -3.6271275e+00 -3.1529244e+00 -3.0100546e+00 -3.8358095e+00 -3.5069657e+00
-9.8500000e-01 -4.9864918e+00 -4.5212178e+00 -4.1602592e+00 -3.9068032e+00 -3.7640452e+00 -3.7680160e+00 -3.7266753e+00 -3.4767973e+00 -3.3961718e+00 -3.3955988e+00 -3.3975408e+00 -3.1224461e+00 -3.2936630e+00 -3.2125181e+00 -3.2547021e+00 -3.0670604e+00 -3.8793407e+00 -3.0509770e+00 -3.1842722e+00 -4.2460835e+00
-9.7750000e-01 -5.0333753e+00 -4.5451604e+00 -4.1689414e+00 -3.9768585e+00 -3.7854497e+00 -3.8430595e+00 -3.6024994e+00 -3.6166012e+00 -3.5056303e+00 -3.3814184e+00 -3.2317992e+00 -3.2720462e+00 -3.4840314e+00 -3.0448767e+00 -3.6974981e+00 -3.0479415e+00 -3.3677440e+00 -3.5747605e+00 -3.0608905e+00 -3.4154037e+00
-9.7000000e-01 -5.0561899e+00 -4.5807637e+00 -4.1940417e+00 -3.9691456e+00 -3.8574550e+00 -3.8258933e+00 -3.7591841e+00 -3.5060774e+00 -3.4498427e+00 -3.3900883e+00 -3.3986589e+00 -3.4736232e+00 -3.1363135e+00 -3.4348404e+00 -3.1561868e+00 -3.5714960e+00 -3.0524947e+00 -3.8171164e+00 -3.3694934e+00 -3.1401814e+00
-9.6250000e-01 -5.0762082e+00 -4.6182441e+00 -4.2305458e+00 -3.9821330e+00 -3.8651799e+00 -3.8810024e+00 -3.6921003e+00 -3.6963286e+00 -3.5434872e+00 -3.4621969e+00 -3.4067451e+00 -3.2321352e+00 -3.3194461e+00 -3.4716555e+00 -3.1367703e+00 -3.5507780e+00 -3.2696185e+00 -3.1958528e+00 -4.1533876e+00 -3.2942002e+00
-9.5500000e-01 -5.1266993e+00 -4.6406766e+00 -4.2704311e+00 -4.0359839e+00 -3.8954512e+00 -3.9433437e+00 -3.7757477e+00 -3.5656166e+00 -3.5400212e+00 -3.4717856e+00 -3.3659726e+00 -3.4120290e+00 -3.5321655e+00 -3.1531553e+00 -3.6694747e+00 -3.1295483e+00 -3.9337456e+00 -3.1646922e+00 -3.4402984e+00 -4.0213118e+00
-9.4750000e-01 -5.1353998e+00 -4.6668426e+00 -4.3112249e+00 -4.0819599e+00 -3.9225071e+00 -3.8829162e+00 -3.7872218e+00 -3.7379286e+00 -3.5740709e+00 -3.4797026e+00 -3.4907458e+00 -3.4549237e+00 -3.2436478e+00 -3.4434108e+00 -3.3850395e+00 -3.3317692e+00 -3.3397070e+00 -3.7161112e+00 -3.1888190e+00 -3.7644595e+00
-9.4000000e-01 -5.1850625e+00 -4.6754912e+00 -4.3497673e+00 -4.1013732e+00 -3.9335674e+00 -3.9969387e+00 -3.8140107e+00 -3.6553423e+00 -3.6158049e+00 -3.5768963e+00 -3.4537689e+00 -3.3555775e+00 -3.4715562e+00 -3.5341435e+00 -3.2094386e+00 -3.8250080e+00 -3.1977877e+00 -3.7210544e+00 -3.4907674e+00 -3.2938266e+00
-9.3250000e-01 -5.1953186e+00 -4.7148520e+00 -4.3760698e+00 -4.1138555e+00 -3.9747173e+00 -4.0366991e+00 -3.8520630e+00 -3.7387431e+00 -3.6370238e+00 -3.5084832e+00 -3.5017349e+00 -3.5464056e+00 -3.4894349e+00 -3.2665235e+00 -3.6632653e+00 -3.2922637e+00 -3.7065619e+00 -3.2493550e+00 -4.1370234e+00 -3.4050544e+00
-9.2500000e-01 -5.2375466e+00 -4.7609818e+00 -4.3914034e+00 -4.1349831e+00 -4.0355284e+00 -3.9866644e+00 -3.8649898e+00 -3.7802917e+00 -3.6511963e+00 -3.6658553e+00 -3.5522666e+00 -3.4501414e+00 -3.3734549e+00 -3.5993510e+00 -3.4606922e+00 -3.3623162e+00 -3.6249901e+00 -3.4499193e+00 -3.4251221e+00 -4.1679306e+00
-9.1750000e-01 -5.2732637e+00 -4.7781541e+00 -4.4181941e+00 -4.1653975e+00 -4.0775499e+00 -4.0416948e+00 -3.9452943e+00 -3.7438241e+00 -3.7451919e+00 -3.5514258e+00 -3.5391127e+00 -3.5392854e+00 -3.6204791e+00 -3.4780287e+00 -3.3413536e+00 -3.8504786e+00 -3.2886421e+00 -4.0378802e+00 -3.3624730e+00 -3.6907669e+00
-9.1000000e-01 -5.2882905e+00 -4.8033503e+00 -4.4471615e+00 -4.1979760e+00 -4.0967447e+00 -4.1151063e+00 -3.9117707e+00 -3.8609029e+00 -3.6603412e+00 -3.7441423e+00 -3.6253216e+00 -3.5568218e+00 -3.4573636e+00 -3.4349549e+00 -3.7682603e+00 -3.3793073e+00 -3.6950582e+00 -3.4164640e+00 -4.0040182e+00 -3.3927702e+00
-9.0250000e-01 -5.3182420e+00 -4.8544218e+00 -4.4760794e+00 -4.2242168e+00 -4.1125888e+00 -4.1232112e+00 -3.9366271e+00 -3.8287275e+00 -3.8538821e+00 -3.6069233e+00 -3.5898992e+00 -3.5713024e+00 -3.6006494e+00 -3.6892827e+00 -3.4380478e+00 -3.5318739e+00 -3.6937341e+00 -3.4758432e+00 -3.6899835e+00 -3.7981566e+00
-8.9500000e-01 -5.3513564e+00 -4.8599509e+00 -4.5348714e+00 -4.2450266e+00 -4.1349976e+00 -4.1304587e+00 -4.0479959e+00 -3.8774173e+00 -3.7276155e+00 -3.7831271e+00 -3.7022447e+00 -3.6277500e+00 -3.5749609e+00 -3.4703941e+00 -3.5828047e+00 -3.7780681e+00 -3.4017505e+00 -4.0615072e+00 -3.4321190e+00 -4.0620355e+00
-8.8750000e-01 -5.3864261e+00 -4.9110023e+00 -4.5547014e+00 -4.2782147e+00 -4.1614478e+00 -4.1737799e+00 -4.0666859e+00 -3.9112767e+00 -3.8279681e+00 -3.7170912e+00 -3.6271127e+00 -3.6286087e+00 -3.6154606e+00 -3.7031280e+00 -3.6806386e+00 -3.4450386e+00 -3.8875704e+00 -3.4985373e+00 -3.9781654e+00 -3.5104007e+00
-8.8000000e-01 -5.4161594e+00 -4.9217070e+00 -4.5706848e+00 -4.3298550e+00 -4.1856870e+00 -4.2316828e+00 -4.0291349e+00 -3.9167271e+00 -3.8927517e+00 -3.7399065e+00 -3.7991392e+00 -3.6925649e+00 -3.6569490e+00 -3.5783937e+00 -3.5314962e+00 -3.8336300e+00 -3.6015606e+00 -3.6507445e+00 -3.7614270e+00 -3.7920249e+00
-8.7250000e-01 -5.4419788e+00 -4.9625218e+00 -4.6095363e+00 -4.3674126e+00 -4.2057337e+00 -4.2792841e+00 -4.0451676e+00 -3.9910589e+00 -3.8357603e+00 -3.8944073e+00 -3.6685227e+00 -3.6746296e+00 -3.6672581e+00 -3.7016128e+00 -3.8029663e+00 -3.5952864e+00 -3.6081127e+00 -3.9638426e+00 -3.5556427e+00 -4.1268327e+00
-8.6500000e-01 -5.4678296e+00 -5.0011666e+00 -4.6430262e+00 -4.4013983e+00 -4.2301262e+00 -4.3123013e+00 -4.1041711e+00 -4.0307863e+00 -3.9115821e+00 -3.7601557e+00 -3.8377764e+00 -3.7837734e+00 -3.7211183e+00 -3.6721213e+00 -3.5944644e+00 -3.7093138e+00 -3.9209531e+00 -3.5505800e+00 -4.1649092e+00 -3.6032580e+00
-8.5750000e-01 -5.5022531e+00 -5.0161414e+00 -4.6606447e+00 -4.4263253e+00 -4.2714878e+00 -4.3373735e+00 -4.1592090e+00 -4.0039882e+00 -3.9558756e+00 -3.8677954e+00 -3.8054919e+00 -3.7012254e+00 -3.7188732e+00 -3.7380615e+00 -3.8257050e+00 -3.7684745e+00 -3.5894244e+00 -4.0102192e+00 -3.6839781e+00 -4.0181090e+00
-8.5000000e-01 -5.5424926e+00 -5.0391899e+00 -4.7142799e+00 -4.4281092e+00 -4.3184176e+00 -4.3585519e+00 -4.1906427e+00 -4.0051449e+00 -3.9558915e+00 -3.9605082e+00 -3.7667707e+00 -3.8696520e+00 -3.8012097e+00 -3.7456822e+00 -3.6822962e+00 -3.7020224e+00 -3.9879103e+00 -3.7159263e+00 -3.8212228e+00 -3.9520632e+00
-8.4250000e-01 -5.5613944e+00 -5.0769187e+00 -4.7224766e+00 -4.4896342e+00 -4.3434467e+00 -4.3771168e+00 -4.2085239e+00 -4.0564300e+00 -4.0064845e+00 -3.8853576e+00 -3.9628064e+00 -3.7883238e+00 -3.7538078e+00 -3.7842804e+00 -3.8473176e+00 -3.8610400e+00 -3.6838258e+00 -3.8350487e+00 -4.0257041e+00 -3.7424793e+00
-8.3500000e-01 -5.5973167e+00 -5.1079267e+00 -4.7624972e+00 -4.5148016e+00 -4.3814486e+00 -4.3996964e+00 -4.2261811e+00 -4.1240352e+00 -4.0561396e+00 -3.9209751e+00 -3.8855885e+00 -3.8198001e+00 -3.8800608e+00 -3.8235987e+00 -3.7680776e+00 -3.7637676e+00 -3.9620334e+00 -3.9185623e+00 -3.7344526e+00 -4.3187380e+00
-8.2750000e-01 -5.6215605e+00 -5.1401458e+00 -4.7969954e+00 -4.5226515e+00 -4.4195325e+00 -4.4366544e+00 -4.2509622e+00 -4.1765700e+00 -4.0579943e+00 -4.0065285e+00 -3.8523865e+00 -3.9859973e+00 -3.8373395e+00 -3.8257820e+00 -3.8739271e+00 -3.8956503e+00 -3.7800990e+00 -3.8102642e+00 -4.2091734e+00 -3.7920929e+00
-8.2000000e-01 -5.6606306e+00 -5.1635461e+00 -4.8117102e+00 -4.5883139e+00 -4.4154307e+00 -4.4725282e+00 -4.2879680e+00 -4.2085030e+00 -4.0510174e+00 -4.0262090e+00 -3.9899271e+00 -3.8624044e+00 -3.8505116e+00 -3.8875356e+00 -3.8564310e+00 -3.8555003e+00 -3.9875535e+00 -4.0287754e+00 -3.7937140e+00 -4.2030759e+00
-8.1250000e-01 -5.6845623e+00 -5.1925391e+00 -4.8471283e+00 -4.5892677e+00 -4.4747197e+00 -4.4698434e+00 -4.3388776e+00 -4.2292028e+00 -4.0667914e+00 -4.0316116e+00 -4.0476785e+00 -3.8878624e+00 -4.0117770e+00 -3.9191984e+00 -3.9093299e+00 -3.9131466e+00 -3.8493816e+00 -3.8679508e+00 -4.2120716e+00 -3.9419367e+00
-8.0500000e-01 -5.7101256e+00 -5.2305710e+00 -4.8845181e+00 -4.6373989e+00 -4.4952619e+00 -4.4794382e+00 -4.3896763e+00 -4.2477239e+00 -4.1016578e+00 -4.0713709e+00 -4.0020704e+00 -4.0576772e+00 -3.9086077e+00 -3.8811721e+00 -3.9192588e+00 -3.9501649e+00 -4.0405705e+00 -4.0572242e+00 -3.8791964e+00 -4.1219808e+00
-7.9750000e-01 -5.7395442e+00 -5.2691807e+00 -4.9148203e+00 -4.6498935e+00 -4.5185020e+00 -4.5473809e+00 -4.4129050e+00 -4.2714416e+00 -4.1415580e+00 -4.1275467e+00 -4.0061307e+00 -4.0540891e+00 -3.9144215e+00 -4.0266201e+00 -3.9932109e+00 -3.9558643e+00 -3.9209784e+00 -3.9695430e+00 -4.2281970e+00 -4.0584684e+00
-7.9000000e-01 -5.7696688e+00 -5.2860198e+00 -4.9510499e+00 -4.6766356e+00 -4.5699762e+00 -4.5777860e+00 -4.4211737e+00 -4.3086353e+00 -4.1776561e+00 -4.1740209e+00 -4.0602536e+00 -3.9823462e+00 -4.0869543e+00 -4.0089322e+00 -3.9600196e+00 -4.0039397e+00 -4.0624050e+00 -4.0450427e+00 -3.9539899e+00 -4.1576626e+00
-7.8250000e-01 -5.8034364e+00 -5.3256632e+00 -4.9754797e+00 -4.7240496e+00 -4.5694754e+00 -4.5958230e+00 -4.4486273e+00 -4.3587493e+00 -4.2097430e+00 -4.2069877e+00 -4.1121177e+00 -4.0048311e+00 -4.1072286e+00 -3.9452394e+00 -4.0134221e+00 -4.0295531e+00 -4.0277294e+00 -4.1022981e+00 -4.2536450e+00 -4.1032860e+00
-7.7500000e-01 -5.8391867e+00 -5.3431008e+00 -5.0064933e+00 -4.7539554e+00 -4.6184947e+00 -4.6159758e+00 -4.4603442e+00 -4.3894312e+00 -4.2435882e+00 -4.2364343e+00 -4.1399181e+00 -4.0853792e+00 -4.0190621e+00 -4.0681768e+00 -4.1215499e+00 -4.0760708e+00 -4.0699197e+00 -4.0478433e+00 -4.0486441e+00 -4.2696285e+00
-7.6750000e-01 -5.8645416e+00 -5.3864095e+00 -5.0223878e+00 -4.7794744e+00 -4.6399205e+00 -4.6754459e+00 -4.5088287e+00 -4.3747147e+00 -4.2834189e+00 -4.2700211e+00 -4.1550115e+00 -4.1528830e+00 -4.0218456e+00 -4.1892387e+00 -4.0514839e+00 -4.0519960e+00 -4.1077750e+00 -4.1843431e+00 -4.2160628e+00 -4.1156000e+00
-7.6000000e-01 -5.8956334e+00 -5.4120020e+00 -5.0513979e+00 -4.8061832e+00 -4.6787932e+00 -4.6773726e+00 -4.5606463e+00 -4.3854047e+00 -4.3198937e+00 -4.3062961e+00 -4.1706646e+00 -4.1834392e+00 -4.1025714e+00 -4.1286926e+00 -4.0442946e+00 -4.1284740e+00 -4.1383797e+00 -4.1378880e+00 -4.2056921e+00 -4.3814284e+00
-7.5250000e-01 -5.9219143e+00 -5.4372851e+00 -5.0977475e+00 -4.8280176e+00 -4.7190757e+00 -4.7195960e+00 -4.5430825e+00 -4.4582257e+00 -4.3395455e+00 -4.3331749e+00 -4.1923722e+00 -4.1966099e+00 -4.1903814e+00 -4.0717114e+00 -4.1753061e+00 -4.2125805e+00 -4.1772176e+00 -4.1844086e+00 -4.1777406e+00 -4.1848103e+00
-7.4500000e-01 -5.9585827e+00 -5.4639866e+00 -5.1177914e+00 -4.8664319e+00 -4.7402712e+00 -4.7433219e+00 -4.6161670e+00 -4.4862518e+00 -4.3743727e+00 -4.3384030e+00 -4.2241600e+00 -4.2096453e+00 -4.2414556e+00 -4.0985285e+00 -4.2756727e+00 -4.1557084e+00 -4.1590507e+00 -4.2241994e+00 -4.3046315e+00 -4.3387484e+00
-7.3750000e-01 -5.9894293e+00 -5.4945122e+00 -5.1546412e+00 -4.8994978e+00 -4.7579914e+00 -4.7731345e+00 -4.6225451e+00 -4.5060107e+00 -4.4527387e+00 -4.3361355e+00 -4.2728692e+00 -4.2259167e+00 -4.2629818e+00 -4.1740386e+00 -4.2385678e+00 -4.1361982e+00 -4.2154778e+00 -4.2519002e+00 -4.2775860e+00 -4.3673021e+00
-7.3000000e-01 -6.0184636e+00 -5.5285835e+00 -5.1732762e+00 -4.9414947e+00 -4.7813383e+00 -4.8300248e+00 -4.6616143e+00 -4.5218074e+00 -4.4532590e+00 -4.3588664e+00 -4.3404783e+00 -4.2446393e+00 -4.2762675e+00 -4.2502189e+00 -4.1860348e+00 -4.2235334e+00 -4.3181341e+00 -4.3019071e+00 -4.3020748e+00 -4.3071820e+00
-7.2250000e-01 -6.0480593e+00 -5.5643727e+00 -5.2125710e+00 -4.9550547e+00 -4.8183555e+00 -4.8498170e+00 -4.6694454e+00 -4.5928904e+00 -4.4463951e+00 -4.3939295e+00 -4.3988754e+00 -4.2705316e+00 -4.2905459e+00 -4.3027122e+00 -4.1825308e+00 -4.3445304e+00 -4.3199046e+00 -4.2925646e+00 -4.3464773e+00 -4.4115032e+00
-7.1500000e-01 -6.0728025e+00 -5.5881555e+00 -5.2447458e+00 -4.9806352e+00 -4.8532197e+00 -4.8635940e+00 -4.7403850e+00 -4.5725827e+00 -4.5379659e+00 -4.4199506e+00 -4.3985986e+00 -4.3174435e+00 -4.3066436e+00 -4.3335417e+00 -4.2157373e+00 -4.4037150e+00 -4.2689768e+00 -4.2943735e+00 -4.3669060e+00 -4.4428514e+00
-7.0750000e-01 -6.1065746e+00 -5.6222252e+00 -5.2672857e+00 -5.0270967e+00 -4.8776020e+00 -4.8869449e+00 -4.7598996e+00 -4.6377143e+00 -4.5240056e+00 -4.4906066e+00 -4.3790409e+00 -4.3934804e+00 -4.3275234e+00 -4.3528314e+00 -4.2610051e+00 -4.3995581e+00 -4.2653580e+00 -4.3673607e+00 -4.4246580e+00 -4.4447077e+00
-7.0000000e-01 -6.1312881e+00 -5.6468604e+00 -5.2991192e+00 -5.0433645e+00 -4.9253450e+00 -4.9113597e+00 -4.7714478e+00 -4.6635087e+00 -4.5682818e+00 -4.4781777e+00 -4.4212950e+00 -4.4522696e+00 -4.3647881e+00 -4.3684251e+00 -4.3028427e+00 -4.3868013e+00 -4.3146813e+00 -4.4642760e+00 -4.4734288e+00 -4.4829637e+00
-6.5000000e-01 -6.3240168e+00 -5.7965431e+00 -5.4949478e+00 -5.2535245e+00 -5.1095660e+00 -5.1327447e+00 -4.9801667e+00 -4.8535879e+00 -4.7662666e+00 -4.6755600e+00 -4.6696579e+00 -4.5831869e+00 -4.5879824e+00 -4.5182006e+00 -4.5337796e+00 -4.5732739e+00 -4.6386615e+00 -4.5222171e+00 -4.7404318e+00 -4.6390200e+00
-6.0000000e-01 -6.6575609e+00 -6.0481497e+00 -5.7026428e+00 -5.4523217e+00 -5.3103721e+00 -5.3350679e+00 -5.1649651e+00 -5.0723813e+00 -4.9498314e+00 -4.9018215e+00 -4.8309664e+00 -4.8022356e+00 -4.7469153e+00 -4.7523963e+00 -4.7618464e+00 -4.7531579e+00 -4.8026695e+00 -4.7860410e+00 -4.7989784e+00 -4.9687531e+00
-5.5000000e-01 -6.7292271e+00 -6.2071460e+00 -5.9426698e+00 -5.6456062e+00 -5.5184406e+00 -5.5238320e+00 -5.3733747e+00 -5.2708803e+00 -5.1718010e+00 -5.0789649e+00 -5.0268383e+00 -4.9953971e+00 -4.9643048e+00 -4.9473382e+00 -4.9744784e+00 -4.9591841e+00 -4.9437868e+00 -5.0549142e+00 -5.0327163e+00 -5.0789875e+00
-5.0000000e-01 -6.9569591e+00 -6.4766407e+00 -6.1004259e+00 -5.8508662e+00 -5.7110452e+00 -5.7336465e+00 -5.5815953e+00 -5.4589302e+00 -5.3704884e+00 -5.2763215e+00 -5.2371094e+00 -5.2074797e+00 -5.1554297e+00 -5.1721383e+00 -5.1338911e+00 -5.1814179e+00 -5.1371576e+00 -5.1980781e+00 -5.2532657e+00 -5.3042376e+00
-4.0000000e-01 -7.3852969e+00 -6.8148561e+00 -6.4931212e+00 -6.2505542e+00 -6.1130723e+00 -6.1318254e+00 -5.9746081e+00 -5.8595876e+00 -5.7639237e+00 -5.7008271e+00 -5.6234744e+00 -5.5988745e+00 -5.5713347e+00 -5.5429081e+00 -5.5688390e+00 -5.5606393e+00 -5.5508327e+00 -5.6091337e+00 -5.6344969e+00 -5.6838587e+00
-2.0000000e-01 -8.1629586e+00 -7.6481198e+00 -7.2729620e+00 -7.0716163e+00 -6.8599762e+00 -6.9385795e+00 -6.7765890e+00 -6.6568316e+00 -6.5693948e+00 -6.4879566e+00 -6.4378466e+00 -6.3939111e+00 -6.3627116e+00 -6.3534850e+00 -6.3554413e+00 -6.3583787e+00 -6.3755111e+00 -6.4044997e+00 -6.4354798e+00 -6.4799222e+00
0.0000000e+00 -8.9148797e+00 -8.4969848e+00 -8.0600649e+00 -7.8269534e+00 -7.6848258e+00 -7.7045001e+00 -7.5660001e+00 -7.4478060e+00 -7.3437237e+00 -7.3211469e+00 -7.2606674e+00 -7.1423616e+00 -7.1872662e+00 -7.1544958e+00 -7.1517947e+00 -7.1597802e+00 -7.1732226e+00 -7.1967125e+00 -7.2380200e+00 -7.2792755e+00
2.0000000e-01 -9.7847084e+00 -9.2875241e+00 -8.8927326e+00 -8.6823292e+00 -8.4923541e+00 -8.5495755e+00 -8.3440623e+00 -8.2964680e+00 -8.1631631e+00 -8.1109794e+00 -8.0255435e+00 -7.9872914e+00 -8.0141032e+00 -7.9655428e+00 -7.9948524e+00 -7.9423618e+00 -7.9131264e+00 -7.9955740e+00 -8.0905552e+00 -8.0523532e+00
4.0000000e-01 -1.0440994e+01 -1.0071111e+01 -9.7222935e+00 -9.4838296e+00 -9.3090751e+00 -9.2815042e+00 -9.2249283e+00 -9.1357264e+00 -8.9367473e+00 -8.8966749e+00 -8.8664458e+00 -8.7891984e+00 -8.6882946e+00 -8.7840115e+00 -8.6924305e+00 -8.7566489e+00 -8.7986594e+00 -8.7232668e+00 -8.8499660e+00 -8.9343717e+00
6.0000000e-01 -1.1309164e+01 -1.0831727e+01 -1.0434320e+01 -1.0229041e+01 -1.0112252e+01 -1.0055180e+01 -9.9654819e+00 -9.8435833e+00 -9.7671004e+00 -9.6331168e+00 -9.6447462e+00 -9.5499736e+00 -9.6208019e+00 -9.6108896e+00 -9.5264540e+00 -9.6238432e+00 -9.5494065e+00 -9.6025565e+00 -9.6659615e+00 -9.6777082e+00
8.0000000e-01 -1.2138805e+01 -1.1700370e+01 -1.1308916e+01 -1.1033675e+01 -1.0883061e+01 -1.0931237e+01 -1.0775342e+01 -1.0641708e+01 -1.0513195e+01 -1.0460465e+01 -1.0394798e+01 -1.0375272e+01 -1.0365921e+01 -1.0345191e+01 -1.0365887e+01 -1.0356178e+01 -1.0308630e+01 -1.0380142e+01 -1.0473705e+01 -1.0540175e+01
1.0000000e+00 -1.2938936e+01 -1.2499266e+01 -1.2134960e+01 -1.1925947e+01 -1.1695840e+01 -1.1758076e+01 -1.1581230e+01 -1.1422936e+01 -1.1392492e+01 -1.1220830e+01 -1.1239267e+01 -1.1200150e+01 -1.1171975e+01 -1.1162736e+01 -1.1218937e+01 -1.1139557e+01 -1.1220783e+01 -1.1156259e+01 -1.1233740e+01 -1.1282195e+01
1.2000000e+00 -1.3718156e+01 -1.3237820e+01 -1.2848820e+01 -1.2644947e+01 -1.2488415e+01 -1.2531994e+01 -1.2367166e+01 -1.2233918e+01 -1.2174411e+01 -1.2079210e+01 -1.2078777e+01 -1.1932597e+01 -1.2060958e+01 -1.1966217e+01 -1.1978777e+01 -1.2006686e+01 -1.1912973e+01 -1.1960589e+01 -1.2006024e+01 -1.2035985e+01
1.4000000e+00 -1.4552979e+01 -1.4052174e+01 -1.3717738e+01 -1.3433733e+01 -1.3335317e+01 -1.3348445e+01 -1.3194839e+01 -1.3075544e+01 -1.2960270e+01 -1.2883141e+01 -1.2816040e+01 -1.2789235e+01 -1.2784816e+01 -1.2867676e+01 -1.2745591e+01 -1.2827462e+01 -1.2814516e+01 -1.2804488e+01 -1.2838638e+01 -1.2939141e+01
1.6000000e+00 -1.5340787e+01 -1.4872177e+01 -1.4581889e+01 -1.4232621e+01 -1.4138881e+01 -1.4113767e+01 -1.3971383e+01 -1.3929390e+01 -1.3739675e+01 -1.3646854e+01 -1.3584944e+01 -1.3658292e+01 -1.3600756e+01 -1.3520251e+01 -1.3535239e+01 -1.3564282e+01 -1.3557560e+01 -1.3629745e+01 -1.3691469e+01 -1.3666197e+01
1.8000000e+00 -1.6119579e+01 -1.5677082e+01 -1.5292680e+01 -1.5017538e+01 -1.4885194e+01 -1.4953238e+01 -1.4791504e+01 -1.4665230e+01 -1.4501610e+01 -1.4483170e+01 -1.4488460e+01 -1.4405014e+01 -1.4422675e+01 -1.4361508e+01 -1.4355887e+01 -1.4363654e+01 -1.4343473e+01 -1.4360241e+01 -1.4405758e+01 -1.4504211e+01
2.0000000e+00 -1.6941012e+01 -1.6491595e+01 -1.6141469e+01 -1.5880532e+01 -1.5727374e+01 -1.5736445e+01 -1.5564850e+01 -1.5455182e+01 -1.5384660e+01 -1.5310110e+01 -1.5242370e+01 -1.5173383e+01 -1.5147492e+01 -1.5157908e+01 -1.5148050e+01 -1.5168727e+01 -1.5113665e+01 -1.5210774e+01 -1.5239967e+01 -1.5308271e+01