########################################################################
# Reference Counts for Solar Model GS98                                #
# Column 1: log10(Axion mass in eV)                                    #
#        n>1: log10(Reference photon counts in energy bin n-1)         #
########################################################################
-3.0000000e+00 -3.7555015e-01 -2.0720324e-01 -6.6817778e-02 1.4087158e-02 2.8371219e-02 1.6758261e-02 -3.4661284e-02 -1.1991630e-01 -2.3782226e-01 -3.8600071e-01
-2.8000000e+00 -3.7557088e-01 -2.0721722e-01 -6.6827772e-02 1.4079613e-02 2.8365343e-02 1.6753554e-02 -3.4665142e-02 -1.1991952e-01 -2.3782499e-01 -3.8600304e-01
-2.6000000e+00 -3.7570165e-01 -2.0730541e-01 -6.6890834e-02 1.4032007e-02 2.8328266e-02 1.6723854e-02 -3.4689480e-02 -1.1993981e-01 -2.3784217e-01 -3.8601778e-01
-2.4000000e+00 -3.7652693e-01 -2.0786195e-01 -6.7288767e-02 1.3731611e-02 2.8094314e-02 1.6536448e-02 -3.4843054e-02 -1.2006785e-01 -2.3795063e-01 -3.8611075e-01
-2.2000000e+00 -3.8174090e-01 -2.1137666e-01 -6.9801184e-02 1.1835305e-02 2.6617606e-02 1.5353628e-02 -3.5812282e-02 -1.2087590e-01 -2.3863510e-01 -3.8669745e-01
-2.1500000e+00 -3.8537179e-01 -2.1382276e-01 -7.1549104e-02 1.0516320e-02 2.5590637e-02 1.4531133e-02 -3.6486197e-02 -1.2143772e-01 -2.3911096e-01 -3.8710534e-01
-2.1000000e+00 -3.9113806e-01 -2.1770500e-01 -7.4322170e-02 8.4242650e-03 2.3962022e-02 1.3226936e-02 -3.7554705e-02 -1.2232843e-01 -2.3986536e-01 -3.8775195e-01
-2.0500000e+00 -4.0030657e-01 -2.2387160e-01 -7.8724243e-02 5.1045353e-03 2.1378379e-02 1.1158340e-02 -3.9249242e-02 -1.2374085e-01 -2.4106154e-01 -3.8877714e-01
-2.0000000e+00 -4.1491294e-01 -2.3367965e-01 -8.5718897e-02 -1.6709048e-04 1.7277371e-02 7.8758434e-03 -4.1937586e-02 -1.2598126e-01 -2.4295870e-01 -3.9040295e-01
-1.9500000e+00 -4.3825526e-01 -2.4931253e-01 -9.6849919e-02 -8.5478861e-03 1.0762027e-02 2.6633651e-03 -4.6205091e-02 -1.2953677e-01 -2.4596888e-01 -3.9298217e-01
-1.9000000e+00 -4.7575016e-01 -2.7431531e-01 -1.1460681e-01 -2.1896199e-02 3.9614512e-04 -5.6233422e-03 -5.2985733e-02 -1.3518376e-01 -2.5074820e-01 -3.9707622e-01
-1.8500000e+00 -5.3649726e-01 -3.1453052e-01 -1.4304674e-01 -4.3219854e-02 -1.6134000e-02 -1.8821654e-02 -6.3775693e-02 -1.4416371e-01 -2.5834447e-01 -4.0358066e-01
-1.8475000e+00 -5.4038824e-01 -3.1709372e-01 -1.4485428e-01 -4.4572767e-02 -1.7181559e-02 -1.9657387e-02 -6.4458525e-02 -1.4473174e-01 -2.5882482e-01 -4.0399185e-01
-1.8400000e+00 -5.5265885e-01 -3.2516685e-01 -1.5054325e-01 -4.8829031e-02 -2.0476217e-02 -2.2285305e-02 -6.6605341e-02 -1.4651745e-01 -2.6033474e-01 -4.0528432e-01
-1.8325000e+00 -5.6588437e-01 -3.3385080e-01 -1.5665568e-01 -5.3398982e-02 -2.4012066e-02 -2.5104706e-02 -6.8908055e-02 -1.4843250e-01 -2.6195381e-01 -4.0667007e-01
-1.8250000e+00 -5.8014610e-01 -3.4319464e-01 -1.6322447e-01 -5.8306495e-02 -2.7807209e-02 -2.8129822e-02 -7.1378174e-02 -1.5048639e-01 -2.6369002e-01 -4.0815591e-01
-1.8175000e+00 -5.9553347e-01 -3.5325186e-01 -1.7028530e-01 -6.3577381e-02 -3.1881178e-02 -3.1375990e-02 -7.4028084e-02 -1.5268933e-01 -2.6555194e-01 -4.0974915e-01
-1.8100000e+00 -6.1214510e-01 -3.6408086e-01 -1.7787688e-01 -6.9239563e-02 -3.6255055e-02 -3.4859738e-02 -7.6871119e-02 -1.5505232e-01 -2.6754881e-01 -4.1145764e-01
-1.8025000e+00 -6.3009002e-01 -3.7574549e-01 -1.8604131e-01 -7.5323272e-02 -4.0951613e-02 -3.8598887e-02 -7.9921641e-02 -1.5758717e-01 -2.6969053e-01 -4.1328982e-01
-1.7950000e+00 -6.4948906e-01 -3.8831565e-01 -1.9482434e-01 -8.1861264e-02 -4.5995461e-02 -4.2612666e-02 -8.3195124e-02 -1.6030662e-01 -2.7198779e-01 -4.1525475e-01
-1.7875000e+00 -6.7047662e-01 -4.0186803e-01 -2.0427582e-01 -8.8889061e-02 -5.1413213e-02 -4.6921828e-02 -8.6708249e-02 -1.6322437e-01 -2.7445206e-01 -4.1736220e-01
-1.7800000e+00 -6.9320261e-01 -4.1648696e-01 -2.1445012e-01 -9.6445225e-02 -5.7233671e-02 -5.1548785e-02 -9.0479001e-02 -1.6635518e-01 -2.7709570e-01 -4.1962266e-01
-1.7725000e+00 -7.1783492e-01 -4.3226533e-01 -2.2540661e-01 -1.0457166e-01 -6.3488027e-02 -5.6517757e-02 -9.4526788e-02 -1.6971497e-01 -2.7993201e-01 -4.2204742e-01
-1.7650000e+00 -7.4456230e-01 -4.4930571e-01 -2.3721022e-01 -1.1331394e-01 -7.0210095e-02 -6.1854933e-02 -9.8872556e-02 -1.7332088e-01 -2.8297533e-01 -4.2464862e-01
-1.7575000e+00 -7.7359799e-01 -4.6772170e-01 -2.4993212e-01 -1.2272171e-01 -7.7436559e-02 -6.7588653e-02 -1.0353893e-01 -1.7719141e-01 -2.8624108e-01 -4.2743934e-01
-1.7500000e+00 -8.0518410e-01 -4.8763948e-01 -2.6365044e-01 -1.3284912e-01 -8.5207256e-02 -7.3749605e-02 -1.0855036e-01 -1.8134652e-01 -2.8974592e-01 -4.3043368e-01
-1.7425000e+00 -8.3959706e-01 -5.0919959e-01 -2.7845110e-01 -1.4375531e-01 -9.3565500e-02 -8.0371048e-02 -1.1393330e-01 -1.8580778e-01 -2.9350778e-01 -4.3364681e-01
-1.7350000e+00 -8.7715454e-01 -5.3255922e-01 -2.9442887e-01 -1.5550497e-01 -1.0255843e-01 -8.7489063e-02 -1.1971635e-01 -1.9059846e-01 -2.9754604e-01 -4.3709509e-01
-1.7275000e+00 -9.1822419e-01 -5.5789484e-01 -3.1168849e-01 -1.6816899e-01 -1.1223743e-01 -9.5142827e-02 -1.2593052e-01 -1.9574373e-01 -3.0188158e-01 -4.4079615e-01
-1.7200000e+00 -9.6323492e-01 -5.8540544e-01 -3.3034605e-01 -1.8182520e-01 -1.2265855e-01 -1.0337492e-01 -1.3260939e-01 -2.0127082e-01 -3.0653699e-01 -4.4476902e-01
-1.7125000e+00 -1.0126916e+00 -6.1531651e-01 -3.5053063e-01 -1.9655924e-01 -1.3388310e-01 -1.1223169e-01 -1.3978941e-01 -2.0720921e-01 -3.1153667e-01 -4.4903424e-01
-1.7050000e+00 -1.0671947e+00 -6.4788503e-01 -3.7238621e-01 -2.1246553e-01 -1.4597814e-01 -1.2176363e-01 -1.4751017e-01 -2.1359083e-01 -3.1690699e-01 -4.5361399e-01
-1.6975000e+00 -1.1274661e+00 -6.8340561e-01 -3.9607401e-01 -2.2964846e-01 -1.5901727e-01 -1.3202582e-01 -1.5581470e-01 -2.2045031e-01 -3.2267651e-01 -4.5853224e-01
-1.6900000e+00 -1.1943855e+00 -7.2221840e-01 -4.2177530e-01 -2.4822376e-01 -1.7308134e-01 -1.4307848e-01 -1.6474985e-01 -2.2782523e-01 -3.2887615e-01 -4.6381489e-01
-1.6825000e+00 -1.2690397e+00 -7.6471920e-01 -4.4969485e-01 -2.6832010e-01 -1.8825942e-01 -1.5498747e-01 -1.7436664e-01 -2.3575642e-01 -3.3553944e-01 -4.6948999e-01
-1.6750000e+00 -1.3527933e+00 -8.1137263e-01 -4.8006513e-01 -2.9008105e-01 -2.0464980e-01 -1.6782506e-01 -1.8472080e-01 -2.4428828e-01 -3.4270275e-01 -4.7558792e-01
-1.6675000e+00 -1.4473886e+00 -8.6272957e-01 -5.1315162e-01 -3.1366740e-01 -2.2236132e-01 -1.8167060e-01 -1.9587321e-01 -2.5346918e-01 -3.5040557e-01 -4.8214156e-01
-1.6600000e+00 -1.5550903e+00 -9.1945065e-01 -5.4925947e-01 -3.3925997e-01 -2.4151475e-01 -1.9661145e-01 -2.0789053e-01 -2.6335186e-01 -3.5869084e-01 -4.8918663e-01
-1.6525000e+00 -1.6788877e+00 -9.8233837e-01 -5.8874195e-01 -3.6706308e-01 -2.6224464e-01 -2.1274406e-01 -2.2084587e-01 -2.7399389e-01 -3.6760532e-01 -4.9676187e-01
-1.6450000e+00 -1.8227516e+00 -1.0523821e+00 -6.3201150e-01 -3.9730874e-01 -2.8470132e-01 -2.3017508e-01 -2.3481956e-01 -2.8545826e-01 -3.7719992e-01 -5.0490943e-01
-1.6375000e+00 -1.9918253e+00 -1.1308225e+00 -6.7955409e-01 -4.3026203e-01 -3.0905348e-01 -2.4902288e-01 -2.4990009e-01 -2.9781394e-01 -3.8753026e-01 -5.1367514e-01
-1.6300000e+00 -2.1918452e+00 -1.2192450e+00 -7.3194845e-01 -4.6622774e-01 -3.3549123e-01 -2.6941922e-01 -2.6618514e-01 -3.1113668e-01 -3.9865708e-01 -5.2310895e-01
-1.6225000e+00 -2.4243027e+00 -1.3197212e+00 -7.8989230e-01 -5.0555893e-01 -3.6422987e-01 -2.9151124e-01 -2.8378283e-01 -3.2550976e-01 -4.1064693e-01 -5.3326535e-01
-1.6150000e+00 -2.6629186e+00 -1.4350233e+00 -8.5423853e-01 -5.4866799e-01 -3.9551455e-01 -3.1546396e-01 -3.0281318e-01 -3.4102499e-01 -4.2357275e-01 -5.4420390e-01
-1.6075000e+00 -2.7959002e+00 -1.5689568e+00 -9.2604671e-01 -5.9604122e-01 -4.2962617e-01 -3.4146319e-01 -3.2340985e-01 -3.5778383e-01 -4.3751474e-01 -5.5598975e-01
-1.6000000e+00 -2.7088837e+00 -1.7268604e+00 -1.0066579e+00 -6.4825829e-01 -4.6688880e-01 -3.6971922e-01 -3.4572223e-01 -3.7589871e-01 -4.5256121e-01 -5.6869434e-01
-1.5925000e+00 -2.5068472e+00 -1.9162351e+00 -1.0978069e+00 -7.0601880e-01 -5.0767924e-01 -4.0047129e-01 -3.6991792e-01 -3.9549459e-01 -4.6880966e-01 -5.8239617e-01
-1.5850000e+00 -2.3084645e+00 -2.1466958e+00 -1.2017947e+00 -7.7017925e-01 -5.5243957e-01 -4.3399325e-01 -3.9618583e-01 -4.1671083e-01 -4.8636802e-01 -5.9718161e-01
-1.5775000e+00 -2.1442585e+00 -2.4232341e+00 -1.3217648e+00 -8.4180572e-01 -6.0169368e-01 -4.7060067e-01 -4.2473990e-01 -4.3970341e-01 -5.0535609e-01 -6.1314601e-01
-1.5700000e+00 -2.0142383e+00 -2.6987655e+00 -1.4621566e+00 -9.2225106e-01 -6.5606966e-01 -5.1066008e-01 -4.5582374e-01 -4.6464763e-01 -5.2590731e-01 -6.3039482e-01
-1.5625000e+00 -1.9135546e+00 -2.7649757e+00 -1.6294647e+00 -1.0132714e+00 -7.1633067e-01 -5.5460085e-01 -4.8971650e-01 -4.9174146e-01 -5.4817082e-01 -6.4904505e-01
-1.5550000e+00 -1.8379243e+00 -2.5568056e+00 -1.8334522e+00 -1.1172083e+00 -7.8341842e-01 -6.0293108e-01 -5.2674028e-01 -5.2120955e-01 -5.7231399e-01 -6.6922691e-01
-1.5475000e+00 -1.7843511e+00 -2.3038890e+00 -2.0883652e+00 -1.2372846e+00 -8.5851605e-01 -6.5625885e-01 -5.6726964e-01 -5.5330835e-01 -5.9852544e-01 -6.9108582e-01
-1.5400000e+00 -1.7509869e+00 -2.0946089e+00 -2.4069974e+00 -1.3781063e+00 -9.4314195e-01 -7.1532157e-01 -6.1174409e-01 -5.8833251e-01 -6.2701883e-01 -7.1478484e-01
-1.5325000e+00 -1.7369234e+00 -1.9316624e+00 -2.7269041e+00 -1.5465494e+00 -1.0392942e+00 -7.8102720e-01 -6.6068460e-01 -6.2662301e-01 -6.5803747e-01 -7.4050755e-01
-1.5250000e+00 -1.7420529e+00 -1.8062126e+00 -2.7241223e+00 -1.7533546e+00 -1.1496824e+00 -8.5451367e-01 -7.1471602e-01 -6.6857777e-01 -6.9186024e-01 -7.6846166e-01
-1.5175000e+00 -1.7670138e+00 -1.7109097e+00 -2.4278965e+00 -2.0156762e+00 -1.2781163e+00 -9.3723735e-01 -7.7459793e-01 -7.1466557e-01 -7.2880894e-01 -7.9888347e-01
-1.5100000e+00 -1.8132172e+00 -1.6408176e+00 -2.1476163e+00 -2.3562729e+00 -1.4301930e+00 -1.0311090e+00 -8.4126828e-01 -7.6544458e-01 -7.6925788e-01 -8.3204337e-01
-1.5025000e+00 -1.8829460e+00 -1.5928573e+00 -1.9326295e+00 -2.7364048e+00 -1.6145778e+00 -1.1387115e+00 -9.1590672e-01 -8.2158779e-01 -8.1364641e-01 -8.6825294e-01
-1.4950000e+00 -1.9795034e+00 -1.5652990e+00 -1.7698463e+00 -2.7514773e+00 -1.8454851e+00 -1.2636652e+00 -1.0000294e+00 -8.8391833e-01 -8.6249548e-01 -9.0787398e-01
-1.4875000e+00 -2.1072674e+00 -1.5574496e+00 -1.6462195e+00 -2.4028828e+00 -2.1470041e+00 -1.4112759e+00 -1.0956360e+00 -9.5345992e-01 -9.1643014e-01 -9.5133027e-01
-1.4800000e+00 -2.2709917e+00 -1.5694997e+00 -1.5532298e+00 -2.0952379e+00 -2.5494077e+00 -1.5897605e+00 -1.2054475e+00 -1.0315112e+00 -9.7621062e-01 -9.9912317e-01
-1.4725000e+00 -2.4714467e+00 -1.6025001e+00 -1.4856213e+00 -1.8676342e+00 -2.9082075e+00 -1.8127235e+00 -1.3333111e+00 -1.1197582e+00 -1.0427763e+00 -1.0518527e+00
-1.4650000e+00 -2.6866164e+00 -1.6584587e+00 -1.4402668e+00 -1.6980841e+00 -2.6661727e+00 -2.1042838e+00 -1.4849313e+00 -1.2204529e+00 -1.1173098e+00 -1.1102465e+00
-1.4575000e+00 -2.8269767e+00 -1.7405733e+00 -1.4154941e+00 -1.5702854e+00 -2.2773229e+00 -2.5053093e+00 -1.6692900e+00 -1.3367073e+00 -1.2013327e+00 -1.1752004e+00
-1.4500000e+00 -2.7846646e+00 -1.8536234e+00 -1.4107273e+00 -1.4744264e+00 -1.9911314e+00 -2.9708262e+00 -1.9016367e+00 -1.4730085e+00 -1.2968555e+00 -1.2478378e+00
-1.4425000e+00 -2.6265647e+00 -2.0044474e+00 -1.4263339e+00 -1.4046699e+00 -1.7838746e+00 -2.8193179e+00 -2.2101603e+00 -1.6361826e+00 -1.4066204e+00 -1.3295973e+00
-1.4350000e+00 -2.4683232e+00 -2.2017070e+00 -1.4636279e+00 -1.3575997e+00 -1.6298461e+00 -2.3784082e+00 -2.6463308e+00 -1.8373537e+00 -1.5345187e+00 -1.4223686e+00
-1.4275000e+00 -2.3511535e+00 -2.4496637e+00 -1.5250268e+00 -1.3313911e+00 -1.5141526e+00 -2.0603867e+00 -3.1375596e+00 -2.0963280e+00 -1.6863541e+00 -1.5287121e+00
-1.4200000e+00 -2.2813523e+00 -2.7083844e+00 -1.6144090e+00 -1.3253889e+00 -1.4282505e+00 -1.8353059e+00 -2.8536098e+00 -2.4520544e+00 -1.8713552e+00 -1.6522309e+00
-1.4125000e+00 -2.2580805e+00 -2.7985599e+00 -1.7377675e+00 -1.3399290e+00 -1.3671615e+00 -1.6699622e+00 -2.3961651e+00 -2.9725746e+00 -2.1054899e+00 -1.7982440e+00
-1.4050000e+00 -2.2806530e+00 -2.6318954e+00 -1.9042671e+00 -1.3763370e+00 -1.3280628e+00 -1.5462481e+00 -2.0843581e+00 -3.2923938e+00 -2.4195887e+00 -1.9751029e+00
-1.3975000e+00 -2.3496676e+00 -2.4115347e+00 -2.1272381e+00 -1.4370999e+00 -1.3095801e+00 -1.4541320e+00 -1.8652214e+00 -2.7703588e+00 -2.8789660e+00 -2.1970396e+00
-1.3900000e+00 -2.4656689e+00 -2.2396803e+00 -2.4188144e+00 -1.5262712e+00 -1.3114496e+00 -1.3878605e+00 -1.7044540e+00 -2.3577529e+00 -3.4773763e+00 -2.4911374e+00
-1.3825000e+00 -2.6233055e+00 -2.1272455e+00 -2.7276435e+00 -1.6502573e+00 -1.3344081e+00 -1.3441590e+00 -1.5843470e+00 -2.0820400e+00 -3.1351304e+00 -2.9162620e+00
-1.3750000e+00 -2.7932492e+00 -2.0697463e+00 -2.7626045e+00 -1.8192634e+00 -1.3802629e+00 -1.3213570e+00 -1.4952287e+00 -1.8858726e+00 -2.6271923e+00 -3.5609042e+00
-1.3675000e+00 -2.8973742e+00 -2.0639202e+00 -2.4998103e+00 -2.0495858e+00 -1.4521691e+00 -1.3189696e+00 -1.4315939e+00 -1.7409531e+00 -2.3009096e+00 -3.4614523e+00
-1.3600000e+00 -2.8703046e+00 -2.1098943e+00 -2.2456159e+00 -2.3629329e+00 -1.5552214e+00 -1.3375409e+00 -1.3903435e+00 -1.6327728e+00 -2.0758214e+00 -2.8796298e+00
-1.3525000e+00 -2.7697357e+00 -2.2110296e+00 -2.0670736e+00 -2.7298945e+00 -1.6976227e+00 -1.3786804e+00 -1.3699451e+00 -1.5533379e+00 -1.9119178e+00 -2.5151892e+00
-1.3450000e+00 -2.6811404e+00 -2.3720097e+00 -1.9566941e+00 -2.7863379e+00 -1.8929695e+00 -1.4453076e+00 -1.3700395e+00 -1.4981063e+00 -1.7898629e+00 -2.2699951e+00
-1.3375000e+00 -2.6407228e+00 -2.5877436e+00 -1.9051039e+00 -2.4669148e+00 -2.1642295e+00 -1.5422028e+00 -1.3913060e+00 -1.4645970e+00 -1.6993838e+00 -2.0935846e+00
-1.3300000e+00 -2.6563200e+00 -2.7951702e+00 -1.9083301e+00 -2.1813342e+00 -2.5411260e+00 -1.6771256e+00 -1.4355263e+00 -1.4517311e+00 -1.6347105e+00 -1.9627302e+00
-1.3225000e+00 -2.7249889e+00 -2.8284991e+00 -1.9676264e+00 -1.9881617e+00 -2.9082860e+00 -1.8631137e+00 -1.5058702e+00 -1.4595403e+00 -1.5926121e+00 -1.8654492e+00
-1.3150000e+00 -2.8338538e+00 -2.6818180e+00 -2.0893375e+00 -1.8698967e+00 -2.7162794e+00 -2.1232334e+00 -1.6075304e+00 -1.4891077e+00 -1.5714860e+00 -1.7950995e+00
-1.3075000e+00 -2.9509199e+00 -2.5269272e+00 -2.2841419e+00 -1.8136154e+00 -2.3441566e+00 -2.4966930e+00 -1.7490285e+00 -1.5427111e+00 -1.5709353e+00 -1.7479440e+00
-1.3000000e+00 -3.0231079e+00 -2.4376869e+00 -2.5543312e+00 -1.8142130e+00 -2.0819995e+00 -2.9566724e+00 -1.9450013e+00 -1.6242305e+00 -1.5916230e+00 -1.7220438e+00
-1.2925000e+00 -3.0191111e+00 -2.4259026e+00 -2.8040618e+00 -1.8729927e+00 -1.9146969e+00 -2.8654234e+00 -2.2223996e+00 -1.7400122e+00 -1.6353345e+00 -1.7167436e+00
-1.2850000e+00 -2.9708837e+00 -2.4912257e+00 -2.7570332e+00 -1.9976588e+00 -1.8193078e+00 -2.4388471e+00 -2.6305826e+00 -1.9006895e+00 -1.7052723e+00 -1.7324687e+00
-1.2775000e+00 -2.9311420e+00 -2.6269543e+00 -2.5230351e+00 -2.2033345e+00 -1.7846427e+00 -2.1403436e+00 -3.1255074e+00 -2.1252706e+00 -1.8067200e+00 -1.7707420e+00
-1.2700000e+00 -2.9340241e+00 -2.7983466e+00 -2.3406655e+00 -2.5055700e+00 -1.8079414e+00 -1.9511506e+00 -2.9044042e+00 -2.4508578e+00 -1.9484387e+00 -1.8344230e+00
-1.2625000e+00 -2.9960533e+00 -2.9031931e+00 -2.2525329e+00 -2.8189646e+00 -1.8934287e+00 -1.8402388e+00 -2.4557111e+00 -2.9440912e+00 -2.1457614e+00 -1.9282789e+00
-1.2550000e+00 -3.1125472e+00 -2.8628654e+00 -2.2574035e+00 -2.7532066e+00 -2.0534230e+00 -1.7928002e+00 -2.1641840e+00 -3.3150112e+00 -2.4281448e+00 -2.0601912e+00
-1.2475000e+00 -3.2229140e+00 -2.7688909e+00 -2.3554759e+00 -2.4605419e+00 -2.3111448e+00 -1.8042253e+00 -1.9827441e+00 -2.8245425e+00 -2.8575843e+00 -2.2438146e+00
-1.2400000e+00 -3.2189495e+00 -2.7194260e+00 -2.5463785e+00 -2.2503967e+00 -2.6845375e+00 -1.8775482e+00 -1.8788192e+00 -2.4206282e+00 -3.4550238e+00 -2.5050663e+00
-1.2325000e+00 -3.1338076e+00 -2.7418688e+00 -2.7829964e+00 -2.1507313e+00 -2.9369242e+00 -2.0242968e+00 -1.8381810e+00 -2.1709818e+00 -3.1892501e+00 -2.8996535e+00
-1.2250000e+00 -3.1026966e+00 -2.8266507e+00 -2.8619330e+00 -2.1531889e+00 -2.6569808e+00 -2.2688696e+00 -1.8570374e+00 -2.0191558e+00 -2.6832319e+00 -3.5213113e+00
-1.2175000e+00 -3.1898566e+00 -2.9357068e+00 -2.7123812e+00 -2.2588410e+00 -2.3489642e+00 -2.6490348e+00 -1.9395887e+00 -1.9389642e+00 -2.3751924e+00 -3.5155303e+00
-1.2100000e+00 -3.3543454e+00 -3.0068494e+00 -2.5666125e+00 -2.4764516e+00 -2.1715516e+00 -3.0330400e+00 -2.0995630e+00 -1.9201943e+00 -2.1868041e+00 -2.9334371e+00
-1.2025000e+00 -3.3891279e+00 -3.0065280e+00 -2.5237116e+00 -2.7723513e+00 -2.1094381e+00 -2.7809256e+00 -2.3666120e+00 -1.9620617e+00 -2.0790521e+00 -2.5821610e+00
-1.1950000e+00 -3.2803501e+00 -2.9698913e+00 -2.5935922e+00 -2.8637192e+00 -2.1541540e+00 -2.4151187e+00 -2.7907668e+00 -2.0722277e+00 -2.0359641e+00 -2.3692382e+00
-1.1875000e+00 -3.2631650e+00 -2.9517014e+00 -2.7549844e+00 -2.6422102e+00 -2.3141582e+00 -2.2011362e+00 -3.1745652e+00 -2.2703883e+00 -2.0532301e+00 -2.2442517e+00
-1.1800000e+00 -3.3932017e+00 -2.9904055e+00 -2.9080195e+00 -2.4578289e+00 -2.6068442e+00 -2.1135862e+00 -2.8048083e+00 -2.5991329e+00 -2.1351148e+00 -2.1867644e+00
-1.1725000e+00 -3.5053488e+00 -3.0956180e+00 -2.8981414e+00 -2.4077136e+00 -2.9335257e+00 -2.1372423e+00 -2.4325541e+00 -3.1150484e+00 -2.2962468e+00 -2.1901243e+00
-1.1650000e+00 -3.4392755e+00 -3.1965028e+00 -2.8010285e+00 -2.4957851e+00 -2.8233316e+00 -2.2786856e+00 -2.2289355e+00 -3.2365006e+00 -2.5701732e+00 -2.2567012e+00
-1.1575000e+00 -3.4075740e+00 -3.1652734e+00 -2.7640655e+00 -2.7080356e+00 -2.5333726e+00 -2.5647980e+00 -2.1535514e+00 -2.7391177e+00 -3.0284516e+00 -2.3986394e+00
-1.1500000e+00 -3.4999714e+00 -3.0893704e+00 -2.8210209e+00 -2.9094001e+00 -2.3828234e+00 -2.9700887e+00 -2.1918971e+00 -2.4228583e+00 -3.5246727e+00 -2.6449839e+00
-1.1425000e+00 -3.5868470e+00 -3.1325363e+00 -2.9345470e+00 -2.8368871e+00 -2.3890126e+00 -2.9488926e+00 -2.3547841e+00 -2.2669262e+00 -3.0597525e+00 -3.0629322e+00
-1.1350000e+00 -3.5598187e+00 -3.3016883e+00 -3.0140874e+00 -2.6785818e+00 -2.5521298e+00 -2.5948213e+00 -2.6795068e+00 -2.2333542e+00 -2.6448784e+00 -3.6838416e+00
-1.1275000e+00 -3.5432903e+00 -3.3370675e+00 -3.0031691e+00 -2.6419433e+00 -2.8478668e+00 -2.3954865e+00 -3.1316423e+00 -2.3168651e+00 -2.4274659e+00 -3.3599160e+00
-1.1200000e+00 -3.6352943e+00 -3.2148736e+00 -2.9622121e+00 -2.7484601e+00 -2.9734930e+00 -2.3688663e+00 -2.9937320e+00 -2.5405455e+00 -2.3459997e+00 -2.8693271e+00
-1.1125000e+00 -3.7014934e+00 -3.2528626e+00 -2.9704659e+00 -2.9202322e+00 -2.7487110e+00 -2.5118726e+00 -2.6089387e+00 -2.9596097e+00 -2.3820742e+00 -2.6096074e+00
-1.1050000e+00 -3.6306456e+00 -3.4376645e+00 -3.0614277e+00 -2.9554422e+00 -2.5968705e+00 -2.8320042e+00 -2.4217402e+00 -3.3451057e+00 -2.5478495e+00 -2.4985989e+00
-1.0975000e+00 -3.7092939e+00 -3.4027468e+00 -3.1693517e+00 -2.8683907e+00 -2.6291577e+00 -3.0779369e+00 -2.4157049e+00 -2.9308370e+00 -2.8930323e+00 -2.5077735e+00
-1.0900000e+00 -3.7970857e+00 -3.3257756e+00 -3.1360687e+00 -2.8484129e+00 -2.8313459e+00 -2.8174209e+00 -2.5913755e+00 -2.5959132e+00 -3.4461463e+00 -2.6427644e+00
-1.0825000e+00 -3.7137776e+00 -3.4541924e+00 -3.0712335e+00 -2.9271925e+00 -3.0205748e+00 -2.6005619e+00 -2.9687701e+00 -2.4741038e+00 -3.2731384e+00 -2.9463925e+00
-1.0750000e+00 -3.8307781e+00 -3.5191061e+00 -3.1654774e+00 -3.0203318e+00 -2.9089226e+00 -2.5960604e+00 -3.1843093e+00 -2.5353004e+00 -2.8180047e+00 -3.5049151e+00
-1.0675000e+00 -3.8405200e+00 -3.4488835e+00 -3.3177227e+00 -3.0421164e+00 -2.7874228e+00 -2.8032270e+00 -2.8325504e+00 -2.7994092e+00 -2.6106238e+00 -3.5869822e+00
-1.0600000e+00 -3.8283131e+00 -3.5159671e+00 -3.2164138e+00 -3.0224415e+00 -2.8400388e+00 -3.0894445e+00 -2.6206476e+00 -3.2658589e+00 -2.5988901e+00 -3.0487014e+00
-1.0525000e+00 -3.9272429e+00 -3.5920694e+00 -3.1887252e+00 -3.0250681e+00 -3.0099378e+00 -2.9734788e+00 -2.6459737e+00 -3.1890220e+00 -2.7822781e+00 -2.7826128e+00
-1.0450000e+00 -3.8983844e+00 -3.5647530e+00 -3.3849079e+00 -3.0960707e+00 -3.0547547e+00 -2.7778294e+00 -2.9084004e+00 -2.8035532e+00 -3.2148267e+00 -2.7271918e+00
-1.0375000e+00 -3.9556851e+00 -3.5930383e+00 -3.3528813e+00 -3.1882273e+00 -2.9731345e+00 -2.8042166e+00 -3.2251616e+00 -2.6726488e+00 -3.5153220e+00 -2.8655715e+00
-1.0300000e+00 -3.9903736e+00 -3.6915852e+00 -3.2759081e+00 -3.1454729e+00 -2.9833905e+00 -3.0288539e+00 -2.9981733e+00 -2.7932491e+00 -3.0497196e+00 -3.2520448e+00
-1.0225000e+00 -3.9920650e+00 -3.6316523e+00 -3.4596568e+00 -3.1228516e+00 -3.0787208e+00 -3.1239482e+00 -2.7930934e+00 -3.1715841e+00 -2.8010934e+00 -3.7561342e+00
-1.0150000e+00 -4.0615222e+00 -3.7255569e+00 -3.4252973e+00 -3.2763138e+00 -3.1321311e+00 -2.9654089e+00 -2.8612086e+00 -3.3296267e+00 -2.8220382e+00 -3.3054350e+00
-1.0075000e+00 -4.0546554e+00 -3.7378682e+00 -3.3947721e+00 -3.2816523e+00 -3.1237046e+00 -2.9530110e+00 -3.1571205e+00 -2.9688339e+00 -3.1203000e+00 -2.9736089e+00
-1.0000000e+00 -4.1090656e+00 -3.7386059e+00 -3.5415049e+00 -3.1926606e+00 -3.1200504e+00 -3.1135125e+00 -3.1938287e+00 -2.8505567e+00 -3.5576032e+00 -2.9334664e+00
-9.9250000e-01 -4.1276934e+00 -3.8308775e+00 -3.4817487e+00 -3.3726739e+00 -3.1816857e+00 -3.1668073e+00 -2.9736212e+00 -3.0400960e+00 -3.2241240e+00 -3.1738200e+00
-9.8500000e-01 -4.1610633e+00 -3.7866566e+00 -3.5313595e+00 -3.3562036e+00 -3.2681174e+00 -3.0915420e+00 -2.9990787e+00 -3.3893020e+00 -2.9627694e+00 -3.6964499e+00
-9.7750000e-01 -4.1950015e+00 -3.8887401e+00 -3.5972336e+00 -3.2917801e+00 -3.2128471e+00 -3.1310783e+00 -3.2346557e+00 -3.1883370e+00 -3.0355644e+00 -3.4927439e+00
-9.7000000e-01 -4.2001633e+00 -3.8559763e+00 -3.5680265e+00 -3.4973740e+00 -3.2400766e+00 -3.2188203e+00 -3.2222587e+00 -3.0075149e+00 -3.4264436e+00 -3.1303694e+00
-9.6250000e-01 -4.2878060e+00 -3.9378835e+00 -3.6536297e+00 -3.3725571e+00 -3.3907180e+00 -3.2349443e+00 -3.1004440e+00 -3.1621009e+00 -3.4707011e+00 -3.1264715e+00
-9.5500000e-01 -4.2585932e+00 -3.9184033e+00 -3.6446612e+00 -3.4684270e+00 -3.2790950e+00 -3.2306956e+00 -3.2075649e+00 -3.4255640e+00 -3.1406668e+00 -3.4819138e+00
-9.4750000e-01 -4.3015658e+00 -4.0056823e+00 -3.6948835e+00 -3.5099920e+00 -3.3602234e+00 -3.2621726e+00 -3.3172922e+00 -3.2299986e+00 -3.1652720e+00 -3.7431729e+00
-9.4000000e-01 -4.3614228e+00 -3.9725334e+00 -3.7136709e+00 -3.4781020e+00 -3.4634565e+00 -3.3535446e+00 -3.2459047e+00 -3.1729769e+00 -3.5187058e+00 -3.3286212e+00
-9.3250000e-01 -4.3537544e+00 -4.0466246e+00 -3.7596448e+00 -3.5898102e+00 -3.3390133e+00 -3.3201262e+00 -3.2845257e+00 -3.3968770e+00 -3.4634395e+00 -3.2583071e+00
-9.2500000e-01 -4.3912027e+00 -4.0844855e+00 -3.7555240e+00 -3.5438464e+00 -3.5560033e+00 -3.3416797e+00 -3.3591904e+00 -3.3920832e+00 -3.2459937e+00 -3.5962661e+00
-9.1750000e-01 -4.4573751e+00 -4.0560083e+00 -3.8476383e+00 -3.6295667e+00 -3.4204053e+00 -3.4740794e+00 -3.3686727e+00 -3.2917653e+00 -3.4183125e+00 -3.7210236e+00
-9.1000000e-01 -4.4801410e+00 -4.1435559e+00 -3.7965630e+00 -3.6240059e+00 -3.5581308e+00 -3.3587031e+00 -3.3791891e+00 -3.4349559e+00 -3.6109514e+00 -3.3933894e+00
-9.0250000e-01 -4.4821688e+00 -4.1584066e+00 -3.9074124e+00 -3.6732340e+00 -3.5237388e+00 -3.5217465e+00 -3.4234793e+00 -3.4611890e+00 -3.3926263e+00 -3.4872497e+00
-8.9500000e-01 -4.5044386e+00 -4.1676755e+00 -3.8770309e+00 -3.6868610e+00 -3.5825208e+00 -3.4652597e+00 -3.4879526e+00 -3.4229041e+00 -3.4771678e+00 -3.8218087e+00
-8.8750000e-01 -4.5455536e+00 -4.2352959e+00 -3.9397978e+00 -3.7499097e+00 -3.6000120e+00 -3.5130916e+00 -3.4355543e+00 -3.5080756e+00 -3.6457615e+00 -3.5650187e+00
-8.8000000e-01 -4.5881528e+00 -4.2593340e+00 -3.9560682e+00 -3.7148393e+00 -3.6386498e+00 -3.5804111e+00 -3.5719688e+00 -3.5272509e+00 -3.5037593e+00 -3.5571167e+00
-8.7250000e-01 -4.6230534e+00 -4.2502068e+00 -3.9672152e+00 -3.8467778e+00 -3.6580551e+00 -3.5400773e+00 -3.5076782e+00 -3.5452207e+00 -3.6045597e+00 -3.8414284e+00
-8.6500000e-01 -4.6538624e+00 -4.2743180e+00 -4.0560318e+00 -3.7771097e+00 -3.6984875e+00 -3.6547048e+00 -3.5934781e+00 -3.5709570e+00 -3.6610757e+00 -3.6577213e+00
-8.5750000e-01 -4.6881471e+00 -4.3269561e+00 -4.0588300e+00 -3.8415729e+00 -3.7250649e+00 -3.6063899e+00 -3.6055371e+00 -3.6445878e+00 -3.6229744e+00 -3.6990018e+00
-8.5000000e-01 -4.7218340e+00 -4.3757045e+00 -4.0404117e+00 -3.9208490e+00 -3.7494637e+00 -3.6887311e+00 -3.6229355e+00 -3.5958622e+00 -3.7078369e+00 -3.8628896e+00
-8.4250000e-01 -4.7431538e+00 -4.4082604e+00 -4.0922906e+00 -3.8779449e+00 -3.7785962e+00 -3.7019629e+00 -3.6793754e+00 -3.7325731e+00 -3.7134406e+00 -3.7318305e+00
-8.3500000e-01 -4.7654447e+00 -4.4335284e+00 -4.1583235e+00 -3.9289423e+00 -3.8474872e+00 -3.7085557e+00 -3.6894898e+00 -3.6440186e+00 -3.7453278e+00 -3.8679819e+00
-8.2750000e-01 -4.7886043e+00 -4.4611929e+00 -4.1827073e+00 -3.9817915e+00 -3.7979115e+00 -3.7917659e+00 -3.7114939e+00 -3.8024354e+00 -3.7762664e+00 -3.8512918e+00
-8.2000000e-01 -4.8023148e+00 -4.4915761e+00 -4.1878700e+00 -3.9825858e+00 -3.8882128e+00 -3.7649719e+00 -3.7969164e+00 -3.6945642e+00 -3.8171148e+00 -3.8830559e+00
-8.1250000e-01 -4.8465489e+00 -4.5182066e+00 -4.2042409e+00 -4.0199058e+00 -3.9546042e+00 -3.8341842e+00 -3.7249230e+00 -3.8828149e+00 -3.8198143e+00 -3.9237134e+00
-8.0500000e-01 -4.8898609e+00 -4.5434045e+00 -4.2338552e+00 -4.0860794e+00 -3.8988936e+00 -3.8356971e+00 -3.8934640e+00 -3.7381073e+00 -3.8905859e+00 -3.9534028e+00
-7.9750000e-01 -4.9158038e+00 -4.5840971e+00 -4.2679140e+00 -4.1235155e+00 -3.9292220e+00 -3.8997703e+00 -3.7975300e+00 -3.9546444e+00 -3.8785436e+00 -3.9621707e+00
-7.9000000e-01 -4.9294980e+00 -4.6270950e+00 -4.3016540e+00 -4.1299854e+00 -4.0169167e+00 -3.9153084e+00 -3.8818032e+00 -3.8165130e+00 -3.9322827e+00 -4.0394058e+00
-7.8250000e-01 -4.9791094e+00 -4.6389582e+00 -4.3368335e+00 -4.1373257e+00 -4.0511274e+00 -3.8967617e+00 -3.9306827e+00 -3.9323272e+00 -3.9812812e+00 -4.0009042e+00
-7.7500000e-01 -4.9914908e+00 -4.6587805e+00 -4.3739152e+00 -4.1592019e+00 -4.0514865e+00 -3.9758963e+00 -3.9149361e+00 -3.9852780e+00 -3.9309534e+00 -4.1152788e+00
-7.6750000e-01 -5.0364991e+00 -4.6764897e+00 -4.4017657e+00 -4.1920598e+00 -4.0741815e+00 -4.0592723e+00 -3.9707335e+00 -3.9034026e+00 -4.1184058e+00 -4.0635773e+00
-7.6000000e-01 -5.0550420e+00 -4.7345499e+00 -4.4156425e+00 -4.2273323e+00 -4.1202971e+00 -4.0487411e+00 -3.9860080e+00 -4.0440518e+00 -3.9706374e+00 -4.1401467e+00
-7.5250000e-01 -5.1030948e+00 -4.7562560e+00 -4.4493268e+00 -4.2561151e+00 -4.1700518e+00 -4.0266308e+00 -4.0138035e+00 -4.0567838e+00 -4.1022051e+00 -4.1935435e+00
-7.4500000e-01 -5.1123570e+00 -4.7736898e+00 -4.5083447e+00 -4.2747163e+00 -4.2121032e+00 -4.0482532e+00 -4.0869947e+00 -4.0254550e+00 -4.1698996e+00 -4.1161094e+00
-7.3750000e-01 -5.1477275e+00 -4.8270961e+00 -4.5398001e+00 -4.2958370e+00 -4.2454618e+00 -4.0976482e+00 -4.1224332e+00 -4.0890792e+00 -4.0657375e+00 -4.3156837e+00
-7.3000000e-01 -5.1879705e+00 -4.8279157e+00 -4.5651894e+00 -4.3413629e+00 -4.2705990e+00 -4.1474262e+00 -4.1069221e+00 -4.1312625e+00 -4.1672795e+00 -4.2255042e+00
-7.2250000e-01 -5.2169785e+00 -4.8816858e+00 -4.5670599e+00 -4.3971805e+00 -4.2870472e+00 -4.1866982e+00 -4.1003477e+00 -4.1443724e+00 -4.2639365e+00 -4.2141589e+00
-7.1500000e-01 -5.2417564e+00 -4.8911699e+00 -4.6375320e+00 -4.4256032e+00 -4.3011738e+00 -4.2199125e+00 -4.1238240e+00 -4.1874201e+00 -4.2226711e+00 -4.3945771e+00
-7.0750000e-01 -5.2654024e+00 -4.9433774e+00 -4.6410725e+00 -4.4587302e+00 -4.3276168e+00 -4.2557623e+00 -4.1649185e+00 -4.2448467e+00 -4.2230260e+00 -4.3702988e+00
-7.0000000e-01 -5.3002709e+00 -4.9678143e+00 -4.6740384e+00 -4.4632646e+00 -4.3607696e+00 -4.2988682e+00 -4.2081524e+00 -4.2802439e+00 -4.2778773e+00 -4.3022193e+00
-6.5000000e-01 -5.5050410e+00 -5.1547497e+00 -4.8795419e+00 -4.6912070e+00 -4.5528240e+00 -4.4543533e+00 -4.4387448e+00 -4.4217957e+00 -4.5453699e+00 -4.5681311e+00
-6.0000000e-01 -5.6937170e+00 -5.3674890e+00 -5.0690742e+00 -4.8880905e+00 -4.7392692e+00 -4.6673636e+00 -4.6608302e+00 -4.6072914e+00 -4.6872624e+00 -4.8211439e+00
-5.5000000e-01 -5.9050116e+00 -5.5655948e+00 -5.2839429e+00 -5.0645494e+00 -4.9649035e+00 -4.8545536e+00 -4.8513428e+00 -4.8294920e+00 -4.9083668e+00 -4.9391243e+00
-5.0000000e-01 -6.0971386e+00 -5.7636693e+00 -5.4844946e+00 -5.2675025e+00 -5.1589376e+00 -5.0781591e+00 -5.0334026e+00 -5.0221302e+00 -5.0975943e+00 -5.1608002e+00
-4.0000000e-01 -6.4489261e+00 -6.1593492e+00 -5.8780340e+00 -5.6787220e+00 -5.5540085e+00 -5.4646059e+00 -5.4437112e+00 -5.4432308e+00 -5.4775057e+00 -5.5758064e+00
-2.0000000e-01 -7.3935183e+00 -6.9166338e+00 -6.6382825e+00 -6.4772773e+00 -6.3513757e+00 -6.2688272e+00 -6.2342586e+00 -6.2473941e+00 -6.2874467e+00 -6.3618859e+00
0.0000000e+00 -8.0770160e+00 -7.7196012e+00 -7.4615955e+00 -7.2518694e+00 -7.1309030e+00 -7.0901559e+00 -7.0404128e+00 -7.0416427e+00 -7.0885126e+00 -7.1684733e+00
2.0000000e-01 -8.8400123e+00 -8.5784058e+00 -8.2779531e+00 -8.0655257e+00 -7.9380333e+00 -7.8625845e+00 -7.8659049e+00 -7.8182069e+00 -7.9063053e+00 -7.9752750e+00
4.0000000e-01 -9.7511035e+00 -9.3307644e+00 -9.1134767e+00 -8.8727330e+00 -8.7475919e+00 -8.7080651e+00 -8.6265006e+00 -8.6472051e+00 -8.6882024e+00 -8.7623323e+00
6.0000000e-01 -1.0514180e+01 -1.0167398e+01 -9.8427890e+00 -9.6647835e+00 -9.5115852e+00 -9.4956166e+00 -9.4115675e+00 -9.3869109e+00 -9.5051760e+00 -9.5531249e+00
8.0000000e-01 -1.1267982e+01 -1.0947492e+01 -1.0693485e+01 -1.0481853e+01 -1.0317106e+01 -1.0269094e+01 -1.0207759e+01 -1.0298774e+01 -1.0258863e+01 -1.0323880e+01
1.0000000e+00 -1.2101241e+01 -1.1764508e+01 -1.1498348e+01 -1.1300473e+01 -1.1109897e+01 -1.1128986e+01 -1.1008958e+01 -1.1018653e+01 -1.1126507e+01 -1.1204993e+01
1.2000000e+00 -1.2867899e+01 -1.2624100e+01 -1.2282544e+01 -1.2047304e+01 -1.1989069e+01 -1.1872217e+01 -1.1859428e+01 -1.1852853e+01 -1.1922747e+01 -1.1973393e+01
1.4000000e+00 -1.3698840e+01 -1.3371284e+01 -1.3047180e+01 -1.2831854e+01 -1.2752622e+01 -1.2630746e+01 -1.2669006e+01 -1.2629493e+01 -1.2665232e+01 -1.2793560e+01
1.6000000e+00 -1.4495724e+01 -1.4134303e+01 -1.3891906e+01 -1.3630769e+01 -1.3551163e+01 -1.3477754e+01 -1.3445670e+01 -1.3398734e+01 -1.3524627e+01 -1.3608038e+01
1.8000000e+00 -1.5345923e+01 -1.4976247e+01 -1.4685386e+01 -1.4490103e+01 -1.4331834e+01 -1.4306166e+01 -1.4257569e+01 -1.4256460e+01 -1.4326619e+01 -1.4384107e+01
2.0000000e+00 -1.6201626e+01 -1.5759004e+01 -1.5562932e+01 -1.5303660e+01 -1.5152145e+01 -1.5046512e+01 -1.5040314e+01 -1.5039544e+01 -1.5065660e+01 -1.5189586e+01