########################################################################
# Reference Counts for Solar Model AGSS09met_old                       #
# Column 1: log10(Axion mass in eV)                                    #
#        n>1: log10(Reference photon counts in energy bin n-1)         #
########################################################################
-3.0000000e+00 -2.4650054e+00 -2.4565159e+00 -2.4374971e+00 -2.4519957e+00 -2.5290051e+00 -2.6032632e+00 -2.7055365e+00 -2.8218101e+00 -2.9241719e+00 -2.8406712e+00
-2.8000000e+00 -2.4650263e+00 -2.4565300e+00 -2.4375071e+00 -2.4520032e+00 -2.5290110e+00 -2.6032679e+00 -2.7055403e+00 -2.8218133e+00 -2.9241746e+00 -2.8406735e+00
-2.6000000e+00 -2.4651582e+00 -2.4566192e+00 -2.4375707e+00 -2.4520510e+00 -2.5290482e+00 -2.6032977e+00 -2.7055647e+00 -2.8218336e+00 -2.9241918e+00 -2.8406884e+00
-2.4000000e+00 -2.4659909e+00 -2.4571816e+00 -2.4379716e+00 -2.4523523e+00 -2.5292830e+00 -2.6034855e+00 -2.7057185e+00 -2.8219618e+00 -2.9242999e+00 -2.8407825e+00
-2.2000000e+00 -2.4712515e+00 -2.4607333e+00 -2.4405033e+00 -2.4542546e+00 -2.5307647e+00 -2.6046711e+00 -2.7066893e+00 -2.8227707e+00 -2.9249821e+00 -2.8413760e+00
-2.1500000e+00 -2.4749150e+00 -2.4632052e+00 -2.4422646e+00 -2.4555778e+00 -2.5317952e+00 -2.6054956e+00 -2.7073642e+00 -2.8233332e+00 -2.9254565e+00 -2.8417886e+00
-2.1000000e+00 -2.4807330e+00 -2.4671284e+00 -2.4450590e+00 -2.4576764e+00 -2.5334294e+00 -2.6068028e+00 -2.7084344e+00 -2.8242248e+00 -2.9262085e+00 -2.8424427e+00
-2.0500000e+00 -2.4899840e+00 -2.4733603e+00 -2.4494949e+00 -2.4610067e+00 -2.5360219e+00 -2.6088763e+00 -2.7101316e+00 -2.8256388e+00 -2.9274008e+00 -2.8434798e+00
-2.0000000e+00 -2.5047222e+00 -2.4832726e+00 -2.4565376e+00 -2.4662950e+00 -2.5401370e+00 -2.6121666e+00 -2.7128242e+00 -2.8278816e+00 -2.9292918e+00 -2.8451244e+00
-1.9500000e+00 -2.5282765e+00 -2.4990725e+00 -2.4677385e+00 -2.4747025e+00 -2.5466747e+00 -2.6173915e+00 -2.7170984e+00 -2.8314410e+00 -2.9322923e+00 -2.8477336e+00
-1.9000000e+00 -2.5661150e+00 -2.5243449e+00 -2.4856501e+00 -2.4880935e+00 -2.5570764e+00 -2.6256979e+00 -2.7238897e+00 -2.8370941e+00 -2.9370561e+00 -2.8518753e+00
-1.8500000e+00 -2.6274275e+00 -2.5650001e+00 -2.5143140e+00 -2.5094860e+00 -2.5736640e+00 -2.6389279e+00 -2.7346968e+00 -2.8460839e+00 -2.9446278e+00 -2.8584556e+00
-1.8475000e+00 -2.6313550e+00 -2.5675916e+00 -2.5161359e+00 -2.5108433e+00 -2.5747152e+00 -2.6397656e+00 -2.7353807e+00 -2.8466526e+00 -2.9451065e+00 -2.8588716e+00
-1.8400000e+00 -2.6437413e+00 -2.5757542e+00 -2.5218701e+00 -2.5151134e+00 -2.5780214e+00 -2.6423998e+00 -2.7375309e+00 -2.8484402e+00 -2.9466115e+00 -2.8601792e+00
-1.8325000e+00 -2.6570921e+00 -2.5845359e+00 -2.5280313e+00 -2.5196982e+00 -2.5815696e+00 -2.6452260e+00 -2.7398373e+00 -2.8503574e+00 -2.9482253e+00 -2.8615812e+00
-1.8250000e+00 -2.6714895e+00 -2.5939842e+00 -2.5346526e+00 -2.5246217e+00 -2.5853781e+00 -2.6482585e+00 -2.7423114e+00 -2.8524135e+00 -2.9499559e+00 -2.8630844e+00
-1.8175000e+00 -2.6870240e+00 -2.6041541e+00 -2.5417701e+00 -2.5299098e+00 -2.5894664e+00 -2.6515125e+00 -2.7449655e+00 -2.8546189e+00 -2.9518117e+00 -2.8646963e+00
-1.8100000e+00 -2.7038003e+00 -2.6151053e+00 -2.5494293e+00 -2.5355906e+00 -2.5938556e+00 -2.6550046e+00 -2.7478131e+00 -2.8569845e+00 -2.9538021e+00 -2.8664249e+00
-1.8025000e+00 -2.7219187e+00 -2.6269023e+00 -2.5576597e+00 -2.5416943e+00 -2.5985687e+00 -2.6587528e+00 -2.7508685e+00 -2.8595221e+00 -2.9559368e+00 -2.8682785e+00
-1.7950000e+00 -2.7415066e+00 -2.6396159e+00 -2.5665141e+00 -2.5482539e+00 -2.6036304e+00 -2.6627764e+00 -2.7541472e+00 -2.8622445e+00 -2.9582266e+00 -2.8702666e+00
-1.7875000e+00 -2.7626998e+00 -2.6533240e+00 -2.5760368e+00 -2.5553049e+00 -2.6090674e+00 -2.6670960e+00 -2.7576660e+00 -2.8651655e+00 -2.9606828e+00 -2.8723988e+00
-1.7800000e+00 -2.7856503e+00 -2.6681121e+00 -2.5862945e+00 -2.5628862e+00 -2.6149085e+00 -2.6717343e+00 -2.7614428e+00 -2.8682998e+00 -2.9633177e+00 -2.8746859e+00
-1.7725000e+00 -2.8105280e+00 -2.6840744e+00 -2.5973412e+00 -2.5710398e+00 -2.6211852e+00 -2.6767154e+00 -2.7654971e+00 -2.8716633e+00 -2.9661447e+00 -2.8771393e+00
-1.7650000e+00 -2.8375242e+00 -2.7013152e+00 -2.6092427e+00 -2.5798101e+00 -2.6279313e+00 -2.6820656e+00 -2.7698499e+00 -2.8752732e+00 -2.9691780e+00 -2.8797712e+00
-1.7575000e+00 -2.8668548e+00 -2.7199497e+00 -2.6220707e+00 -2.5892495e+00 -2.6351836e+00 -2.6878134e+00 -2.7745238e+00 -2.8791480e+00 -2.9724330e+00 -2.8825950e+00
-1.7500000e+00 -2.8987655e+00 -2.7401062e+00 -2.6359042e+00 -2.5994112e+00 -2.6429823e+00 -2.6939896e+00 -2.7795433e+00 -2.8833078e+00 -2.9759263e+00 -2.8856248e+00
-1.7425000e+00 -2.9335365e+00 -2.7619275e+00 -2.6508300e+00 -2.6103544e+00 -2.6513708e+00 -2.7006274e+00 -2.7849350e+00 -2.8877740e+00 -2.9796757e+00 -2.8888761e+00
-1.7350000e+00 -2.9714901e+00 -2.7855736e+00 -2.6669440e+00 -2.6221443e+00 -2.6603964e+00 -2.7077631e+00 -2.7907275e+00 -2.8925701e+00 -2.9837005e+00 -2.8923653e+00
-1.7275000e+00 -3.0130267e+00 -2.8112240e+00 -2.6843521e+00 -2.6348519e+00 -2.6701106e+00 -2.7154359e+00 -2.7969518e+00 -2.8977211e+00 -2.9880217e+00 -2.8961105e+00
-1.7200000e+00 -3.0585280e+00 -2.8390814e+00 -2.7031551e+00 -2.6485555e+00 -2.6805700e+00 -2.7236885e+00 -2.8036416e+00 -2.9032544e+00 -2.9926616e+00 -2.9001308e+00
-1.7125000e+00 -3.1085340e+00 -2.8693756e+00 -2.7235169e+00 -2.6633410e+00 -2.6918359e+00 -2.7325675e+00 -2.8108335e+00 -2.9091995e+00 -2.9976446e+00 -2.9044471e+00
-1.7050000e+00 -3.1636548e+00 -2.9023688e+00 -2.7455666e+00 -2.6793033e+00 -2.7039758e+00 -2.7421235e+00 -2.8185670e+00 -2.9155883e+00 -3.0029969e+00 -2.9090818e+00
-1.6975000e+00 -3.2246251e+00 -2.9383617e+00 -2.7694676e+00 -2.6965473e+00 -2.7170636e+00 -2.7524117e+00 -2.8268853e+00 -2.9224556e+00 -3.0087470e+00 -2.9140592e+00
-1.6900000e+00 -3.2923398e+00 -2.9777020e+00 -2.7954033e+00 -2.7151893e+00 -2.7311753e+00 -2.7634926e+00 -2.8358353e+00 -2.9298389e+00 -3.0149258e+00 -2.9194056e+00
-1.6825000e+00 -3.3679052e+00 -3.0207946e+00 -2.8235816e+00 -2.7353585e+00 -2.7464109e+00 -2.7754321e+00 -2.8454682e+00 -2.9377792e+00 -3.0215666e+00 -2.9251494e+00
-1.6750000e+00 -3.4527143e+00 -3.0681159e+00 -2.8542381e+00 -2.7571994e+00 -2.7628639e+00 -2.7883028e+00 -2.8558398e+00 -2.9463208e+00 -3.0287055e+00 -2.9313213e+00
-1.6675000e+00 -3.5485300e+00 -3.1202320e+00 -2.8876424e+00 -2.7808735e+00 -2.7806437e+00 -2.8021843e+00 -2.8670110e+00 -2.9555123e+00 -3.0363821e+00 -2.9379548e+00
-1.6600000e+00 -3.6576555e+00 -3.1778192e+00 -2.9241044e+00 -2.8065626e+00 -2.7998717e+00 -2.8171643e+00 -2.8790488e+00 -2.9654064e+00 -3.0446390e+00 -2.9450861e+00
-1.6525000e+00 -3.7831102e+00 -3.2417053e+00 -2.9639834e+00 -2.8344723e+00 -2.8206832e+00 -2.8333396e+00 -2.8920263e+00 -2.9760609e+00 -3.0535228e+00 -2.9527544e+00
-1.6450000e+00 -3.9287630e+00 -3.3129110e+00 -3.0076990e+00 -2.8648360e+00 -2.8432294e+00 -2.8508170e+00 -2.9060241e+00 -2.9875387e+00 -3.0630843e+00 -2.9610025e+00
-1.6375000e+00 -4.0998043e+00 -3.3927193e+00 -3.0557462e+00 -2.8979203e+00 -2.8676799e+00 -2.8697156e+00 -2.9211308e+00 -2.9999089e+00 -3.0733787e+00 -2.9698769e+00
-1.6300000e+00 -4.3012087e+00 -3.4827742e+00 -3.1087155e+00 -2.9340322e+00 -2.8942260e+00 -2.8901675e+00 -2.9374444e+00 -3.0132475e+00 -3.0844666e+00 -2.9794283e+00
-1.6225000e+00 -4.5319129e+00 -3.5852308e+00 -3.1673193e+00 -2.9735271e+00 -2.9230843e+00 -2.9123203e+00 -2.9550733e+00 -3.0276378e+00 -3.0964142e+00 -2.9897121e+00
-1.6150000e+00 -4.7579878e+00 -3.7029756e+00 -3.2324302e+00 -3.0168206e+00 -2.9545066e+00 -2.9363399e+00 -2.9741376e+00 -3.0431717e+00 -3.1092942e+00 -3.0007886e+00
-1.6075000e+00 -4.8625946e+00 -3.8399840e+00 -3.3051341e+00 -3.0644026e+00 -2.9887657e+00 -2.9624128e+00 -2.9947715e+00 -3.0599509e+00 -3.1231864e+00 -3.0127242e+00
-1.6000000e+00 -4.7594064e+00 -4.0018263e+00 -3.3868083e+00 -3.1168578e+00 -3.0261930e+00 -2.9907502e+00 -3.0171247e+00 -3.0780881e+00 -3.1381786e+00 -3.0255913e+00
-1.5925000e+00 -4.5615690e+00 -4.1962487e+00 -3.4792385e+00 -3.1748921e+00 -3.0671682e+00 -3.0215924e+00 -3.0413653e+00 -3.0977083e+00 -3.1543680e+00 -3.0394699e+00
-1.5850000e+00 -4.3713118e+00 -4.4326609e+00 -3.5848002e+00 -3.2393704e+00 -3.1121371e+00 -3.0552146e+00 -3.0676826e+00 -3.1189512e+00 -3.1718618e+00 -3.0544477e+00
-1.5775000e+00 -4.2139307e+00 -4.7124739e+00 -3.7067482e+00 -3.3113700e+00 -3.1616231e+00 -3.0919339e+00 -3.0962913e+00 -3.1419731e+00 -3.1907794e+00 -3.0706218e+00
-1.5700000e+00 -4.0891752e+00 -4.9698073e+00 -3.8496941e+00 -3.3922594e+00 -3.2162699e+00 -3.1321188e+00 -3.1274356e+00 -3.1669495e+00 -3.2112533e+00 -3.0880996e+00
-1.5625000e+00 -3.9926479e+00 -4.9859057e+00 -4.0204021e+00 -3.4838171e+00 -3.2768433e+00 -3.1762011e+00 -3.1613957e+00 -3.1940788e+00 -3.2334320e+00 -3.1070001e+00
-1.5550000e+00 -3.9204496e+00 -4.7613477e+00 -4.2290311e+00 -3.5884177e+00 -3.3442951e+00 -3.2246920e+00 -3.1984948e+00 -3.2235862e+00 -3.2574818e+00 -3.1274562e+00
-1.5475000e+00 -3.8698671e+00 -4.5155299e+00 -4.4901227e+00 -3.7093345e+00 -3.4198224e+00 -3.2782033e+00 -3.2391086e+00 -3.2557287e+00 -3.2835903e+00 -3.1496163e+00
-1.5400000e+00 -3.8392252e+00 -4.3149258e+00 -4.8139691e+00 -3.8512549e+00 -3.5049628e+00 -3.3374776e+00 -3.2836783e+00 -3.2908015e+00 -3.3119698e+00 -3.1736466e+00
-1.5325000e+00 -3.8277457e+00 -4.1588713e+00 -5.1158385e+00 -4.0211907e+00 -3.6017426e+00 -3.4034296e+00 -3.3327271e+00 -3.3291465e+00 -3.3428619e+00 -3.1997350e+00
-1.5250000e+00 -3.8354094e+00 -4.0387843e+00 -5.0639742e+00 -4.2301160e+00 -3.7129139e+00 -3.4772065e+00 -3.3868824e+00 -3.3711625e+00 -3.3765438e+00 -3.2280937e+00
-1.5175000e+00 -3.8629474e+00 -3.9478310e+00 -4.7622629e+00 -4.4955414e+00 -3.8423530e+00 -3.5602776e+00 -3.4469073e+00 -3.4173197e+00 -3.4133347e+00 -3.2589647e+00
-1.5100000e+00 -3.9118263e+00 -3.8814442e+00 -4.4902528e+00 -4.8400587e+00 -3.9957675e+00 -3.6545725e+00 -3.5137445e+00 -3.4681777e+00 -3.4536063e+00 -3.2926253e+00
-1.5025000e+00 -3.9843848e+00 -3.8368191e+00 -4.2822875e+00 -5.2159741e+00 -4.1820149e+00 -3.7627023e+00 -3.5885800e+00 -3.5244117e+00 -3.4977941e+00 -3.3293954e+00
-1.4950000e+00 -4.0838680e+00 -3.8124118e+00 -4.1246424e+00 -5.2045565e+00 -4.4156542e+00 -3.8883320e+00 -3.6729392e+00 -3.5868476e+00 -3.5464146e+00 -3.3696469e+00
-1.4875000e+00 -4.2144637e+00 -3.8076792e+00 -4.0049086e+00 -4.8528182e+00 -4.7212887e+00 -4.0368420e+00 -3.7688348e+00 -3.6565127e+00 -3.6000870e+00 -3.4138164e+00
-1.4800000e+00 -4.3801471e+00 -3.8229464e+00 -3.9150482e+00 -4.5491849e+00 -5.1279006e+00 -4.2165814e+00 -3.8790081e+00 -3.7347108e+00 -3.6595637e+00 -3.4624217e+00
-1.4725000e+00 -4.5791353e+00 -3.8594017e+00 -3.8501106e+00 -4.3247359e+00 -5.4669846e+00 -4.4414064e+00 -4.0073385e+00 -3.8231354e+00 -3.7257737e+00 -3.5160841e+00
-1.4650000e+00 -4.7827446e+00 -3.9192111e+00 -3.8071678e+00 -4.1574100e+00 -5.2013758e+00 -4.7359212e+00 -4.1595852e+00 -3.9240495e+00 -3.7998852e+00 -3.5755580e+00
-1.4575000e+00 -4.8973253e+00 -4.0057687e+00 -3.7846893e+00 -4.0312624e+00 -4.8175905e+00 -5.1413511e+00 -4.3448295e+00 -4.0405820e+00 -3.8833992e+00 -3.6417769e+00
-1.4500000e+00 -4.8389140e+00 -4.1240961e+00 -3.7822129e+00 -3.9367140e+00 -4.5363782e+00 -5.6005051e+00 -4.5785185e+00 -4.1772483e+00 -3.9782960e+00 -3.7159152e+00
-1.4425000e+00 -4.6858641e+00 -4.2812558e+00 -3.8002116e+00 -3.8680665e+00 -4.3323726e+00 -5.4230036e+00 -4.8892510e+00 -4.3409240e+00 -4.0872710e+00 -3.7994845e+00
-1.4350000e+00 -4.5384659e+00 -4.4856324e+00 -3.8401135e+00 -3.8219916e+00 -4.1805857e+00 -4.9852904e+00 -5.3289110e+00 -4.5428280e+00 -4.2141398e+00 -3.8944822e+00
-1.4275000e+00 -4.4312470e+00 -4.7379763e+00 -3.9044777e+00 -3.7967259e+00 -4.0665681e+00 -4.6712921e+00 -5.8130078e+00 -4.8029686e+00 -4.3645738e+00 -4.0036344e+00
-1.4200000e+00 -4.3698245e+00 -4.9813323e+00 -3.9973769e+00 -3.7916630e+00 -3.9820158e+00 -4.4487343e+00 -5.5123043e+00 -5.1607511e+00 -4.5475507e+00 -4.1308143e+00
-1.4125000e+00 -4.3537190e+00 -5.0239808e+00 -4.1250862e+00 -3.8071838e+00 -3.9220883e+00 -4.2850744e+00 -5.0584231e+00 -5.6842636e+00 -4.7785031e+00 -4.2818116e+00
-1.4050000e+00 -4.3824580e+00 -4.8384105e+00 -4.2971619e+00 -3.8446630e+00 -3.8840501e+00 -4.1625899e+00 -4.7493421e+00 -5.9898123e+00 -5.0869352e+00 -4.4658773e+00
-1.3975000e+00 -4.4563632e+00 -4.6261108e+00 -4.5272015e+00 -3.9066504e+00 -3.8665892e+00 -4.0714464e+00 -4.5318459e+00 -5.4643520e+00 -5.5345660e+00 -4.6991852e+00
-1.3900000e+00 -4.5746913e+00 -4.4657423e+00 -4.8249988e+00 -3.9972891e+00 -3.8694937e+00 -4.0059996e+00 -4.3721681e+00 -5.0544550e+00 -6.1298068e+00 -5.0138132e+00
-1.3825000e+00 -4.7286887e+00 -4.3636473e+00 -5.1191123e+00 -4.1231258e+00 -3.8935508e+00 -3.9630420e+00 -4.2528586e+00 -4.7803230e+00 -5.8440118e+00 -5.4847760e+00
-1.3750000e+00 -4.8835359e+00 -4.3154799e+00 -5.1054378e+00 -4.2945968e+00 -3.9406267e+00 -3.9409493e+00 -4.1643742e+00 -4.5851253e+00 -5.3309786e+00 -6.2094043e+00
-1.3675000e+00 -4.9650918e+00 -4.3186424e+00 -4.8348618e+00 -4.5283409e+00 -4.0139551e+00 -3.9392741e+00 -4.1012797e+00 -4.4408715e+00 -4.9994054e+00 -5.8379938e+00
-1.3600000e+00 -4.9313039e+00 -4.3738427e+00 -4.5902951e+00 -4.8459431e+00 -4.1187497e+00 -3.9585958e+00 -4.0605192e+00 -4.3331933e+00 -4.7710564e+00 -5.2686876e+00
-1.3525000e+00 -4.8425573e+00 -4.4847243e+00 -4.4209837e+00 -5.2102408e+00 -4.2634095e+00 -4.0005644e+00 -4.0405906e+00 -4.2541682e+00 -4.6049651e+00 -4.9245329e+00
-1.3450000e+00 -4.7695621e+00 -4.6550343e+00 -4.3182841e+00 -5.2410853e+00 -4.4618708e+00 -4.0681525e+00 -4.0411593e+00 -4.1992942e+00 -4.4812985e+00 -4.6916248e+00
-1.3375000e+00 -4.7415953e+00 -4.8733535e+00 -4.2735479e+00 -4.9172062e+00 -4.7376021e+00 -4.1662210e+00 -4.0629286e+00 -4.1661165e+00 -4.3895331e+00 -4.5233363e+00
-1.3300000e+00 -4.7641060e+00 -5.0569291e+00 -4.2835027e+00 -4.6361427e+00 -5.1192866e+00 -4.3026651e+00 -4.1077079e+00 -4.1535749e+00 -4.3237591e+00 -4.3984024e+00
-1.3225000e+00 -4.8318318e+00 -5.0476143e+00 -4.3500166e+00 -4.4469533e+00 -5.4699511e+00 -4.4907712e+00 -4.1787047e+00 -4.1617182e+00 -4.2806590e+00 -4.3058093e+00
-1.3150000e+00 -4.9296560e+00 -4.8935039e+00 -4.4799890e+00 -4.3318720e+00 -5.2519137e+00 -4.7540759e+00 -4.2811700e+00 -4.1916467e+00 -4.2585681e+00 -4.2394444e+00
-1.3075000e+00 -5.0288679e+00 -4.7526296e+00 -4.6840398e+00 -4.2783809e+00 -4.8848195e+00 -5.1321950e+00 -4.4237266e+00 -4.2456601e+00 -4.2570381e+00 -4.1958962e+00
-1.3000000e+00 -5.0923481e+00 -4.6805897e+00 -4.9592375e+00 -4.2817089e+00 -4.6285587e+00 -5.5880461e+00 -4.6212048e+00 -4.3276698e+00 -4.2766805e+00 -4.1734550e+00
-1.2925000e+00 -5.1008163e+00 -4.6854921e+00 -5.1831904e+00 -4.3434580e+00 -4.4655201e+00 -5.4696802e+00 -4.9009509e+00 -4.4440735e+00 -4.3192189e+00 -4.1716536e+00
-1.2850000e+00 -5.0712225e+00 -4.7658404e+00 -5.0951258e+00 -4.4716729e+00 -4.3735107e+00 -5.0458294e+00 -5.3127803e+00 -4.6055992e+00 -4.3877692e+00 -4.1911041e+00
-1.2775000e+00 -5.0384309e+00 -4.9103013e+00 -4.8629026e+00 -4.6818308e+00 -4.3418865e+00 -4.7519747e+00 -5.8026945e+00 -4.8314513e+00 -4.4874767e+00 -4.2335508e+00
-1.2700000e+00 -5.0345702e+00 -5.0701606e+00 -4.6939469e+00 -4.9885240e+00 -4.3682714e+00 -4.5659864e+00 -5.5631895e+00 -5.1591698e+00 -4.6268512e+00 -4.3021626e+00
-1.2625000e+00 -5.0834211e+00 -5.1375956e+00 -4.6191473e+00 -5.2935419e+00 -4.4572589e+00 -4.4575136e+00 -5.1180689e+00 -5.6556087e+00 -4.8207055e+00 -4.4022016e+00
-1.2550000e+00 -5.1911837e+00 -5.0789491e+00 -4.6369494e+00 -5.2051283e+00 -4.6216389e+00 -4.4122061e+00 -4.8297135e+00 -6.0139539e+00 -5.0972354e+00 -4.5424508e+00
-1.2475000e+00 -5.3098463e+00 -4.9997989e+00 -4.7480227e+00 -4.9131392e+00 -4.8850884e+00 -4.4257515e+00 -4.6503695e+00 -5.5184147e+00 -5.5150239e+00 -4.7384550e+00
-1.2400000e+00 -5.3219952e+00 -4.9747726e+00 -4.9490990e+00 -4.7087274e+00 -5.2620878e+00 -4.5014555e+00 -4.5480404e+00 -5.1174829e+00 -6.1045458e+00 -5.0208794e+00
-1.2325000e+00 -5.2348810e+00 -5.0165979e+00 -5.1750092e+00 -4.6144208e+00 -5.4878797e+00 -4.6512105e+00 -4.5088103e+00 -4.8697304e+00 -5.8975734e+00 -5.4604866e+00
-1.2250000e+00 -5.1938148e+00 -5.1035158e+00 -5.2108681e+00 -4.6220686e+00 -5.1937383e+00 -4.8999882e+00 -4.5290875e+00 -4.7191982e+00 -5.3871325e+00 -6.1710387e+00
-1.2175000e+00 -5.2758492e+00 -5.1893374e+00 -5.0521539e+00 -4.7333332e+00 -4.8931486e+00 -5.2852782e+00 -4.6132641e+00 -4.6400454e+00 -5.0730058e+00 -5.8963182e+00
-1.2100000e+00 -5.4463206e+00 -5.2335748e+00 -4.9232845e+00 -4.9568247e+00 -4.7227636e+00 -5.6562038e+00 -4.7753472e+00 -4.6222418e+00 -4.8804815e+00 -5.3211024e+00
-1.2025000e+00 -5.4885019e+00 -5.2392184e+00 -4.9006404e+00 -5.2518976e+00 -4.6666896e+00 -5.3849628e+00 -5.0454825e+00 -4.6651372e+00 -4.7695343e+00 -4.9929796e+00
-1.1950000e+00 -5.3743212e+00 -5.2297479e+00 -4.9883343e+00 -5.3215168e+00 -4.7174536e+00 -5.0244716e+00 -5.4736213e+00 -4.7765490e+00 -4.7235842e+00 -4.7954588e+00
-1.1875000e+00 -5.3538487e+00 -5.2242013e+00 -5.1543452e+00 -5.0947993e+00 -4.8843534e+00 -4.8157436e+00 -5.8443063e+00 -4.9764440e+00 -4.7379040e+00 -4.6821535e+00
-1.1800000e+00 -5.4857223e+00 -5.2508433e+00 -5.2779690e+00 -4.9173088e+00 -5.1837084e+00 -4.7324846e+00 -5.4643805e+00 -5.3079541e+00 -4.8163141e+00 -4.6349985e+00
-1.1725000e+00 -5.5991264e+00 -5.3353315e+00 -5.2401246e+00 -4.8751005e+00 -5.4975079e+00 -4.7603273e+00 -5.0966461e+00 -5.8265034e+00 -4.9727018e+00 -4.6489117e+00
-1.1650000e+00 -5.5322737e+00 -5.4356798e+00 -5.1568765e+00 -4.9710488e+00 -5.3607272e+00 -4.9066602e+00 -4.8965475e+00 -5.9310934e+00 -5.2388982e+00 -4.7278934e+00
-1.1575000e+00 -5.5015499e+00 -5.4254330e+00 -5.1464427e+00 -5.1884050e+00 -5.0770397e+00 -5.1988656e+00 -4.8240013e+00 -5.4340935e+00 -5.6822729e+00 -4.8868178e+00
-1.1500000e+00 -5.5914942e+00 -5.3518505e+00 -5.2180828e+00 -5.3782222e+00 -4.9364494e+00 -5.6023656e+00 -4.8651725e+00 -5.1209477e+00 -6.1915482e+00 -5.1613673e+00
-1.1425000e+00 -5.6780678e+00 -5.3850968e+00 -5.3152414e+00 -5.2906587e+00 -4.9521839e+00 -5.5545651e+00 -5.0314948e+00 -4.9672374e+00 -5.7684917e+00 -5.6402730e+00
-1.1350000e+00 -5.6567219e+00 -5.5482666e+00 -5.3640217e+00 -5.1376269e+00 -5.1248324e+00 -5.2032533e+00 -5.3607949e+00 -4.9355949e+00 -5.3460614e+00 -6.2971002e+00
-1.1275000e+00 -5.6343677e+00 -5.5898552e+00 -5.3609882e+00 -5.1112192e+00 -5.4223079e+00 -5.0111617e+00 -5.8100568e+00 -5.0212118e+00 -5.1218702e+00 -5.7303297e+00
-1.1200000e+00 -5.7252325e+00 -5.4703291e+00 -5.3485989e+00 -5.2259852e+00 -5.5188743e+00 -4.9912726e+00 -5.6530992e+00 -5.2477336e+00 -5.0347409e+00 -5.2656898e+00
-1.1125000e+00 -5.8014587e+00 -5.5094179e+00 -5.3596089e+00 -5.3935437e+00 -5.2899239e+00 -5.1415373e+00 -5.2724535e+00 -5.6706900e+00 -5.0649111e+00 -5.0312962e+00
-1.1050000e+00 -5.7193210e+00 -5.6915478e+00 -5.4268952e+00 -5.4130725e+00 -5.1508489e+00 -5.4676220e+00 -5.0902394e+00 -6.0457675e+00 -5.2228539e+00 -4.9409448e+00
-1.0975000e+00 -5.8020880e+00 -5.6494875e+00 -5.5254971e+00 -5.3282846e+00 -5.1964595e+00 -5.6940968e+00 -5.0887323e+00 -5.6248499e+00 -5.5547295e+00 -4.9713948e+00
-1.0900000e+00 -5.8957581e+00 -5.5819030e+00 -5.5173501e+00 -5.3195202e+00 -5.4065296e+00 -5.4236929e+00 -5.2695286e+00 -5.2938899e+00 -6.0948896e+00 -5.1347575e+00
-1.0825000e+00 -5.8005850e+00 -5.7159514e+00 -5.4545713e+00 -5.4025555e+00 -5.5753759e+00 -5.2157053e+00 -5.6512610e+00 -5.1753898e+00 -5.9802164e+00 -5.4895114e+00
-1.0750000e+00 -5.9300006e+00 -5.7617978e+00 -5.5326105e+00 -5.4853654e+00 -5.4499166e+00 -5.2209123e+00 -5.8489480e+00 -5.2398949e+00 -5.5210085e+00 -6.1499397e+00
-1.0675000e+00 -5.9305487e+00 -5.7035065e+00 -5.6840678e+00 -5.5020562e+00 -5.3428222e+00 -5.4370763e+00 -5.4942347e+00 -5.5082303e+00 -5.3042391e+00 -5.9734090e+00
-1.0600000e+00 -5.9211369e+00 -5.7790444e+00 -5.5962656e+00 -5.4916546e+00 -5.4111316e+00 -5.7143931e+00 -5.2889970e+00 -5.9756510e+00 -5.2832790e+00 -5.4359851e+00
-1.0525000e+00 -6.0223122e+00 -5.8334051e+00 -5.5639918e+00 -5.4971347e+00 -5.5777013e+00 -5.5797044e+00 -5.3209549e+00 -5.8825686e+00 -5.4545278e+00 -5.2047588e+00
-1.0450000e+00 -5.9889443e+00 -5.8239244e+00 -5.7548068e+00 -5.5613453e+00 -5.5985679e+00 -5.3931422e+00 -5.5898847e+00 -5.5004482e+00 -5.8673556e+00 -5.1829620e+00
-1.0375000e+00 -6.0508301e+00 -5.8491505e+00 -5.7258242e+00 -5.6527376e+00 -5.5249631e+00 -5.4321867e+00 -5.8969194e+00 -5.3743049e+00 -6.2002404e+00 -5.3662436e+00
-1.0300000e+00 -6.0815881e+00 -5.9374324e+00 -5.6520290e+00 -5.6147179e+00 -5.5533963e+00 -5.6618575e+00 -5.6590609e+00 -5.4999150e+00 -5.7565511e+00 -5.8407230e+00
-1.0225000e+00 -6.0865851e+00 -5.8921104e+00 -5.8349894e+00 -5.5907000e+00 -5.6424996e+00 -5.7350180e+00 -5.4617749e+00 -5.8826508e+00 -5.4961855e+00 -6.2834656e+00
-1.0150000e+00 -6.1518204e+00 -5.9747180e+00 -5.7935235e+00 -5.7437885e+00 -5.6775722e+00 -5.5774644e+00 -5.5386964e+00 -6.0255550e+00 -5.5033417e+00 -5.6765362e+00
-1.0075000e+00 -6.1516376e+00 -5.9924312e+00 -5.7739798e+00 -5.7479653e+00 -5.6832938e+00 -5.5802138e+00 -5.8374098e+00 -5.6649768e+00 -5.7815657e+00 -5.3873553e+00
-1.0000000e+00 -6.1960597e+00 -5.9945362e+00 -5.9135802e+00 -5.6597047e+00 -5.6885101e+00 -5.7440266e+00 -5.8557223e+00 -5.5530019e+00 -6.2203512e+00 -5.3980164e+00
-9.9250000e-01 -6.2270231e+00 -6.0799601e+00 -5.8518115e+00 -5.8440993e+00 -5.7338170e+00 -5.7771682e+00 -5.6400265e+00 -5.7492047e+00 -5.9322288e+00 -5.7195540e+00
-9.8500000e-01 -6.2485185e+00 -6.0456964e+00 -5.9136181e+00 -5.8193243e+00 -5.8230852e+00 -5.7085969e+00 -5.6763584e+00 -6.0945313e+00 -5.6586304e+00 -6.3220713e+00
-9.7750000e-01 -6.2927295e+00 -6.1353955e+00 -5.9607445e+00 -5.7604355e+00 -5.7791002e+00 -5.7621429e+00 -5.9127400e+00 -5.8825944e+00 -5.7119255e+00 -5.8593113e+00
-9.7000000e-01 -6.2883589e+00 -6.1165655e+00 -5.9506387e+00 -5.9687757e+00 -5.7948976e+00 -5.8373112e+00 -5.8842331e+00 -5.7087788e+00 -6.0785566e+00 -5.5378636e+00
-9.6250000e-01 -6.3837468e+00 -6.1843143e+00 -6.0197564e+00 -5.8340243e+00 -5.9481094e+00 -5.8482467e+00 -5.7707660e+00 -5.8714324e+00 -6.1703197e+00 -5.6076555e+00
-9.5500000e-01 -6.3560962e+00 -6.1775101e+00 -6.0240364e+00 -5.9443881e+00 -5.8412558e+00 -5.8596001e+00 -5.8876452e+00 -6.1279314e+00 -5.8421279e+00 -6.0942610e+00
-9.4750000e-01 -6.3862479e+00 -6.2560936e+00 -6.0647283e+00 -5.9697757e+00 -5.9162013e+00 -5.8821000e+00 -5.9841446e+00 -5.9254454e+00 -5.8435085e+00 -6.1688633e+00
-9.4000000e-01 -6.4552708e+00 -6.2272847e+00 -6.0906216e+00 -5.9503624e+00 -6.0234005e+00 -5.9687815e+00 -5.9129419e+00 -5.8778847e+00 -6.1726094e+00 -5.7117876e+00
-9.3250000e-01 -6.4521405e+00 -6.2996802e+00 -6.1311445e+00 -6.0540309e+00 -5.8980154e+00 -5.9475035e+00 -5.9634982e+00 -6.1057201e+00 -6.1669414e+00 -5.7300792e+00
-9.2500000e-01 -6.4798858e+00 -6.3389201e+00 -6.1314952e+00 -6.0123788e+00 -6.1149119e+00 -5.9592627e+00 -6.0274227e+00 -6.0869755e+00 -5.9421269e+00 -6.2217062e+00
-9.1750000e-01 -6.5456556e+00 -6.3123453e+00 -6.2189675e+00 -6.0968394e+00 -5.9782201e+00 -6.0951312e+00 -6.0370125e+00 -5.9944215e+00 -6.0823396e+00 -6.1133345e+00
-9.1000000e-01 -6.5783901e+00 -6.3908917e+00 -6.1735913e+00 -6.0914051e+00 -6.1198584e+00 -5.9816635e+00 -6.0568380e+00 -6.1437695e+00 -6.2926927e+00 -5.7921466e+00
-9.0250000e-01 -6.5834836e+00 -6.4128612e+00 -6.2762956e+00 -6.1403822e+00 -6.0789321e+00 -6.1397648e+00 -6.0898731e+00 -6.1567790e+00 -6.0960697e+00 -6.0293630e+00
-8.9500000e-01 -6.6007816e+00 -6.4273477e+00 -6.2554649e+00 -6.1552902e+00 -6.1462887e+00 -6.0880404e+00 -6.1617210e+00 -6.1270007e+00 -6.1472438e+00 -6.3502406e+00
-8.8750000e-01 -6.6355412e+00 -6.4889218e+00 -6.3116511e+00 -6.2154033e+00 -6.1535094e+00 -6.1335003e+00 -6.1079482e+00 -6.2138420e+00 -6.3238314e+00 -5.9328486e+00
-8.8000000e-01 -6.6740850e+00 -6.5109877e+00 -6.3283062e+00 -6.1849946e+00 -6.2032213e+00 -6.2009858e+00 -6.2405258e+00 -6.2236735e+00 -6.2067424e+00 -6.0703473e+00
-8.7250000e-01 -6.7075653e+00 -6.5047252e+00 -6.3438242e+00 -6.3090011e+00 -6.2118930e+00 -6.1623340e+00 -6.1820438e+00 -6.2531062e+00 -6.2707706e+00 -6.3877343e+00
-8.6500000e-01 -6.7389626e+00 -6.5282997e+00 -6.4282854e+00 -6.2503960e+00 -6.2608705e+00 -6.2734310e+00 -6.2622550e+00 -6.2699534e+00 -6.3518968e+00 -6.0227159e+00
-8.5750000e-01 -6.7749924e+00 -6.5775079e+00 -6.4333747e+00 -6.3031899e+00 -6.2832491e+00 -6.2301137e+00 -6.2790663e+00 -6.3480845e+00 -6.3161878e+00 -6.2520966e+00
-8.5000000e-01 -6.8088651e+00 -6.6238289e+00 -6.4171752e+00 -6.3886934e+00 -6.3057216e+00 -6.3059690e+00 -6.2933141e+00 -6.2989676e+00 -6.3751287e+00 -6.3126768e+00
-8.4250000e-01 -6.8283832e+00 -6.6566736e+00 -6.4644928e+00 -6.3525040e+00 -6.3419471e+00 -6.3271960e+00 -6.3514261e+00 -6.4327639e+00 -6.4168012e+00 -6.1329183e+00
-8.3500000e-01 -6.8537539e+00 -6.6840022e+00 -6.5263935e+00 -6.3901266e+00 -6.4026407e+00 -6.3260763e+00 -6.3612827e+00 -6.3483872e+00 -6.4159454e+00 -6.4800366e+00
-8.2750000e-01 -6.8824187e+00 -6.7143637e+00 -6.5529176e+00 -6.4439168e+00 -6.3570306e+00 -6.4146816e+00 -6.3821518e+00 -6.5022310e+00 -6.4706243e+00 -6.2066867e+00
-8.2000000e-01 -6.8997220e+00 -6.7469781e+00 -6.5620003e+00 -6.4564722e+00 -6.4483510e+00 -6.3875745e+00 -6.4700055e+00 -6.3984636e+00 -6.4973001e+00 -6.4510278e+00
-8.1250000e-01 -6.9436190e+00 -6.7735393e+00 -6.5799675e+00 -6.4926002e+00 -6.5129339e+00 -6.4506067e+00 -6.3954082e+00 -6.5837158e+00 -6.5060221e+00 -6.3217658e+00
-8.0500000e-01 -6.9776099e+00 -6.7961959e+00 -6.6089120e+00 -6.5502443e+00 -6.4586905e+00 -6.4605360e+00 -6.5650482e+00 -6.4408930e+00 -6.5759356e+00 -6.4541416e+00
-7.9750000e-01 -7.0073018e+00 -6.8354309e+00 -6.6413379e+00 -6.5851498e+00 -6.4871054e+00 -6.5212051e+00 -6.4709051e+00 -6.6571072e+00 -6.5626308e+00 -6.4013867e+00
-7.9000000e-01 -7.0278683e+00 -6.8788961e+00 -6.6738104e+00 -6.5959129e+00 -6.5727137e+00 -6.5330081e+00 -6.5499213e+00 -6.5185948e+00 -6.6174354e+00 -6.5186777e+00
-7.8250000e-01 -7.0670395e+00 -6.8909918e+00 -6.7093720e+00 -6.6077723e+00 -6.6098420e+00 -6.5187644e+00 -6.6042957e+00 -6.6348195e+00 -6.6675909e+00 -6.4376279e+00
-7.7500000e-01 -7.0869921e+00 -6.9140123e+00 -6.7490688e+00 -6.6319835e+00 -6.6135954e+00 -6.5984304e+00 -6.5883555e+00 -6.6879230e+00 -6.6125468e+00 -6.6286775e+00
-7.6750000e-01 -7.1256657e+00 -6.9311922e+00 -6.7795053e+00 -6.6656276e+00 -6.6366585e+00 -6.6797801e+00 -6.6389022e+00 -6.6057230e+00 -6.8122754e+00 -6.4620954e+00
-7.6000000e-01 -7.1502810e+00 -6.9888028e+00 -6.7922743e+00 -6.7009520e+00 -6.6812773e+00 -6.6700396e+00 -6.6570242e+00 -6.7453617e+00 -6.6471778e+00 -6.7093468e+00
-7.5250000e-01 -7.1941119e+00 -7.0072917e+00 -6.8237698e+00 -6.7290466e+00 -6.7294764e+00 -6.6488536e+00 -6.6881008e+00 -6.7605450e+00 -6.7982778e+00 -6.5601293e+00
-7.4500000e-01 -7.2121436e+00 -7.0301883e+00 -6.8824783e+00 -6.7458664e+00 -6.7707621e+00 -6.6696411e+00 -6.7595586e+00 -6.7282977e+00 -6.8496209e+00 -6.6294798e+00
-7.3750000e-01 -7.2572265e+00 -7.0803693e+00 -6.9117328e+00 -6.7647253e+00 -6.8038819e+00 -6.7173599e+00 -6.7926428e+00 -6.7895351e+00 -6.7448719e+00 -6.7907407e+00
-7.3000000e-01 -7.3090701e+00 -7.0810765e+00 -6.9389013e+00 -6.8086460e+00 -6.8285755e+00 -6.7658585e+00 -6.7774871e+00 -6.8330101e+00 -6.8650852e+00 -6.6215577e+00
-7.2250000e-01 -7.3455119e+00 -7.1328147e+00 -6.9426266e+00 -6.8628544e+00 -6.8439861e+00 -6.8047052e+00 -6.7718110e+00 -6.8484660e+00 -6.9476432e+00 -6.7255381e+00
-7.1500000e-01 -7.3094378e+00 -7.1473302e+00 -7.0103716e+00 -6.8905495e+00 -6.8572930e+00 -6.8381212e+00 -6.7954179e+00 -6.8914303e+00 -6.8945501e+00 -6.8908917e+00
-7.0750000e-01 -7.2415671e+00 -7.1973618e+00 -7.0153136e+00 -6.9278680e+00 -6.8848930e+00 -6.8745773e+00 -6.8360553e+00 -6.9472147e+00 -6.9088259e+00 -6.7724098e+00
-7.0000000e-01 -7.4787541e+00 -7.2222555e+00 -7.0475634e+00 -6.9313753e+00 -6.9208969e+00 -6.9186375e+00 -6.8787284e+00 -6.9814356e+00 -6.9756469e+00 -6.7422532e+00
-6.5000000e-01 -7.5531161e+00 -7.4080861e+00 -7.2544506e+00 -7.1574894e+00 -7.1101857e+00 -7.0754525e+00 -7.1107465e+00 -7.1247392e+00 -7.2376359e+00 -7.0425246e+00
-6.0000000e-01 -7.8563940e+00 -7.6333894e+00 -7.4436225e+00 -7.3550166e+00 -7.2984090e+00 -7.2896077e+00 -7.3322932e+00 -7.3099714e+00 -7.3644282e+00 -7.2363966e+00
-5.5000000e-01 -7.9239383e+00 -7.8475771e+00 -7.6568320e+00 -7.5313613e+00 -7.5238314e+00 -7.4760022e+00 -7.5231697e+00 -7.5310616e+00 -7.5959868e+00 -7.3905051e+00
-5.0000000e-01 -8.2120349e+00 -7.9960030e+00 -7.8578453e+00 -7.7367083e+00 -7.7179540e+00 -7.6985970e+00 -7.7042239e+00 -7.7251762e+00 -7.7787266e+00 -7.6435148e+00
-4.0000000e-01 -8.6508279e+00 -8.4435814e+00 -8.2527277e+00 -8.2651680e+00 -8.2979649e+00 -7.9794134e+00 -8.1128384e+00 -8.1452917e+00 -8.1621971e+00 -8.0433860e+00
-2.0000000e-01 -9.2998482e+00 -9.2751999e+00 -9.0298774e+00 -9.0133009e+00 -8.8750351e+00 -8.8861926e+00 -9.0094628e+00 -8.9499072e+00 -8.9769614e+00 -8.8282273e+00
0.0000000e+00 -1.0205420e+01 -1.0015631e+01 -9.8979771e+00 -9.6674087e+00 -9.7988559e+00 -9.6632026e+00 -9.7297037e+00 -9.8089396e+00 -9.8521194e+00 -9.5589759e+00
2.0000000e-01 -1.1009997e+01 -1.0837243e+01 -1.0634033e+01 -1.0489882e+01 -1.0630662e+01 -1.0507949e+01 -1.0486073e+01 -1.0514496e+01 -1.0546960e+01 -1.0499165e+01
4.0000000e-01 -1.1783041e+01 -1.1659998e+01 -1.1416915e+01 -1.1301509e+01 -1.1262932e+01 -1.1259285e+01 -1.1370950e+01 -1.1358280e+01 -1.1477792e+01 -1.1284452e+01
6.0000000e-01 -1.2545893e+01 -1.2507582e+01 -1.2268895e+01 -1.2113187e+01 -1.2100587e+01 -1.2128387e+01 -1.2118714e+01 -1.2135062e+01 -1.2137734e+01 -1.1927370e+01
8.0000000e-01 -1.3368090e+01 -1.3113229e+01 -1.3094371e+01 -1.3048894e+01 -1.2917834e+01 -1.2922308e+01 -1.2956463e+01 -1.2937574e+01 -1.2937182e+01 -1.2920215e+01
1.0000000e+00 -1.4161839e+01 -1.4008847e+01 -1.3805937e+01 -1.3795171e+01 -1.3709162e+01 -1.3630174e+01 -1.3706629e+01 -1.3712205e+01 -1.3830469e+01 -1.3550744e+01
1.2000000e+00 -1.4952688e+01 -1.4862955e+01 -1.4668921e+01 -1.4481366e+01 -1.4508146e+01 -1.4501681e+01 -1.4402218e+01 -1.4492478e+01 -1.4548785e+01 -1.4419786e+01
1.4000000e+00 -1.5911245e+01 -1.5707446e+01 -1.5334429e+01 -1.5335447e+01 -1.5343146e+01 -1.5308771e+01 -1.5244609e+01 -1.5384814e+01 -1.5346711e+01 -1.5191287e+01
1.6000000e+00 -1.6617257e+01 -1.6354050e+01 -1.6194224e+01 -1.6280223e+01 -1.6161336e+01 -1.6143809e+01 -1.6277763e+01 -1.6131463e+01 -1.6136580e+01 -1.5995929e+01
1.8000000e+00 -1.7512424e+01 -1.7261902e+01 -1.7120938e+01 -1.6953987e+01 -1.6884639e+01 -1.7037587e+01 -1.6951695e+01 -1.6922670e+01 -1.7063828e+01 -1.6859461e+01
2.0000000e+00 -1.8286495e+01 -1.8066705e+01 -1.7796671e+01 -1.7686132e+01 -1.7743876e+01 -1.7778765e+01 -1.7749007e+01 -1.7764032e+01 -1.7729852e+01 -1.7570599e+01