########################################################################
# Reference Counts for Solar Model AGSS09ph                            #
# Column 1: log10(Axion mass in eV)                                    #
#        n>1: log10(Reference photon counts in energy bin n-1)         #
########################################################################
-3.0000000e+00 -4.0079791e-01 -8.5098287e-02 7.8519419e-02 1.2478063e-01 9.3836402e-02 3.0644690e-02 -5.7796712e-02 -1.6846398e-01 -3.1938340e-01 -5.1487636e-01
-2.8000000e+00 -4.0081825e-01 -8.5112170e-02 7.8509406e-02 1.2477307e-01 9.3830512e-02 3.0639974e-02 -5.7800573e-02 -1.6846720e-01 -3.1938613e-01 -5.1487870e-01
-2.6000000e+00 -4.0094660e-01 -8.5199765e-02 7.8446224e-02 1.2472538e-01 9.3793344e-02 3.0610216e-02 -5.7824936e-02 -1.6848751e-01 -3.1940334e-01 -5.1489345e-01
-2.4000000e+00 -4.0175658e-01 -8.5752536e-02 7.8047535e-02 1.2442443e-01 9.3558818e-02 3.0422447e-02 -5.7978659e-02 -1.6861565e-01 -3.1951194e-01 -5.1498656e-01
-2.2000000e+00 -4.0687375e-01 -8.9243391e-02 7.5530336e-02 1.2252466e-01 9.2078483e-02 2.9237335e-02 -5.8948836e-02 -1.6942439e-01 -3.2019731e-01 -5.1557410e-01
-2.1500000e+00 -4.1043712e-01 -9.1672884e-02 7.3779086e-02 1.2120326e-01 9.1048990e-02 2.8413245e-02 -5.9623411e-02 -1.6998667e-01 -3.2067380e-01 -5.1598257e-01
-2.1000000e+00 -4.1609598e-01 -9.5528715e-02 7.1000731e-02 1.1910738e-01 8.9416370e-02 2.7106519e-02 -6.0692966e-02 -1.7087813e-01 -3.2142919e-01 -5.1663010e-01
-2.0500000e+00 -4.2509324e-01 -1.0165329e-01 6.6590249e-02 1.1578157e-01 8.6826367e-02 2.5033908e-02 -6.2389163e-02 -1.7229174e-01 -3.2262695e-01 -5.1765677e-01
-2.0000000e+00 -4.3942559e-01 -1.1139428e-01 5.9582198e-02 1.1050026e-01 8.2715248e-02 2.1745032e-02 -6.5080144e-02 -1.7453404e-01 -3.2452661e-01 -5.1928491e-01
-1.9500000e+00 -4.6232687e-01 -1.2691973e-01 4.8429764e-02 1.0210403e-01 7.6183802e-02 1.6522404e-02 -6.9351843e-02 -1.7809255e-01 -3.2754075e-01 -5.2186783e-01
-1.9000000e+00 -4.9910507e-01 -1.5174923e-01 3.0638479e-02 8.8730999e-02 6.5792198e-02 8.2195096e-03 -7.6139165e-02 -1.8374431e-01 -3.3232640e-01 -5.2596776e-01
-1.8500000e+00 -5.5866845e-01 -1.9168190e-01 2.1428409e-03 6.7367540e-02 4.9220774e-02 -5.0047140e-03 -8.6939800e-02 -1.9273187e-01 -3.3993274e-01 -5.3248157e-01
-1.8475000e+00 -5.6248264e-01 -1.9422694e-01 3.3173866e-04 6.6012087e-02 4.8170588e-02 -5.8420933e-03 -8.7623309e-02 -1.9330039e-01 -3.4041372e-01 -5.3289336e-01
-1.8400000e+00 -5.7451024e-01 -2.0224270e-01 -5.3684737e-03 6.1747825e-02 4.4867660e-02 -8.4751919e-03 -8.9772256e-02 -1.9508762e-01 -3.4192565e-01 -5.3418769e-01
-1.8325000e+00 -5.8747249e-01 -2.1086471e-01 -1.1493022e-02 5.7169267e-02 4.1322920e-02 -1.1300158e-02 -9.2077258e-02 -1.9700429e-01 -3.4354687e-01 -5.3557545e-01
-1.8250000e+00 -6.0144870e-01 -2.2014164e-01 -1.8074878e-02 5.2252489e-02 3.7518218e-02 -1.4331254e-02 -9.4549834e-02 -1.9905993e-01 -3.4528539e-01 -5.3706344e-01
-1.8175000e+00 -6.1652612e-01 -2.3012654e-01 -2.5149796e-02 4.6971629e-02 3.3433968e-02 -1.7583848e-02 -9.7202383e-02 -2.0126476e-01 -3.4714979e-01 -5.3865898e-01
-1.8100000e+00 -6.3280088e-01 -2.4087732e-01 -3.2756589e-02 4.1298703e-02 2.9049030e-02 -2.1074503e-02 -1.0004825e-01 -2.0362976e-01 -3.4914932e-01 -5.4036995e-01
-1.8025000e+00 -6.5037922e-01 -2.5245726e-01 -4.0937430e-02 3.5203418e-02 2.4340570e-02 -2.4821080e-02 -1.0310182e-01 -2.0616678e-01 -3.5129391e-01 -5.4220478e-01
-1.7950000e+00 -6.6937880e-01 -2.6493566e-01 -4.9738196e-02 2.8652946e-02 1.9283908e-02 -2.8842846e-02 -1.0637858e-01 -2.0888856e-01 -3.5359424e-01 -5.4417257e-01
-1.7875000e+00 -6.8993041e-01 -2.7838853e-01 -5.9208855e-02 2.1611689e-02 1.3852358e-02 -3.3160600e-02 -1.0989522e-01 -2.1180881e-01 -3.5606180e-01 -5.4628308e-01
-1.7800000e+00 -7.1217979e-01 -2.9289942e-01 -6.9403900e-02 1.4041001e-02 8.0170355e-03 -3.7796803e-02 -1.1366976e-01 -2.1494231e-01 -3.5870898e-01 -5.4854682e-01
-1.7725000e+00 -7.3629007e-01 -3.0856036e-01 -8.0382848e-02 5.8988891e-03 1.7466581e-03 -4.2775728e-02 -1.1772162e-01 -2.1830499e-01 -3.6154910e-01 -5.5097510e-01
-1.7650000e+00 -7.6244446e-01 -3.2547295e-01 -9.2210806e-02 -2.8603314e-03 -4.9926841e-03 -4.8123621e-02 -1.2207176e-01 -2.2191400e-01 -3.6459650e-01 -5.5358009e-01
-1.7575000e+00 -7.9084974e-01 -3.4374969e-01 -1.0495911e-01 -1.2286419e-02 -1.2237782e-02 -5.3868885e-02 -1.2674285e-01 -2.2578787e-01 -3.6786665e-01 -5.5637489e-01
-1.7500000e+00 -8.2174040e-01 -3.6351546e-01 -1.1870610e-01 -2.2433645e-02 -2.0028593e-02 -6.0042277e-02 -1.3175936e-01 -2.2994658e-01 -3.7137621e-01 -5.5937360e-01
-1.7425000e+00 -8.5538389e-01 -3.8490939e-01 -1.3353793e-01 -3.3361286e-02 -2.8408559e-02 -6.6677134e-02 -1.3714775e-01 -2.3441170e-01 -3.7514315e-01 -5.6259143e-01
-1.7350000e+00 -8.9208711e-01 -4.0808699e-01 -1.4954963e-01 -4.5134190e-02 -3.7424965e-02 -7.3809617e-02 -1.4293669e-01 -2.3920654e-01 -3.7918687e-01 -5.6604476e-01
-1.7275000e+00 -9.3220474e-01 -4.3322279e-01 -1.6684623e-01 -5.7823423e-02 -4.7129346e-02 -8.1478994e-02 -1.4915720e-01 -2.4435629e-01 -3.8352829e-01 -5.6975125e-01
-1.7200000e+00 -9.7614988e-01 -4.6051351e-01 -1.8554417e-01 -7.1507012e-02 -5.7577947e-02 -8.9727951e-02 -1.5584290e-01 -2.4988820e-01 -3.8819002e-01 -5.7372997e-01
-1.7125000e+00 -1.0244079e+00 -4.9018200e-01 -2.0577289e-01 -8.6270811e-02 -6.8832246e-02 -9.8602939e-02 -1.6303031e-01 -2.5583179e-01 -3.9319650e-01 -5.7800148e-01
-1.7050000e+00 -1.0775550e+00 -5.2248207e-01 -2.2767684e-01 -1.0220949e-01 -8.0959550e-02 -1.0815457e-01 -1.7075903e-01 -2.6221902e-01 -3.9857415e-01 -5.8258799e-01
-1.6975000e+00 -1.1362826e+00 -5.5770457e-01 -2.5141775e-01 -1.1942773e-01 -9.4033687e-02 -1.1843808e-01 -1.7907216e-01 -2.6908454e-01 -4.0435157e-01 -5.8751352e-01
-1.6900000e+00 -1.2014310e+00 -5.9618509e-01 -2.7717750e-01 -1.3804157e-01 -1.0813579e-01 -1.2951382e-01 -1.8801659e-01 -2.7646598e-01 -4.1055973e-01 -5.9280402e-01
-1.6825000e+00 -1.2740365e+00 -6.3831386e-01 -3.0516155e-01 -1.5818006e-01 -1.2335523e-01 -1.4144784e-01 -1.9764343e-01 -2.8440420e-01 -4.1723220e-01 -5.9848757e-01
-1.6750000e+00 -1.3553971e+00 -6.8454862e-01 -3.3560322e-01 -1.7998718e-01 -1.3979067e-01 -1.5431257e-01 -2.0800847e-01 -2.9294367e-01 -4.2440541e-01 -6.0459459e-01
-1.6675000e+00 -1.4471680e+00 -7.3543167e-01 -3.6876900e-01 -2.0362423e-01 -1.5755132e-01 -1.6818759e-01 -2.1917265e-01 -3.0213280e-01 -4.3211892e-01 -6.1115805e-01
-1.6600000e+00 -1.5514995e+00 -7.9161269e-01 -4.0496524e-01 -2.2927260e-01 -1.7675844e-01 -1.8316051e-01 -2.3120274e-01 -3.1202437e-01 -4.4041574e-01 -6.1821370e-01
-1.6525000e+00 -1.6712374e+00 -8.5388011e-01 -4.4454671e-01 -2.5713726e-01 -1.9754709e-01 -1.9932802e-01 -2.4417193e-01 -3.2267603e-01 -4.4934269e-01 -6.2580038e-01
-1.6450000e+00 -1.8101994e+00 -9.2320483e-01 -4.8792765e-01 -2.8745107e-01 -2.2006820e-01 -2.1679711e-01 -2.5816067e-01 -3.3415082e-01 -4.5895080e-01 -6.3396027e-01
-1.6375000e+00 -1.9734802e+00 -1.0008027e+00 -5.3559633e-01 -3.2048004e-01 -2.4449118e-01 -2.3568649e-01 -2.7325757e-01 -3.4651782e-01 -4.6929574e-01 -6.4273931e-01
-1.6300000e+00 -2.1673854e+00 -1.0882255e+00 -5.8813441e-01 -3.5653012e-01 -2.7100697e-01 -2.5612831e-01 -2.8956045e-01 -3.5985284e-01 -4.8043839e-01 -6.5218754e-01
-1.6225000e+00 -2.3967677e+00 -1.1874981e+00 -6.4624333e-01 -3.9595579e-01 -2.9983183e-01 -2.7827019e-01 -3.0717759e-01 -3.7423927e-01 -4.9244538e-01 -6.6235955e-01
-1.6150000e+00 -2.6489853e+00 -1.3013269e+00 -7.1078094e-01 -4.3917119e-01 -3.3121210e-01 -3.0227768e-01 -3.2622918e-01 -3.8976903e-01 -5.0538983e-01 -6.7331499e-01
-1.6075000e+00 -2.8363215e+00 -1.4334248e+00 -7.8281344e-01 -4.8666482e-01 -3.6543007e-01 -3.2833724e-01 -3.4684909e-01 -4.0654371e-01 -5.1935205e-01 -6.8511915e-01
-1.6000000e+00 -2.8023403e+00 -1.5890076e+00 -8.6369107e-01 -5.3901914e-01 -4.0281151e-01 -3.5665990e-01 -3.6918696e-01 -4.2467588e-01 -5.3442052e-01 -6.9784362e-01
-1.5925000e+00 -2.6036572e+00 -1.7754578e+00 -9.5516143e-01 -5.9693737e-01 -4.4373532e-01 -3.8748578e-01 -3.9341067e-01 -4.4429066e-01 -5.5069294e-01 -7.1156703e-01
-1.5850000e+00 -2.3915142e+00 -2.0025417e+00 -1.0595445e+00 -6.6128078e-01 -4.8864617e-01 -4.2108980e-01 -4.1970945e-01 -4.6552760e-01 -5.6827745e-01 -7.2637595e-01
-1.5775000e+00 -2.2138156e+00 -2.2772657e+00 -1.1800122e+00 -7.3312188e-01 -5.3807124e-01 -4.5778884e-01 -4.4829762e-01 -4.8854289e-01 -5.8729409e-01 -7.4236591e-01
-1.5700000e+00 -2.0729630e+00 -2.5632916e+00 -1.3210479e+00 -8.1382245e-01 -5.9264286e-01 -4.9795099e-01 -4.7941928e-01 -5.1351212e-01 -6.0787659e-01 -7.5964259e-01
-1.5625000e+00 -1.9636020e+00 -2.6622778e+00 -1.4892165e+00 -9.0515129e-01 -6.5312969e-01 -5.4200762e-01 -5.1335411e-01 -5.4063353e-01 -6.3017442e-01 -7.7832327e-01
-1.5550000e+00 -1.8807485e+00 -2.4662498e+00 -1.6943879e+00 -1.0094686e+00 -7.2048081e-01 -5.9046928e-01 -5.5042488e-01 -5.7013215e-01 -6.5435531e-01 -7.9853844e-01
-1.5475000e+00 -1.8208727e+00 -2.2079343e+00 -1.9509114e+00 -1.1300260e+00 -7.9588945e-01 -6.4394726e-01 -5.9100699e-01 -6.0226484e-01 -6.8060834e-01 -8.2043388e-01
-1.5400000e+00 -1.7817456e+00 -1.9922797e+00 -2.2710930e+00 -1.2714750e+00 -8.8088818e-01 -7.0318311e-01 -6.3554097e-01 -6.3732677e-01 -7.0914768e-01 -8.4417302e-01
-1.5325000e+00 -1.7621765e+00 -1.8244270e+00 -2.5872884e+00 -1.4407675e+00 -9.7749569e-01 -7.6909029e-01 -6.8454912e-01 -6.7565956e-01 -7.4021730e-01 -8.6993994e-01
-1.5250000e+00 -1.7618327e+00 -1.6952512e+00 -2.5719268e+00 -1.6487730e+00 -1.0884527e+00 -8.4281431e-01 -7.3865793e-01 -7.1766191e-01 -7.7409680e-01 -8.9794288e-01
-1.5175000e+00 -1.7811558e+00 -1.5969860e+00 -2.2736390e+00 -1.9128361e+00 -1.2176180e+00 -9.2582210e-01 -7.9862919e-01 -7.6380356e-01 -8.1110891e-01 -9.2841879e-01
-1.5100000e+00 -1.8213701e+00 -1.5244048e+00 -1.9952774e+00 -2.2555788e+00 -1.3706704e+00 -1.0200397e+00 -8.6540378e-01 -8.1464394e-01 -8.5162908e-01 -9.6163886e-01
-1.5025000e+00 -1.8845767e+00 -1.4742363e+00 -1.7820127e+00 -2.6330855e+00 -1.5564184e+00 -1.1280731e+00 -9.4016536e-01 -8.7085765e-01 -8.9609806e-01 -9.9791561e-01
-1.4950000e+00 -1.9739285e+00 -1.4446176e+00 -1.6205039e+00 -2.6328373e+00 -1.7893373e+00 -1.2535790e+00 -1.0244358e+00 -9.3326995e-01 -9.4503858e-01 -1.0376120e+00
-1.4875000e+00 -2.0938201e+00 -1.4347541e+00 -1.4978460e+00 -2.2826120e+00 -2.0939288e+00 -1.4019238e+00 -1.1202230e+00 -1.0029075e+00 -9.9907799e-01 -1.0811533e+00
-1.4800000e+00 -2.2497169e+00 -1.4447501e+00 -1.4056361e+00 -1.9774071e+00 -2.4997213e+00 -1.5814318e+00 -1.2302606e+00 -1.0810727e+00 -1.0589795e+00 -1.1290427e+00
-1.4725000e+00 -2.4457778e+00 -1.4755719e+00 -1.3386933e+00 -1.7516826e+00 -2.8451228e+00 -1.8059114e+00 -1.3584160e+00 -1.1694578e+00 -1.1256867e+00 -1.1818825e+00
-1.4650000e+00 -2.6720936e+00 -1.5291350e+00 -1.2939400e+00 -1.5834465e+00 -2.5852885e+00 -2.0998727e+00 -1.5104278e+00 -1.2703228e+00 -1.2003875e+00 -1.2404035e+00
-1.4575000e+00 -2.8602573e+00 -1.6085280e+00 -1.2697392e+00 -1.4566186e+00 -2.1996938e+00 -2.5044578e+00 -1.6953402e+00 -1.3867933e+00 -1.2846116e+00 -1.3055057e+00
-1.4500000e+00 -2.8710079e+00 -1.7184030e+00 -1.2655435e+00 -1.3615277e+00 -1.9169841e+00 -2.9647076e+00 -1.9285265e+00 -1.5233781e+00 -1.3803809e+00 -1.3783179e+00
-1.4425000e+00 -2.7177390e+00 -1.8654961e+00 -1.2817471e+00 -1.2924196e+00 -1.7120304e+00 -2.7919230e+00 -2.2384332e+00 -1.6869420e+00 -1.4904555e+00 -1.4602868e+00
-1.4350000e+00 -2.5416952e+00 -2.0586677e+00 -1.3196925e+00 -1.2459304e+00 -1.5595982e+00 -2.3537024e+00 -2.6768029e+00 -1.8886829e+00 -1.6187554e+00 -1.5533136e+00
-1.4275000e+00 -2.4049898e+00 -2.3041629e+00 -1.3818335e+00 -1.2202714e+00 -1.4451017e+00 -2.0390076e+00 -3.1637205e+00 -2.1485643e+00 -1.7711337e+00 -1.6599762e+00
-1.4200000e+00 -2.3177510e+00 -2.5717319e+00 -1.4720983e+00 -1.2148160e+00 -1.3601655e+00 -1.8160064e+00 -2.8691741e+00 -2.5058925e+00 -1.9569116e+00 -1.7839057e+00
-1.4125000e+00 -2.2788436e+00 -2.6926616e+00 -1.5965532e+00 -1.2299263e+00 -1.2999089e+00 -1.6520481e+00 -2.4139201e+00 -3.0287681e+00 -2.1922504e+00 -1.9304685e+00
-1.4050000e+00 -2.2869457e+00 -2.5398747e+00 -1.7644695e+00 -1.2669562e+00 -1.2615711e+00 -1.5293447e+00 -2.1038122e+00 -3.3375832e+00 -2.5084374e+00 -2.1081043e+00
-1.3975000e+00 -2.3425639e+00 -2.3134463e+00 -1.9892744e+00 -1.3284287e+00 -1.2438225e+00 -1.4380274e+00 -1.8856997e+00 -2.8127946e+00 -2.9718207e+00 -2.3312248e+00
-1.3900000e+00 -2.4475658e+00 -2.1332891e+00 -2.2826493e+00 -1.4184485e+00 -1.2464365e+00 -1.3724329e+00 -1.7256127e+00 -2.4022769e+00 -3.5668919e+00 -2.6273360e+00
-1.3825000e+00 -2.6016939e+00 -2.0136953e+00 -2.5885873e+00 -1.5435011e+00 -1.2701866e+00 -1.3293416e+00 -1.6060038e+00 -2.1277875e+00 -3.2053932e+00 -3.0564069e+00
-1.3750000e+00 -2.7888027e+00 -1.9499756e+00 -2.6112082e+00 -1.7139207e+00 -1.3169228e+00 -1.3071213e+00 -1.5172813e+00 -1.9323715e+00 -2.7012466e+00 -3.7045362e+00
-1.3675000e+00 -2.9413392e+00 -1.9383616e+00 -2.3456733e+00 -1.9461881e+00 -1.3898580e+00 -1.3053177e+00 -1.4539840e+00 -1.7879680e+00 -2.3774236e+00 -3.5768164e+00
-1.3600000e+00 -2.9525037e+00 -1.9785923e+00 -2.0936935e+00 -2.2619023e+00 -1.4941748e+00 -1.3245037e+00 -1.4130396e+00 -1.6801770e+00 -2.1537566e+00 -2.9992353e+00
-1.3525000e+00 -2.8434477e+00 -2.0738668e+00 -1.9174132e+00 -2.6271230e+00 -1.6382222e+00 -1.3663220e+00 -1.3929345e+00 -1.6010599e+00 -1.9907822e+00 -2.6380357e+00
-1.3450000e+00 -2.7266294e+00 -2.2294249e+00 -1.8089382e+00 -2.6686099e+00 -1.8358542e+00 -1.4337354e+00 -1.3933250e+00 -1.5461056e+00 -1.8694026e+00 -2.3946147e+00
-1.3375000e+00 -2.6583103e+00 -2.4436814e+00 -1.7590552e+00 -2.3467693e+00 -2.1104407e+00 -1.5315898e+00 -1.4149056e+00 -1.5128533e+00 -1.7794581e+00 -2.2193203e+00
-1.3300000e+00 -2.6522409e+00 -2.6652025e+00 -1.7639631e+00 -2.0639574e+00 -2.4911311e+00 -1.6677551e+00 -1.4594749e+00 -1.5002389e+00 -1.7152392e+00 -2.0892552e+00
-1.3225000e+00 -2.7095595e+00 -2.7271459e+00 -1.8250728e+00 -1.8731730e+00 -2.8472555e+00 -1.8554703e+00 -1.5302266e+00 -1.5083071e+00 -1.6735525e+00 -1.9925861e+00
-1.3150000e+00 -2.8245383e+00 -2.5859812e+00 -1.9488817e+00 -1.7568001e+00 -2.6357259e+00 -2.1181811e+00 -1.6323896e+00 -1.5381545e+00 -1.6528211e+00 -1.9227479e+00
-1.3075000e+00 -2.9723598e+00 -2.4208777e+00 -2.1461059e+00 -1.7021687e+00 -2.2667615e+00 -2.4954114e+00 -1.7745490e+00 -1.5920757e+00 -1.6526690e+00 -1.8760487e+00
-1.3000000e+00 -3.0837919e+00 -2.3198306e+00 -2.4179428e+00 -1.7043747e+00 -2.0087261e+00 -2.9519460e+00 -1.9714626e+00 -1.6739752e+00 -1.6737800e+00 -1.8505804e+00
-1.2925000e+00 -3.0814454e+00 -2.2972953e+00 -2.6620827e+00 -1.7648969e+00 -1.8444484e+00 -2.8384934e+00 -2.2503299e+00 -1.7902391e+00 -1.7179634e+00 -1.8457110e+00
-1.2850000e+00 -3.0006079e+00 -2.3534735e+00 -2.6041090e+00 -1.8916345e+00 -1.7514729e+00 -2.4142249e+00 -2.6608071e+00 -1.9515743e+00 -1.7884550e+00 -1.8618882e+00
-1.2775000e+00 -2.9327538e+00 -2.4840797e+00 -2.3698735e+00 -2.0999011e+00 -1.7189899e+00 -2.1195655e+00 -3.1527414e+00 -2.1771416e+00 -1.8905906e+00 -1.9006600e+00
-1.2700000e+00 -2.9275737e+00 -2.6621614e+00 -2.1906975e+00 -2.4046383e+00 -1.7445140e+00 -1.9330126e+00 -2.9200344e+00 -2.5043848e+00 -2.0332245e+00 -1.9649191e+00
-1.2625000e+00 -3.0015780e+00 -2.7910245e+00 -2.1058642e+00 -2.7129067e+00 -1.8325407e+00 -1.8241058e+00 -2.4735277e+00 -3.0001297e+00 -2.2318781e+00 -2.0594835e+00
-1.2550000e+00 -3.1438348e+00 -2.7639112e+00 -2.1139818e+00 -2.6337494e+00 -1.9957464e+00 -1.7784163e+00 -2.1839762e+00 -3.3613978e+00 -2.5164443e+00 -2.1923238e+00
-1.2475000e+00 -3.2706450e+00 -2.6593545e+00 -2.2153925e+00 -2.3416770e+00 -2.2577466e+00 -1.7915790e+00 -2.0038438e+00 -2.8669006e+00 -2.9499212e+00 -2.3772708e+00
-1.2400000e+00 -3.2471367e+00 -2.5935609e+00 -2.4091572e+00 -2.1350545e+00 -2.6342617e+00 -1.8668501e+00 -1.9009147e+00 -2.4652790e+00 -3.5462729e+00 -2.6406453e+00
-1.2325000e+00 -3.1418787e+00 -2.6039795e+00 -2.6439580e+00 -2.0386342e+00 -2.8681266e+00 -2.0160535e+00 -1.8611552e+00 -2.2170951e+00 -3.2594787e+00 -3.0391986e+00
-1.2250000e+00 -3.1086646e+00 -2.6873411e+00 -2.7120562e+00 -2.0442120e+00 -2.5769716e+00 -2.2640484e+00 -1.8808983e+00 -2.0662690e+00 -2.7573174e+00 -3.6654732e+00
-1.2175000e+00 -3.2040028e+00 -2.8106404e+00 -2.5591431e+00 -2.1532144e+00 -2.2739409e+00 -2.6483521e+00 -1.9644641e+00 -1.9868804e+00 -2.4521202e+00 -3.6312363e+00
-1.2100000e+00 -3.3822115e+00 -2.9002794e+00 -2.4172687e+00 -2.3742838e+00 -2.1014854e+00 -3.0215957e+00 -2.1257552e+00 -1.9688575e+00 -2.2655288e+00 -3.0529713e+00
-1.2025000e+00 -3.4199990e+00 -2.8960582e+00 -2.3794219e+00 -2.6695124e+00 -2.0436934e+00 -2.7538395e+00 -2.3947346e+00 -2.0115194e+00 -2.1591244e+00 -2.7053787e+00
-1.1950000e+00 -3.2988650e+00 -2.8412688e+00 -2.4539832e+00 -2.7476057e+00 -2.0927876e+00 -2.3924614e+00 -2.8214079e+00 -2.1226481e+00 -2.1172207e+00 -2.4946369e+00
-1.1875000e+00 -3.2714533e+00 -2.8148923e+00 -2.6172551e+00 -2.5230796e+00 -2.2578704e+00 -2.1828150e+00 -3.1971694e+00 -2.3221495e+00 -2.1356852e+00 -2.3712056e+00
-1.1800000e+00 -3.4024329e+00 -2.8608110e+00 -2.7636790e+00 -2.3430608e+00 -2.5557529e+00 -2.0987925e+00 -2.8209078e+00 -2.6530360e+00 -2.2189564e+00 -2.3150322e+00
-1.1725000e+00 -3.5370870e+00 -2.9800253e+00 -2.7457073e+00 -2.2978694e+00 -2.8740940e+00 -2.1258797e+00 -2.4514478e+00 -3.1710348e+00 -2.3819350e+00 -2.3196781e+00
-1.1650000e+00 -3.4683405e+00 -3.0820182e+00 -2.6512502e+00 -2.3908069e+00 -2.7439796e+00 -2.2713162e+00 -2.2500212e+00 -3.2795056e+00 -2.6587513e+00 -2.3876978e+00
-1.1575000e+00 -3.4138871e+00 -3.0364694e+00 -2.6209581e+00 -2.6061359e+00 -2.4578888e+00 -2.5623756e+00 -2.1764061e+00 -2.7823427e+00 -3.1219836e+00 -2.5314992e+00
-1.1500000e+00 -3.5077129e+00 -2.9582923e+00 -2.6823055e+00 -2.8001011e+00 -2.3143478e+00 -2.9661231e+00 -2.2165136e+00 -2.4684728e+00 -3.6075752e+00 -2.7806769e+00
-1.1425000e+00 -3.6234217e+00 -3.0080111e+00 -2.7927705e+00 -2.7180691e+00 -2.3274287e+00 -2.9231240e+00 -2.3815446e+00 -2.3142498e+00 -3.1309085e+00 -3.2037412e+00
-1.1350000e+00 -3.5797610e+00 -3.1824614e+00 -2.8639194e+00 -2.5632936e+00 -2.4976574e+00 -2.5714025e+00 -2.7091377e+00 -2.2821621e+00 -2.7204406e+00 -3.8231909e+00
-1.1275000e+00 -3.5468787e+00 -3.2133513e+00 -2.8536495e+00 -2.5333453e+00 -2.7954834e+00 -2.3780505e+00 -3.1596192e+00 -2.3672927e+00 -2.5060783e+00 -3.4757229e+00
-1.1200000e+00 -3.6604962e+00 -3.0879417e+00 -2.8200865e+00 -2.6452422e+00 -2.9004094e+00 -2.3569579e+00 -3.0097425e+00 -2.5931598e+00 -2.4270081e+00 -2.9905896e+00
-1.1125000e+00 -3.7273537e+00 -3.1258377e+00 -2.8303043e+00 -2.8141201e+00 -2.6714788e+00 -2.5058916e+00 -2.6274713e+00 -3.0152378e+00 -2.4654840e+00 -2.7346115e+00
-1.1050000e+00 -3.6392618e+00 -3.3142932e+00 -2.9156678e+00 -2.8386556e+00 -2.5284823e+00 -2.8308264e+00 -2.4433705e+00 -3.3928417e+00 -2.6343079e+00 -2.6263231e+00
-1.0975000e+00 -3.7283087e+00 -3.2821257e+00 -3.0195774e+00 -2.7532283e+00 -2.5704807e+00 -3.0607629e+00 -2.4401543e+00 -2.9733640e+00 -2.9842617e+00 -2.6380604e+00
-1.0900000e+00 -3.8219679e+00 -3.1982071e+00 -2.9924781e+00 -2.7412230e+00 -2.7790911e+00 -2.7922002e+00 -2.6190228e+00 -2.6414566e+00 -3.5384915e+00 -2.7761431e+00
-1.0825000e+00 -3.7259301e+00 -3.3254218e+00 -2.9296700e+00 -2.8231320e+00 -2.9544695e+00 -2.5826939e+00 -2.9991807e+00 -2.5221758e+00 -3.3436550e+00 -3.0845350e+00
-1.0750000e+00 -3.8478447e+00 -3.4019343e+00 -3.0198796e+00 -2.9084880e+00 -2.8315800e+00 -2.5861659e+00 -3.2037080e+00 -2.5859003e+00 -2.8929027e+00 -3.6490353e+00
-1.0675000e+00 -3.8657200e+00 -3.3218943e+00 -3.1701048e+00 -2.9261337e+00 -2.7198568e+00 -2.8006524e+00 -2.8499537e+00 -2.8532428e+00 -2.6898526e+00 -3.7035431e+00
-1.0600000e+00 -3.8358105e+00 -3.3864112e+00 -3.0732138e+00 -2.9140717e+00 -2.7841741e+00 -3.0794937e+00 -2.6421743e+00 -3.3205160e+00 -2.6819710e+00 -3.1688475e+00
-1.0525000e+00 -3.9562423e+00 -3.4754304e+00 -3.0453297e+00 -2.9194568e+00 -2.9529530e+00 -2.9481941e+00 -2.6716233e+00 -3.2312798e+00 -2.8700500e+00 -2.9079858e+00
-1.0450000e+00 -3.9087716e+00 -3.4350337e+00 -3.2387726e+00 -2.9839281e+00 -2.9799869e+00 -2.7601056e+00 -2.9381290e+00 -2.8482991e+00 -3.3088338e+00 -2.8567861e+00
-1.0375000e+00 -3.9774685e+00 -3.4683062e+00 -3.2076724e+00 -3.0747214e+00 -2.9028430e+00 -2.7968850e+00 -3.2490188e+00 -2.7209993e+00 -3.5915286e+00 -2.9999580e+00
-1.0300000e+00 -4.0065675e+00 -3.5702928e+00 -3.1325926e+00 -3.0384228e+00 -2.9266461e+00 -3.0255609e+00 -3.0151040e+00 -2.8453946e+00 -3.1226918e+00 -3.3935655e+00
-1.0225000e+00 -4.0086337e+00 -3.5028966e+00 -3.3149898e+00 -3.0138104e+00 -3.0189284e+00 -3.1026075e+00 -2.8148135e+00 -3.2271042e+00 -2.8800245e+00 -3.8868840e+00
-1.0150000e+00 -4.0821635e+00 -3.6039111e+00 -3.2791803e+00 -3.1635356e+00 -3.0581270e+00 -2.9449863e+00 -2.8883985e+00 -3.3737883e+00 -2.9067203e+00 -3.4229822e+00
-1.0075000e+00 -4.0676452e+00 -3.6116092e+00 -3.2520139e+00 -3.1725202e+00 -3.0587638e+00 -2.9450688e+00 -3.1861785e+00 -3.0130553e+00 -3.2121271e+00 -3.0982218e+00
-1.0000000e+00 -4.1323620e+00 -3.6131963e+00 -3.3959780e+00 -3.0836768e+00 -3.0630278e+00 -3.1081947e+00 -3.2114791e+00 -2.8994927e+00 -3.6427219e+00 -3.0643137e+00
-9.9250000e-01 -4.1408420e+00 -3.7079414e+00 -3.3364909e+00 -3.2617318e+00 -3.1131596e+00 -3.1448893e+00 -2.9939256e+00 -3.0940296e+00 -3.2959657e+00 -3.3122470e+00
-9.8500000e-01 -4.1792042e+00 -3.6590359e+00 -3.3889037e+00 -3.2458262e+00 -3.1997171e+00 -3.0752554e+00 -3.0261118e+00 -3.4404719e+00 -3.0417792e+00 -3.8370018e+00
-9.7750000e-01 -4.2162058e+00 -3.7678974e+00 -3.4499460e+00 -3.1828507e+00 -3.1540193e+00 -3.1262930e+00 -3.2623628e+00 -3.2312413e+00 -3.1225779e+00 -3.6091552e+00
-9.7000000e-01 -4.2129770e+00 -3.7268748e+00 -3.4258291e+00 -3.3867831e+00 -3.1734497e+00 -3.2035951e+00 -3.2399389e+00 -3.0555646e+00 -3.5199043e+00 -3.2545962e+00
-9.6250000e-01 -4.3096832e+00 -3.8177611e+00 -3.5069890e+00 -3.2619426e+00 -3.3239709e+00 -3.2155150e+00 -3.1231423e+00 -3.2161171e+00 -3.5429923e+00 -3.2593026e+00
-9.5500000e-01 -4.2721203e+00 -3.7900049e+00 -3.5016008e+00 -3.3606286e+00 -3.2176556e+00 -3.2241757e+00 -3.2363669e+00 -3.4746109e+00 -3.2174353e+00 -3.6244502e+00
-9.4750000e-01 -4.3208139e+00 -3.8825832e+00 -3.5492897e+00 -3.3972725e+00 -3.2938222e+00 -3.2481470e+00 -3.3380983e+00 -3.2738505e+00 -3.2520732e+00 -3.8644106e+00
-9.4000000e-01 -4.3851046e+00 -3.8478195e+00 -3.5699098e+00 -3.3706975e+00 -3.3991084e+00 -3.3356876e+00 -3.2665859e+00 -3.2236645e+00 -3.6106610e+00 -3.4498555e+00
-9.3250000e-01 -4.3673413e+00 -3.9208475e+00 -3.6145754e+00 -3.4772284e+00 -3.2754286e+00 -3.3123687e+00 -3.3125883e+00 -3.4505178e+00 -3.5354377e+00 -3.3904492e+00
-9.2500000e-01 -4.4052100e+00 -3.9596106e+00 -3.6114003e+00 -3.4358919e+00 -3.4906346e+00 -3.3256982e+00 -3.3808623e+00 -3.4357001e+00 -3.3259626e+00 -3.7389148e+00
-9.1750000e-01 -4.4778186e+00 -3.9303560e+00 -3.7026790e+00 -3.5176818e+00 -3.3557968e+00 -3.4610674e+00 -3.3901397e+00 -3.3407971e+00 -3.5099961e+00 -3.8397947e+00
-9.1000000e-01 -4.4986691e+00 -4.0214710e+00 -3.6526432e+00 -3.5159031e+00 -3.4953281e+00 -3.3472784e+00 -3.4064684e+00 -3.4884392e+00 -3.6886807e+00 -3.5176106e+00
-9.0250000e-01 -4.4954276e+00 -4.0326054e+00 -3.7616618e+00 -3.5613961e+00 -3.4569803e+00 -3.5060693e+00 -3.4439961e+00 -3.5054490e+00 -3.4692506e+00 -3.6253510e+00
-8.9500000e-01 -4.5166741e+00 -4.0397596e+00 -3.7339330e+00 -3.5788251e+00 -3.5214360e+00 -3.4537798e+00 -3.5126785e+00 -3.4728939e+00 -3.5675029e+00 -3.9530249e+00
-8.8750000e-01 -4.5604354e+00 -4.1109022e+00 -3.7942124e+00 -3.6382654e+00 -3.5319422e+00 -3.4993745e+00 -3.4597544e+00 -3.5593896e+00 -3.7249929e+00 -3.6853343e+00
-8.8000000e-01 -4.6066280e+00 -4.1359405e+00 -3.8113139e+00 -3.6059824e+00 -3.5781802e+00 -3.5671179e+00 -3.5936212e+00 -3.5721852e+00 -3.5812014e+00 -3.6931076e+00
-8.7250000e-01 -4.6443260e+00 -4.1249529e+00 -3.8238491e+00 -3.7360812e+00 -3.5901844e+00 -3.5279189e+00 -3.5329336e+00 -3.5976571e+00 -3.6954670e+00 -3.9742532e+00
-8.6500000e-01 -4.6762528e+00 -4.1490313e+00 -3.9106869e+00 -3.6678275e+00 -3.6365809e+00 -3.6398722e+00 -3.6154352e+00 -3.6178478e+00 -3.7365137e+00 -3.7785302e+00
-8.5750000e-01 -4.7094756e+00 -4.2033070e+00 -3.9140069e+00 -3.7308440e+00 -3.6600878e+00 -3.5954267e+00 -3.6301622e+00 -3.6940387e+00 -3.7063718e+00 -3.8373669e+00
-8.5000000e-01 -4.7417856e+00 -4.2532931e+00 -3.8966980e+00 -3.8109896e+00 -3.6834194e+00 -3.6727155e+00 -3.6459375e+00 -3.6453473e+00 -3.7932494e+00 -3.9880420e+00
-8.4250000e-01 -4.7640779e+00 -4.2856793e+00 -3.9476493e+00 -3.7695906e+00 -3.7172584e+00 -3.6921448e+00 -3.7030581e+00 -3.7801045e+00 -3.7899385e+00 -3.8582992e+00
-8.3500000e-01 -4.7849854e+00 -4.3098390e+00 -4.0126327e+00 -3.8177207e+00 -3.7803142e+00 -3.6928424e+00 -3.7133605e+00 -3.6940966e+00 -3.8339681e+00 -4.0064789e+00
-8.2750000e-01 -4.8043506e+00 -4.3361383e+00 -4.0375691e+00 -3.8703679e+00 -3.7340517e+00 -3.7799988e+00 -3.7343714e+00 -3.8499729e+00 -3.8523678e+00 -3.9715909e+00
-8.2000000e-01 -4.8179512e+00 -4.3656396e+00 -4.0437458e+00 -3.8738883e+00 -3.8245011e+00 -3.7533267e+00 -3.8215037e+00 -3.7442263e+00 -3.9046676e+00 -4.0210082e+00
-8.1250000e-01 -4.8616015e+00 -4.3928428e+00 -4.0605162e+00 -3.9114141e+00 -3.8895389e+00 -3.8174027e+00 -3.7478354e+00 -3.9310671e+00 -3.8976912e+00 -4.0466188e+00
-8.0500000e-01 -4.9106119e+00 -4.4195865e+00 -4.0899654e+00 -3.9760220e+00 -3.8354571e+00 -3.8255364e+00 -3.9169114e+00 -3.7872515e+00 -3.9767860e+00 -4.0877299e+00
-7.9750000e-01 -4.9339441e+00 -4.4602720e+00 -4.1236569e+00 -4.0129086e+00 -3.8643061e+00 -3.8872334e+00 -3.8223567e+00 -4.0032579e+00 -3.9574818e+00 -4.0882888e+00
-7.9000000e-01 -4.9439637e+00 -4.5026254e+00 -4.1571308e+00 -4.0201606e+00 -3.9501509e+00 -3.8995887e+00 -3.9031249e+00 -3.8658684e+00 -4.0173040e+00 -4.1721623e+00
-7.8250000e-01 -4.9995680e+00 -4.5155961e+00 -4.1923454e+00 -4.0283028e+00 -3.9864759e+00 -3.8843208e+00 -3.9554962e+00 -3.9802234e+00 -4.0611599e+00 -4.1275503e+00
-7.7500000e-01 -5.0082435e+00 -4.5328160e+00 -4.2297871e+00 -4.0505546e+00 -3.9894393e+00 -3.9640502e+00 -3.9397360e+00 -4.0353666e+00 -4.0141753e+00 -4.2487634e+00
-7.6750000e-01 -5.0548977e+00 -4.5508412e+00 -4.2579408e+00 -4.0835323e+00 -4.0124108e+00 -4.0459391e+00 -3.9921751e+00 -3.9522249e+00 -4.1999997e+00 -4.1894677e+00
-7.6000000e-01 -5.0707406e+00 -4.6096961e+00 -4.2716692e+00 -4.1188152e+00 -4.0573540e+00 -4.0359485e+00 -4.0091894e+00 -4.0912878e+00 -4.0529890e+00 -4.2734902e+00
-7.5250000e-01 -5.1222015e+00 -4.6325658e+00 -4.3052440e+00 -4.1474068e+00 -4.1058930e+00 -4.0145041e+00 -4.0390311e+00 -4.1075371e+00 -4.1834775e+00 -4.3202213e+00
-7.4500000e-01 -5.1277086e+00 -4.6471633e+00 -4.3639962e+00 -4.1655259e+00 -4.1473443e+00 -4.0354616e+00 -4.1111847e+00 -4.0749981e+00 -4.2531598e+00 -4.2463415e+00
-7.3750000e-01 -5.1650885e+00 -4.7029416e+00 -4.3944625e+00 -4.1862958e+00 -4.1805219e+00 -4.0835390e+00 -4.1452400e+00 -4.1358941e+00 -4.1484676e+00 -4.4457128e+00
-7.3000000e-01 -5.2081482e+00 -4.7027731e+00 -4.4207478e+00 -4.2321190e+00 -4.2053587e+00 -4.1323029e+00 -4.1299705e+00 -4.1794842e+00 -4.2468624e+00 -4.3547522e+00
-7.2250000e-01 -5.2356482e+00 -4.7579804e+00 -4.4229684e+00 -4.2877646e+00 -4.2211053e+00 -4.1712334e+00 -4.1238998e+00 -4.1949210e+00 -4.3464805e+00 -4.3433276e+00
-7.1500000e-01 -5.2587181e+00 -4.7653633e+00 -4.4927549e+00 -4.3146265e+00 -4.2346944e+00 -4.2046171e+00 -4.1473806e+00 -4.2378233e+00 -4.3080631e+00 -4.5232369e+00
-7.0750000e-01 -5.2828180e+00 -4.8188593e+00 -4.4965085e+00 -4.3484492e+00 -4.2620087e+00 -4.2409841e+00 -4.1881300e+00 -4.2937880e+00 -4.3054245e+00 -4.5019304e+00
-7.0000000e-01 -5.3168733e+00 -4.8430041e+00 -4.5296251e+00 -4.3539918e+00 -4.2972888e+00 -4.2849055e+00 -4.2309839e+00 -4.3283193e+00 -4.3568928e+00 -4.4325504e+00
-6.5000000e-01 -5.5238624e+00 -5.0296695e+00 -4.7351958e+00 -4.5807740e+00 -4.4873198e+00 -4.4412813e+00 -4.4625708e+00 -4.4715596e+00 -4.6272299e+00 -4.6939250e+00
-6.0000000e-01 -5.7104745e+00 -5.2422945e+00 -4.9248545e+00 -4.7781369e+00 -4.6751973e+00 -4.6552873e+00 -4.6842918e+00 -4.6564269e+00 -4.7716071e+00 -4.9510253e+00
-5.5000000e-01 -5.9229806e+00 -5.4411595e+00 -5.1391012e+00 -4.9547323e+00 -4.9005237e+00 -4.8418168e+00 -4.8750461e+00 -4.8784897e+00 -4.9900753e+00 -5.0685020e+00
-5.0000000e-01 -6.1143801e+00 -5.6385026e+00 -5.3397860e+00 -5.1576723e+00 -5.0947315e+00 -5.0646398e+00 -5.0564546e+00 -5.0712509e+00 -5.1806889e+00 -5.2912942e+00
-4.0000000e-01 -6.4768502e+00 -6.0343254e+00 -5.7333371e+00 -5.5688369e+00 -5.4895247e+00 -5.4517406e+00 -5.4672820e+00 -5.4918144e+00 -5.5594568e+00 -5.7053795e+00
-2.0000000e-01 -7.4236575e+00 -6.7906639e+00 -6.4956113e+00 -6.3672782e+00 -6.2869918e+00 -6.2559603e+00 -6.2579660e+00 -6.2962852e+00 -6.3692359e+00 -6.4913095e+00
0.0000000e+00 -8.0994345e+00 -7.5961617e+00 -7.3176239e+00 -7.1427376e+00 -7.0671109e+00 -7.0761396e+00 -7.0641878e+00 -7.0905779e+00 -7.1706841e+00 -7.2979780e+00
2.0000000e-01 -8.8599680e+00 -8.4539945e+00 -8.1338734e+00 -7.9553933e+00 -7.8738543e+00 -7.9100892e+00 -7.8893344e+00 -7.8671982e+00 -7.9883332e+00 -8.1035797e+00
4.0000000e-01 -9.7770112e+00 -9.2029822e+00 -8.9684633e+00 -8.7631173e+00 -8.6845629e+00 -8.6930739e+00 -8.6503690e+00 -8.6955117e+00 -8.7694816e+00 -8.8920791e+00
6.0000000e-01 -1.0535814e+01 -1.0044819e+01 -9.6981555e+00 -9.5557537e+00 -9.4478963e+00 -9.4821073e+00 -9.4350601e+00 -9.4355386e+00 -9.5883369e+00 -9.6833581e+00
8.0000000e-01 -1.1279047e+01 -1.0820928e+01 -1.0547897e+01 -1.0371146e+01 -1.0251632e+01 -1.0256464e+01 -1.0231304e+01 -1.0346854e+01 -1.0341137e+01 -1.0451778e+01
1.0000000e+00 -1.2124008e+01 -1.1636757e+01 -1.1353214e+01 -1.1190700e+01 -1.1043579e+01 -1.1114536e+01 -1.1032333e+01 -1.1067086e+01 -1.1207744e+01 -1.1333859e+01
1.2000000e+00 -1.2881620e+01 -1.2498809e+01 -1.2139121e+01 -1.1936993e+01 -1.1925328e+01 -1.1860088e+01 -1.1882502e+01 -1.1901768e+01 -1.2004509e+01 -1.2103389e+01
1.4000000e+00 -1.3707282e+01 -1.3245636e+01 -1.2902808e+01 -1.2722798e+01 -1.2689887e+01 -1.2616394e+01 -1.2692364e+01 -1.2678267e+01 -1.2747351e+01 -1.2922149e+01
1.6000000e+00 -1.4514169e+01 -1.4043450e+01 -1.3746787e+01 -1.3520928e+01 -1.3487252e+01 -1.3465203e+01 -1.3468914e+01 -1.3448681e+01 -1.3607943e+01 -1.3738542e+01
1.8000000e+00 -1.5367743e+01 -1.4850611e+01 -1.4522779e+01 -1.4380296e+01 -1.4267185e+01 -1.4293152e+01 -1.4281216e+01 -1.4305341e+01 -1.4408293e+01 -1.4514310e+01
2.0000000e+00 -1.6219855e+01 -1.5636841e+01 -1.5416760e+01 -1.5193127e+01 -1.5087301e+01 -1.5031912e+01 -1.5064262e+01 -1.5088238e+01 -1.5147308e+01 -1.5319163e+01