########################################################################
# Reference Counts for Solar Model AGSS09met                           #
# Column 1: log10(Axion mass in eV)                                    #
#        n>1: log10(Reference photon counts in energy bin n-1)         #
########################################################################
-3.0000000e+00 -3.9028507e-01 -2.2234713e-01 -8.2612948e-02 -2.5112506e-03 1.0826372e-02 -1.8326427e-03 -5.4372943e-02 -1.4081560e-01 -2.5995299e-01 -4.0940892e-01
-2.8000000e+00 -3.9030580e-01 -2.2236111e-01 -8.2622943e-02 -2.5187959e-03 1.0820495e-02 -1.8373500e-03 -5.4376801e-02 -1.4081882e-01 -2.5995571e-01 -4.0941126e-01
-2.6000000e+00 -3.9043657e-01 -2.2244931e-01 -8.2686007e-02 -2.5664039e-03 1.0783417e-02 -1.8670518e-03 -5.4401141e-02 -1.4083911e-01 -2.5997290e-01 -4.0942599e-01
-2.4000000e+00 -3.9126187e-01 -2.2300587e-01 -8.3083957e-02 -2.8668134e-03 1.0549454e-02 -2.0544661e-03 -5.4554720e-02 -1.4096715e-01 -2.6008137e-01 -4.0951897e-01
-2.2000000e+00 -3.9647596e-01 -2.2652071e-01 -8.5596483e-02 -4.7632059e-03 9.0726795e-03 -3.2373384e-03 -5.5523990e-02 -1.4177524e-01 -2.6076585e-01 -4.1010570e-01
-2.1500000e+00 -4.0010693e-01 -2.2896691e-01 -8.7344479e-02 -6.0822502e-03 8.0456635e-03 -4.0598697e-03 -5.6197934e-02 -1.4233708e-01 -2.6124173e-01 -4.1051360e-01
-2.1000000e+00 -4.0587333e-01 -2.3284929e-01 -9.0117666e-02 -8.1744004e-03 6.4169747e-03 -5.3641238e-03 -5.7266487e-02 -1.4322782e-01 -2.6199617e-01 -4.1116023e-01
-2.0500000e+00 -4.1504205e-01 -2.3901613e-01 -9.4519930e-02 -1.1494281e-02 3.8332137e-03 -7.4328118e-03 -5.8961096e-02 -1.4464030e-01 -2.6319239e-01 -4.1218546e-01
-2.0000000e+00 -4.2964875e-01 -2.4882455e-01 -1.0151489e-01 -1.6766147e-02 -2.6798080e-04 -1.0715453e-02 -6.1649554e-02 -1.4688080e-01 -2.6508963e-01 -4.1381133e-01
-1.9500000e+00 -4.5299161e-01 -2.6445804e-01 -1.1264640e-01 -2.5147326e-02 -6.7836223e-03 -1.5928163e-02 -6.5917242e-02 -1.5043646e-01 -2.6809992e-01 -4.1639065e-01
-1.9000000e+00 -4.9048739e-01 -2.8946178e-01 -1.3040407e-01 -3.8496252e-02 -1.7149980e-02 -2.4215239e-02 -7.2698174e-02 -1.5608367e-01 -2.7287943e-01 -4.2048484e-01
-1.8500000e+00 -5.5123593e-01 -3.2967858e-01 -1.5884527e-01 -5.9820895e-02 -3.3680889e-02 -3.7414141e-02 -8.3488598e-02 -1.6506399e-01 -2.8047599e-01 -4.2698952e-01
-1.8475000e+00 -5.5512701e-01 -3.3224189e-01 -1.6065288e-01 -6.1173871e-02 -3.4728496e-02 -3.8249911e-02 -8.4171459e-02 -1.6563205e-01 -2.8095636e-01 -4.2740073e-01
-1.8400000e+00 -5.6739791e-01 -3.4031534e-01 -1.6634211e-01 -6.5430333e-02 -3.8023307e-02 -4.0877947e-02 -8.6318368e-02 -1.6741783e-01 -2.8246633e-01 -4.2869324e-01
-1.8325000e+00 -5.8062376e-01 -3.4899964e-01 -1.7245481e-01 -7.0000498e-02 -4.1559321e-02 -4.3697475e-02 -8.8621181e-02 -1.6933295e-01 -2.8408547e-01 -4.3007905e-01
-1.8250000e+00 -5.9488584e-01 -3.5834385e-01 -1.7902390e-01 -7.4908241e-02 -4.5354640e-02 -4.6722727e-02 -9.1091407e-02 -1.7138693e-01 -2.8582174e-01 -4.3156495e-01
-1.8175000e+00 -6.1027360e-01 -3.6840148e-01 -1.8608505e-01 -8.0179375e-02 -4.9428799e-02 -4.9969042e-02 -9.3741432e-02 -1.7358996e-01 -2.8768374e-01 -4.3315825e-01
-1.8100000e+00 -6.2688564e-01 -3.7923093e-01 -1.9367698e-01 -8.5841823e-02 -5.3802881e-02 -5.3452946e-02 -9.6584590e-02 -1.7595305e-01 -2.8968068e-01 -4.3486680e-01
-1.8025000e+00 -6.4483101e-01 -3.9089603e-01 -2.0184178e-01 -9.1925819e-02 -5.8499659e-02 -5.7192265e-02 -9.9635244e-02 -1.7848801e-01 -2.9182249e-01 -4.3669904e-01
-1.7950000e+00 -6.6423055e-01 -4.0346670e-01 -2.1062521e-01 -9.8464121e-02 -6.3543744e-02 -6.1206226e-02 -1.0290887e-01 -1.8120757e-01 -2.9411984e-01 -4.3866405e-01
-1.7875000e+00 -6.8521865e-01 -4.1701965e-01 -2.2007713e-01 -1.0549225e-01 -6.8961751e-02 -6.5515583e-02 -1.0642215e-01 -1.8412544e-01 -2.9658421e-01 -4.4077158e-01
-1.7800000e+00 -7.0794523e-01 -4.3163919e-01 -2.3025190e-01 -1.1304878e-01 -7.4782483e-02 -7.0142751e-02 -1.1019306e-01 -1.8725638e-01 -2.9922795e-01 -4.4303212e-01
-1.7725000e+00 -7.3257819e-01 -4.4741822e-01 -2.4120889e-01 -1.2117560e-01 -8.1037136e-02 -7.5111950e-02 -1.1424103e-01 -1.9061630e-01 -3.0206437e-01 -4.4545697e-01
-1.7650000e+00 -7.5930628e-01 -4.6445932e-01 -2.5301306e-01 -1.2991830e-01 -8.7759523e-02 -8.0449370e-02 -1.1858699e-01 -1.9422236e-01 -3.0510781e-01 -4.4805826e-01
-1.7575000e+00 -7.8834277e-01 -4.8287611e-01 -2.6573556e-01 -1.3932652e-01 -9.4986331e-02 -8.6183353e-02 -1.2325357e-01 -1.9809305e-01 -3.0837369e-01 -4.5084909e-01
-1.7500000e+00 -8.1992974e-01 -5.0279474e-01 -2.7945452e-01 -1.4945443e-01 -1.0275740e-01 -9.2344588e-02 -1.2826522e-01 -2.0224834e-01 -3.1187867e-01 -4.5384355e-01
-1.7425000e+00 -8.5434367e-01 -5.2435579e-01 -2.9425589e-01 -1.6036115e-01 -1.1111605e-01 -9.8966337e-02 -1.3364839e-01 -2.0670978e-01 -3.1564068e-01 -4.5705679e-01
-1.7350000e+00 -8.9190223e-01 -5.4771646e-01 -3.1023443e-01 -1.7211138e-01 -1.2010941e-01 -1.0608468e-01 -1.3943170e-01 -2.1150066e-01 -3.1967909e-01 -4.6050520e-01
-1.7275000e+00 -9.3297309e-01 -5.7305322e-01 -3.2749488e-01 -1.8477603e-01 -1.2978888e-01 -1.1373880e-01 -1.4564614e-01 -2.1664615e-01 -3.2401481e-01 -4.6420640e-01
-1.7200000e+00 -9.7798517e-01 -6.0056507e-01 -3.4615336e-01 -1.9843292e-01 -1.4021051e-01 -1.2197128e-01 -1.5232531e-01 -2.2217347e-01 -3.2867041e-01 -4.6817942e-01
-1.7125000e+00 -1.0274434e+00 -6.3047753e-01 -3.6633893e-01 -2.1316769e-01 -1.5143560e-01 -1.3082847e-01 -1.5950565e-01 -2.2811211e-01 -3.3367028e-01 -4.7244480e-01
-1.7050000e+00 -1.0819482e+00 -6.6304758e-01 -3.8819560e-01 -2.2907479e-01 -1.6353124e-01 -1.4036085e-01 -1.6722676e-01 -2.3449401e-01 -3.3904081e-01 -4.7702473e-01
-1.6975000e+00 -1.1422216e+00 -6.9856986e-01 -4.1188460e-01 -2.4625860e-01 -1.7657102e-01 -1.5062353e-01 -1.7553167e-01 -2.4135378e-01 -3.4481056e-01 -4.8194316e-01
-1.6900000e+00 -1.2091433e+00 -7.3738456e-01 -4.3758722e-01 -2.6483485e-01 -1.9063580e-01 -1.6167671e-01 -1.8446721e-01 -2.4872901e-01 -3.5101046e-01 -4.8722601e-01
-1.6825000e+00 -1.2838003e+00 -7.7988751e-01 -4.6550822e-01 -2.8493223e-01 -2.0581463e-01 -1.7358628e-01 -1.9408444e-01 -2.5666053e-01 -3.5767402e-01 -4.9290134e-01
-1.6750000e+00 -1.3675570e+00 -8.2654335e-01 -4.9588011e-01 -3.0669433e-01 -2.2220585e-01 -1.8642448e-01 -2.0443908e-01 -2.6519276e-01 -3.6483761e-01 -4.9899949e-01
-1.6675000e+00 -1.4621560e+00 -8.7790303e-01 -5.2896838e-01 -3.3028194e-01 -2.3991827e-01 -2.0027069e-01 -2.1559200e-01 -2.7437406e-01 -3.7254075e-01 -5.0555339e-01
-1.6600000e+00 -1.5698623e+00 -9.3462724e-01 -5.6507822e-01 -3.5587590e-01 -2.5907270e-01 -2.1521228e-01 -2.2760987e-01 -2.8425717e-01 -3.8082636e-01 -5.1259872e-01
-1.6525000e+00 -1.6936654e+00 -9.9751858e-01 -6.0456293e-01 -3.8368052e-01 -2.7980367e-01 -2.3134568e-01 -2.4056581e-01 -2.9489966e-01 -3.8974120e-01 -5.2017426e-01
-1.6450000e+00 -1.8375362e+00 -1.0675666e+00 -6.4783498e-01 -4.1392788e-01 -3.0226154e-01 -2.4877756e-01 -2.5454016e-01 -3.0636453e-01 -3.9933620e-01 -5.2832214e-01
-1.6375000e+00 -2.0066184e+00 -1.1460119e+00 -6.9538039e-01 -4.4688304e-01 -3.2661501e-01 -2.6762632e-01 -2.6962140e-01 -3.1872076e-01 -4.0966696e-01 -5.3708819e-01
-1.6300000e+00 -2.2066479e+00 -1.2344403e+00 -7.4777797e-01 -4.8285085e-01 -3.5305421e-01 -2.8802369e-01 -2.8590723e-01 -3.3204409e-01 -4.2079425e-01 -5.4652237e-01
-1.6225000e+00 -2.4391117e+00 -1.3349237e+00 -8.0572551e-01 -5.2218437e-01 -3.8179444e-01 -3.1011685e-01 -3.0350577e-01 -3.4641781e-01 -4.3278459e-01 -5.5667917e-01
-1.6150000e+00 -2.6777127e+00 -1.4502347e+00 -8.7007601e-01 -5.6529607e-01 -4.1308089e-01 -3.3407081e-01 -3.2253704e-01 -3.6193373e-01 -4.4571096e-01 -5.6761815e-01
-1.6075000e+00 -2.8106279e+00 -1.5841794e+00 -9.4188919e-01 -6.1267228e-01 -4.4719447e-01 -3.6007142e-01 -3.4313472e-01 -3.7869334e-01 -4.5965354e-01 -5.7940447e-01
-1.6000000e+00 -2.7235492e+00 -1.7420973e+00 -1.0225063e+00 -6.6489274e-01 -4.8445928e-01 -3.8832897e-01 -3.6544820e-01 -3.9680905e-01 -4.7470066e-01 -5.9210957e-01
-1.5925000e+00 -2.5215053e+00 -1.9314908e+00 -1.1136624e+00 -7.2265716e-01 -5.2525219e-01 -4.1908272e-01 -3.8964512e-01 -4.1640585e-01 -4.9094981e-01 -6.0581195e-01
-1.5850000e+00 -2.3231349e+00 -2.1619744e+00 -1.2176589e+00 -7.8682213e-01 -5.7001529e-01 -4.5260654e-01 -4.1591437e-01 -4.3762308e-01 -5.0850893e-01 -6.2059799e-01
-1.5775000e+00 -2.1589425e+00 -2.4385294e+00 -1.3376400e+00 -8.5845391e-01 -6.1927256e-01 -4.8921606e-01 -4.4446992e-01 -4.6061675e-01 -5.2749783e-01 -6.3656305e-01
-1.5700000e+00 -2.0289338e+00 -2.7140091e+00 -1.4780459e+00 -9.3890556e-01 -6.7365215e-01 -5.2927780e-01 -4.7555540e-01 -4.8556217e-01 -5.4804996e-01 -6.5381257e-01
-1.5625000e+00 -1.9282596e+00 -2.7800368e+00 -1.6453726e+00 -1.0299335e+00 -7.3391732e-01 -5.7322122e-01 -5.0945000e-01 -5.1265733e-01 -5.7031448e-01 -6.7246358e-01
-1.5550000e+00 -1.8526375e+00 -2.5717906e+00 -1.8493856e+00 -1.1338798e+00 -8.0100992e-01 -6.2155444e-01 -5.4647582e-01 -5.4212688e-01 -5.9445875e-01 -6.9264629e-01
-1.5475000e+00 -1.7990716e+00 -2.3188953e+00 -2.1043322e+00 -1.2539679e+00 -8.7611329e-01 -6.7488563e-01 -5.8700748e-01 -5.7422732e-01 -6.2067142e-01 -7.1450614e-01
-1.5400000e+00 -1.7657142e+00 -2.1096460e+00 -2.4229940e+00 -1.3948052e+00 -9.6074605e-01 -7.3395230e-01 -6.3148451e-01 -6.0925329e-01 -6.4916614e-01 -7.3820619e-01
-1.5325000e+00 -1.7516574e+00 -1.9467246e+00 -2.7428091e+00 -1.5632691e+00 -1.0569067e+00 -7.9966252e-01 -6.8042797e-01 -6.4754582e-01 -6.8018628e-01 -7.6393003e-01
-1.5250000e+00 -1.7567936e+00 -1.8212942e+00 -2.7397448e+00 -1.7701038e+00 -1.1673053e+00 -8.7315440e-01 -7.3446277e-01 -6.8950288e-01 -7.1401070e-01 -7.9188539e-01
-1.5175000e+00 -1.7817617e+00 -1.7260072e+00 -2.4434812e+00 -2.0324680e+00 -1.2957527e+00 -9.5588456e-01 -7.9434857e-01 -7.3559326e-01 -7.5096125e-01 -8.2230858e-01
-1.5100000e+00 -1.8279727e+00 -1.6559286e+00 -2.1632493e+00 -2.3731171e+00 -1.4478472e+00 -1.0497641e+00 -8.6102345e-01 -7.8637522e-01 -7.9141227e-01 -8.5547002e-01
-1.5025000e+00 -1.8977102e+00 -1.6079803e+00 -1.9483036e+00 -2.7531855e+00 -1.6322570e+00 -1.1573764e+00 -9.3566726e-01 -8.4252182e-01 -8.3580315e-01 -8.9168132e-01
-1.4950000e+00 -1.9942773e+00 -1.5804335e+00 -1.7855504e+00 -2.7678773e+00 -1.8632011e+00 -1.2823427e+00 -1.0197964e+00 -9.0485628e-01 -8.8465488e-01 -9.3130429e-01
-1.4875000e+00 -2.1220526e+00 -1.5725953e+00 -1.6619461e+00 -2.4192411e+00 -2.1647761e+00 -1.4299701e+00 -1.1154108e+00 -9.7440248e-01 -9.3859259e-01 -9.7476274e-01
-1.4800000e+00 -2.2857888e+00 -1.5846571e+00 -1.5689744e+00 -2.1116577e+00 -2.5672421e+00 -1.6084781e+00 -1.2252322e+00 -1.0524592e+00 -9.9837660e-01 -1.0225581e+00
-1.4725000e+00 -2.4862522e+00 -1.6176700e+00 -1.5013812e+00 -1.8841013e+00 -2.9258020e+00 -1.8314756e+00 -1.3531086e+00 -1.1407129e+00 -1.0649464e+00 -1.0752905e+00
-1.4650000e+00 -2.7014106e+00 -1.6736425e+00 -1.4560404e+00 -1.7145842e+00 -2.6834301e+00 -2.1230908e+00 -1.5047459e+00 -1.2414158e+00 -1.1394848e+00 -1.1336875e+00
-1.4575000e+00 -2.8417127e+00 -1.7557732e+00 -1.4312807e+00 -1.5868097e+00 -2.2946406e+00 -2.5241987e+00 -1.6891288e+00 -1.3576805e+00 -1.2235136e+00 -1.1986452e+00
-1.4500000e+00 -2.7993372e+00 -1.8688425e+00 -1.4265268e+00 -1.4909699e+00 -2.0085144e+00 -2.9896076e+00 -1.9215123e+00 -1.4939953e+00 -1.3190435e+00 -1.2712871e+00
-1.4425000e+00 -2.6412273e+00 -2.0196900e+00 -1.4421469e+00 -1.4212295e+00 -1.8013007e+00 -2.8376054e+00 -2.2300966e+00 -1.6571881e+00 -1.4288173e+00 -1.3530519e+00
-1.4350000e+00 -2.4830019e+00 -2.2169767e+00 -1.4794554e+00 -1.3741738e+00 -1.6473020e+00 -2.3967522e+00 -2.6663653e+00 -1.8583864e+00 -1.5567273e+00 -1.4458298e+00
-1.4275000e+00 -2.3658526e+00 -2.4649543e+00 -1.5408709e+00 -1.3479788e+00 -1.5316308e+00 -2.0788063e+00 -3.1574202e+00 -2.1174039e+00 -1.7085784e+00 -1.5521814e+00
-1.4200000e+00 -2.2960711e+00 -2.7236334e+00 -1.6302726e+00 -1.3419902e+00 -1.4457467e+00 -1.8537730e+00 -2.8729974e+00 -2.4732064e+00 -1.8936020e+00 -1.6757107e+00
-1.4125000e+00 -2.2728183e+00 -2.8136383e+00 -1.7536550e+00 -1.3565446e+00 -1.3846731e+00 -1.6884609e+00 -2.4156436e+00 -2.9938371e+00 -2.1277714e+00 -1.8217378e+00
-1.4050000e+00 -2.2954093e+00 -2.6468872e+00 -1.9201851e+00 -1.3929680e+00 -1.3455886e+00 -1.5647699e+00 -2.1039097e+00 -3.3131274e+00 -2.4419299e+00 -1.9986165e+00
-1.3975000e+00 -2.3644423e+00 -2.4265497e+00 -2.1431947e+00 -1.4537484e+00 -1.3271194e+00 -1.4726721e+00 -1.8848174e+00 -2.7909610e+00 -2.9014205e+00 -2.2205833e+00
-1.3900000e+00 -2.4804604e+00 -2.2547359e+00 -2.4348059e+00 -1.5429406e+00 -1.3290027e+00 -1.4064160e+00 -1.7240795e+00 -2.3784574e+00 -3.4997292e+00 -2.5147322e+00
-1.3825000e+00 -2.6381053e+00 -2.1423383e+00 -2.7435617e+00 -1.6669530e+00 -1.3519758e+00 -1.3627284e+00 -1.6039941e+00 -2.1028040e+00 -3.1569232e+00 -2.9399566e+00
-1.3750000e+00 -2.8080305e+00 -2.0848728e+00 -2.7782462e+00 -1.8359940e+00 -1.3978469e+00 -1.3399396e+00 -1.5148930e+00 -1.9066730e+00 -2.6491008e+00 -3.5846888e+00
-1.3675000e+00 -2.9120966e+00 -2.0790793e+00 -2.5153998e+00 -2.0663640e+00 -1.4697720e+00 -1.3375656e+00 -1.4512729e+00 -1.7617785e+00 -2.3228916e+00 -3.4845119e+00
-1.3600000e+00 -2.8849787e+00 -2.1250870e+00 -2.2612611e+00 -2.3797691e+00 -1.5728476e+00 -1.3561508e+00 -1.4100358e+00 -1.6536170e+00 -2.0978456e+00 -2.9027986e+00
-1.3525000e+00 -2.7844128e+00 -2.2262582e+00 -2.0827724e+00 -2.7466887e+00 -1.7152791e+00 -1.3973058e+00 -1.3896501e+00 -1.5741974e+00 -1.9339694e+00 -2.5384420e+00
-1.3450000e+00 -2.6958462e+00 -2.3872745e+00 -1.9724369e+00 -2.8027608e+00 -1.9106677e+00 -1.4639509e+00 -1.3897574e+00 -1.5189792e+00 -1.8119344e+00 -2.2932938e+00
-1.3375000e+00 -2.6554619e+00 -2.6030259e+00 -1.9208856e+00 -2.4832760e+00 -2.1819883e+00 -1.5608679e+00 -1.4110376e+00 -1.4854823e+00 -1.7214711e+00 -2.1169121e+00
-1.3300000e+00 -2.6710886e+00 -2.8103819e+00 -1.9241495e+00 -2.1977653e+00 -2.5589545e+00 -1.6958191e+00 -1.4552731e+00 -1.4726285e+00 -1.6568110e+00 -1.9860779e+00
-1.3225000e+00 -2.7397768e+00 -2.8435490e+00 -1.9834857e+00 -2.0046528e+00 -2.9259180e+00 -1.8818466e+00 -1.5256348e+00 -1.4804502e+00 -1.6147248e+00 -1.8888127e+00
-1.3150000e+00 -2.8486390e+00 -2.6968235e+00 -2.1052421e+00 -1.8864351e+00 -2.7335433e+00 -2.1420254e+00 -1.6273168e+00 -1.5100310e+00 -1.5936102e+00 -1.8184762e+00
-1.3075000e+00 -2.9656690e+00 -2.5419779e+00 -2.3000969e+00 -1.8301950e+00 -2.3614786e+00 -2.5155720e+00 -1.7688438e+00 -1.5636497e+00 -1.5930711e+00 -1.7713323e+00
-1.3000000e+00 -3.0378063e+00 -2.4527988e+00 -2.5703157e+00 -1.8308326e+00 -2.0993987e+00 -2.9754841e+00 -1.9648577e+00 -1.6451874e+00 -1.6137712e+00 -1.7454433e+00
-1.2925000e+00 -3.0337984e+00 -2.4410750e+00 -2.8199139e+00 -1.8896554e+00 -1.9321526e+00 -2.8837224e+00 -2.2423206e+00 -1.7609922e+00 -1.6574965e+00 -1.7401541e+00
-1.2850000e+00 -2.9856047e+00 -2.5064546e+00 -2.7726462e+00 -2.0143726e+00 -1.8368084e+00 -2.4571927e+00 -2.6506058e+00 -1.9217010e+00 -1.7274504e+00 -1.7558908e+00
-1.2775000e+00 -2.9459012e+00 -2.6422221e+00 -2.5386532e+00 -2.2201120e+00 -1.8021837e+00 -2.1587765e+00 -3.1454137e+00 -2.1463292e+00 -1.8289181e+00 -1.7941768e+00
-1.2700000e+00 -2.9488008e+00 -2.8135888e+00 -2.3563605e+00 -2.5224088e+00 -1.8255234e+00 -1.9696437e+00 -2.9237951e+00 -2.4719951e+00 -1.9706633e+00 -1.8578727e+00
-1.2625000e+00 -3.0108204e+00 -2.9183039e+00 -2.2683032e+00 -2.8356785e+00 -1.9110574e+00 -1.8587776e+00 -2.4751918e+00 -2.9653466e+00 -2.1680244e+00 -1.9517466e+00
-1.2550000e+00 -3.1272818e+00 -2.8778883e+00 -2.2732455e+00 -2.7695854e+00 -2.0711106e+00 -1.8113788e+00 -2.1837498e+00 -3.3358026e+00 -2.4504704e+00 -2.0836826e+00
-1.2475000e+00 -3.2376189e+00 -2.7839553e+00 -2.3713889e+00 -2.4769351e+00 -2.3289105e+00 -1.8228435e+00 -2.0023665e+00 -2.8451408e+00 -2.8800243e+00 -2.2673397e+00
-1.2400000e+00 -3.2336707e+00 -2.7345771e+00 -2.5623479e+00 -2.2668787e+00 -2.7023614e+00 -1.8962108e+00 -1.8984848e+00 -2.4413388e+00 -3.4774268e+00 -2.5286453e+00
-1.2325000e+00 -3.1485602e+00 -2.7570957e+00 -2.7989160e+00 -2.1672945e+00 -2.9544128e+00 -2.0430154e+00 -1.8578848e+00 -2.1917635e+00 -3.2110416e+00 -2.9233328e+00
-1.2250000e+00 -3.1174601e+00 -2.8419010e+00 -2.8776143e+00 -2.1698297e+00 -2.6742542e+00 -2.2876663e+00 -1.8767798e+00 -2.0399860e+00 -2.7051415e+00 -3.5451086e+00
-1.2175000e+00 -3.2046120e+00 -2.9508882e+00 -2.7280009e+00 -2.2755647e+00 -2.3663305e+00 -2.6679281e+00 -1.9593753e+00 -1.9598332e+00 -2.3971869e+00 -3.5385993e+00
-1.2100000e+00 -3.3690758e+00 -3.0219196e+00 -2.5823261e+00 -2.4932604e+00 -2.1890104e+00 -3.0517023e+00 -2.1194072e+00 -1.9410993e+00 -2.2088518e+00 -2.9566039e+00
-1.2025000e+00 -3.4038471e+00 -3.0215953e+00 -2.5395370e+00 -2.7891443e+00 -2.1269770e+00 -2.7992175e+00 -2.3865411e+00 -1.9830049e+00 -2.1011395e+00 -2.6054233e+00
-1.1950000e+00 -3.2950919e+00 -2.9850536e+00 -2.6095145e+00 -2.8801824e+00 -2.1717736e+00 -2.4335082e+00 -2.8108095e+00 -2.0932171e+00 -2.0580862e+00 -2.3925569e+00
-1.1875000e+00 -3.2779259e+00 -2.9669265e+00 -2.7709370e+00 -2.6585963e+00 -2.3318708e+00 -2.2196243e+00 -3.1942716e+00 -2.2914417e+00 -2.0753873e+00 -2.2676104e+00
-1.1800000e+00 -3.4079595e+00 -3.0056074e+00 -2.9238226e+00 -2.4743249e+00 -2.6246520e+00 -2.1321546e+00 -2.8242162e+00 -2.6202882e+00 -2.1573123e+00 -2.2101569e+00
-1.1725000e+00 -3.5200707e+00 -3.1107404e+00 -2.9137797e+00 -2.4243328e+00 -2.9511866e+00 -2.1558889e+00 -2.4520803e+00 -3.1363009e+00 -2.3184977e+00 -2.2135497e+00
-1.1650000e+00 -3.4540032e+00 -3.2115919e+00 -2.8167367e+00 -2.5125250e+00 -2.8406187e+00 -2.2974232e+00 -2.2485564e+00 -3.2571286e+00 -2.5925070e+00 -2.2801635e+00
-1.1575000e+00 -3.4223354e+00 -3.1804362e+00 -2.7799168e+00 -2.7248516e+00 -2.5507300e+00 -2.5836493e+00 -2.1732492e+00 -2.7597586e+00 -3.0509250e+00 -2.4221492e+00
-1.1500000e+00 -3.5147304e+00 -3.1045687e+00 -2.8369551e+00 -2.9260341e+00 -2.4003112e+00 -2.9889159e+00 -2.2116716e+00 -2.4436159e+00 -3.5468338e+00 -2.6685656e+00
-1.1425000e+00 -3.6015654e+00 -3.1477094e+00 -2.9504072e+00 -2.8532806e+00 -2.4066275e+00 -2.9672189e+00 -2.3746526e+00 -2.2877667e+00 -3.0815734e+00 -3.0866433e+00
-1.1350000e+00 -3.5745585e+00 -3.3168153e+00 -3.0297778e+00 -2.6950642e+00 -2.5698749e+00 -2.6131928e+00 -2.6995027e+00 -2.2542663e+00 -2.6668325e+00 -3.7075205e+00
-1.1275000e+00 -3.5580550e+00 -3.3522013e+00 -3.0188874e+00 -2.6585935e+00 -2.8656530e+00 -2.4139936e+00 -3.1515795e+00 -2.3378550e+00 -2.4495106e+00 -3.3829864e+00
-1.1200000e+00 -3.6500301e+00 -3.2300459e+00 -2.9780803e+00 -2.7652440e+00 -2.9909009e+00 -2.3874993e+00 -3.0131389e+00 -2.5616398e+00 -2.3681148e+00 -2.8925388e+00
-1.1125000e+00 -3.7162239e+00 -3.2680462e+00 -2.9863623e+00 -2.9369455e+00 -2.7660359e+00 -2.5306409e+00 -2.6284483e+00 -2.9808463e+00 -2.4042594e+00 -2.6329158e+00
-1.1050000e+00 -3.6454030e+00 -3.4528116e+00 -3.0772107e+00 -2.9718869e+00 -2.6143594e+00 -2.8508865e+00 -2.4413836e+00 -3.3659622e+00 -2.5701228e+00 -2.5219772e+00
-1.0975000e+00 -3.7240382e+00 -3.4178719e+00 -3.1850668e+00 -2.8848755e+00 -2.6468252e+00 -3.0964675e+00 -2.4354711e+00 -2.9514435e+00 -2.9154414e+00 -2.5312175e+00
-1.0900000e+00 -3.8118173e+00 -3.3409552e+00 -3.1519036e+00 -2.8650984e+00 -2.8491323e+00 -2.8357523e+00 -2.6112822e+00 -2.6166674e+00 -3.4685813e+00 -2.6662873e+00
-1.0825000e+00 -3.7285309e+00 -3.4693806e+00 -3.0870994e+00 -2.9439569e+00 -3.0381133e+00 -2.6190579e+00 -2.9888044e+00 -2.4949806e+00 -3.2949387e+00 -2.9700361e+00
-1.0750000e+00 -3.8455233e+00 -3.5342148e+00 -3.1812722e+00 -3.0369016e+00 -2.9262463e+00 -2.6147378e+00 -3.2038726e+00 -2.5562988e+00 -2.8399393e+00 -3.5287105e+00
-1.0675000e+00 -3.8552530e+00 -3.4640533e+00 -3.3334832e+00 -3.0585794e+00 -2.8049261e+00 -2.8220737e+00 -2.8520109e+00 -2.8205616e+00 -2.6326871e+00 -3.6100742e+00
-1.0600000e+00 -3.8430726e+00 -3.5311615e+00 -3.2322446e+00 -3.0390977e+00 -2.8577571e+00 -3.1081389e+00 -2.6402850e+00 -3.2870481e+00 -2.6210661e+00 -3.0718841e+00
-1.0525000e+00 -3.9419713e+00 -3.6071779e+00 -3.2045621e+00 -3.0417950e+00 -3.0276413e+00 -2.9918109e+00 -2.6657913e+00 -3.2096140e+00 -2.8045894e+00 -2.8059305e+00
-1.0450000e+00 -3.9131385e+00 -3.5799365e+00 -3.4007015e+00 -3.1126320e+00 -3.0721299e+00 -2.7963271e+00 -2.9284007e+00 -2.8242686e+00 -3.2373131e+00 -2.7506179e+00
-1.0375000e+00 -3.9704249e+00 -3.6082068e+00 -3.3686678e+00 -3.2047519e+00 -2.9905870e+00 -2.8229509e+00 -3.2449215e+00 -2.6935393e+00 -3.5372878e+00 -2.8891197e+00
-1.0300000e+00 -4.0051185e+00 -3.7067137e+00 -3.2917493e+00 -3.1621642e+00 -3.0010918e+00 -3.0476904e+00 -3.0176138e+00 -2.8143217e+00 -3.0715966e+00 -3.2757733e+00
-1.0225000e+00 -4.0068124e+00 -3.6468387e+00 -3.4754763e+00 -3.1394924e+00 -3.0963736e+00 -3.1423790e+00 -2.8127376e+00 -3.1928158e+00 -2.8231483e+00 -3.7795962e+00
-1.0150000e+00 -4.0762609e+00 -3.7406995e+00 -3.4410640e+00 -3.2928555e+00 -3.1495196e+00 -2.9838448e+00 -2.8810932e+00 -3.3503105e+00 -2.8442610e+00 -3.3285502e+00
-1.0075000e+00 -4.0694073e+00 -3.7530301e+00 -3.4106332e+00 -3.2982915e+00 -3.1412542e+00 -2.9717296e+00 -3.1771000e+00 -2.9895236e+00 -3.1427263e+00 -2.9969068e+00
-1.0000000e+00 -4.1238015e+00 -3.7537762e+00 -3.5572891e+00 -3.2093033e+00 -3.1377495e+00 -3.1323048e+00 -3.2133079e+00 -2.8714756e+00 -3.5798291e+00 -2.9569242e+00
-9.9250000e-01 -4.1424448e+00 -3.8460170e+00 -3.4975483e+00 -3.3892609e+00 -3.1991791e+00 -3.1852217e+00 -2.9932021e+00 -3.0612540e+00 -3.2459668e+00 -3.1974702e+00
-9.8500000e-01 -4.1758059e+00 -3.8018390e+00 -3.5472189e+00 -3.3728131e+00 -3.2856037e+00 -3.1100688e+00 -3.0189551e+00 -3.4103244e+00 -2.9848273e+00 -3.7201577e+00
-9.7750000e-01 -4.2097419e+00 -3.9038699e+00 -3.6129835e+00 -3.3084224e+00 -3.2305118e+00 -3.1498726e+00 -3.2545788e+00 -3.2089613e+00 -3.0578547e+00 -3.5158302e+00
-9.7000000e-01 -4.2149148e+00 -3.8711654e+00 -3.5838942e+00 -3.5139711e+00 -3.2576053e+00 -3.2373932e+00 -3.2417341e+00 -3.0283913e+00 -3.4489128e+00 -3.1536571e+00
-9.6250000e-01 -4.3025426e+00 -3.9530105e+00 -3.6693928e+00 -3.3891612e+00 -3.4082340e+00 -3.2534013e+00 -3.1201268e+00 -3.1832633e+00 -3.4925540e+00 -3.1499795e+00
-9.5500000e-01 -4.2733443e+00 -3.9335892e+00 -3.6605095e+00 -3.4850931e+00 -3.2967137e+00 -3.2494475e+00 -3.2275259e+00 -3.4464842e+00 -3.1626590e+00 -3.5056676e+00
-9.4750000e-01 -4.3163083e+00 -4.0208233e+00 -3.7106726e+00 -3.5265426e+00 -3.3777552e+00 -3.2807719e+00 -3.3369136e+00 -3.2506696e+00 -3.1875568e+00 -3.7663887e+00
-9.4000000e-01 -4.3761586e+00 -3.9876997e+00 -3.7294989e+00 -3.4947808e+00 -3.4810153e+00 -3.3720364e+00 -3.2654980e+00 -3.1939810e+00 -3.5411308e+00 -3.3518316e+00
-9.3250000e-01 -4.3685052e+00 -4.0617846e+00 -3.7754527e+00 -3.6063615e+00 -3.3565967e+00 -3.3388537e+00 -3.3044520e+00 -3.4180198e+00 -3.4852858e+00 -3.2817971e+00
-9.2500000e-01 -4.4059519e+00 -4.0996439e+00 -3.7713370e+00 -3.5605134e+00 -3.5735468e+00 -3.3602318e+00 -3.3788493e+00 -3.4127409e+00 -3.2680813e+00 -3.6200229e+00
-9.1750000e-01 -4.4721140e+00 -4.0711776e+00 -3.8634535e+00 -3.6461342e+00 -3.4379662e+00 -3.4926770e+00 -3.3882981e+00 -3.3126898e+00 -3.4407347e+00 -3.7441741e+00
-9.1000000e-01 -4.4948833e+00 -4.1586945e+00 -3.8123846e+00 -3.6406698e+00 -3.5757263e+00 -3.3773568e+00 -3.3990870e+00 -3.4560923e+00 -3.6329632e+00 -3.4166765e+00
-9.0250000e-01 -4.4969195e+00 -4.1735735e+00 -3.9231956e+00 -3.6898025e+00 -3.5412575e+00 -3.5402932e+00 -3.4430797e+00 -3.4818775e+00 -3.4146158e+00 -3.5108903e+00
-8.9500000e-01 -4.5191908e+00 -4.1828552e+00 -3.8928837e+00 -3.7035266e+00 -3.6001490e+00 -3.4839039e+00 -3.5077219e+00 -3.4438754e+00 -3.4995527e+00 -3.8452819e+00
-8.8750000e-01 -4.5603015e+00 -4.2504468e+00 -3.9555844e+00 -3.7664830e+00 -3.6175061e+00 -3.5316908e+00 -3.4553243e+00 -3.5291071e+00 -3.6678174e+00 -3.5882053e+00
-8.8000000e-01 -4.6028953e+00 -4.2744828e+00 -3.9718708e+00 -3.7314840e+00 -3.6562886e+00 -3.5990094e+00 -3.5916018e+00 -3.5479733e+00 -3.5257740e+00 -3.5807033e+00
-8.7250000e-01 -4.6377921e+00 -4.2653738e+00 -3.9830571e+00 -3.8633766e+00 -3.6755540e+00 -3.5587130e+00 -3.5274905e+00 -3.5663102e+00 -3.6269586e+00 -3.8649420e+00
-8.6500000e-01 -4.6685998e+00 -4.2894847e+00 -4.0718336e+00 -3.7937409e+00 -3.7160985e+00 -3.6732682e+00 -3.6131319e+00 -3.5917726e+00 -3.6830235e+00 -3.6809206e+00
-8.5750000e-01 -4.7028857e+00 -4.3421085e+00 -4.0746377e+00 -3.8581739e+00 -3.7426188e+00 -3.6250514e+00 -3.6253175e+00 -3.6655336e+00 -3.6451640e+00 -3.7226480e+00
-8.5000000e-01 -4.7365743e+00 -4.3908466e+00 -4.0562388e+00 -3.9374661e+00 -3.7669975e+00 -3.7072697e+00 -3.6426385e+00 -3.6168054e+00 -3.7300728e+00 -3.8862071e+00
-8.4250000e-01 -4.7578933e+00 -4.4234038e+00 -4.1080960e+00 -3.8945991e+00 -3.7962174e+00 -3.7206491e+00 -3.6991140e+00 -3.7534232e+00 -3.7354281e+00 -3.7551742e+00
-8.3500000e-01 -4.7801862e+00 -4.4486795e+00 -4.1741075e+00 -3.9455309e+00 -3.8649999e+00 -3.7271024e+00 -3.7092295e+00 -3.6649925e+00 -3.7676600e+00 -3.8916349e+00
-8.2750000e-01 -4.8033510e+00 -4.4763526e+00 -4.1985060e+00 -3.9983726e+00 -3.8154870e+00 -3.8104081e+00 -3.7311995e+00 -3.8232840e+00 -3.7982385e+00 -3.8744797e+00
-8.2000000e-01 -4.8170627e+00 -4.5067412e+00 -4.2036923e+00 -3.9992310e+00 -3.9057885e+00 -3.7836114e+00 -3.8166844e+00 -3.7155186e+00 -3.8394188e+00 -3.9066910e+00
-8.1250000e-01 -4.8612971e+00 -4.5333688e+00 -4.2200719e+00 -4.0365579e+00 -3.9721563e+00 -3.8527093e+00 -3.7446294e+00 -3.9036982e+00 -3.8418369e+00 -3.9469720e+00
-8.0500000e-01 -4.9046009e+00 -4.5585583e+00 -4.2496818e+00 -4.1026955e+00 -3.9164781e+00 -3.8543765e+00 -3.9131870e+00 -3.7590357e+00 -3.9128514e+00 -3.9769450e+00
-7.9750000e-01 -4.9305470e+00 -4.5992490e+00 -4.2837313e+00 -4.1401173e+00 -3.9467766e+00 -3.9183854e+00 -3.8173135e+00 -3.9755481e+00 -3.9005984e+00 -3.9855127e+00
-7.9000000e-01 -4.9442472e+00 -4.6422486e+00 -4.3174646e+00 -4.1466046e+00 -4.0344348e+00 -3.9338585e+00 -3.9014386e+00 -3.8374487e+00 -3.9545118e+00 -4.0629078e+00
-7.8250000e-01 -4.9938496e+00 -4.6541079e+00 -4.3526457e+00 -4.1539636e+00 -4.0686868e+00 -3.9153916e+00 -3.9504686e+00 -3.9531998e+00 -4.0033670e+00 -4.0242596e+00
-7.7500000e-01 -5.0062368e+00 -4.6739467e+00 -4.3897381e+00 -4.1758488e+00 -4.0690961e+00 -3.9945307e+00 -3.9347157e+00 -4.0062464e+00 -3.9531278e+00 -4.1387991e+00
-7.6750000e-01 -5.0512422e+00 -4.6916568e+00 -4.4175962e+00 -4.2087099e+00 -4.0917962e+00 -4.0778685e+00 -3.9903706e+00 -3.9243168e+00 -4.1405437e+00 -4.0869131e+00
-7.6000000e-01 -5.0697892e+00 -4.7497082e+00 -4.4314667e+00 -4.2439828e+00 -4.1378892e+00 -4.0673573e+00 -4.0057284e+00 -4.0648902e+00 -3.9927894e+00 -4.1636651e+00
-7.5250000e-01 -5.1178366e+00 -4.7714076e+00 -4.4651496e+00 -4.2727612e+00 -4.1876205e+00 -4.0452663e+00 -4.0336080e+00 -4.0777844e+00 -4.1243254e+00 -4.2168971e+00
-7.4500000e-01 -5.1271048e+00 -4.7888610e+00 -4.5241642e+00 -4.2913507e+00 -4.2296604e+00 -4.0668719e+00 -4.1067446e+00 -4.0464034e+00 -4.1920843e+00 -4.1395533e+00
-7.3750000e-01 -5.1624724e+00 -4.8422493e+00 -4.5555933e+00 -4.3124628e+00 -4.2630156e+00 -4.1162336e+00 -4.1421224e+00 -4.1098983e+00 -4.0879016e+00 -4.3391168e+00
-7.3000000e-01 -5.2027112e+00 -4.8430793e+00 -4.5810068e+00 -4.3579960e+00 -4.2881471e+00 -4.1659866e+00 -4.1266293e+00 -4.1521439e+00 -4.1893497e+00 -4.2489257e+00
-7.2250000e-01 -5.2317211e+00 -4.8968373e+00 -4.5828809e+00 -4.4138104e+00 -4.3045821e+00 -4.2052505e+00 -4.1200821e+00 -4.1653647e+00 -4.2860966e+00 -4.2375739e+00
-7.1500000e-01 -5.2565015e+00 -4.9063373e+00 -4.6533422e+00 -4.4421962e+00 -4.3186985e+00 -4.2384689e+00 -4.1435603e+00 -4.2084094e+00 -4.2449156e+00 -4.4179763e+00
-7.0750000e-01 -5.2801473e+00 -4.9585329e+00 -4.6568840e+00 -4.4753391e+00 -4.3451579e+00 -4.2743302e+00 -4.1846394e+00 -4.2657684e+00 -4.2451825e+00 -4.3937803e+00
-7.0000000e-01 -5.3150167e+00 -4.9829729e+00 -4.6898529e+00 -4.4798974e+00 -4.3783512e+00 -4.3174535e+00 -4.2278558e+00 -4.3011228e+00 -4.2999327e+00 -4.3256659e+00
-6.5000000e-01 -5.5197836e+00 -5.1699120e+00 -4.8953605e+00 -4.7078122e+00 -4.5703679e+00 -4.4729653e+00 -4.4584856e+00 -4.4427523e+00 -4.5675139e+00 -4.5914598e+00
-6.0000000e-01 -5.7084629e+00 -5.3826500e+00 -5.0848938e+00 -4.9047076e+00 -4.7568405e+00 -4.6859965e+00 -4.6805527e+00 -4.6282167e+00 -4.7094753e+00 -4.8445773e+00
-5.5000000e-01 -5.9197552e+00 -5.5807514e+00 -5.2997487e+00 -5.0811692e+00 -4.9824682e+00 -4.8731723e+00 -4.8710773e+00 -4.8504122e+00 -4.9305026e+00 -4.9625476e+00
-5.0000000e-01 -6.1118837e+00 -5.7788307e+00 -5.5003042e+00 -5.2841221e+00 -5.1765055e+00 -5.0967573e+00 -5.0531117e+00 -5.0430561e+00 -5.1197705e+00 -5.1842513e+00
-4.0000000e-01 -6.4636585e+00 -6.1745104e+00 -5.8938506e+00 -5.6953405e+00 -5.5715715e+00 -5.4832208e+00 -5.4634410e+00 -5.4641323e+00 -5.4996471e+00 -5.5992324e+00
-2.0000000e-01 -7.4082490e+00 -6.9318013e+00 -6.6541354e+00 -6.4938930e+00 -6.3689406e+00 -6.2874415e+00 -6.2539950e+00 -6.2683102e+00 -6.3095839e+00 -6.3853084e+00
0.0000000e+00 -8.0917537e+00 -7.7347511e+00 -7.4774182e+00 -7.2685056e+00 -7.1484793e+00 -7.1087426e+00 -7.0601498e+00 -7.0625606e+00 -7.1106611e+00 -7.1918977e+00
2.0000000e-01 -8.8547544e+00 -8.5935655e+00 -8.2937733e+00 -8.0821388e+00 -7.9556019e+00 -7.8811830e+00 -7.8856296e+00 -7.8391284e+00 -7.9284505e+00 -7.9986681e+00
4.0000000e-01 -9.7658381e+00 -9.3459392e+00 -9.1292793e+00 -8.8893593e+00 -8.7651823e+00 -8.7266298e+00 -8.6462422e+00 -8.6680927e+00 -8.7103239e+00 -8.7857629e+00
6.0000000e-01 -1.0528917e+01 -1.0182547e+01 -9.8585969e+00 -9.6814244e+00 -9.5291629e+00 -9.5142171e+00 -9.4312951e+00 -9.4078146e+00 -9.5273537e+00 -9.5765674e+00
8.0000000e-01 -1.1282734e+01 -1.0962662e+01 -1.0709276e+01 -1.0498451e+01 -1.0334651e+01 -1.0287715e+01 -1.0227486e+01 -1.0319650e+01 -1.0281016e+01 -1.0347264e+01
1.0000000e+00 -1.2115979e+01 -1.1779685e+01 -1.1514148e+01 -1.1317095e+01 -1.1127426e+01 -1.1147565e+01 -1.1028683e+01 -1.1039546e+01 -1.1148628e+01 -1.1228400e+01
1.2000000e+00 -1.2882648e+01 -1.2639262e+01 -1.2298382e+01 -1.2063912e+01 -1.2006645e+01 -1.1890846e+01 -1.1879134e+01 -1.1873769e+01 -1.1944884e+01 -1.1996831e+01
1.4000000e+00 -1.3713596e+01 -1.3386447e+01 -1.3062998e+01 -1.2848493e+01 -1.2770217e+01 -1.2649324e+01 -1.2688729e+01 -1.2650404e+01 -1.2687378e+01 -1.2816960e+01
1.6000000e+00 -1.4510460e+01 -1.4149463e+01 -1.3907711e+01 -1.3647389e+01 -1.3568737e+01 -1.3496374e+01 -1.3465385e+01 -1.3419699e+01 -1.3546810e+01 -1.3631487e+01
1.8000000e+00 -1.5360661e+01 -1.4991413e+01 -1.4701185e+01 -1.4506723e+01 -1.4349394e+01 -1.4324775e+01 -1.4277303e+01 -1.4277376e+01 -1.4348753e+01 -1.4407550e+01
2.0000000e+00 -1.6216370e+01 -1.5774150e+01 -1.5578709e+01 -1.5320262e+01 -1.5169702e+01 -1.5065085e+01 -1.5060062e+01 -1.5060451e+01 -1.5087794e+01 -1.5213013e+01