########################################################################
# Reference Counts for Solar Model AGSS09met                           #
# Column 1: log10(Axion mass in eV)                                    #
#        n>1: log10(Reference photon counts in energy bin n-1)         #
########################################################################
-3.0000000e+00 -5.9390301e-01 -2.9203369e-01 -1.3548778e-01 -9.5761696e-02 -1.2624862e-01 -1.8203548e-01 -2.6846898e-01 -3.8274589e-01 -5.3149807e-01 -7.1666716e-01
-2.8000000e+00 -5.9392340e-01 -2.9204759e-01 -1.3549779e-01 -9.5769258e-02 -1.2625451e-01 -1.8204020e-01 -2.6847285e-01 -3.8274911e-01 -5.3150080e-01 -7.1666950e-01
-2.6000000e+00 -5.9405200e-01 -2.9213523e-01 -1.3556100e-01 -9.5816965e-02 -1.2629166e-01 -1.8206995e-01 -2.6849721e-01 -3.8276942e-01 -5.3151801e-01 -7.1668425e-01
-2.4000000e+00 -5.9486359e-01 -2.9268834e-01 -1.3595985e-01 -9.6118003e-02 -1.2652611e-01 -1.8225766e-01 -2.6865095e-01 -3.8289758e-01 -5.3162658e-01 -7.1677733e-01
-2.2000000e+00 -5.9999095e-01 -2.9618131e-01 -1.3847805e-01 -9.8018367e-02 -1.2800598e-01 -1.8344244e-01 -2.6962124e-01 -3.8370640e-01 -5.3231176e-01 -7.1736468e-01
-2.1500000e+00 -6.0356143e-01 -2.9861228e-01 -1.4023000e-01 -9.9340176e-02 -1.2903515e-01 -1.8426630e-01 -2.7029589e-01 -3.8426875e-01 -5.3278813e-01 -7.1777302e-01
-2.1000000e+00 -6.0923159e-01 -3.0247045e-01 -1.4300947e-01 -1.0143671e-01 -1.3066725e-01 -1.8557265e-01 -2.7136557e-01 -3.8516031e-01 -5.3354333e-01 -7.1842034e-01
-2.0500000e+00 -6.1824687e-01 -3.0859876e-01 -1.4742171e-01 -1.0476357e-01 -1.3325643e-01 -1.8764468e-01 -2.7306197e-01 -3.8657408e-01 -5.3474077e-01 -7.1944668e-01
-2.0000000e+00 -6.3260802e-01 -3.1834569e-01 -1.5443258e-01 -1.1004652e-01 -1.3736624e-01 -1.9093262e-01 -2.7575326e-01 -3.8881662e-01 -5.3663993e-01 -7.2107430e-01
-1.9500000e+00 -6.5555565e-01 -3.3388068e-01 -1.6558950e-01 -1.1844539e-01 -1.4389561e-01 -1.9615377e-01 -2.8002546e-01 -3.9237552e-01 -5.3965329e-01 -7.2365639e-01
-1.9000000e+00 -6.9240907e-01 -3.5872555e-01 -1.8338800e-01 -1.3182264e-01 -1.5428388e-01 -2.0445430e-01 -2.8681357e-01 -3.9802790e-01 -5.4443768e-01 -7.2775499e-01
-1.8500000e+00 -7.5209645e-01 -3.9868328e-01 -2.1189532e-01 -1.5319290e-01 -1.7084997e-01 -2.1767474e-01 -2.9761547e-01 -4.0701647e-01 -5.5204202e-01 -7.3426670e-01
-1.8475000e+00 -7.5591867e-01 -4.0122993e-01 -2.1370717e-01 -1.5454878e-01 -1.7189981e-01 -2.1851188e-01 -2.9829906e-01 -4.0758505e-01 -5.5252288e-01 -7.3467835e-01
-1.8400000e+00 -7.6797169e-01 -4.0925078e-01 -2.1940974e-01 -1.5881441e-01 -1.7520167e-01 -2.2114422e-01 -3.0044826e-01 -4.0937247e-01 -5.5403441e-01 -7.3597226e-01
-1.8325000e+00 -7.8096146e-01 -4.1787828e-01 -2.2553682e-01 -1.6339444e-01 -1.7874526e-01 -2.2396838e-01 -3.0275353e-01 -4.1128936e-01 -5.5565520e-01 -7.3735957e-01
-1.8250000e+00 -7.9496750e-01 -4.2716115e-01 -2.3212142e-01 -1.6831279e-01 -1.8254873e-01 -2.2699860e-01 -3.0522640e-01 -4.1334523e-01 -5.5739326e-01 -7.3884708e-01
-1.8175000e+00 -8.1007728e-01 -4.3715247e-01 -2.3919929e-01 -1.7359536e-01 -1.8663165e-01 -2.3025026e-01 -3.0787926e-01 -4.1555030e-01 -5.5925718e-01 -7.4044210e-01
-1.8100000e+00 -8.2638719e-01 -4.4791018e-01 -2.4680926e-01 -1.7927012e-01 -1.9101515e-01 -2.3373990e-01 -3.1072547e-01 -4.1791557e-01 -5.6125618e-01 -7.4215251e-01
-1.8025000e+00 -8.4400375e-01 -4.5949764e-01 -2.5499354e-01 -1.8536738e-01 -1.9572207e-01 -2.3748539e-01 -3.1377940e-01 -4.2045288e-01 -5.6340019e-01 -7.4398675e-01
-1.7950000e+00 -8.6304496e-01 -4.7198417e-01 -2.6379802e-01 -1.9191998e-01 -2.0077708e-01 -2.4150600e-01 -3.1705654e-01 -4.2317496e-01 -5.6569991e-01 -7.4595389e-01
-1.7875000e+00 -8.8364195e-01 -4.8544587e-01 -2.7327270e-01 -1.9896353e-01 -2.0620684e-01 -2.4582249e-01 -3.2057361e-01 -4.2609554e-01 -5.6816683e-01 -7.4806371e-01
-1.7800000e+00 -9.0594091e-01 -4.9996635e-01 -2.8347209e-01 -2.0653669e-01 -2.1204024e-01 -2.5045735e-01 -3.2434859e-01 -4.2922939e-01 -5.7081330e-01 -7.5032672e-01
-1.7725000e+00 -9.3010543e-01 -5.1563770e-01 -2.9445574e-01 -2.1468148e-01 -2.1830854e-01 -2.5543482e-01 -3.2840093e-01 -4.3259244e-01 -5.7365266e-01 -7.5275421e-01
-1.7650000e+00 -9.5631929e-01 -5.3256163e-01 -3.0628879e-01 -2.2344359e-01 -2.2504565e-01 -2.6078115e-01 -3.3275160e-01 -4.3620186e-01 -5.7669925e-01 -7.5535835e-01
-1.7575000e+00 -9.8478992e-01 -5.5085072e-01 -3.1904262e-01 -2.3287280e-01 -2.3228833e-01 -2.6652473e-01 -3.3742324e-01 -4.4007617e-01 -5.7996853e-01 -7.5815223e-01
-1.7500000e+00 -1.0157526e+00 -5.7062998e-01 -3.3279560e-01 -2.4302340e-01 -2.4007654e-01 -2.7269630e-01 -3.4244035e-01 -4.4423534e-01 -5.8347715e-01 -7.6114996e-01
-1.7425000e+00 -1.0494756e+00 -5.9203866e-01 -3.4763395e-01 -2.5395470e-01 -2.4845369e-01 -2.7932920e-01 -3.4782940e-01 -4.4870097e-01 -5.8724308e-01 -7.6436673e-01
-1.7350000e+00 -1.0862670e+00 -6.1523240e-01 -3.6365274e-01 -2.6573157e-01 -2.5746706e-01 -2.8645957e-01 -3.5361903e-01 -4.5349635e-01 -5.9128572e-01 -7.6781892e-01
-1.7275000e+00 -1.1264827e+00 -6.4038593e-01 -3.8095707e-01 -2.7842510e-01 -2.6716815e-01 -2.9412667e-01 -3.5984029e-01 -4.5864669e-01 -5.9562597e-01 -7.7152420e-01
-1.7200000e+00 -1.1705374e+00 -6.6769616e-01 -3.9966344e-01 -2.9211335e-01 -2.7761319e-01 -3.0237317e-01 -3.6652681e-01 -4.6417923e-01 -6.0028645e-01 -7.7550160e-01
-1.7125000e+00 -1.2189184e+00 -6.9738617e-01 -4.1990138e-01 -3.0688222e-01 -2.8886363e-01 -3.1124550e-01 -3.7371509e-01 -4.7012350e-01 -6.0529158e-01 -7.7977169e-01
-1.7050000e+00 -1.2722042e+00 -7.2971005e-01 -4.4181543e-01 -3.2282642e-01 -3.0098676e-01 -3.2079426e-01 -3.8144476e-01 -4.7651146e-01 -6.1066778e-01 -7.8435669e-01
-1.6975000e+00 -1.3310893e+00 -7.6495899e-01 -4.6556742e-01 -3.4005067e-01 -3.1405636e-01 -3.3107465e-01 -3.8975891e-01 -4.8337777e-01 -6.1644363e-01 -7.8928058e-01
-1.6900000e+00 -1.3964178e+00 -8.0346898e-01 -4.9133936e-01 -3.5867106e-01 -3.2815353e-01 -3.4214702e-01 -3.9870444e-01 -4.9076006e-01 -6.2265009e-01 -7.9456931e-01
-1.6825000e+00 -1.4692307e+00 -8.4563076e-01 -5.1933685e-01 -3.7881672e-01 -3.4336761e-01 -3.5407739e-01 -4.0833248e-01 -4.9869921e-01 -6.2932074e-01 -8.0025096e-01
-1.6750000e+00 -1.5508326e+00 -8.9190266e-01 -5.4979339e-01 -4.0063170e-01 -3.5979720e-01 -3.6693816e-01 -4.1869881e-01 -5.0723967e-01 -6.3649198e-01 -8.0635594e-01
-1.6675000e+00 -1.6428868e+00 -9.4282775e-01 -5.8297568e-01 -4.2427737e-01 -3.7755148e-01 -3.8080888e-01 -4.2986439e-01 -5.1642987e-01 -6.4420337e-01 -8.1291719e-01
-1.6600000e+00 -1.7475543e+00 -9.9905667e-01 -6.1919031e-01 -4.4993522e-01 -3.9675163e-01 -3.9577712e-01 -4.4189600e-01 -5.2632260e-01 -6.5249790e-01 -8.1997047e-01
-1.6525000e+00 -1.8676940e+00 -1.0613791e+00 -6.5879236e-01 -4.7781034e-01 -4.1753264e-01 -4.1193953e-01 -4.5486683e-01 -5.3697552e-01 -6.6142237e-01 -8.2755457e-01
-1.6450000e+00 -2.0071367e+00 -1.1307676e+00 -7.0219644e-01 -5.0813572e-01 -4.4004539e-01 -4.2940307e-01 -4.6885737e-01 -5.4845167e-01 -6.7102779e-01 -8.3571169e-01
-1.6375000e+00 -2.1709798e+00 -1.2084402e+00 -7.4989129e-01 -5.4117754e-01 -4.6445917e-01 -4.4828638e-01 -4.8395622e-01 -5.6082015e-01 -6.8136983e-01 -8.4448774e-01
-1.6300000e+00 -2.3654723e+00 -1.2959518e+00 -8.0245916e-01 -5.7724193e-01 -4.9096481e-01 -4.6872156e-01 -5.0026122e-01 -5.7415678e-01 -6.9250934e-01 -8.5393272e-01
-1.6225000e+00 -2.5951506e+00 -1.3953312e+00 -8.6060227e-01 -6.1668362e-01 -5.1977846e-01 -4.9085616e-01 -5.1788067e-01 -5.8854495e-01 -7.0451293e-01 -8.6410122e-01
-1.6150000e+00 -2.8460744e+00 -1.5092908e+00 -9.2517946e-01 -6.5991704e-01 -5.5114630e-01 -5.1485566e-01 -5.3693479e-01 -6.0407660e-01 -7.1745367e-01 -8.7505286e-01
-1.6075000e+00 -3.0278320e+00 -1.6415518e+00 -9.9725829e-01 -7.0743106e-01 -5.8535042e-01 -5.4090642e-01 -5.5755748e-01 -6.2085335e-01 -7.3141187e-01 -8.8685291e-01
-1.6000000e+00 -2.9877590e+00 -1.7973413e+00 -1.0781909e+00 -7.5980860e-01 -6.2271638e-01 -5.6921935e-01 -5.7989839e-01 -6.3898777e-01 -7.4647597e-01 -8.9957291e-01
-1.5925000e+00 -2.7886575e+00 -1.9840536e+00 -1.1697274e+00 -8.1775350e-01 -6.6362281e-01 -6.0003447e-01 -6.0412545e-01 -6.5860501e-01 -7.6274363e-01 -9.1329147e-01
-1.5850000e+00 -2.5781619e+00 -2.2114462e+00 -1.2741916e+00 -8.8212779e-01 -7.0851403e-01 -6.3362652e-01 -6.3042792e-01 -6.7984465e-01 -7.8032293e-01 -9.2809511e-01
-1.5775000e+00 -2.4020376e+00 -2.4863663e+00 -1.3947611e+00 -9.5400510e-01 -7.5791679e-01 -6.7031219e-01 -6.5902017e-01 -7.0286291e-01 -7.9933389e-01 -9.4407932e-01
-1.5700000e+00 -2.2624187e+00 -2.7715689e+00 -1.5359280e+00 -1.0347486e+00 -8.1246284e-01 -7.1045935e-01 -6.9014634e-01 -7.2783539e-01 -8.1991017e-01 -9.6134974e-01
-1.5625000e+00 -2.1540268e+00 -2.8676388e+00 -1.7042708e+00 -1.1261294e+00 -8.7292014e-01 -7.5449908e-01 -7.2408621e-01 -7.5496040e-01 -8.4220118e-01 -9.8002357e-01
-1.5550000e+00 -2.0719673e+00 -2.6703836e+00 -1.9096794e+00 -1.2305105e+00 -9.4023676e-01 -8.0294157e-01 -7.6116262e-01 -7.8446298e-01 -8.6637456e-01 -1.0002313e+00
-1.5475000e+00 -2.0127748e+00 -2.4125206e+00 -2.1665177e+00 -1.3511484e+00 -1.0156046e+00 -8.5639764e-01 -8.0175106e-01 -8.1660009e-01 -8.9261932e-01 -1.0221185e+00
-1.5400000e+00 -1.9742649e+00 -2.1974355e+00 -2.4869668e+00 -1.4927020e+00 -1.1005544e+00 -9.1560824e-01 -8.4629220e-01 -8.5166693e-01 -9.2114951e-01 -1.0458486e+00
-1.5325000e+00 -1.9552788e+00 -2.0300233e+00 -2.8022567e+00 -1.6621353e+00 -1.1971020e+00 -9.8148603e-01 -8.9530847e-01 -8.9000521e-01 -9.5220898e-01 -1.0716056e+00
-1.5250000e+00 -1.9555081e+00 -1.9011817e+00 -2.7843139e+00 -1.8703382e+00 -1.3079839e+00 -1.0551754e+00 -9.4942661e-01 -9.3201374e-01 -9.8607719e-01 -1.0995975e+00
-1.5175000e+00 -1.9754151e+00 -1.8031817e+00 -2.4857253e+00 -2.1346822e+00 -1.4370524e+00 -1.1381418e+00 -1.0094086e+00 -9.7816238e-01 -1.0230767e+00 -1.1300613e+00
-1.5100000e+00 -2.0162423e+00 -1.7308228e+00 -2.2078065e+00 -2.4777467e+00 -1.5899751e+00 -1.2323090e+00 -1.0761958e+00 -1.0290107e+00 -1.0635826e+00 -1.1632678e+00
-1.5025000e+00 -2.0801080e+00 -1.6808512e+00 -1.9949158e+00 -2.8546761e+00 -1.7755409e+00 -1.3402796e+00 -1.1509723e+00 -1.0852336e+00 -1.1080356e+00 -1.1995295e+00
-1.4950000e+00 -2.1701781e+00 -1.6514158e+00 -1.8336791e+00 -2.8518481e+00 -2.0081884e+00 -1.4657049e+00 -1.2352607e+00 -1.1476564e+00 -1.1569579e+00 -1.2392089e+00
-1.4875000e+00 -2.2908430e+00 -1.6417313e+00 -1.7112265e+00 -2.5014730e+00 -2.3123583e+00 -1.6139427e+00 -1.3310699e+00 -1.2173064e+00 -1.2109764e+00 -1.2827311e+00
-1.4800000e+00 -2.4474976e+00 -1.6519094e+00 -1.6191811e+00 -2.1967191e+00 -2.7176571e+00 -1.7933016e+00 -1.4411351e+00 -1.2954864e+00 -1.2708538e+00 -1.3305988e+00
-1.4725000e+00 -2.6439821e+00 -1.6829244e+00 -1.5523784e+00 -1.9713260e+00 -3.0647533e+00 -2.0175605e+00 -1.5693263e+00 -1.3838892e+00 -1.3375327e+00 -1.3834139e+00
-1.4650000e+00 -2.8692383e+00 -1.7366997e+00 -1.5077511e+00 -1.8033185e+00 -2.8072719e+00 -2.3111732e+00 -1.7213865e+00 -1.4847762e+00 -1.4122000e+00 -1.4419062e+00
-1.4575000e+00 -3.0525369e+00 -1.8163338e+00 -1.4836700e+00 -1.6766583e+00 -2.4213133e+00 -2.7152489e+00 -1.9063679e+00 -1.6012744e+00 -1.4963839e+00 -1.5069751e+00
-1.4500000e+00 -3.0572804e+00 -1.9264906e+00 -1.4795935e+00 -1.5816996e+00 -2.1381762e+00 -3.1763431e+00 -2.1396601e+00 -1.7378955e+00 -1.5921038e+00 -1.5797480e+00
-1.4425000e+00 -2.9034185e+00 -2.0739165e+00 -1.4959212e+00 -1.5127028e+00 -1.9329342e+00 -3.0066049e+00 -2.4497456e+00 -1.9015091e+00 -1.7021163e+00 -1.6616698e+00
-1.4350000e+00 -2.7294729e+00 -2.2674591e+00 -1.5340017e+00 -1.4663131e+00 -1.7803001e+00 -2.5679611e+00 -2.8884207e+00 -2.1033222e+00 -1.8303356e+00 -1.7546391e+00
-1.4275000e+00 -2.5949892e+00 -2.5132073e+00 -1.5962958e+00 -1.4407482e+00 -1.6656513e+00 -2.2527787e+00 -3.3749331e+00 -2.3633174e+00 -1.9826046e+00 -1.8612299e+00
-1.4200000e+00 -2.5096617e+00 -2.7800984e+00 -1.6867415e+00 -1.4353861e+00 -1.5805916e+00 -2.0294740e+00 -3.0790323e+00 -2.7208422e+00 -2.1682259e+00 -1.9850670e+00
-1.4125000e+00 -2.4724120e+00 -2.8983187e+00 -1.8114195e+00 -1.4505936e+00 -1.5202281e+00 -1.8653138e+00 -2.6239784e+00 -3.2439723e+00 -2.4033206e+00 -2.1315061e+00
-1.4050000e+00 -2.4820027e+00 -2.7441443e+00 -1.9796207e+00 -1.4877292e+00 -1.4817923e+00 -1.7424631e+00 -2.3140560e+00 -3.5512728e+00 -2.7190813e+00 -2.3089670e+00
-1.3975000e+00 -2.5389613e+00 -2.5182158e+00 -2.2047852e+00 -1.5493218e+00 -1.4639488e+00 -1.6510293e+00 -2.0960592e+00 -3.0262455e+00 -3.1816320e+00 -2.5318209e+00
-1.3900000e+00 -2.6450390e+00 -2.3387954e+00 -2.4984781e+00 -1.6394846e+00 -1.4664664e+00 -1.5853360e+00 -1.9360504e+00 -2.6160243e+00 -3.7772844e+00 -2.8274783e+00
-1.3825000e+00 -2.7995115e+00 -2.2198392e+00 -2.8036838e+00 -1.7647159e+00 -1.4901135e+00 -1.5421558e+00 -1.8164992e+00 -2.3417009e+00 -3.4196795e+00 -3.2556598e+00
-1.3750000e+00 -2.9849612e+00 -2.1566723e+00 -2.8237641e+00 -1.9353700e+00 -1.5367347e+00 -1.5198506e+00 -1.7278230e+00 -2.1463854e+00 -2.9148298e+00 -3.9030490e+00
-1.3675000e+00 -3.1324609e+00 -2.1455712e+00 -2.5578050e+00 -2.1679541e+00 -1.6095350e+00 -1.5179617e+00 -1.6645652e+00 -2.0020504e+00 -2.5905320e+00 -3.7816614e+00
-1.3600000e+00 -3.1392605e+00 -2.1863106e+00 -2.3063375e+00 -2.4840297e+00 -1.7136850e+00 -1.5370580e+00 -1.6236569e+00 -1.8943109e+00 -2.3665878e+00 -3.2031039e+00
-1.3525000e+00 -3.0311826e+00 -2.2821065e+00 -2.1305449e+00 -2.8488248e+00 -1.8575137e+00 -1.5787772e+00 -1.6035866e+00 -1.8152356e+00 -2.2034312e+00 -2.8411779e+00
-1.3450000e+00 -2.9175454e+00 -2.4381588e+00 -2.0224726e+00 -2.8877633e+00 -2.0548389e+00 -1.6460759e+00 -1.6040123e+00 -1.7603178e+00 -2.0819187e+00 -2.5973596e+00
-1.3375000e+00 -2.8522026e+00 -2.6526017e+00 -1.9729463e+00 -2.5656531e+00 -2.3289708e+00 -1.7437904e+00 -1.6256304e+00 -1.7270993e+00 -1.9918687e+00 -2.4218150e+00
-1.3300000e+00 -2.8483344e+00 -2.8729983e+00 -1.9782020e+00 -2.2833569e+00 -2.7091147e+00 -1.8797744e+00 -1.6702417e+00 -1.7145178e+00 -1.9275600e+00 -2.2915729e+00
-1.3225000e+00 -2.9067744e+00 -2.9323593e+00 -2.0396823e+00 -2.0929942e+00 -3.0666206e+00 -2.0672379e+00 -1.7410427e+00 -1.7226198e+00 -1.8857918e+00 -2.1947664e+00
-1.3150000e+00 -3.0211704e+00 -2.7905661e+00 -2.1639125e+00 -1.9769504e+00 -2.8576682e+00 -2.3295719e+00 -1.8432671e+00 -1.7525036e+00 -1.8649821e+00 -2.1248134e+00
-1.3075000e+00 -3.1658883e+00 -2.6263352e+00 -2.3616057e+00 -1.9226034e+00 -2.4883589e+00 -2.7062607e+00 -1.9855079e+00 -1.8064662e+00 -1.8647509e+00 -2.0780117e+00
-1.3000000e+00 -3.2730411e+00 -2.5263285e+00 -2.6337020e+00 -1.9250846e+00 -2.2298164e+00 -3.1633692e+00 -2.1825394e+00 -1.8884148e+00 -1.8857777e+00 -2.0524464e+00
-1.2925000e+00 -3.2704821e+00 -2.5047428e+00 -2.8765511e+00 -1.9859024e+00 -2.0651577e+00 -3.0531137e+00 -2.4615953e+00 -2.0047408e+00 -1.9298670e+00 -2.0474802e+00
-1.2850000e+00 -3.1932179e+00 -2.5617377e+00 -2.8164239e+00 -2.1129869e+00 -1.9718741e+00 -2.6284703e+00 -2.8723875e+00 -2.1661601e+00 -2.0002479e+00 -2.0635558e+00
-1.2775000e+00 -3.1282748e+00 -2.6928410e+00 -2.5822740e+00 -2.3216766e+00 -1.9391096e+00 -2.3332466e+00 -3.3640765e+00 -2.3918520e+00 -2.1022458e+00 -2.1022154e+00
-1.2700000e+00 -3.1239129e+00 -2.8704498e+00 -2.4038014e+00 -2.6267788e+00 -1.9643437e+00 -2.1463080e+00 -3.1299032e+00 -2.7193000e+00 -2.2446957e+00 -2.1663445e+00
-1.2625000e+00 -3.1967364e+00 -2.9972432e+00 -2.3196594e+00 -2.9340172e+00 -2.0520356e+00 -2.0371085e+00 -2.6835878e+00 -3.2153246e+00 -2.4430804e+00 -2.2607495e+00
-1.2550000e+00 -3.3363188e+00 -2.9688046e+00 -2.3284392e+00 -2.8526583e+00 -2.2148116e+00 -1.9911635e+00 -2.3942525e+00 -3.5752348e+00 -2.7272021e+00 -2.3933808e+00
-1.2475000e+00 -3.4613196e+00 -2.8650985e+00 -2.4305087e+00 -2.5608102e+00 -2.4762248e+00 -2.0040725e+00 -2.2142690e+00 -3.0803399e+00 -3.1598423e+00 -2.5780297e+00
-1.2400000e+00 -3.4399051e+00 -2.8007269e+00 -2.6247893e+00 -2.3548286e+00 -2.8522648e+00 -2.0790590e+00 -2.1114556e+00 -2.6790461e+00 -3.7563223e+00 -2.8409258e+00
-1.2325000e+00 -3.3367510e+00 -2.8122283e+00 -2.8590754e+00 -2.2589769e+00 -3.0885076e+00 -2.2279042e+00 -2.0717999e+00 -2.4310607e+00 -3.4737684e+00 -3.2385850e+00
-1.2250000e+00 -3.3037706e+00 -2.8958144e+00 -2.9249690e+00 -2.2650910e+00 -2.7988782e+00 -2.4754013e+00 -2.0916491e+00 -2.2803681e+00 -2.9708971e+00 -3.8638542e+00
-1.2175000e+00 -3.3982811e+00 -3.0179881e+00 -2.7715581e+00 -2.3746558e+00 -2.4952593e+00 -2.8591170e+00 -2.1753384e+00 -2.2010858e+00 -2.6651509e+00 -3.8360129e+00
-1.2100000e+00 -3.5750376e+00 -3.1059317e+00 -2.6305529e+00 -2.5962722e+00 -2.3221828e+00 -3.2340196e+00 -2.3367935e+00 -2.1831609e+00 -2.4782081e+00 -3.2568552e+00
-1.2025000e+00 -3.6124849e+00 -3.1018852e+00 -2.5937357e+00 -2.8912436e+00 -2.2638354e+00 -2.9684623e+00 -2.6060218e+00 -2.2259263e+00 -2.3715384e+00 -2.9084365e+00
-1.1950000e+00 -3.4926698e+00 -3.0486409e+00 -2.6691920e+00 -2.9670239e+00 -2.3123546e+00 -2.6064150e+00 -3.0330569e+00 -2.3371793e+00 -2.3294002e+00 -2.6972056e+00
-1.1875000e+00 -3.4663254e+00 -3.0230668e+00 -2.8327138e+00 -2.7421559e+00 -2.4767526e+00 -2.3961328e+00 -3.4079561e+00 -2.5368512e+00 -2.3476263e+00 -2.5734252e+00
-1.1800000e+00 -3.5972050e+00 -3.0685038e+00 -2.9776956e+00 -2.5629564e+00 -2.7738963e+00 -2.3115942e+00 -3.0307947e+00 -2.8680016e+00 -2.4306202e+00 -2.5169567e+00
-1.1725000e+00 -3.7294902e+00 -3.1865165e+00 -2.9582732e+00 -2.5186293e+00 -3.0932567e+00 -2.3381796e+00 -2.6616157e+00 -3.3861959e+00 -2.5932267e+00 -2.5213134e+00
-1.1650000e+00 -3.6610351e+00 -3.2882219e+00 -2.8644967e+00 -2.6123838e+00 -2.9657883e+00 -2.4830331e+00 -2.4604359e+00 -3.4929436e+00 -2.8694542e+00 -2.5890084e+00
-1.1575000e+00 -3.6089550e+00 -3.2438433e+00 -2.8355239e+00 -2.8281414e+00 -2.6792782e+00 -2.7733777e+00 -2.3870280e+00 -2.9959121e+00 -3.3316514e+00 -2.7323902e+00
-1.1500000e+00 -3.7026342e+00 -3.1660072e+00 -2.8976142e+00 -3.0206623e+00 -2.5348568e+00 -3.1774204e+00 -2.4273485e+00 -2.6823757e+00 -3.8192881e+00 -2.9809291e+00
-1.1425000e+00 -3.8153122e+00 -3.2152801e+00 -3.0073272e+00 -2.9371354e+00 -2.5470357e+00 -3.1375828e+00 -2.5926488e+00 -2.5283825e+00 -3.3450417e+00 -3.4028406e+00
-1.1350000e+00 -3.7734179e+00 -3.3891906e+00 -3.0769386e+00 -2.7831138e+00 -2.7162921e+00 -2.7854658e+00 -2.9206292e+00 -2.4964909e+00 -2.9337406e+00 -4.0227057e+00
-1.1275000e+00 -3.7422207e+00 -3.4202840e+00 -3.0669978e+00 -2.7543547e+00 -3.0137516e+00 -2.5912325e+00 -3.3710339e+00 -2.5818319e+00 -2.7187843e+00 -3.6804538e+00
-1.1200000e+00 -3.8536082e+00 -3.2952717e+00 -3.0348143e+00 -2.8671089e+00 -3.1213769e+00 -2.5693299e+00 -3.2196458e+00 -2.8079754e+00 -2.6392413e+00 -3.1940842e+00
-1.1125000e+00 -3.9203851e+00 -3.3333067e+00 -3.0452320e+00 -3.0352837e+00 -2.8930930e+00 -2.7173983e+00 -2.8375886e+00 -3.2304019e+00 -2.6772384e+00 -2.9372664e+00
-1.1050000e+00 -3.8340924e+00 -3.5213676e+00 -3.1295098e+00 -3.0580110e+00 -2.7489981e+00 -3.0416610e+00 -2.6538363e+00 -3.6068518e+00 -2.8454471e+00 -2.8283669e+00
-1.0975000e+00 -3.9220710e+00 -3.4888181e+00 -3.2328822e+00 -2.9730825e+00 -2.7897060e+00 -3.2740166e+00 -2.6509585e+00 -3.1868294e+00 -3.1944183e+00 -2.8395277e+00
-1.0900000e+00 -4.0151013e+00 -3.4056381e+00 -3.2069072e+00 -2.9625087e+00 -2.9973773e+00 -3.0065355e+00 -2.8302358e+00 -2.8553557e+00 -3.7483285e+00 -2.9769137e+00
-1.0825000e+00 -3.9204008e+00 -3.5330409e+00 -3.1443100e+00 -3.0447920e+00 -3.1745201e+00 -2.7959322e+00 -3.2108193e+00 -2.7364159e+00 -3.5578914e+00 -3.2842311e+00
-1.0750000e+00 -4.0418055e+00 -3.6083638e+00 -3.2338409e+00 -3.1286328e+00 -3.0532113e+00 -2.7982331e+00 -3.4140804e+00 -2.8004709e+00 -3.1063367e+00 -3.8474111e+00
-1.0675000e+00 -4.0588239e+00 -3.5292172e+00 -3.3838465e+00 -3.1457791e+00 -2.9402861e+00 -3.0116636e+00 -3.0599416e+00 -3.0682165e+00 -2.9024436e+00 -3.9081390e+00
-1.0600000e+00 -4.0307581e+00 -3.5941007e+00 -3.2875711e+00 -3.1351935e+00 -3.0030071e+00 -3.2916842e+00 -2.8526132e+00 -3.5354818e+00 -2.8937969e+00 -3.3725910e+00
-1.0525000e+00 -4.1489447e+00 -3.6818343e+00 -3.2596823e+00 -3.1408566e+00 -3.1718138e+00 -3.1625556e+00 -2.8825661e+00 -3.4446586e+00 -3.0809256e+00 -3.1105546e+00
-1.0450000e+00 -4.1034204e+00 -3.6425890e+00 -3.4527801e+00 -3.2040365e+00 -3.2012455e+00 -2.9733149e+00 -3.1496383e+00 -3.0620937e+00 -3.5183947e+00 -3.0584052e+00
-1.0375000e+00 -4.1709379e+00 -3.6755806e+00 -3.4216331e+00 -3.2948665e+00 -3.1236455e+00 -3.0085662e+00 -3.4599446e+00 -2.9352867e+00 -3.8045908e+00 -3.2004967e+00
-1.0300000e+00 -4.2006146e+00 -3.7770512e+00 -3.3469955e+00 -3.2597401e+00 -3.1455974e+00 -3.2367124e+00 -3.2250415e+00 -3.0601735e+00 -3.3364991e+00 -3.5924973e+00
-1.0225000e+00 -4.2026486e+00 -3.7104522e+00 -3.5292310e+00 -3.2345042e+00 -3.2381595e+00 -3.3164461e+00 -3.0252574e+00 -3.4422462e+00 -3.0926817e+00 -4.0883601e+00
-1.0150000e+00 -4.2757471e+00 -3.8108394e+00 -3.4929454e+00 -3.3836626e+00 -3.2793406e+00 -3.1585934e+00 -3.0995339e+00 -3.5873669e+00 -3.1182306e+00 -3.6273127e+00
-1.0075000e+00 -4.2620290e+00 -3.8188370e+00 -3.4666101e+00 -3.3935221e+00 -3.2788777e+00 -3.1568262e+00 -3.3976885e+00 -3.2267797e+00 -3.4221618e+00 -3.3009576e+00
-1.0000000e+00 -4.3256686e+00 -3.8205173e+00 -3.6098990e+00 -3.3044258e+00 -3.2819280e+00 -3.3196512e+00 -3.4215664e+00 -3.1138705e+00 -3.8539972e+00 -3.2656453e+00
-9.9250000e-01 -4.3352089e+00 -3.9148450e+00 -3.5505408e+00 -3.4821558e+00 -3.3336050e+00 -3.3587977e+00 -3.2041861e+00 -3.3090381e+00 -3.5099880e+00 -3.5118683e+00
-9.8500000e-01 -4.3730501e+00 -3.8665418e+00 -3.6034953e+00 -3.4665848e+00 -3.4203074e+00 -3.2882354e+00 -3.2372178e+00 -3.6549533e+00 -3.2544302e+00 -4.0362215e+00
-9.7750000e-01 -4.4097355e+00 -3.9746363e+00 -3.6635511e+00 -3.4035921e+00 -3.3731702e+00 -3.3376025e+00 -3.4737267e+00 -3.4447543e+00 -3.3336204e+00 -3.8137537e+00
-9.7000000e-01 -4.4073779e+00 -3.9344955e+00 -3.6405026e+00 -3.6073566e+00 -3.3936588e+00 -3.4165514e+00 -3.4499762e+00 -3.2698372e+00 -3.7295491e+00 -3.4574147e+00
-9.6250000e-01 -4.5031363e+00 -4.0244453e+00 -3.7207017e+00 -3.4825728e+00 -3.5443399e+00 -3.4289780e+00 -3.3336636e+00 -3.4311465e+00 -3.7568774e+00 -3.4601799e+00
-9.5500000e-01 -4.4664487e+00 -3.9975715e+00 -3.7161057e+00 -3.5815328e+00 -3.4371297e+00 -3.4357176e+00 -3.4477783e+00 -3.6888091e+00 -3.4305353e+00 -3.8231479e+00
-9.4750000e-01 -4.5145472e+00 -4.0895130e+00 -3.7632297e+00 -3.6175908e+00 -3.5140770e+00 -3.4609204e+00 -3.5485936e+00 -3.4875191e+00 -3.4631661e+00 -4.0679971e+00
-9.4000000e-01 -4.5783718e+00 -4.0550677e+00 -3.7842333e+00 -3.5917347e+00 -3.6190573e+00 -3.5489179e+00 -3.4768470e+00 -3.4383056e+00 -3.8205927e+00 -3.6533461e+00
-9.3250000e-01 -4.5616632e+00 -4.1280534e+00 -3.8286869e+00 -3.6974736e+00 -3.4952290e+00 -3.5241085e+00 -3.5238854e+00 -3.6654045e+00 -3.7494141e+00 -3.5914746e+00
-9.2500000e-01 -4.5994860e+00 -4.1667882e+00 -3.8255808e+00 -3.6569198e+00 -3.7107918e+00 -3.5387552e+00 -3.5914574e+00 -3.6492632e+00 -3.5384465e+00 -3.9375905e+00
-9.1750000e-01 -4.6714226e+00 -4.1376614e+00 -3.9168676e+00 -3.7379697e+00 -3.5757101e+00 -3.6735421e+00 -3.6004723e+00 -3.5552348e+00 -3.7200572e+00 -4.0439107e+00
-9.1000000e-01 -4.6924749e+00 -4.2283347e+00 -3.8668902e+00 -3.7369483e+00 -3.7151386e+00 -3.5596223e+00 -3.6177270e+00 -3.7033366e+00 -3.9014621e+00 -3.7204207e+00
-9.0250000e-01 -4.6897821e+00 -4.2398934e+00 -3.9755726e+00 -3.7816813e+00 -3.6771775e+00 -3.7190267e+00 -3.6543626e+00 -3.7190873e+00 -3.6824029e+00 -3.8250218e+00
-8.9500000e-01 -4.7111339e+00 -4.2472510e+00 -3.9484565e+00 -3.7998606e+00 -3.7410027e+00 -3.6660666e+00 -3.7234429e+00 -3.6874786e+00 -3.7778561e+00 -4.1543824e+00
-8.8750000e-01 -4.7546210e+00 -4.3179816e+00 -4.0081588e+00 -3.8586459e+00 -3.7523219e+00 -3.7120881e+00 -3.6706742e+00 -3.7739524e+00 -3.9374758e+00 -3.8890315e+00
-8.8000000e-01 -4.8004395e+00 -4.3429593e+00 -4.0253823e+00 -3.8267827e+00 -3.7976433e+00 -3.7796453e+00 -3.8039605e+00 -3.7859840e+00 -3.7942081e+00 -3.8932443e+00
-8.7250000e-01 -4.8378452e+00 -4.3322176e+00 -4.0382779e+00 -3.9567565e+00 -3.8105743e+00 -3.7404007e+00 -3.7439689e+00 -3.8125406e+00 -3.9056647e+00 -4.1752377e+00
-8.6500000e-01 -4.8696551e+00 -4.3562968e+00 -4.1247766e+00 -3.8884832e+00 -3.8561768e+00 -3.8526309e+00 -3.8258704e+00 -3.8317878e+00 -3.9498071e+00 -3.9821151e+00
-8.5750000e-01 -4.9029887e+00 -4.4103752e+00 -4.1281296e+00 -3.9514700e+00 -3.8801648e+00 -3.8077258e+00 -3.8410868e+00 -3.9085754e+00 -3.9181977e+00 -4.0369605e+00
-8.5000000e-01 -4.9354423e+00 -4.4602151e+00 -4.1109840e+00 -4.0316833e+00 -3.9035182e+00 -3.8856566e+00 -3.8565311e+00 -3.8596609e+00 -4.0044873e+00 -4.1907578e+00
-8.4250000e-01 -4.9576342e+00 -4.4926174e+00 -4.1617515e+00 -3.9904402e+00 -3.9368285e+00 -3.9042768e+00 -3.9138652e+00 -3.9943315e+00 -4.0031463e+00 -4.0605819e+00
-8.3500000e-01 -4.9786869e+00 -4.5168922e+00 -4.2265518e+00 -4.0382595e+00 -4.0006692e+00 -3.9057447e+00 -3.9240449e+00 -3.9085424e+00 -4.0445967e+00 -4.2061058e+00
-8.2750000e-01 -4.9984470e+00 -4.5433250e+00 -4.2516139e+00 -4.0908126e+00 -3.9538627e+00 -3.9924160e+00 -3.9450975e+00 -4.0641521e+00 -4.0656049e+00 -4.1753216e+00
-8.2000000e-01 -5.0120611e+00 -4.5729093e+00 -4.2579946e+00 -4.0946647e+00 -4.0443622e+00 -3.9656519e+00 -4.0322547e+00 -3.9586351e+00 -4.1155598e+00 -4.2206828e+00
-8.1250000e-01 -5.0557704e+00 -4.6000645e+00 -4.2748420e+00 -4.1323135e+00 -4.1096476e+00 -4.0305029e+00 -3.9585337e+00 -4.1453469e+00 -4.1105498e+00 -4.2498218e+00
-8.0500000e-01 -5.1041871e+00 -4.6266704e+00 -4.3042522e+00 -4.1967856e+00 -4.0552706e+00 -4.0377112e+00 -4.1276132e+00 -4.0015717e+00 -4.1879564e+00 -4.2882038e+00
-7.9750000e-01 -5.1277912e+00 -4.6673418e+00 -4.3378612e+00 -4.2335603e+00 -4.0842699e+00 -4.0996578e+00 -4.0331864e+00 -4.2176371e+00 -4.1701452e+00 -4.2907799e+00
-7.9000000e-01 -5.1381939e+00 -4.7097382e+00 -4.3712764e+00 -4.2408420e+00 -4.1703766e+00 -4.1125485e+00 -4.1136396e+00 -4.0801790e+00 -4.2286758e+00 -4.3729858e+00
-7.8250000e-01 -5.1931737e+00 -4.7226284e+00 -4.4065098e+00 -4.2490558e+00 -4.2064632e+00 -4.0968382e+00 -4.1663792e+00 -4.1945156e+00 -4.2736883e+00 -4.3299195e+00
-7.7500000e-01 -5.2022367e+00 -4.7401005e+00 -4.4440530e+00 -4.2713598e+00 -4.2091035e+00 -4.1763977e+00 -4.1505400e+00 -4.2497758e+00 -4.2258813e+00 -4.4494187e+00
-7.6750000e-01 -5.2487184e+00 -4.7581176e+00 -4.4722733e+00 -4.3043711e+00 -4.2320480e+00 -4.2584839e+00 -4.2026544e+00 -4.1665544e+00 -4.4121988e+00 -4.3920009e+00
-7.6000000e-01 -5.2648424e+00 -4.8168664e+00 -4.4859345e+00 -4.3396699e+00 -4.2771535e+00 -4.2484908e+00 -4.2199492e+00 -4.3054503e+00 -4.2649305e+00 -4.4742079e+00
-7.5250000e-01 -5.3159476e+00 -4.8396284e+00 -4.5194953e+00 -4.3682304e+00 -4.3258583e+00 -4.2269733e+00 -4.2499650e+00 -4.3220272e+00 -4.3956010e+00 -4.5225368e+00
-7.4500000e-01 -5.3218470e+00 -4.8545129e+00 -4.5782289e+00 -4.3862557e+00 -4.3673912e+00 -4.2479987e+00 -4.3218925e+00 -4.2894368e+00 -4.4650081e+00 -4.4478430e+00
-7.3750000e-01 -5.3590178e+00 -4.9100387e+00 -4.6084587e+00 -4.4069579e+00 -4.4005893e+00 -4.2962315e+00 -4.3557877e+00 -4.3500116e+00 -4.3603482e+00 -4.6471672e+00
-7.3000000e-01 -5.4017831e+00 -4.9099983e+00 -4.6349645e+00 -4.4528537e+00 -4.4254496e+00 -4.3451251e+00 -4.3406258e+00 -4.3936631e+00 -4.4593179e+00 -4.5565234e+00
-7.2250000e-01 -5.4294405e+00 -4.9650423e+00 -4.6372029e+00 -4.5085275e+00 -4.4412572e+00 -4.3841059e+00 -4.3346696e+00 -4.4093964e+00 -4.5583993e+00 -4.5450360e+00
-7.1500000e-01 -5.4526886e+00 -4.9726515e+00 -4.7069090e+00 -4.5351680e+00 -4.4548897e+00 -4.4174709e+00 -4.3581695e+00 -4.4523852e+00 -4.5194581e+00 -4.7250211e+00
-7.0750000e-01 -5.4767423e+00 -5.0259886e+00 -4.7106636e+00 -4.5690977e+00 -4.4821013e+00 -4.4537638e+00 -4.3988772e+00 -4.5082250e+00 -4.5174039e+00 -4.7031548e+00
-7.0000000e-01 -5.5108812e+00 -5.0501758e+00 -4.7438089e+00 -4.5747332e+00 -4.5171381e+00 -4.4975593e+00 -4.4416780e+00 -4.5426111e+00 -4.5695034e+00 -4.6340288e+00
-6.5000000e-01 -5.7176390e+00 -5.2368828e+00 -4.9494181e+00 -4.8013935e+00 -4.7073984e+00 -4.6538634e+00 -4.6733159e+00 -4.6859673e+00 -4.8393593e+00 -4.8963914e+00
-6.0000000e-01 -5.9044671e+00 -5.4495011e+00 -5.1390830e+00 -4.9988337e+00 -4.8950932e+00 -4.8677145e+00 -4.8949697e+00 -4.8707253e+00 -4.9831951e+00 -5.1525694e+00
-5.5000000e-01 -6.1168460e+00 -5.6482959e+00 -5.3532097e+00 -5.1753993e+00 -5.1204814e+00 -5.0543418e+00 -5.0857660e+00 -5.0928085e+00 -5.2021755e+00 -5.2702233e+00
-5.0000000e-01 -6.3083221e+00 -5.8457117e+00 -5.5539287e+00 -5.3783426e+00 -5.3146589e+00 -5.2772567e+00 -5.2671319e+00 -5.2855800e+00 -5.3925147e+00 -5.4927493e+00
-4.0000000e-01 -6.6696750e+00 -6.2415269e+00 -5.9475429e+00 -5.7895207e+00 -5.7094817e+00 -5.6642781e+00 -5.6779975e+00 -5.7061113e+00 -5.7714805e+00 -5.9070109e+00
-2.0000000e-01 -7.6162498e+00 -6.9979587e+00 -6.7101617e+00 -6.5879425e+00 -6.5069339e+00 -6.4684939e+00 -6.4687040e+00 -6.5106197e+00 -6.5813022e+00 -6.6929824e+00
0.0000000e+00 -8.2928351e+00 -7.8032136e+00 -7.5318897e+00 -7.3635403e+00 -7.2869613e+00 -7.2888279e+00 -7.2749152e+00 -7.3049075e+00 -7.3826781e+00 -7.4996278e+00
2.0000000e-01 -9.0536292e+00 -8.6611531e+00 -8.3480994e+00 -8.1760700e+00 -8.0937680e+00 -8.1226043e+00 -8.1000423e+00 -8.0815568e+00 -8.2003704e+00 -8.3054893e+00
4.0000000e-01 -9.9700485e+00 -9.4104004e+00 -9.1825373e+00 -8.9839110e+00 -8.9043315e+00 -8.9059041e+00 -8.8611100e+00 -8.9097637e+00 -8.9816377e+00 -9.0936758e+00
6.0000000e-01 -1.0729294e+01 -1.0251817e+01 -9.9122797e+00 -9.7766382e+00 -9.6677568e+00 -9.6947427e+00 -9.6457804e+00 -9.6498418e+00 -9.8001333e+00 -9.8848397e+00
8.0000000e-01 -1.1473622e+01 -1.1028259e+01 -1.0761864e+01 -1.0591701e+01 -1.0471709e+01 -1.0468985e+01 -1.0442002e+01 -1.0561052e+01 -1.0553126e+01 -1.0653791e+01
1.0000000e+00 -1.2317373e+01 -1.1844212e+01 -1.1567261e+01 -1.1411384e+01 -1.1263790e+01 -1.1327319e+01 -1.1243062e+01 -1.1281347e+01 -1.1419919e+01 -1.1535635e+01
1.2000000e+00 -1.3075924e+01 -1.2706025e+01 -1.2353535e+01 -1.2157627e+01 -1.2145183e+01 -1.2072501e+01 -1.2093132e+01 -1.2116077e+01 -1.2216586e+01 -1.2304942e+01
1.4000000e+00 -1.3902128e+01 -1.3452876e+01 -1.3117019e+01 -1.2943636e+01 -1.2909625e+01 -1.2829123e+01 -1.2903089e+01 -1.2892595e+01 -1.2959338e+01 -1.3123995e+01
1.6000000e+00 -1.4708325e+01 -1.4250613e+01 -1.3960896e+01 -1.3741680e+01 -1.3707126e+01 -1.3677681e+01 -1.3679594e+01 -1.3663127e+01 -1.3819715e+01 -1.3939947e+01
1.8000000e+00 -1.5561207e+01 -1.5057860e+01 -1.4736613e+01 -1.4600978e+01 -1.4487170e+01 -1.4505689e+01 -1.4491963e+01 -1.4519676e+01 -1.4620394e+01 -1.4715808e+01
2.0000000e+00 -1.6413696e+01 -1.5843795e+01 -1.5630587e+01 -1.5413711e+01 -1.5307300e+01 -1.5244683e+01 -1.5275052e+01 -1.5302542e+01 -1.5359416e+01 -1.5520803e+01