########################################################################
# Reference Counts for Solar Model AGSS09ph                            #
# Column 1: log10(Axion mass in eV)                                    #
#        n>1: log10(Reference photon counts in energy bin n-1)         #
########################################################################
-3.0000000e+00 -7.0285429e-01 -4.3602926e-01 -3.2004540e-01 -3.3535238e-01 -4.5586969e-01 -5.9134622e-01 -7.3580494e-01 -9.2607499e-01 -1.2019701e+00 -1.5731065e+00
-2.8000000e+00 -7.0287475e-01 -4.3604322e-01 -3.2005538e-01 -3.3535998e-01 -4.5587560e-01 -5.9135095e-01 -7.3580881e-01 -9.2607822e-01 -1.2019728e+00 -1.5731089e+00
-2.6000000e+00 -7.0300385e-01 -4.3613132e-01 -3.2011837e-01 -3.3540790e-01 -4.5591291e-01 -5.9138078e-01 -7.3583322e-01 -9.2609861e-01 -1.2019901e+00 -1.5731237e+00
-2.4000000e+00 -7.0381858e-01 -4.3668727e-01 -3.2051585e-01 -3.3571032e-01 -4.5614832e-01 -5.9156900e-01 -7.3598728e-01 -9.2622720e-01 -1.2020992e+00 -1.5732174e+00
-2.2000000e+00 -7.0896578e-01 -4.4019824e-01 -3.2302545e-01 -3.3761935e-01 -4.5763425e-01 -5.9275697e-01 -7.3695958e-01 -9.2703877e-01 -1.2027876e+00 -1.5738085e+00
-2.1500000e+00 -7.1255008e-01 -4.4264174e-01 -3.2477140e-01 -3.3894720e-01 -4.5866763e-01 -5.9358305e-01 -7.3763563e-01 -9.2760303e-01 -1.2032661e+00 -1.5742195e+00
-2.1000000e+00 -7.1824222e-01 -4.4651985e-01 -3.2754135e-01 -3.4105331e-01 -4.6030642e-01 -5.9489294e-01 -7.3870752e-01 -9.2849762e-01 -1.2040248e+00 -1.5748709e+00
-2.0500000e+00 -7.2729248e-01 -4.5267989e-01 -3.3193847e-01 -3.4439539e-01 -4.6290622e-01 -5.9697056e-01 -7.4040743e-01 -9.2991620e-01 -1.2052279e+00 -1.5759038e+00
-2.0000000e+00 -7.4170948e-01 -4.6247748e-01 -3.3892526e-01 -3.4970257e-01 -4.6703292e-01 -6.0026741e-01 -7.4310430e-01 -9.3216638e-01 -1.2071359e+00 -1.5775419e+00
-1.9500000e+00 -7.6474665e-01 -4.7809368e-01 -3.5004375e-01 -3.5814007e-01 -4.7358918e-01 -6.0550271e-01 -7.4738537e-01 -9.3573742e-01 -1.2101633e+00 -1.5801405e+00
-1.9000000e+00 -8.0174468e-01 -5.0306968e-01 -3.6778061e-01 -3.7157917e-01 -4.8402042e-01 -6.1382583e-01 -7.5418761e-01 -9.4140913e-01 -1.2149701e+00 -1.5842655e+00
-1.8500000e+00 -8.6166848e-01 -5.4324163e-01 -3.9618841e-01 -3.9304905e-01 -5.0065546e-01 -6.2708241e-01 -7.6501210e-01 -9.5042853e-01 -1.2226101e+00 -1.5908191e+00
-1.8475000e+00 -8.6550593e-01 -5.4580207e-01 -3.9799390e-01 -3.9441129e-01 -5.0170970e-01 -6.2792185e-01 -7.6569712e-01 -9.5099907e-01 -1.2230932e+00 -1.5912334e+00
-1.8400000e+00 -8.7760707e-01 -5.5386648e-01 -4.0367643e-01 -3.9869694e-01 -5.0502537e-01 -6.3056142e-01 -7.6785083e-01 -9.5279264e-01 -1.2246118e+00 -1.5925357e+00
-1.8325000e+00 -8.9064882e-01 -5.6254103e-01 -4.0978193e-01 -4.0329852e-01 -5.0858382e-01 -6.3339334e-01 -7.7016094e-01 -9.5471614e-01 -1.2262402e+00 -1.5939319e+00
-1.8250000e+00 -9.0471108e-01 -5.7187475e-01 -4.1634328e-01 -4.0824006e-01 -5.1240325e-01 -6.3643190e-01 -7.7263901e-01 -9.5677909e-01 -1.2279865e+00 -1.5954291e+00
-1.8175000e+00 -9.1988168e-01 -5.8192106e-01 -4.2339610e-01 -4.1354760e-01 -5.1650335e-01 -6.3969253e-01 -7.7529746e-01 -9.5899177e-01 -1.2298592e+00 -1.5970344e+00
-1.8100000e+00 -9.3625747e-01 -5.9273830e-01 -4.3097907e-01 -4.1924925e-01 -5.2090534e-01 -6.4319181e-01 -7.7814967e-01 -9.6136521e-01 -1.2318676e+00 -1.5987559e+00
-1.8025000e+00 -9.5394543e-01 -6.0439024e-01 -4.3913422e-01 -4.2537549e-01 -5.2563214e-01 -6.4694767e-01 -7.8121004e-01 -9.6391130e-01 -1.2340217e+00 -1.6006020e+00
-1.7950000e+00 -9.7306412e-01 -6.1694669e-01 -4.4790726e-01 -4.3195934e-01 -5.3070856e-01 -6.5097941e-01 -7.8449412e-01 -9.6664281e-01 -1.2363323e+00 -1.6025819e+00
-1.7875000e+00 -9.9374528e-01 -6.3048427e-01 -4.5734799e-01 -4.3903659e-01 -5.3616138e-01 -6.5530790e-01 -7.8801863e-01 -9.6957351e-01 -1.2388109e+00 -1.6047054e+00
-1.7800000e+00 -1.0161358e+00 -6.4508719e-01 -4.6751071e-01 -4.4664612e-01 -5.4201962e-01 -6.5995565e-01 -7.9180163e-01 -9.7271825e-01 -1.2414699e+00 -1.6069831e+00
-1.7725000e+00 -1.0404000e+00 -6.6084824e-01 -4.7845470e-01 -4.5483017e-01 -5.4831469e-01 -6.6494701e-01 -7.9586258e-01 -9.7609300e-01 -1.2443228e+00 -1.6094264e+00
-1.7650000e+00 -1.0667227e+00 -6.7786987e-01 -4.9024484e-01 -4.6363471e-01 -5.5508066e-01 -6.7030829e-01 -8.0022252e-01 -9.7971500e-01 -1.2473838e+00 -1.6120475e+00
-1.7575000e+00 -1.0953122e+00 -6.9626554e-01 -5.0295220e-01 -4.7310978e-01 -5.6235449e-01 -6.7606798e-01 -8.0490414e-01 -9.8360284e-01 -1.2506687e+00 -1.6148596e+00
-1.7500000e+00 -1.1264050e+00 -7.1616126e-01 -5.1665482e-01 -4.8331001e-01 -5.7017632e-01 -6.8225692e-01 -8.0993199e-01 -9.8777657e-01 -1.2541940e+00 -1.6178769e+00
-1.7425000e+00 -1.1602708e+00 -7.3769743e-01 -5.3143852e-01 -4.9429503e-01 -5.7858977e-01 -6.8890853e-01 -8.1533260e-01 -9.9225785e-01 -1.2579779e+00 -1.6211147e+00
-1.7350000e+00 -1.1972192e+00 -7.6103101e-01 -5.4739795e-01 -5.0613013e-01 -5.8764238e-01 -6.9605910e-01 -8.2113469e-01 -9.9707008e-01 -1.2620399e+00 -1.6245896e+00
-1.7275000e+00 -1.2376081e+00 -7.8633827e-01 -5.6463772e-01 -5.1888682e-01 -5.9738591e-01 -7.0374798e-01 -8.2736938e-01 -1.0022386e+00 -1.2664010e+00 -1.6283192e+00
-1.7200000e+00 -1.2818543e+00 -8.1381794e-01 -5.8327379e-01 -5.3264366e-01 -6.0787688e-01 -7.1201801e-01 -8.3407038e-01 -1.0077907e+00 -1.2710839e+00 -1.6323227e+00
-1.7125000e+00 -1.3304477e+00 -8.4369522e-01 -6.0343507e-01 -5.4748710e-01 -6.1917707e-01 -7.2091577e-01 -8.4127428e-01 -1.0137560e+00 -1.2761131e+00 -1.6366210e+00
-1.7050000e+00 -1.3839701e+00 -8.7622675e-01 -6.2526536e-01 -5.6351247e-01 -6.3135413e-01 -7.3049202e-01 -8.4902081e-01 -1.0201667e+00 -1.2815153e+00 -1.6412362e+00
-1.6975000e+00 -1.4431196e+00 -9.1170677e-01 -6.4892570e-01 -5.8082520e-01 -6.4448227e-01 -7.4080217e-01 -8.5735318e-01 -1.0270575e+00 -1.2873191e+00 -1.6461927e+00
-1.6900000e+00 -1.5087449e+00 -9.5047497e-01 -6.7459712e-01 -5.9954221e-01 -6.5864304e-01 -7.5190676e-01 -8.6631840e-01 -1.0344662e+00 -1.2935557e+00 -1.6515166e+00
-1.6825000e+00 -1.5818923e+00 -9.9292662e-01 -7.0248413e-01 -6.1979352e-01 -6.7392630e-01 -7.6387206e-01 -8.7596773e-01 -1.0424339e+00 -1.3002589e+00 -1.6572361e+00
-1.6750000e+00 -1.6638722e+00 -1.0395257e+00 -7.3281890e-01 -6.4172427e-01 -6.9043126e-01 -7.7677072e-01 -8.8635710e-01 -1.0510051e+00 -1.3074652e+00 -1.6633818e+00
-1.6675000e+00 -1.7563544e+00 -1.0908225e+00 -7.6586660e-01 -6.6549706e-01 -7.0826774e-01 -7.9068260e-01 -8.9754765e-01 -1.0602287e+00 -1.3152145e+00 -1.6699870e+00
-1.6600000e+00 -1.8615049e+00 -1.1474766e+00 -8.0193197e-01 -6.9129485e-01 -7.2755771e-01 -8.0569561e-01 -9.0960632e-01 -1.0701575e+00 -1.3235500e+00 -1.6770878e+00
-1.6525000e+00 -1.9821812e+00 -1.2102896e+00 -8.4136787e-01 -7.1932443e-01 -7.4843705e-01 -8.2190677e-01 -9.2260654e-01 -1.0808494e+00 -1.3325187e+00 -1.6847231e+00
-1.6450000e+00 -2.1221925e+00 -1.2802498e+00 -8.8458620e-01 -7.4982080e-01 -7.7105763e-01 -8.3942346e-01 -9.3662899e-01 -1.0923679e+00 -1.3421719e+00 -1.6929355e+00
-1.6375000e+00 -2.2865495e+00 -1.3585963e+00 -9.3207233e-01 -7.8305256e-01 -7.9558996e-01 -8.5836483e-01 -9.5176256e-01 -1.1047823e+00 -1.3525657e+00 -1.7017713e+00
-1.6300000e+00 -2.4812064e+00 -1.4469136e+00 -9.8440433e-01 -8.1932880e-01 -8.2222627e-01 -8.7886354e-01 -9.6810539e-01 -1.1181687e+00 -1.3637613e+00 -1.7112809e+00
-1.6225000e+00 -2.7097196e+00 -1.5472720e+00 -1.0422791e+00 -8.5900781e-01 -8.5118433e-01 -9.0106779e-01 -9.8576611e-01 -1.1326111e+00 -1.3758257e+00 -1.7215193e+00
-1.6150000e+00 -2.9552275e+00 -1.6624444e+00 -1.1065486e+00 -9.0250846e-01 -8.8271230e-01 -9.2514382e-01 -1.0048653e+00 -1.1482017e+00 -1.3888325e+00 -1.7325467e+00
-1.6075000e+00 -3.1240129e+00 -1.7962410e+00 -1.1782715e+00 -9.5032516e-01 -9.1709463e-01 -9.5127887e-01 -1.0255374e+00 -1.1650427e+00 -1.4028624e+00 -1.7444289e+00
-1.6000000e+00 -3.0752338e+00 -1.9540187e+00 -1.2587879e+00 -1.0030479e+00 -9.5465975e-01 -9.7968492e-01 -1.0479324e+00 -1.1832473e+00 -1.4180046e+00 -1.7572380e+00
-1.5925000e+00 -2.8791319e+00 -2.1433387e+00 -1.3498316e+00 -1.0613898e+00 -9.9578981e-01 -1.0106032e+00 -1.0722190e+00 -1.2029413e+00 -1.4343573e+00 -1.7710534e+00
-1.5850000e+00 -2.6737190e+00 -2.3740204e+00 -1.4537040e+00 -1.1262249e+00 -1.0409335e+00 -1.0443100e+00 -1.0985871e+00 -1.2242650e+00 -1.4520294e+00 -1.7859624e+00
-1.5775000e+00 -2.5014995e+00 -2.6517797e+00 -1.5735512e+00 -1.1986433e+00 -1.0906233e+00 -1.0811238e+00 -1.1272519e+00 -1.2473756e+00 -1.4711418e+00 -1.8020614e+00
-1.5700000e+00 -2.3646861e+00 -2.9314757e+00 -1.7138223e+00 -1.2800308e+00 -1.1454978e+00 -1.1214146e+00 -1.1584585e+00 -1.2724497e+00 -1.4918291e+00 -1.8194569e+00
-1.5625000e+00 -2.2583892e+00 -3.0028034e+00 -1.8810430e+00 -1.3721910e+00 -1.2063346e+00 -1.1656165e+00 -1.1924880e+00 -1.2996869e+00 -1.5142419e+00 -1.8382675e+00
-1.5550000e+00 -2.1779857e+00 -2.7933786e+00 -2.0850744e+00 -1.4775349e+00 -1.2740942e+00 -1.2142429e+00 -1.2296645e+00 -1.3293136e+00 -1.5385492e+00 -1.8586249e+00
-1.5475000e+00 -2.1201779e+00 -2.5378637e+00 -2.3405065e+00 -1.5993923e+00 -1.3499855e+00 -1.2679093e+00 -1.2703653e+00 -1.3615887e+00 -1.5649417e+00 -1.8806762e+00
-1.5400000e+00 -2.0828856e+00 -2.3268576e+00 -2.6614812e+00 -1.7425398e+00 -1.4355636e+00 -1.3273624e+00 -1.3150335e+00 -1.3968093e+00 -1.5936352e+00 -1.9045868e+00
-1.5325000e+00 -2.0650175e+00 -2.1628133e+00 -2.9894251e+00 -1.9141380e+00 -1.5328794e+00 -1.3935226e+00 -1.3641941e+00 -1.4353198e+00 -1.6248758e+00 -1.9305426e+00
-1.5250000e+00 -2.0663107e+00 -2.0366128e+00 -2.9922201e+00 -2.1254101e+00 -1.6447227e+00 -1.4675451e+00 -1.4184776e+00 -1.4775223e+00 -1.6589457e+00 -1.9587543e+00
-1.5175000e+00 -2.0872581e+00 -1.9407535e+00 -2.6907272e+00 -2.3942150e+00 -1.7750301e+00 -1.5509102e+00 -1.4786507e+00 -1.5238906e+00 -1.6961708e+00 -1.9894617e+00
-1.5100000e+00 -2.1291204e+00 -1.8702181e+00 -2.4065574e+00 -2.7426627e+00 -1.9296099e+00 -1.6455633e+00 -1.5456611e+00 -1.5749894e+00 -1.7369302e+00 -2.0229393e+00
-1.5025000e+00 -2.1940174e+00 -1.8218818e+00 -2.1894770e+00 -3.1115670e+00 -2.1174994e+00 -1.7541398e+00 -1.6207017e+00 -1.6315003e+00 -1.7816696e+00 -2.0595038e+00
-1.4950000e+00 -2.2850831e+00 -1.7939875e+00 -2.0254559e+00 -3.0708867e+00 -2.3535917e+00 -1.8803428e+00 -1.7053074e+00 -1.6942575e+00 -1.8309177e+00 -2.0995233e+00
-1.4875000e+00 -2.4065939e+00 -1.7858243e+00 -1.9010083e+00 -2.7176090e+00 -2.6630440e+00 -2.0296162e+00 -1.8015054e+00 -1.7643000e+00 -1.8853097e+00 -2.1434294e+00
-1.4800000e+00 -2.5636052e+00 -1.7975712e+00 -1.8074189e+00 -2.4188395e+00 -3.0739872e+00 -2.2104224e+00 -1.9120586e+00 -1.8429476e+00 -1.9456191e+00 -2.1917332e+00
-1.4725000e+00 -2.7589683e+00 -1.8302712e+00 -1.7393356e+00 -2.1980132e+00 -3.3968267e+00 -2.4368335e+00 -2.0408813e+00 -1.9319168e+00 -2.0128031e+00 -2.2450474e+00
-1.4650000e+00 -2.9790433e+00 -1.8859286e+00 -1.6935797e+00 -2.0332129e+00 -3.1115475e+00 -2.7338671e+00 -2.1937926e+00 -2.0335048e+00 -2.0880689e+00 -2.3041161e+00
-1.4575000e+00 -3.1504167e+00 -1.9677449e+00 -1.6684486e+00 -1.9089340e+00 -2.7310832e+00 -3.1429986e+00 -2.3799848e+00 -2.1508943e+00 -2.1729730e+00 -2.3698575e+00
-1.4500000e+00 -3.1465571e+00 -2.0805200e+00 -1.6633476e+00 -1.8158677e+00 -2.4535753e+00 -3.5958596e+00 -2.6151290e+00 -2.2886894e+00 -2.2695773e+00 -2.4434252e+00
-1.4425000e+00 -2.9963033e+00 -2.2311610e+00 -1.6786318e+00 -1.7484748e+00 -2.2520753e+00 -3.3972282e+00 -2.9283131e+00 -2.4539230e+00 -2.3807029e+00 -2.5263007e+00
-1.4350000e+00 -2.8289998e+00 -2.4285513e+00 -1.7156077e+00 -1.7035272e+00 -2.1020501e+00 -2.9624430e+00 -3.3720937e+00 -2.6581196e+00 -2.5103693e+00 -2.6204365e+00
-1.4275000e+00 -2.6999323e+00 -2.6776845e+00 -1.7766908e+00 -1.6793308e+00 -1.9893669e+00 -2.6517865e+00 -3.8496928e+00 -2.9219474e+00 -2.6646016e+00 -2.7284887e+00
-1.4200000e+00 -2.6186967e+00 -2.9404738e+00 -1.8657670e+00 -1.6753343e+00 -1.9058997e+00 -2.4313230e+00 -3.5311767e+00 -3.2863555e+00 -2.8530462e+00 -2.8542141e+00
-1.4125000e+00 -2.5846086e+00 -3.0359907e+00 -1.9888611e+00 -1.6919698e+00 -1.8469132e+00 -2.2690645e+00 -3.0802623e+00 -3.8199238e+00 -3.0925502e+00 -3.0031949e+00
-1.4050000e+00 -2.5966382e+00 -2.8681831e+00 -2.1552430e+00 -1.7306680e+00 -1.8097402e+00 -2.1476061e+00 -2.7737442e+00 -4.0815043e+00 -3.4160529e+00 -3.1842731e+00
-1.3975000e+00 -2.6552479e+00 -2.6446804e+00 -2.3786025e+00 -1.7940492e+00 -1.7931184e+00 -2.0572760e+00 -2.5578380e+00 -3.5457684e+00 -3.8937446e+00 -3.4126997e+00
-1.3900000e+00 -2.7617058e+00 -2.4705531e+00 -2.6724211e+00 -1.8863578e+00 -1.7968784e+00 -1.9925203e+00 -2.3992326e+00 -3.1434667e+00 -4.4748818e+00 -3.7180072e+00
-1.3825000e+00 -2.9140077e+00 -2.3565563e+00 -2.9892029e+00 -2.0142972e+00 -1.8218502e+00 -1.9501872e+00 -2.2807160e+00 -2.8738873e+00 -4.0515154e+00 -4.1657469e+00
-1.3750000e+00 -3.0924204e+00 -2.2978962e+00 -3.0308465e+00 -2.1885559e+00 -1.8699506e+00 -1.9286911e+00 -2.1928660e+00 -2.6815219e+00 -3.5594783e+00 -4.8304149e+00
-1.3675000e+00 -3.2286650e+00 -2.2911487e+00 -2.7624464e+00 -2.4261163e+00 -1.9444834e+00 -1.9276158e+00 -2.1303153e+00 -2.5392294e+00 -3.2435054e+00 -4.5812919e+00
-1.3600000e+00 -3.2320320e+00 -2.3363949e+00 -2.5034842e+00 -2.7481537e+00 -2.0507702e+00 -1.9475704e+00 -2.0900504e+00 -2.4330399e+00 -3.0244295e+00 -4.0200171e+00
-1.3525000e+00 -3.1317072e+00 -2.4370791e+00 -2.3222010e+00 -3.1072821e+00 -2.1973931e+00 -1.9902392e+00 -2.0705992e+00 -2.3552351e+00 -2.8644828e+00 -3.6715057e+00
-1.3450000e+00 -3.0268498e+00 -2.5982474e+00 -2.2100709e+00 -3.1088754e+00 -2.3986190e+00 -2.0586401e+00 -2.0716519e+00 -2.3014305e+00 -2.7453167e+00 -3.4352034e+00
-1.3375000e+00 -2.9673273e+00 -2.8158903e+00 -2.1572116e+00 -2.7821153e+00 -2.6784591e+00 -2.1577029e+00 -2.0939369e+00 -2.2692472e+00 -2.6571323e+00 -3.2644592e+00
-1.3300000e+00 -2.9659209e+00 -3.0285566e+00 -2.1594399e+00 -2.5066482e+00 -3.0649707e+00 -2.2954385e+00 -2.1392927e+00 -2.2576821e+00 -2.5944161e+00 -3.1376459e+00
-1.3225000e+00 -3.0230851e+00 -3.0657773e+00 -2.2179609e+00 -2.3221196e+00 -3.4021985e+00 -2.4853467e+00 -2.2109673e+00 -2.2668341e+00 -2.5540953e+00 -3.0435166e+00
-1.3150000e+00 -3.1317325e+00 -2.9161644e+00 -2.3392511e+00 -2.2107326e+00 -3.1624355e+00 -2.7513660e+00 -2.3142753e+00 -2.2978569e+00 -2.5346774e+00 -2.9758149e+00
-1.3075000e+00 -3.2671547e+00 -2.7573044e+00 -2.5345831e+00 -2.1604799e+00 -2.7985518e+00 -3.1334133e+00 -2.4579512e+00 -2.3531175e+00 -2.5358565e+00 -2.9310326e+00
-1.3000000e+00 -3.3695262e+00 -2.6652189e+00 -2.8083878e+00 -2.1669850e+00 -2.5466926e+00 -3.5849436e+00 -2.6570455e+00 -2.4366253e+00 -2.5583853e+00 -2.9073867e+00
-1.2925000e+00 -3.3754148e+00 -2.6516237e+00 -3.0683813e+00 -2.2321963e+00 -2.3869736e+00 -3.4443201e+00 -2.9393753e+00 -2.5549410e+00 -2.6041550e+00 -2.9043449e+00
-1.2850000e+00 -3.3089451e+00 -2.7162583e+00 -3.0241511e+00 -2.3645428e+00 -2.2976660e+00 -3.0230857e+00 -3.3554603e+00 -2.7190955e+00 -2.6765153e+00 -2.9224497e+00
-1.2775000e+00 -3.2467722e+00 -2.8532161e+00 -2.7826995e+00 -2.5798421e+00 -2.2685251e+00 -2.7331011e+00 -3.8411430e+00 -2.9489322e+00 -2.7809834e+00 -2.9633578e+00
-1.2700000e+00 -3.2380390e+00 -3.0291470e+00 -2.5949138e+00 -2.8910993e+00 -2.2974830e+00 -2.5497810e+00 -3.5822006e+00 -3.2834662e+00 -2.9267395e+00 -3.0301091e+00
-1.2625000e+00 -3.3031249e+00 -3.1394114e+00 -2.5034903e+00 -3.1836402e+00 -2.3894576e+00 -2.4433478e+00 -3.1399743e+00 -3.7905790e+00 -3.1299727e+00 -3.1277511e+00
-1.2550000e+00 -3.4371575e+00 -3.0973534e+00 -2.5063598e+00 -3.0701042e+00 -2.5576948e+00 -2.3998302e+00 -2.8546036e+00 -4.1101660e+00 -3.4221510e+00 -3.2646599e+00
-1.2475000e+00 -3.5679956e+00 -2.9976939e+00 -2.6038083e+00 -2.7805318e+00 -2.8264283e+00 -2.4151635e+00 -2.6773025e+00 -3.5995641e+00 -3.8700001e+00 -3.4554851e+00
-1.2400000e+00 -3.5578114e+00 -2.9442195e+00 -2.7970573e+00 -2.5832241e+00 -3.2074317e+00 -2.4928829e+00 -2.5765601e+00 -3.2069671e+00 -4.4606964e+00 -3.7284790e+00
-1.2325000e+00 -3.4530217e+00 -2.9659125e+00 -3.0428441e+00 -2.4953973e+00 -3.4112022e+00 -2.6451923e+00 -2.5387518e+00 -2.9646706e+00 -4.1054429e+00 -4.1456595e+00
-1.2250000e+00 -3.4128482e+00 -3.0540083e+00 -3.1301560e+00 -2.5093280e+00 -3.1047739e+00 -2.8975494e+00 -2.5604844e+00 -2.8179291e+00 -3.6156813e+00 -4.7942141e+00
-1.2175000e+00 -3.5028161e+00 -3.1691891e+00 -2.9727763e+00 -2.6273826e+00 -2.8093824e+00 -3.2870898e+00 -2.6463535e+00 -2.7418567e+00 -3.3195746e+00 -4.6368893e+00
-1.2100000e+00 -3.6837882e+00 -3.2420718e+00 -2.8183482e+00 -2.8577145e+00 -2.6444026e+00 -3.6458968e+00 -2.8106798e+00 -2.7269478e+00 -3.1388170e+00 -4.0734958e+00
-1.2025000e+00 -3.7292677e+00 -3.2351713e+00 -2.7707265e+00 -3.1497596e+00 -2.5932055e+00 -3.3596462e+00 -3.0842119e+00 -2.7729530e+00 -3.0368387e+00 -3.7403506e+00
-1.1950000e+00 -3.6051166e+00 -3.1929979e+00 -2.8401632e+00 -3.1919523e+00 -2.6490692e+00 -3.0037456e+00 -3.5171542e+00 -2.8881775e+00 -2.9988626e+00 -3.5384213e+00
-1.1875000e+00 -3.5740325e+00 -3.1765105e+00 -3.0081188e+00 -2.9612332e+00 -2.8220931e+00 -2.7994016e+00 -3.8750893e+00 -3.0934661e+00 -3.0213386e+00 -3.4214009e+00
-1.1800000e+00 -3.7056035e+00 -3.2213562e+00 -3.1740391e+00 -2.7929514e+00 -3.1279752e+00 -2.7197403e+00 -3.4838617e+00 -3.4338037e+00 -3.1092976e+00 -3.3707302e+00
-1.1725000e+00 -3.8426147e+00 -3.3301752e+00 -3.1621433e+00 -2.7609076e+00 -3.4316524e+00 -2.7511171e+00 -3.1201132e+00 -3.9612797e+00 -3.2785965e+00 -3.3808408e+00
-1.1650000e+00 -3.7726923e+00 -3.4250061e+00 -3.0514833e+00 -2.8669450e+00 -3.2724980e+00 -2.9016015e+00 -2.9233987e+00 -4.0147256e+00 -3.5654815e+00 -3.4550869e+00
-1.1575000e+00 -3.7183716e+00 -3.3878387e+00 -3.0076226e+00 -3.0899797e+00 -2.9927636e+00 -3.1989535e+00 -2.8536843e+00 -3.5183743e+00 -4.0463655e+00 -3.6070815e+00
-1.1500000e+00 -3.8121616e+00 -3.3163319e+00 -3.0689383e+00 -3.2620559e+00 -2.8598405e+00 -3.6001634e+00 -2.8977629e+00 -3.2140174e+00 -4.4924530e+00 -3.8690615e+00
-1.1425000e+00 -3.9262390e+00 -3.3650626e+00 -3.1966960e+00 -3.1565720e+00 -2.8835191e+00 -3.5303268e+00 -3.0677514e+00 -3.0667679e+00 -3.9800085e+00 -4.3163391e+00
-1.1350000e+00 -3.8849749e+00 -3.5328508e+00 -3.2801838e+00 -3.0120192e+00 -3.0648056e+00 -3.1818059e+00 -3.4022669e+00 -3.0408550e+00 -3.5835701e+00 -4.9274229e+00
-1.1275000e+00 -3.8518440e+00 -3.5607325e+00 -3.2515927e+00 -3.0000376e+00 -3.3650064e+00 -2.9957866e+00 -3.8496702e+00 -3.1328537e+00 -3.3790683e+00 -4.4820405e+00
-1.1200000e+00 -3.9628777e+00 -3.4417212e+00 -3.2030873e+00 -3.1260767e+00 -3.4374416e+00 -2.9815670e+00 -3.6726833e+00 -3.3682169e+00 -3.3078950e+00 -4.0178609e+00
-1.1125000e+00 -4.0331222e+00 -3.4843429e+00 -3.2238702e+00 -3.2851075e+00 -3.2037920e+00 -3.1379837e+00 -3.2953172e+00 -3.8038401e+00 -3.3544301e+00 -3.7768249e+00
-1.1050000e+00 -3.9435241e+00 -3.6674008e+00 -3.3284785e+00 -3.2818930e+00 -3.0743035e+00 -3.4688596e+00 -3.1178705e+00 -4.1471582e+00 -3.5336987e+00 -3.6797760e+00
-1.0975000e+00 -4.0317362e+00 -3.6279764e+00 -3.4226175e+00 -3.2024819e+00 -3.1312419e+00 -3.6780063e+00 -3.1209565e+00 -3.7066475e+00 -3.9004509e+00 -3.7024152e+00
-1.0900000e+00 -4.1276285e+00 -3.5541186e+00 -3.3743587e+00 -3.2119800e+00 -3.3493311e+00 -3.4004197e+00 -3.3072750e+00 -3.3866979e+00 -4.4571526e+00 -3.8540793e+00
-1.0825000e+00 -4.0291564e+00 -3.6854268e+00 -3.3254835e+00 -3.3009099e+00 -3.5017576e+00 -3.1999729e+00 -3.6944656e+00 -3.2777848e+00 -4.1904961e+00 -4.1843707e+00
-1.0750000e+00 -4.1535142e+00 -3.7465025e+00 -3.4318752e+00 -3.3639456e+00 -3.3636844e+00 -3.2133729e+00 -3.8743723e+00 -3.3522013e+00 -3.7539901e+00 -4.7777239e+00
-1.0675000e+00 -4.1686058e+00 -3.6753369e+00 -3.5620580e+00 -3.3728869e+00 -3.2671582e+00 -3.4370461e+00 -3.5154096e+00 -3.6337311e+00 -3.5649548e+00 -4.7122812e+00
-1.0600000e+00 -4.1413327e+00 -3.7470939e+00 -3.4597496e+00 -3.3819506e+00 -3.3493374e+00 -3.7057241e+00 -3.3163608e+00 -4.1047841e+00 -3.5698986e+00 -4.1918084e+00
-1.0525000e+00 -4.2591316e+00 -3.8203154e+00 -3.4519356e+00 -3.3928758e+00 -3.5147716e+00 -3.5562711e+00 -3.3551028e+00 -3.9635140e+00 -3.7740963e+00 -3.9517568e+00
-1.0450000e+00 -4.2140965e+00 -3.7905378e+00 -3.6387440e+00 -3.4388576e+00 -3.5152214e+00 -3.3776533e+00 -3.6314896e+00 -3.5903105e+00 -4.2348644e+00 -3.9182197e+00
-1.0375000e+00 -4.2808033e+00 -3.8252040e+00 -3.5933450e+00 -3.5286080e+00 -3.4461980e+00 -3.4273817e+00 -3.9296922e+00 -3.4777590e+00 -4.4549383e+00 -4.0824804e+00
-1.0300000e+00 -4.3116296e+00 -3.9169813e+00 -3.5371545e+00 -3.5092797e+00 -3.4904974e+00 -3.6606689e+00 -3.6796061e+00 -3.6184136e+00 -3.9777267e+00 -4.5096930e+00
-1.0225000e+00 -4.3124646e+00 -3.8605279e+00 -3.7126541e+00 -3.4770936e+00 -3.5762277e+00 -3.7150402e+00 -3.4893215e+00 -4.0153014e+00 -3.7542680e+00 -4.9516653e+00
-1.0150000e+00 -4.3865023e+00 -3.9557601e+00 -3.6695260e+00 -3.6183600e+00 -3.5949582e+00 -3.5592943e+00 -3.5754249e+00 -4.1135277e+00 -3.8002022e+00 -4.4359919e+00
-1.0075000e+00 -4.3724298e+00 -3.9633185e+00 -3.6564981e+00 -3.6381265e+00 -3.6105076e+00 -3.5748661e+00 -3.8784729e+00 -3.7529389e+00 -4.1305529e+00 -4.1389635e+00
-1.0000000e+00 -4.4357386e+00 -3.9702829e+00 -3.7877763e+00 -3.5474057e+00 -3.6254452e+00 -3.7405700e+00 -3.8779434e+00 -3.6587000e+00 -4.5352281e+00 -4.1312213e+00
-9.9250000e-01 -4.4457020e+00 -4.0558312e+00 -3.7346483e+00 -3.7213700e+00 -3.6574152e+00 -3.7568276e+00 -3.6652528e+00 -3.8750238e+00 -4.1474283e+00 -4.4135296e+00
-9.8500000e-01 -4.4840025e+00 -4.0176301e+00 -3.7881161e+00 -3.7076408e+00 -3.7462951e+00 -3.6947991e+00 -3.7126889e+00 -4.2093860e+00 -3.9164220e+00 -4.9472478e+00
-9.7750000e-01 -4.5190935e+00 -4.1147717e+00 -3.8442777e+00 -3.6468522e+00 -3.7138132e+00 -3.7598167e+00 -3.9516149e+00 -3.9658857e+00 -4.0242099e+00 -4.6177844e+00
-9.7000000e-01 -4.5180003e+00 -4.0862069e+00 -3.8256021e+00 -3.8479188e+00 -3.7206495e+00 -3.8233441e+00 -3.9061832e+00 -3.8110305e+00 -4.4434327e+00 -4.2938539e+00
-9.6250000e-01 -4.6145386e+00 -4.1643440e+00 -3.9025505e+00 -3.7222898e+00 -3.8731136e+00 -3.8312124e+00 -3.7995711e+00 -3.9975296e+00 -4.3950419e+00 -4.3350058e+00
-9.5500000e-01 -4.5762434e+00 -4.1490045e+00 -3.8996790e+00 -3.8281371e+00 -3.7729860e+00 -3.8556080e+00 -3.9275549e+00 -4.2344392e+00 -4.0849269e+00 -4.7455511e+00
-9.4750000e-01 -4.6246010e+00 -4.2310347e+00 -3.9466909e+00 -3.8525711e+00 -3.8420292e+00 -3.8693945e+00 -4.0116587e+00 -4.0121633e+00 -4.1531091e+00 -4.8905719e+00
-9.4000000e-01 -4.6887081e+00 -4.2038609e+00 -3.9667371e+00 -3.8393543e+00 -3.9512861e+00 -3.9534242e+00 -3.9385000e+00 -3.9903521e+00 -4.5282503e+00 -4.4772665e+00
-9.3250000e-01 -4.6717309e+00 -4.2729450e+00 -4.0125504e+00 -3.9325344e+00 -3.8273392e+00 -3.9419480e+00 -4.0018581e+00 -4.2304087e+00 -4.3870716e+00 -4.4632049e+00
-9.2500000e-01 -4.7100475e+00 -4.3128091e+00 -4.0086026e+00 -3.9034708e+00 -4.0414371e+00 -3.9447978e+00 -4.0563247e+00 -4.1730666e+00 -4.2041128e+00 -4.8604198e+00
-9.1750000e-01 -4.7826348e+00 -4.2862710e+00 -4.0991860e+00 -3.9743831e+00 -3.9063546e+00 -4.0848790e+00 -4.0636404e+00 -4.1003553e+00 -4.4279569e+00 -4.8568174e+00
-9.1000000e-01 -4.8035808e+00 -4.3698859e+00 -4.0516675e+00 -3.9833784e+00 -4.0495173e+00 -3.9718017e+00 -4.0942538e+00 -4.2676893e+00 -4.5571497e+00 -4.5570452e+00
-9.0250000e-01 -4.8005405e+00 -4.3875844e+00 -4.1565750e+00 -4.0180953e+00 -4.0045416e+00 -4.1264115e+00 -4.1164580e+00 -4.2453139e+00 -4.3366173e+00 -4.7253059e+00
-8.9500000e-01 -4.8218065e+00 -4.3971684e+00 -4.1326143e+00 -4.0463940e+00 -4.0780413e+00 -4.0785042e+00 -4.1935069e+00 -4.2365556e+00 -4.4808779e+00 -5.0199014e+00
-8.8750000e-01 -4.8653428e+00 -4.4617041e+00 -4.1917972e+00 -4.0958641e+00 -4.0776507e+00 -4.1216896e+00 -4.1409013e+00 -4.3291097e+00 -4.5982780e+00 -4.7092997e+00
-8.8000000e-01 -4.9110841e+00 -4.4868660e+00 -4.2077279e+00 -4.0706724e+00 -4.1356281e+00 -4.1898526e+00 -4.2675230e+00 -4.3145768e+00 -4.4514271e+00 -4.7833743e+00
-8.7250000e-01 -4.9482146e+00 -4.4803325e+00 -4.2213988e+00 -4.1970882e+00 -4.1363639e+00 -4.1520227e+00 -4.2161921e+00 -4.3722841e+00 -4.6103136e+00 -5.0482338e+00
-8.6500000e-01 -4.9798674e+00 -4.5043658e+00 -4.3082549e+00 -4.1309610e+00 -4.1914945e+00 -4.2607324e+00 -4.2905214e+00 -4.3684589e+00 -4.5985267e+00 -4.8045190e+00
-8.5750000e-01 -5.0135689e+00 -4.5553893e+00 -4.3118113e+00 -4.1913228e+00 -4.2109814e+00 -4.2211076e+00 -4.3116664e+00 -4.4553430e+00 -4.5965241e+00 -4.9386608e+00
-8.5000000e-01 -5.0464352e+00 -4.6030342e+00 -4.2941170e+00 -4.2735403e+00 -4.2318457e+00 -4.2919453e+00 -4.3235791e+00 -4.4071702e+00 -4.6871951e+00 -5.0297126e+00
-8.4250000e-01 -5.0681407e+00 -4.6355962e+00 -4.3441627e+00 -4.2354875e+00 -4.2734154e+00 -4.3194822e+00 -4.3823764e+00 -4.5329908e+00 -4.6572574e+00 -4.9073533e+00
-8.3500000e-01 -5.0890648e+00 -4.6612918e+00 -4.4093017e+00 -4.2768580e+00 -4.3279500e+00 -4.3123123e+00 -4.3928803e+00 -4.4586372e+00 -4.7402095e+00 -5.1071339e+00
-8.2750000e-01 -5.1090212e+00 -4.6892090e+00 -4.4354821e+00 -4.3287008e+00 -4.2856158e+00 -4.4048855e+00 -4.4120288e+00 -4.6027140e+00 -4.7175025e+00 -4.9954422e+00
-8.2000000e-01 -5.1219996e+00 -4.7196510e+00 -4.4424413e+00 -4.3387825e+00 -4.3769756e+00 -4.3780612e+00 -4.5024453e+00 -4.5070411e+00 -4.8079086e+00 -5.1202697e+00
-8.1250000e-01 -5.1663967e+00 -4.7464512e+00 -4.4591737e+00 -4.3773673e+00 -4.4405633e+00 -4.4357244e+00 -4.4255982e+00 -4.6867569e+00 -4.7680119e+00 -5.0798130e+00
-8.0500000e-01 -5.2143691e+00 -4.7718310e+00 -4.4882341e+00 -4.4385490e+00 -4.3881041e+00 -4.4522991e+00 -4.5954279e+00 -4.5477417e+00 -4.8754354e+00 -5.1708149e+00
-7.9750000e-01 -5.2383558e+00 -4.8120238e+00 -4.5215875e+00 -4.4739083e+00 -4.4144262e+00 -4.5109718e+00 -4.5041537e+00 -4.7608483e+00 -4.8314175e+00 -5.1340939e+00
-7.9000000e-01 -5.2486148e+00 -4.8544482e+00 -4.5548827e+00 -4.4826666e+00 -4.4978108e+00 -4.5192319e+00 -4.5771897e+00 -4.6267739e+00 -4.9112903e+00 -5.2484006e+00
-7.8250000e-01 -5.3034085e+00 -4.8670651e+00 -4.5899591e+00 -4.4925750e+00 -4.5375850e+00 -4.5080234e+00 -4.6373691e+00 -4.7356454e+00 -4.9389777e+00 -5.1756011e+00
-7.7500000e-01 -5.3124059e+00 -4.8872930e+00 -4.6272430e+00 -4.5157636e+00 -4.5445600e+00 -4.5886567e+00 -4.6212921e+00 -4.7986742e+00 -4.9013297e+00 -5.3280029e+00
-7.6750000e-01 -5.3592070e+00 -4.9057227e+00 -4.6555696e+00 -4.5491481e+00 -4.5679997e+00 -4.6687965e+00 -4.6663369e+00 -4.7113983e+00 -5.0842015e+00 -5.2349134e+00
-7.6000000e-01 -5.3752777e+00 -4.9626595e+00 -4.6699181e+00 -4.5845490e+00 -4.6112371e+00 -4.6593605e+00 -4.6876641e+00 -4.8436426e+00 -4.9376251e+00 -5.3510164e+00
-7.5250000e-01 -5.4265787e+00 -4.9843582e+00 -4.7032653e+00 -4.6126086e+00 -4.6580102e+00 -4.6386236e+00 -4.7219009e+00 -4.8737997e+00 -5.0649280e+00 -5.3701053e+00
-7.4500000e-01 -5.4322468e+00 -5.0026567e+00 -4.7607879e+00 -4.6292898e+00 -4.6985947e+00 -4.6587172e+00 -4.7911333e+00 -4.8370372e+00 -5.1423217e+00 -5.3093470e+00
-7.3750000e-01 -5.4693640e+00 -5.0549142e+00 -4.7917324e+00 -4.6490158e+00 -4.7314797e+00 -4.7051789e+00 -4.8220519e+00 -4.8867896e+00 -5.0346518e+00 -5.5100304e+00
-7.3000000e-01 -5.5120764e+00 -5.0569929e+00 -4.8178385e+00 -4.6958113e+00 -4.7557440e+00 -4.7527223e+00 -4.8077537e+00 -4.9354608e+00 -5.1225944e+00 -5.4146564e+00
-7.2250000e-01 -5.5398956e+00 -5.1097163e+00 -4.8207600e+00 -4.7513812e+00 -4.7702030e+00 -4.7912552e+00 -4.8031197e+00 -4.9605887e+00 -5.2325447e+00 -5.4019551e+00
-7.1500000e-01 -5.5631992e+00 -5.1203144e+00 -4.8898498e+00 -4.7742453e+00 -4.7827901e+00 -4.8248684e+00 -4.8266974e+00 -5.0033261e+00 -5.2039334e+00 -5.5812660e+00
-7.0750000e-01 -5.5869289e+00 -5.1711302e+00 -4.8938568e+00 -4.8099079e+00 -4.8115038e+00 -4.8619117e+00 -4.8666414e+00 -5.0533883e+00 -5.1910764e+00 -5.5727612e+00
-7.0000000e-01 -5.6213923e+00 -5.1961100e+00 -4.9272077e+00 -4.8176776e+00 -4.8502457e+00 -4.9069026e+00 -4.9085813e+00 -5.0841909e+00 -5.2311692e+00 -5.4965482e+00
-6.5000000e-01 -5.8280245e+00 -5.3836152e+00 -5.1326192e+00 -5.0418155e+00 -5.0369140e+00 -5.0642251e+00 -5.1420750e+00 -5.2341786e+00 -5.5118846e+00 -5.7390993e+00
-6.0000000e-01 -6.0147010e+00 -5.5957617e+00 -5.3223853e+00 -5.2404388e+00 -5.2269355e+00 -5.2795575e+00 -5.3628283e+00 -5.4163148e+00 -5.6639009e+00 -6.0138740e+00
-5.5000000e-01 -6.2273373e+00 -5.7938636e+00 -5.5363310e+00 -5.4170389e+00 -5.4520227e+00 -5.4651975e+00 -5.5542220e+00 -5.6379453e+00 -5.8733580e+00 -6.1286834e+00
-5.0000000e-01 -6.4186059e+00 -5.9921172e+00 -5.7369888e+00 -5.6199810e+00 -5.6464296e+00 -5.6871095e+00 -5.7343209e+00 -5.8311882e+00 -6.0686177e+00 -6.3564346e+00
-4.0000000e-01 -6.7773318e+00 -6.3879874e+00 -6.1309581e+00 -6.0311597e+00 -6.0407387e+00 -6.0749930e+00 -6.1462153e+00 -6.2496362e+00 -6.4431668e+00 -6.7666446e+00
-2.0000000e-01 -7.7225400e+00 -7.1454749e+00 -6.8879477e+00 -6.8292818e+00 -6.8383372e+00 -6.8792267e+00 -6.9372522e+00 -7.0553491e+00 -7.2525579e+00 -7.5518268e+00
0.0000000e+00 -8.4027062e+00 -7.9481967e+00 -7.7124198e+00 -7.6071409e+00 -7.6192260e+00 -7.6979558e+00 -7.7434761e+00 -7.8498109e+00 -8.0553249e+00 -8.3588857e+00
2.0000000e-01 -9.1630753e+00 -8.8075006e+00 -8.5328522e+00 -8.4171937e+00 -8.4254726e+00 -8.4714044e+00 -8.5680258e+00 -8.6267458e+00 -8.8726789e+00 -9.1593193e+00
4.0000000e-01 -1.0078599e+01 -9.5580490e+00 -9.3679568e+00 -9.2265296e+00 -9.2379773e+00 -9.3136834e+00 -9.3299099e+00 -9.4520873e+00 -9.6509625e+00 -9.9540111e+00
6.0000000e-01 -1.0840654e+01 -1.0396859e+01 -1.0096281e+01 -1.0020625e+01 -1.0000381e+01 -1.0104558e+01 -1.0113885e+01 -1.0193535e+01 -1.0476472e+01 -1.0747389e+01
8.0000000e-01 -1.1585856e+01 -1.1175631e+01 -1.0945734e+01 -1.0831382e+01 -1.0801232e+01 -1.0880045e+01 -1.0910084e+01 -1.1102420e+01 -1.1226408e+01 -1.1506009e+01
1.0000000e+00 -1.2427087e+01 -1.1993230e+01 -1.1752310e+01 -1.1653124e+01 -1.1592119e+01 -1.1735893e+01 -1.1711042e+01 -1.1824213e+01 -1.2089149e+01 -1.2392229e+01
1.2000000e+00 -1.3187131e+01 -1.2852409e+01 -1.2533063e+01 -1.2398336e+01 -1.2477711e+01 -1.2484309e+01 -1.2560194e+01 -1.2660885e+01 -1.2887870e+01 -1.3166406e+01
1.4000000e+00 -1.4013827e+01 -1.3599225e+01 -1.3302407e+01 -1.3187427e+01 -1.3243884e+01 -1.3237841e+01 -1.3370970e+01 -1.3436869e+01 -1.3631546e+01 -1.3979431e+01
1.6000000e+00 -1.4820201e+01 -1.4361839e+01 -1.4142848e+01 -1.3983801e+01 -1.4039262e+01 -1.4088956e+01 -1.4147065e+01 -1.4212101e+01 -1.4478858e+01 -1.4803996e+01
1.8000000e+00 -1.5670856e+01 -1.5204525e+01 -1.4937710e+01 -1.4842797e+01 -1.4818157e+01 -1.4916256e+01 -1.4960401e+01 -1.5009453e+01 -1.5291377e+01 -1.5578012e+01
2.0000000e+00 -1.6523451e+01 -1.5988270e+01 -1.5817696e+01 -1.5653987e+01 -1.5637893e+01 -1.5653057e+01 -1.5744189e+01 -1.5846466e+01 -1.6030353e+01 -1.6380362e+01