########################################################################
# Reference Counts for Solar Model GS98                                #
# Column 1: log10(Axion mass in eV)                                    #
#        n>1: log10(Reference photon counts in energy bin n-1)         #
########################################################################
-3.0000000e+00 -1.9196306e-01 7.4520473e-02 1.9028900e-01 1.7488414e-01 5.4353065e-02 -8.1065364e-02 -2.2540746e-01 -4.1551536e-01 -6.9121316e-01 -1.0621175e+00
-2.8000000e+00 -1.9198352e-01 7.4506510e-02 1.9027901e-01 1.7487654e-01 5.4347152e-02 -8.1070091e-02 -2.2541133e-01 -4.1551859e-01 -6.9121590e-01 -1.0621199e+00
-2.6000000e+00 -1.9211263e-01 7.4418408e-02 1.9021602e-01 1.7482862e-01 5.4309844e-02 -8.1099921e-02 -2.2543574e-01 -4.1553897e-01 -6.9123318e-01 -1.0621347e+00
-2.4000000e+00 -1.9292739e-01 7.3862445e-02 1.8981853e-01 1.7452620e-01 5.4074433e-02 -8.1288143e-02 -2.2558980e-01 -4.1566757e-01 -6.9134226e-01 -1.0622284e+00
-2.2000000e+00 -1.9807478e-01 7.0351411e-02 1.8730892e-01 1.7261716e-01 5.2588511e-02 -8.2476113e-02 -2.2656209e-01 -4.1647914e-01 -6.9203063e-01 -1.0628195e+00
-2.1500000e+00 -2.0165922e-01 6.7907856e-02 1.8556295e-01 1.7128932e-01 5.1555130e-02 -8.3302191e-02 -2.2723814e-01 -4.1704339e-01 -6.9250921e-01 -1.0632305e+00
-2.1000000e+00 -2.0735157e-01 6.4029674e-02 1.8279297e-01 1.6918319e-01 4.9916340e-02 -8.4612071e-02 -2.2831002e-01 -4.1793798e-01 -6.9326792e-01 -1.0638819e+00
-2.0500000e+00 -2.1640218e-01 5.7869514e-02 1.7839581e-01 1.6584111e-01 4.7316540e-02 -8.6689690e-02 -2.3000992e-01 -4.1935655e-01 -6.9447093e-01 -1.0649148e+00
-2.0000000e+00 -2.3081973e-01 4.8071727e-02 1.7140896e-01 1.6053391e-01 4.3189847e-02 -8.9986521e-02 -2.3270678e-01 -4.2160671e-01 -6.9637893e-01 -1.0665528e+00
-1.9500000e+00 -2.5385778e-01 3.2455217e-02 1.6029038e-01 1.5209639e-01 3.6633595e-02 -9.5221807e-02 -2.3698782e-01 -4.2517773e-01 -6.9940633e-01 -1.0691515e+00
-1.9000000e+00 -2.9085725e-01 7.4787126e-03 1.4255335e-01 1.3865725e-01 2.6202366e-02 -1.0354489e-01 -2.4379003e-01 -4.3084941e-01 -7.0421306e-01 -1.0732764e+00
-1.8500000e+00 -3.5078341e-01 -3.2694057e-02 1.1414529e-01 1.1718731e-01 9.5673443e-03 -1.1680143e-01 -2.5461446e-01 -4.3986876e-01 -7.1185300e-01 -1.0798300e+00
-1.8475000e+00 -3.5462102e-01 -3.5254550e-02 1.1233978e-01 1.1582506e-01 8.5131111e-03 -1.1764086e-01 -2.5529948e-01 -4.4043929e-01 -7.1233612e-01 -1.0802443e+00
-1.8400000e+00 -3.6672264e-01 -4.3319127e-02 1.0665720e-01 1.1153940e-01 5.1974395e-03 -1.2028042e-01 -2.5745318e-01 -4.4223285e-01 -7.1385474e-01 -1.0815465e+00
-1.8325000e+00 -3.7976493e-01 -5.1993861e-02 1.0055164e-01 1.0693781e-01 1.6390015e-03 -1.2311233e-01 -2.5976328e-01 -4.4415633e-01 -7.1548315e-01 -1.0829428e+00
-1.8250000e+00 -3.9382775e-01 -6.1327774e-02 9.3990234e-02 1.0199625e-01 -2.1804303e-03 -1.2615089e-01 -2.6224133e-01 -4.4621928e-01 -7.1722938e-01 -1.0844399e+00
-1.8175000e+00 -4.0899898e-01 -7.1374300e-02 8.6937348e-02 9.6688704e-02 -6.2805219e-03 -1.2941150e-01 -2.6489977e-01 -4.4843194e-01 -7.1910207e-01 -1.0860452e+00
-1.8100000e+00 -4.2537543e-01 -8.2191769e-02 7.9354305e-02 9.0987033e-02 -1.0682503e-02 -1.3291077e-01 -2.6775196e-01 -4.5080537e-01 -7.2111048e-01 -1.0877667e+00
-1.8025000e+00 -4.4306413e-01 -9.3843948e-02 7.1199078e-02 8.4860772e-02 -1.5409305e-02 -1.3666661e-01 -2.7081232e-01 -4.5335143e-01 -7.2326461e-01 -1.0896128e+00
-1.7950000e+00 -4.6218362e-01 -1.0640067e-01 6.2425951e-02 7.8276908e-02 -2.0485712e-02 -1.4069834e-01 -2.7409638e-01 -4.5608293e-01 -7.2557518e-01 -1.0915927e+00
-1.7875000e+00 -4.8286565e-01 -1.1993854e-01 5.2985132e-02 7.1199635e-02 -2.5938526e-02 -1.4502681e-01 -2.7762087e-01 -4.5901362e-01 -7.2805375e-01 -1.0937162e+00
-1.7800000e+00 -5.0525711e-01 -1.3454178e-01 4.2822324e-02 6.3590082e-02 -3.1796757e-02 -1.4967455e-01 -2.8140385e-01 -4.6215833e-01 -7.3071275e-01 -1.0959939e+00
-1.7725000e+00 -5.2952238e-01 -1.5030317e-01 3.1878225e-02 5.5406006e-02 -3.8091824e-02 -1.5466589e-01 -2.8546478e-01 -4.6553307e-01 -7.3356557e-01 -1.0984372e+00
-1.7650000e+00 -5.5584617e-01 -1.6732517e-01 2.0087970e-02 4.6601448e-02 -4.4857789e-02 -1.6002715e-01 -2.8982469e-01 -4.6915504e-01 -7.3662661e-01 -1.1010582e+00
-1.7575000e+00 -5.8443693e-01 -1.8572125e-01 7.3804827e-03 3.7126345e-02 -5.2131609e-02 -1.6578682e-01 -2.9450629e-01 -4.7304285e-01 -7.3991143e-01 -1.1038703e+00
-1.7500000e+00 -6.1553112e-01 -2.0561741e-01 -6.3222654e-03 2.6926089e-02 -5.9953422e-02 -1.7197573e-01 -2.9953411e-01 -4.7721656e-01 -7.4343675e-01 -1.1068876e+00
-1.7425000e+00 -6.4939847e-01 -2.2715406e-01 -2.1106112e-02 1.5941029e-02 -6.8366871e-02 -1.7862732e-01 -3.0493469e-01 -4.8169781e-01 -7.4722065e-01 -1.1101254e+00
-1.7350000e+00 -6.8634860e-01 -2.5048818e-01 -3.7065700e-02 4.1059002e-03 -7.7419462e-02 -1.8577785e-01 -3.1073675e-01 -4.8651002e-01 -7.5128260e-01 -1.1136002e+00
-1.7275000e+00 -7.2673936e-01 -2.7579602e-01 -5.4305644e-02 -8.6508312e-03 -8.7162978e-02 -1.9346671e-01 -3.1697141e-01 -4.9167847e-01 -7.5564364e-01 -1.1173298e+00
-1.7200000e+00 -7.7098767e-01 -3.0327633e-01 -7.2941899e-02 -2.2407717e-02 -9.7653934e-02 -2.0173671e-01 -3.2367237e-01 -4.9723053e-01 -7.6032648e-01 -1.1213333e+00
-1.7125000e+00 -8.1958355e-01 -3.3315432e-01 -9.3103381e-02 -3.7251198e-02 -1.0895411e-01 -2.1063443e-01 -3.3087623e-01 -5.0319582e-01 -7.6535570e-01 -1.1256315e+00
-1.7050000e+00 -8.7310865e-01 -3.6568664e-01 -1.1493390e-01 -5.3276619e-02 -1.2113116e-01 -2.2021065e-01 -3.3862272e-01 -5.0960645e-01 -7.7075783e-01 -1.1302468e+00
-1.6975000e+00 -9.3226120e-01 -4.0116753e-01 -1.3859448e-01 -7.0589406e-02 -1.3425928e-01 -2.3052076e-01 -3.4695504e-01 -5.1649721e-01 -7.7656162e-01 -1.1352032e+00
-1.6900000e+00 -9.9788998e-01 -4.3993671e-01 -1.6426617e-01 -8.9306468e-02 -1.4842004e-01 -2.4162530e-01 -3.5592021e-01 -5.2390588e-01 -7.8279821e-01 -1.1405270e+00
-1.6825000e+00 -1.0710414e+00 -4.8238946e-01 -1.9215348e-01 -1.0955784e-01 -1.6370328e-01 -2.5359055e-01 -3.6556949e-01 -5.3187350e-01 -7.8950133e-01 -1.1462465e+00
-1.6750000e+00 -1.1530261e+00 -5.2898981e-01 -2.2248858e-01 -1.3148866e-01 -1.8020821e-01 -2.6648917e-01 -3.7595880e-01 -5.4044474e-01 -7.9670762e-01 -1.1523922e+00
-1.6675000e+00 -1.2455139e+00 -5.8028795e-01 -2.5553665e-01 -1.5526154e-01 -1.9804466e-01 -2.8040099e-01 -3.8714929e-01 -5.4966821e-01 -8.0445683e-01 -1.1589974e+00
-1.6600000e+00 -1.3506710e+00 -6.3694366e-01 -2.9160243e-01 -1.8105941e-01 -2.1733461e-01 -2.9541394e-01 -3.9920789e-01 -5.5959693e-01 -8.1279222e-01 -1.1660980e+00
-1.6525000e+00 -1.4713553e+00 -6.9975852e-01 -3.3103878e-01 -2.0908908e-01 -2.3821392e-01 -3.1162504e-01 -4.1220803e-01 -5.7028882e-01 -8.2176085e-01 -1.1737333e+00
-1.6450000e+00 -1.6113763e+00 -7.6972082e-01 -3.7425761e-01 -2.3958555e-01 -2.6083447e-01 -3.2914166e-01 -4.2623040e-01 -5.8180721e-01 -8.3141404e-01 -1.1819456e+00
-1.6375000e+00 -1.7757446e+00 -8.4806986e-01 -4.2174432e-01 -2.7281744e-01 -2.8536677e-01 -3.4808295e-01 -4.4136389e-01 -5.9422150e-01 -8.4180778e-01 -1.1907814e+00
-1.6300000e+00 -1.9704136e+00 -9.3639008e-01 -4.7407697e-01 -3.0909381e-01 -3.1200303e-01 -3.6858157e-01 -4.5770662e-01 -6.0760788e-01 -8.5300330e-01 -1.2002909e+00
-1.6225000e+00 -2.1989332e+00 -1.0367521e+00 -5.3195249e-01 -3.4877296e-01 -3.4096106e-01 -3.9078573e-01 -4.7536723e-01 -6.2205013e-01 -8.6506763e-01 -1.2105293e+00
-1.6150000e+00 -2.4444163e+00 -1.1519289e+00 -5.9622289e-01 -3.9227377e-01 -3.7248897e-01 -4.1486165e-01 -4.9446633e-01 -6.3764065e-01 -8.7807430e-01 -1.2215566e+00
-1.6075000e+00 -2.6130973e+00 -1.2857311e+00 -6.6794679e-01 -4.4009065e-01 -4.0687125e-01 -4.4099659e-01 -5.1513826e-01 -6.5448156e-01 -8.9210414e-01 -1.2334387e+00
-1.6000000e+00 -2.5642083e+00 -1.4435159e+00 -7.4846433e-01 -4.9281364e-01 -4.4443631e-01 -4.6940251e-01 -5.3753318e-01 -6.7268603e-01 -9.0724619e-01 -1.2462477e+00
-1.5925000e+00 -2.3680960e+00 -1.6328450e+00 -8.3950951e-01 -5.5115573e-01 -4.8556631e-01 -5.0032066e-01 -5.6181961e-01 -6.9237989e-01 -9.2359876e-01 -1.2600630e+00
-1.5850000e+00 -2.1627102e+00 -1.8635375e+00 -9.4338367e-01 -6.1599112e-01 -5.3070997e-01 -5.3402729e-01 -5.8818754e-01 -7.1370347e-01 -9.4127071e-01 -1.2749719e+00
-1.5775000e+00 -1.9905181e+00 -2.1413036e+00 -1.0632330e+00 -6.8840981e-01 -5.8039959e-01 -5.7084089e-01 -6.1685215e-01 -7.3681389e-01 -9.6038293e-01 -1.2910707e+00
-1.5700000e+00 -1.8537267e+00 -2.4209699e+00 -1.2035070e+00 -7.6979779e-01 -6.3527409e-01 -6.1113157e-01 -6.4805857e-01 -7.6188782e-01 -9.8107008e-01 -1.3084662e+00
-1.5625000e+00 -1.7474474e+00 -2.4922015e+00 -1.3707313e+00 -8.6195842e-01 -6.9611074e-01 -6.5533317e-01 -6.8208776e-01 -7.8912479e-01 -1.0034827e+00 -1.3272766e+00
-1.5550000e+00 -1.6670586e+00 -2.2827410e+00 -1.5747676e+00 -9.6730293e-01 -7.6387016e-01 -7.0395937e-01 -7.1926402e-01 -8.1875131e-01 -1.0277899e+00 -1.3476338e+00
-1.5475000e+00 -1.6092636e+00 -2.0272402e+00 -1.8302062e+00 -1.0891610e+00 -8.3976138e-01 -7.5762545e-01 -7.5996460e-01 -8.5102608e-01 -1.0541821e+00 -1.3696850e+00
-1.5400000e+00 -1.5719829e+00 -1.8162516e+00 -2.1511858e+00 -1.2323095e+00 -9.2533920e-01 -8.1707821e-01 -8.0463241e-01 -8.8624643e-01 -1.0828754e+00 -1.3935954e+00
-1.5325000e+00 -1.5541259e+00 -1.6522209e+00 -2.4791088e+00 -1.4039089e+00 -1.0226548e+00 -8.8323810e-01 -8.5379268e-01 -9.2475666e-01 -1.1141158e+00 -1.4195510e+00
-1.5250000e+00 -1.5554300e+00 -1.5260309e+00 -2.4818445e+00 -1.6151829e+00 -1.1344978e+00 -9.5726014e-01 -9.0807576e-01 -9.6695878e-01 -1.1481854e+00 -1.4477624e+00
-1.5175000e+00 -1.5763886e+00 -1.4301801e+00 -2.1803467e+00 -1.8839903e+00 -1.2648048e+00 -1.0406246e+00 -9.6824841e-01 -1.0133267e+00 -1.1854101e+00 -1.4784695e+00
-1.5100000e+00 -1.6182629e+00 -1.3596518e+00 -1.8961885e+00 -2.2324408e+00 -1.4193842e+00 -1.1352771e+00 -1.0352583e+00 -1.0644251e+00 -1.2261692e+00 -1.5119469e+00
-1.5025000e+00 -1.6831728e+00 -1.3113218e+00 -1.6791172e+00 -2.6013386e+00 -1.6072729e+00 -1.2438528e+00 -1.1102982e+00 -1.1209354e+00 -1.2709082e+00 -1.5485111e+00
-1.4950000e+00 -1.7742527e+00 -1.2834334e+00 -1.5151026e+00 -2.5606359e+00 -1.8433640e+00 -1.3700547e+00 -1.1949031e+00 -1.1836920e+00 -1.3201558e+00 -1.5885302e+00
-1.4875000e+00 -1.8957791e+00 -1.2752760e+00 -1.3906598e+00 -2.2073578e+00 -2.1528145e+00 -1.5193266e+00 -1.2911000e+00 -1.2537339e+00 -1.3745473e+00 -1.6324359e+00
-1.4800000e+00 -2.0528058e+00 -1.2870289e+00 -1.2970742e+00 -1.9085923e+00 -2.5637552e+00 -1.7001308e+00 -1.4016519e+00 -1.3323806e+00 -1.4348561e+00 -1.6807392e+00
-1.4725000e+00 -2.2481779e+00 -1.3197353e+00 -1.2289941e+00 -1.6877688e+00 -2.8866010e+00 -1.9265389e+00 -1.5304731e+00 -1.4213488e+00 -1.5020394e+00 -1.7340529e+00
-1.4650000e+00 -2.4682329e+00 -1.3753998e+00 -1.1832411e+00 -1.5229705e+00 -2.6013309e+00 -2.2235676e+00 -1.6833822e+00 -1.5229356e+00 -1.5773043e+00 -1.7931210e+00
-1.4575000e+00 -2.6395153e+00 -1.4572242e+00 -1.1581127e+00 -1.3986931e+00 -2.2208657e+00 -2.6326915e+00 -1.8695713e+00 -1.6403235e+00 -1.6622074e+00 -1.8588617e+00
-1.4500000e+00 -2.6355467e+00 -1.5700089e+00 -1.1530143e+00 -1.3056280e+00 -1.9433565e+00 -3.0855623e+00 -2.1047108e+00 -1.7781165e+00 -1.7588104e+00 -1.9324285e+00
-1.4425000e+00 -2.4852788e+00 -1.7206613e+00 -1.1683013e+00 -1.2382361e+00 -1.7418555e+00 -2.8869705e+00 -2.4178869e+00 -1.9433473e+00 -1.8699344e+00 -2.0153030e+00
-1.4350000e+00 -2.3180102e+00 -1.9180645e+00 -1.2052802e+00 -1.1932893e+00 -1.5918297e+00 -2.4521813e+00 -2.8616544e+00 -2.1475396e+00 -1.9995987e+00 -2.1094376e+00
-1.4275000e+00 -2.1889821e+00 -2.1672064e+00 -1.2663666e+00 -1.1690937e+00 -1.4791458e+00 -2.1415191e+00 -3.3392776e+00 -2.4113605e+00 -2.1538282e+00 -2.2174883e+00
-1.4200000e+00 -2.1077817e+00 -2.4299712e+00 -1.3554467e+00 -1.1650980e+00 -1.3956782e+00 -1.9210520e+00 -3.0208177e+00 -2.7757562e+00 -2.3422687e+00 -2.3432116e+00
-1.4125000e+00 -2.0737250e+00 -2.5253980e+00 -1.4785455e+00 -1.1817344e+00 -1.3366913e+00 -1.7587911e+00 -2.5698927e+00 -3.3093065e+00 -2.5817663e+00 -2.4921897e+00
-1.4050000e+00 -2.0857836e+00 -2.3575495e+00 -1.6449334e+00 -1.2204336e+00 -1.2995179e+00 -1.6373308e+00 -2.2633660e+00 -3.5709714e+00 -2.9052577e+00 -2.6732640e+00
-1.3975000e+00 -2.1444198e+00 -2.1340625e+00 -1.8683003e+00 -1.2838159e+00 -1.2828958e+00 -1.5469992e+00 -2.0474546e+00 -3.0352508e+00 -3.3829269e+00 -2.9016845e+00
-1.3900000e+00 -2.2508995e+00 -1.9599581e+00 -2.1621249e+00 -1.3761258e+00 -1.2866555e+00 -1.4822424e+00 -1.8888456e+00 -2.6329350e+00 -3.9640896e+00 -3.2069815e+00
-1.3825000e+00 -2.4032092e+00 -1.8459813e+00 -2.4788896e+00 -1.5040668e+00 -1.3116268e+00 -1.4399081e+00 -1.7703264e+00 -2.3633473e+00 -3.5408124e+00 -3.6546994e+00
-1.3750000e+00 -2.5815909e+00 -1.7873390e+00 -2.5204749e+00 -1.6783277e+00 -1.3597268e+00 -1.4184109e+00 -1.6824743e+00 -2.1709767e+00 -3.0487574e+00 -4.3193512e+00
-1.3675000e+00 -2.7177426e+00 -1.7806083e+00 -2.2520672e+00 -1.9158909e+00 -1.4342591e+00 -1.4173345e+00 -1.6199218e+00 -2.0286806e+00 -2.7327730e+00 -4.0703620e+00
-1.3600000e+00 -2.7210290e+00 -1.8258714e+00 -1.9931183e+00 -2.2379316e+00 -1.5405453e+00 -1.4372880e+00 -1.5796553e+00 -1.9224884e+00 -2.5136903e+00 -3.5090685e+00
-1.3525000e+00 -2.6207168e+00 -1.9265734e+00 -1.8118470e+00 -2.5970549e+00 -1.6871673e+00 -1.4799555e+00 -1.5602025e+00 -1.8446813e+00 -2.3537392e+00 -3.1605436e+00
-1.3450000e+00 -2.5159152e+00 -2.0877587e+00 -1.6997263e+00 -2.5986257e+00 -1.8883919e+00 -1.5483549e+00 -1.5612537e+00 -1.7908748e+00 -2.2345698e+00 -2.9242336e+00
-1.3375000e+00 -2.4564486e+00 -2.3054079e+00 -1.6468750e+00 -2.2718644e+00 -2.1682301e+00 -1.6474158e+00 -1.5835370e+00 -1.7586896e+00 -2.1463827e+00 -2.7534845e+00
-1.3300000e+00 -2.4550856e+00 -2.5180342e+00 -1.6491111e+00 -1.9964018e+00 -2.5547390e+00 -1.7851491e+00 -1.6288908e+00 -1.7471228e+00 -2.0836643e+00 -2.6266676e+00
-1.3225000e+00 -2.5122731e+00 -2.5551712e+00 -1.7076401e+00 -1.8118769e+00 -2.8919717e+00 -1.9750539e+00 -1.7005632e+00 -1.7562729e+00 -2.0433414e+00 -2.5325356e+00
-1.3150000e+00 -2.6209110e+00 -2.4055407e+00 -1.8289392e+00 -1.7004928e+00 -2.6522188e+00 -2.2410679e+00 -1.8038684e+00 -1.7872937e+00 -2.0239215e+00 -2.4648315e+00
-1.3075000e+00 -2.7562766e+00 -2.2467081e+00 -2.0242807e+00 -1.6502426e+00 -2.2883343e+00 -2.6231071e+00 -1.9475407e+00 -1.8425519e+00 -2.0250986e+00 -2.4200471e+00
-1.3000000e+00 -2.8585690e+00 -2.1546555e+00 -2.2980900e+00 -1.6567502e+00 -2.0364735e+00 -3.0746436e+00 -2.1466297e+00 -1.9260570e+00 -2.0476253e+00 -2.3963992e+00
-1.2925000e+00 -2.8644472e+00 -2.1410914e+00 -2.5580538e+00 -1.7219641e+00 -1.8767532e+00 -2.9340615e+00 -2.4289512e+00 -2.0443691e+00 -2.0933926e+00 -2.3933554e+00
-1.2850000e+00 -2.7980401e+00 -2.2057536e+00 -2.5137747e+00 -1.8543138e+00 -1.7874445e+00 -2.5128239e+00 -2.8450226e+00 -2.2085187e+00 -2.1657501e+00 -2.4114580e+00
-1.2775000e+00 -2.7359241e+00 -2.3427284e+00 -2.2723277e+00 -2.0696168e+00 -1.7583026e+00 -2.2228327e+00 -3.3307218e+00 -2.4383480e+00 -2.2702147e+00 -2.4523637e+00
-1.2700000e+00 -2.7272094e+00 -2.5186420e+00 -2.0845596e+00 -2.3808771e+00 -1.7872594e+00 -2.0395080e+00 -3.0718412e+00 -2.7728693e+00 -2.4159659e+00 -2.5191123e+00
-1.2625000e+00 -2.7922761e+00 -2.6288366e+00 -1.9931521e+00 -2.6734071e+00 -1.8792327e+00 -1.9330712e+00 -2.6296044e+00 -3.2799627e+00 -2.6191921e+00 -2.6167509e+00
-1.2550000e+00 -2.9262606e+00 -2.5867387e+00 -1.9960361e+00 -2.5598529e+00 -2.0474681e+00 -1.8895504e+00 -2.3442237e+00 -3.5996252e+00 -2.9113586e+00 -2.7536550e+00
-1.2475000e+00 -3.0570598e+00 -2.4871068e+00 -2.0934984e+00 -2.2702833e+00 -2.3161991e+00 -1.9048804e+00 -2.1669159e+00 -3.0890470e+00 -3.3591852e+00 -2.9444736e+00
-1.2400000e+00 -3.0469076e+00 -2.4336783e+00 -2.2867574e+00 -2.0729812e+00 -2.6972000e+00 -1.9825961e+00 -2.0661682e+00 -2.6964345e+00 -3.9498936e+00 -3.2174565e+00
-1.2325000e+00 -2.9421603e+00 -2.4554075e+00 -2.5325316e+00 -1.9851593e+00 -2.9009794e+00 -2.1349006e+00 -2.0283552e+00 -2.4541280e+00 -3.5947403e+00 -3.6346153e+00
-1.2250000e+00 -2.9019964e+00 -2.5435104e+00 -2.6197932e+00 -1.9990948e+00 -2.5945572e+00 -2.3872509e+00 -2.0500831e+00 -2.3073796e+00 -3.1049601e+00 -4.2831461e+00
-1.2175000e+00 -2.9919525e+00 -2.6586516e+00 -2.4624050e+00 -2.1171544e+00 -2.2991641e+00 -2.7767823e+00 -2.1359466e+00 -2.2313014e+00 -2.8088401e+00 -4.1259585e+00
-1.2100000e+00 -3.1728939e+00 -2.7314797e+00 -2.3079988e+00 -2.3474911e+00 -2.1341822e+00 -3.1356098e+00 -2.3002656e+00 -2.2163872e+00 -2.6280738e+00 -3.5625474e+00
-1.2025000e+00 -3.2183576e+00 -2.7245867e+00 -2.2604001e+00 -2.6395327e+00 -2.0829832e+00 -2.8493882e+00 -2.5737867e+00 -2.2623866e+00 -2.5260890e+00 -3.2293867e+00
-1.1950000e+00 -3.0942357e+00 -2.6824638e+00 -2.3298553e+00 -2.6817049e+00 -2.1388447e+00 -2.4934806e+00 -3.0067139e+00 -2.3776041e+00 -2.4881070e+00 -3.0274479e+00
-1.1875000e+00 -3.0631782e+00 -2.6660028e+00 -2.4978146e+00 -2.4509843e+00 -2.3118658e+00 -2.2891290e+00 -3.3646937e+00 -2.5828826e+00 -2.5105770e+00 -2.9104206e+00
-1.1800000e+00 -3.1947481e+00 -2.7108310e+00 -2.6637017e+00 -2.2827098e+00 -2.6177444e+00 -2.2094613e+00 -2.9735002e+00 -2.9232037e+00 -2.5985288e+00 -2.8597438e+00
-1.1725000e+00 -3.3317057e+00 -2.8196095e+00 -2.6517746e+00 -2.2506735e+00 -2.9214249e+00 -2.2408317e+00 -2.6097379e+00 -3.4506645e+00 -2.7678180e+00 -2.8698484e+00
-1.1650000e+00 -3.2617899e+00 -2.9144331e+00 -2.5411337e+00 -2.3567181e+00 -2.7622808e+00 -2.3913082e+00 -2.4130122e+00 -3.5042062e+00 -3.0546875e+00 -2.9440875e+00
-1.1575000e+00 -3.2075206e+00 -2.8773048e+00 -2.4973020e+00 -2.5797560e+00 -2.4825457e+00 -2.6886499e+00 -2.3432884e+00 -3.0078513e+00 -3.5355439e+00 -3.0960728e+00
-1.1500000e+00 -3.3013071e+00 -2.8058083e+00 -2.5586317e+00 -2.7518180e+00 -2.3496195e+00 -3.0898620e+00 -2.3873574e+00 -2.7034781e+00 -3.9816967e+00 -3.3580382e+00
-1.1425000e+00 -3.4153213e+00 -2.8545228e+00 -2.6863712e+00 -2.6463229e+00 -2.3732948e+00 -3.0200663e+00 -2.5573340e+00 -2.5562167e+00 -3.4693009e+00 -3.8052876e+00
-1.1350000e+00 -3.3740936e+00 -3.0222936e+00 -2.7698253e+00 -2.5017772e+00 -2.5545772e+00 -2.6715422e+00 -2.8918328e+00 -2.5302932e+00 -3.0728418e+00 -4.4163876e+00
-1.1275000e+00 -3.3409972e+00 -3.0501840e+00 -2.7412460e+00 -2.4898059e+00 -2.8547757e+00 -2.4855125e+00 -3.3392449e+00 -2.6222800e+00 -2.8683255e+00 -3.9711077e+00
-1.1200000e+00 -3.4519868e+00 -2.9311849e+00 -2.6927701e+00 -2.6158521e+00 -2.9272210e+00 -2.4712826e+00 -3.1623221e+00 -2.8576268e+00 -2.7971404e+00 -3.5069051e+00
-1.1125000e+00 -3.5222279e+00 -2.9738100e+00 -2.7135546e+00 -2.7748750e+00 -2.6935747e+00 -2.6276877e+00 -2.7849438e+00 -3.2932268e+00 -2.8436633e+00 -3.2658531e+00
-1.1050000e+00 -3.4326661e+00 -3.1568552e+00 -2.8181381e+00 -2.7716460e+00 -2.5640828e+00 -2.9585532e+00 -2.6074812e+00 -3.6366081e+00 -3.0229159e+00 -3.1687919e+00
-1.0975000e+00 -3.5208595e+00 -3.1174199e+00 -2.9122690e+00 -2.6922406e+00 -2.6210162e+00 -3.1677301e+00 -2.6105520e+00 -3.1961291e+00 -3.3896420e+00 -3.1914189e+00
-1.0900000e+00 -3.6167351e+00 -3.0435852e+00 -2.8640354e+00 -2.7017509e+00 -2.8391009e+00 -2.8901589e+00 -2.7968526e+00 -2.8761589e+00 -3.9463427e+00 -3.3430678e+00
-1.0825000e+00 -3.5182919e+00 -3.1748989e+00 -2.8151618e+00 -2.7906825e+00 -2.9915336e+00 -2.6896997e+00 -3.1840265e+00 -2.7672281e+00 -3.6797923e+00 -3.6733339e+00
-1.0750000e+00 -3.6426412e+00 -3.2359369e+00 -2.9215382e+00 -2.8537045e+00 -2.8534670e+00 -2.7030849e+00 -3.3639937e+00 -2.8416262e+00 -3.2432647e+00 -4.2666550e+00
-1.0675000e+00 -3.6577113e+00 -3.1648005e+00 -3.0517202e+00 -2.8626439e+00 -2.7569373e+00 -2.9267429e+00 -3.0050420e+00 -3.1231314e+00 -3.0542086e+00 -4.2013477e+00
-1.0600000e+00 -3.6304799e+00 -3.2365685e+00 -2.9494232e+00 -2.8717203e+00 -2.8391101e+00 -3.1954344e+00 -2.8059722e+00 -3.5941805e+00 -3.0591332e+00 -3.6808571e+00
-1.0525000e+00 -3.7482297e+00 -3.3097487e+00 -2.9416074e+00 -2.8826458e+00 -3.0045433e+00 -3.0460102e+00 -2.8446917e+00 -3.4529984e+00 -3.2633062e+00 -3.4407830e+00
-1.0450000e+00 -3.7032365e+00 -3.2800093e+00 -3.1284104e+00 -2.9286167e+00 -3.0050022e+00 -2.8673801e+00 -3.1210548e+00 -3.0797768e+00 -3.7240403e+00 -3.4072265e+00
-1.0375000e+00 -3.7699184e+00 -3.3146645e+00 -3.0830107e+00 -3.0183699e+00 -2.9359785e+00 -2.9170888e+00 -3.4192899e+00 -2.9672000e+00 -3.9442128e+00 -3.5714633e+00
-1.0300000e+00 -3.8007565e+00 -3.4064266e+00 -3.0268280e+00 -2.9990498e+00 -2.9802707e+00 -3.1503667e+00 -3.1692408e+00 -3.1078266e+00 -3.4670101e+00 -3.9986370e+00
-1.0225000e+00 -3.8015913e+00 -3.3499987e+00 -3.2023250e+00 -2.9668571e+00 -3.0660008e+00 -3.2047719e+00 -2.9789319e+00 -3.5046894e+00 -3.2435230e+00 -4.4406762e+00
-1.0150000e+00 -3.8756194e+00 -3.4452094e+00 -3.1591871e+00 -3.1081216e+00 -3.0847392e+00 -3.0490258e+00 -3.0650051e+00 -3.6030009e+00 -3.2894281e+00 -3.9250513e+00
-1.0075000e+00 -3.8615643e+00 -3.4527793e+00 -3.1461764e+00 -3.1278942e+00 -3.1002859e+00 -3.0645745e+00 -3.3680415e+00 -3.2424087e+00 -3.6197402e+00 -3.6279927e+00
-1.0000000e+00 -3.9248498e+00 -3.4597449e+00 -3.2774399e+00 -3.0371698e+00 -3.1152177e+00 -3.2302718e+00 -3.3675742e+00 -3.1481365e+00 -4.0244600e+00 -3.6202216e+00
-9.9250000e-01 -3.9348363e+00 -3.5452816e+00 -3.2243156e+00 -3.2111342e+00 -3.1471929e+00 -3.2465606e+00 -3.1548707e+00 -3.3644229e+00 -3.6367170e+00 -3.9024905e+00
-9.8500000e-01 -3.9731249e+00 -3.5070986e+00 -3.2777935e+00 -3.1974056e+00 -3.2360752e+00 -3.1845236e+00 -3.2022700e+00 -3.6988105e+00 -3.4056761e+00 -4.4362043e+00
-9.7750000e-01 -4.0082100e+00 -3.6042165e+00 -3.3339357e+00 -3.1366169e+00 -3.2035870e+00 -3.2495184e+00 -3.4411911e+00 -3.4553648e+00 -3.5134230e+00 -4.1068490e+00
-9.7000000e-01 -4.0071350e+00 -3.5756793e+00 -3.3152817e+00 -3.3376842e+00 -3.2104263e+00 -3.3130646e+00 -3.3958143e+00 -3.3004731e+00 -3.9326134e+00 -3.7828844e+00
-9.6250000e-01 -4.1036529e+00 -3.6537868e+00 -3.3922100e+00 -3.2120529e+00 -3.3628930e+00 -3.3209423e+00 -3.2891766e+00 -3.4869279e+00 -3.8843313e+00 -3.8239958e+00
-9.5500000e-01 -4.0653764e+00 -3.6384750e+00 -3.3893555e+00 -3.3179049e+00 -3.2627607e+00 -3.3453135e+00 -3.4171252e+00 -3.7238794e+00 -3.5741915e+00 -4.2344892e+00
-9.4750000e-01 -4.1137216e+00 -3.7204858e+00 -3.4363551e+00 -3.3423320e+00 -3.3318066e+00 -3.3591128e+00 -3.5012732e+00 -3.5016354e+00 -3.6423229e+00 -4.3796222e+00
-9.4000000e-01 -4.1778192e+00 -3.6933206e+00 -3.4564095e+00 -3.3291225e+00 -3.4410639e+00 -3.4431514e+00 -3.4281163e+00 -3.4797750e+00 -4.0174412e+00 -3.9663096e+00
-9.3250000e-01 -4.1608640e+00 -3.7624049e+00 -3.5022189e+00 -3.4222952e+00 -3.3171147e+00 -3.4316556e+00 -3.4914328e+00 -3.7198124e+00 -3.8763607e+00 -3.9521977e+00
-9.2500000e-01 -4.1991790e+00 -3.8022670e+00 -3.4982713e+00 -3.3932386e+00 -3.5312153e+00 -3.4345200e+00 -3.5459347e+00 -3.6625418e+00 -3.6933611e+00 -4.3493581e+00
-9.1750000e-01 -4.2717521e+00 -3.7757331e+00 -3.5888567e+00 -3.4641444e+00 -3.3961310e+00 -3.5745978e+00 -3.5532527e+00 -3.5897900e+00 -3.9171446e+00 -4.3458756e+00
-9.1000000e-01 -4.2927027e+00 -3.8593346e+00 -3.5413379e+00 -3.4731465e+00 -3.5392934e+00 -3.4615156e+00 -3.5838325e+00 -3.7570937e+00 -4.0464168e+00 -4.0460746e+00
-9.0250000e-01 -4.2896741e+00 -3.8770457e+00 -3.6462386e+00 -3.5078565e+00 -3.4943195e+00 -3.6161343e+00 -3.6060747e+00 -3.7347850e+00 -3.8258814e+00 -4.2142672e+00
-8.9500000e-01 -4.3109422e+00 -3.8866368e+00 -3.6222915e+00 -3.5361618e+00 -3.5678163e+00 -3.5682190e+00 -3.6831011e+00 -3.7259829e+00 -3.9700724e+00 -4.5089095e+00
-8.8750000e-01 -4.3544725e+00 -3.9511600e+00 -3.6814618e+00 -3.5856265e+00 -3.5674293e+00 -3.6114080e+00 -3.6304973e+00 -3.8185321e+00 -4.0875382e+00 -4.1983460e+00
-8.8000000e-01 -4.4002058e+00 -3.9763191e+00 -3.6973940e+00 -3.5604377e+00 -3.6254027e+00 -3.6795713e+00 -3.7571346e+00 -3.8040415e+00 -3.9406867e+00 -4.2723461e+00
-8.7250000e-01 -4.4373303e+00 -3.9697928e+00 -3.7110736e+00 -3.6868535e+00 -3.6261425e+00 -3.6417381e+00 -3.7057820e+00 -3.8616940e+00 -4.0995067e+00 -4.5372336e+00
-8.6500000e-01 -4.4689807e+00 -3.9938264e+00 -3.7979237e+00 -3.6207256e+00 -3.6812697e+00 -3.7504539e+00 -3.7801313e+00 -3.8579133e+00 -4.0878019e+00 -4.2935627e+00
-8.5750000e-01 -4.5026845e+00 -4.0448441e+00 -3.8014794e+00 -3.6810862e+00 -3.7007588e+00 -3.7108208e+00 -3.8012598e+00 -3.9447737e+00 -4.0857529e+00 -4.4276198e+00
-8.5000000e-01 -4.5355537e+00 -4.0924846e+00 -3.7837878e+00 -3.7633059e+00 -3.7216229e+00 -3.7816688e+00 -3.8131833e+00 -3.8966063e+00 -4.1764240e+00 -4.5187469e+00
-8.4250000e-01 -4.5572573e+00 -4.1250470e+00 -3.8338301e+00 -3.7252541e+00 -3.7631907e+00 -3.8091933e+00 -3.8719750e+00 -4.0224357e+00 -4.1465212e+00 -4.3963704e+00
-8.3500000e-01 -4.5781847e+00 -4.1507460e+00 -3.8989658e+00 -3.7666207e+00 -3.8177285e+00 -3.8020351e+00 -3.8824798e+00 -3.9480681e+00 -4.2294169e+00 -4.5960994e+00
-8.2750000e-01 -4.5981493e+00 -4.1786674e+00 -3.9251487e+00 -3.8184632e+00 -3.7753917e+00 -3.8946004e+00 -3.9016317e+00 -4.0921595e+00 -4.2067715e+00 -4.4844892e+00
-8.2000000e-01 -4.6111281e+00 -4.2091121e+00 -3.9321120e+00 -3.8285485e+00 -3.8667522e+00 -3.8677763e+00 -3.9920410e+00 -3.9964748e+00 -4.2971190e+00 -4.6092312e+00
-8.1250000e-01 -4.6555264e+00 -4.2359107e+00 -3.9488458e+00 -3.8671343e+00 -3.9303410e+00 -3.9254488e+00 -3.9152014e+00 -4.1761973e+00 -4.2572743e+00 -4.5688541e+00
-8.0500000e-01 -4.7034864e+00 -4.2612861e+00 -3.9779055e+00 -3.9283145e+00 -3.8778800e+00 -3.9420108e+00 -4.0850287e+00 -4.0371794e+00 -4.3646525e+00 -4.6597929e+00
-7.9750000e-01 -4.7274785e+00 -4.3014787e+00 -4.0112571e+00 -3.9636729e+00 -3.9042029e+00 -4.0006890e+00 -3.9937477e+00 -4.2502858e+00 -4.3206744e+00 -4.6231230e+00
-7.9000000e-01 -4.7377458e+00 -4.3439047e+00 -4.0445511e+00 -3.9724316e+00 -3.9875889e+00 -4.0089543e+00 -4.0668011e+00 -4.1162098e+00 -4.4005157e+00 -4.7373856e+00
-7.8250000e-01 -4.7925264e+00 -4.3565189e+00 -4.0796281e+00 -3.9823406e+00 -4.0273621e+00 -3.9977393e+00 -4.1269626e+00 -4.2250895e+00 -4.4282273e+00 -4.6646275e+00
-7.7500000e-01 -4.8015319e+00 -4.3767548e+00 -4.1169144e+00 -4.0055297e+00 -4.0343355e+00 -4.0783723e+00 -4.1108862e+00 -4.2881033e+00 -4.3905674e+00 -4.8169853e+00
-7.6750000e-01 -4.8483294e+00 -4.3951837e+00 -4.1452423e+00 -4.0389145e+00 -4.0577750e+00 -4.1585153e+00 -4.1559481e+00 -4.2008372e+00 -4.5734391e+00 -4.7239407e+00
-7.6000000e-01 -4.8644058e+00 -4.4521176e+00 -4.1595889e+00 -4.0743156e+00 -4.1010132e+00 -4.1490776e+00 -4.1772659e+00 -4.3330916e+00 -4.4268669e+00 -4.8400050e+00
-7.5250000e-01 -4.9156995e+00 -4.4738129e+00 -4.1929359e+00 -4.1023749e+00 -4.1477872e+00 -4.1283391e+00 -4.2114920e+00 -4.3632243e+00 -4.5541720e+00 -4.8591231e+00
-7.4500000e-01 -4.9213760e+00 -4.4921202e+00 -4.2504587e+00 -4.1190552e+00 -4.1883720e+00 -4.1484340e+00 -4.2807306e+00 -4.3264701e+00 -4.6315535e+00 -4.7983563e+00
-7.3750000e-01 -4.9584886e+00 -4.5443702e+00 -4.2813980e+00 -4.1387804e+00 -4.2212571e+00 -4.1948984e+00 -4.3116568e+00 -4.3762418e+00 -4.5238908e+00 -4.9990293e+00
-7.3000000e-01 -5.0011948e+00 -4.5464523e+00 -4.3075091e+00 -4.1855766e+00 -4.2455215e+00 -4.2424438e+00 -4.2973570e+00 -4.4249043e+00 -4.6118476e+00 -4.9036665e+00
-7.2250000e-01 -5.0290173e+00 -4.5991711e+00 -4.3104300e+00 -4.2411467e+00 -4.2599806e+00 -4.2809773e+00 -4.2927199e+00 -4.4500151e+00 -4.7217814e+00 -4.8909680e+00
-7.1500000e-01 -5.0523247e+00 -4.6097759e+00 -4.3795191e+00 -4.2640085e+00 -4.2725678e+00 -4.3145902e+00 -4.3162973e+00 -4.4927520e+00 -4.6931563e+00 -5.0702739e+00
-7.0750000e-01 -5.0760535e+00 -4.6605872e+00 -4.3835255e+00 -4.2996725e+00 -4.3012812e+00 -4.3516325e+00 -4.3562430e+00 -4.5428241e+00 -4.6803152e+00 -5.0617571e+00
-7.0000000e-01 -5.1105186e+00 -4.6855682e+00 -4.4168770e+00 -4.3074429e+00 -4.3400221e+00 -4.3966221e+00 -4.3981848e+00 -4.5736335e+00 -4.7204248e+00 -4.9855545e+00
-6.5000000e-01 -5.3171459e+00 -4.8730745e+00 -4.6222897e+00 -4.5315797e+00 -4.5266912e+00 -4.5539425e+00 -4.6316740e+00 -4.7236105e+00 -5.0011232e+00 -5.2281239e+00
-6.0000000e-01 -5.5038270e+00 -5.0852209e+00 -4.8120556e+00 -4.7302037e+00 -4.7167118e+00 -4.7692731e+00 -4.8524293e+00 -4.9057521e+00 -5.1531296e+00 -5.5028776e+00
-5.5000000e-01 -5.7164605e+00 -5.2833206e+00 -5.0259989e+00 -4.9068035e+00 -4.9417995e+00 -4.9549142e+00 -5.0438216e+00 -5.1273830e+00 -5.3626001e+00 -5.6176937e+00
-5.0000000e-01 -5.9077309e+00 -5.4815765e+00 -5.2266575e+00 -5.1097456e+00 -5.1362063e+00 -5.1768280e+00 -5.2239239e+00 -5.3206247e+00 -5.5578526e+00 -5.8454387e+00
-4.0000000e-01 -6.2664366e+00 -5.8774463e+00 -5.6206279e+00 -5.5209245e+00 -5.5305155e+00 -5.5647102e+00 -5.6358156e+00 -5.7390763e+00 -5.9324082e+00 -6.2556521e+00
-2.0000000e-01 -7.2116409e+00 -6.6349371e+00 -6.3776256e+00 -6.3190464e+00 -6.3281139e+00 -6.3689440e+00 -6.4268517e+00 -6.5447869e+00 -6.7418000e+00 -7.0408357e+00
0.0000000e+00 -7.8918204e+00 -7.4376508e+00 -7.2020911e+00 -7.0969071e+00 -7.1090022e+00 -7.1876754e+00 -7.2330753e+00 -7.3392486e+00 -7.5445649e+00 -7.8478938e+00
2.0000000e-01 -8.6521953e+00 -8.2969581e+00 -8.0225222e+00 -7.9069582e+00 -7.9152492e+00 -7.9611229e+00 -8.0576267e+00 -8.1161826e+00 -8.3619190e+00 -8.6483330e+00
4.0000000e-01 -9.5677078e+00 -9.0475154e+00 -8.8576237e+00 -8.7162953e+00 -8.7277532e+00 -8.8034047e+00 -8.8195086e+00 -8.9415294e+00 -9.1402076e+00 -9.4430181e+00
6.0000000e-01 -1.0329769e+01 -9.8863111e+00 -9.5859494e+00 -9.5103912e+00 -9.4901576e+00 -9.5942759e+00 -9.6034856e+00 -9.6829744e+00 -9.9657067e+00 -1.0236394e+01
8.0000000e-01 -1.1074992e+01 -1.0665094e+01 -1.0435398e+01 -1.0321146e+01 -1.0291009e+01 -1.0369762e+01 -1.0399685e+01 -1.0591864e+01 -1.0715647e+01 -1.0995024e+01
1.0000000e+00 -1.1916200e+01 -1.1482698e+01 -1.1241977e+01 -1.1142889e+01 -1.1081896e+01 -1.1225613e+01 -1.1200643e+01 -1.1313654e+01 -1.1578394e+01 -1.1881239e+01
1.2000000e+00 -1.2676263e+01 -1.2341868e+01 -1.2022738e+01 -1.1888100e+01 -1.1967488e+01 -1.1974025e+01 -1.2049797e+01 -1.2150323e+01 -1.2377111e+01 -1.2655412e+01
1.4000000e+00 -1.3502969e+01 -1.3088685e+01 -1.2792077e+01 -1.2677193e+01 -1.2733661e+01 -1.2727561e+01 -1.2860571e+01 -1.2926308e+01 -1.3120787e+01 -1.3468442e+01
1.6000000e+00 -1.4309329e+01 -1.3851298e+01 -1.3632516e+01 -1.3473566e+01 -1.3529039e+01 -1.3578672e+01 -1.3636667e+01 -1.3701531e+01 -1.3968106e+01 -1.4292998e+01
1.8000000e+00 -1.5159972e+01 -1.4693985e+01 -1.4427377e+01 -1.4332562e+01 -1.4307934e+01 -1.4405974e+01 -1.4450000e+01 -1.4498895e+01 -1.4780619e+01 -1.5067018e+01
2.0000000e+00 -1.6012574e+01 -1.5477721e+01 -1.5307358e+01 -1.5143752e+01 -1.5127670e+01 -1.5142777e+01 -1.5233787e+01 -1.5335905e+01 -1.5519595e+01 -1.5869371e+01