########################################################################
# Reference Counts for Solar Model AGSS09ph                            #
# Column 1: log10(Axion mass in eV)                                    #
#        n>1: log10(Reference photon counts in energy bin n-1)         #
########################################################################
-3.0000000e+00 -2.5045386e-01 6.5245184e-02 2.2886210e-01 2.7512376e-01 2.4417900e-01 1.8098682e-01 9.2546509e-02 -1.8121204e-02 -1.6904073e-01 -3.6453257e-01
-2.8000000e+00 -2.5047420e-01 6.5231301e-02 2.2885209e-01 2.7511620e-01 2.4417311e-01 1.8098211e-01 9.2542648e-02 -1.8124423e-02 -1.6904346e-01 -3.6453491e-01
-2.6000000e+00 -2.5060255e-01 6.5143705e-02 2.2878891e-01 2.7506851e-01 2.4413594e-01 1.8095235e-01 9.2518285e-02 -1.8144732e-02 -1.6906067e-01 -3.6454966e-01
-2.4000000e+00 -2.5141253e-01 6.4590934e-02 2.2839022e-01 2.7476756e-01 2.4390141e-01 1.8076458e-01 9.2364562e-02 -1.8272880e-02 -1.6916927e-01 -3.6464277e-01
-2.2000000e+00 -2.5652970e-01 6.1100079e-02 2.2587302e-01 2.7286779e-01 2.4242108e-01 1.7957947e-01 9.1394385e-02 -1.9081613e-02 -1.6985464e-01 -3.6523032e-01
-2.1500000e+00 -2.6009307e-01 5.8670586e-02 2.2412177e-01 2.7154639e-01 2.4139158e-01 1.7875538e-01 9.0719810e-02 -1.9643899e-02 -1.7033113e-01 -3.6563878e-01
-2.1000000e+00 -2.6575193e-01 5.4814754e-02 2.2134341e-01 2.6945051e-01 2.3975897e-01 1.7744865e-01 8.9650256e-02 -2.0535359e-02 -1.7108652e-01 -3.6628632e-01
-2.0500000e+00 -2.7474919e-01 4.8690176e-02 2.1693293e-01 2.6612470e-01 2.3716896e-01 1.7537604e-01 8.7954058e-02 -2.1948970e-02 -1.7228428e-01 -3.6731298e-01
-2.0000000e+00 -2.8908153e-01 3.8949186e-02 2.0992488e-01 2.6084339e-01 2.3305784e-01 1.7208716e-01 8.5263077e-02 -2.4191264e-02 -1.7418394e-01 -3.6894112e-01
-1.9500000e+00 -3.1198281e-01 2.3423732e-02 1.9877245e-01 2.5244716e-01 2.2652640e-01 1.6686454e-01 8.0991379e-02 -2.7749775e-02 -1.7719808e-01 -3.7152404e-01
-1.9000000e+00 -3.4876100e-01 -1.4057677e-03 1.8098116e-01 2.3907413e-01 2.1613479e-01 1.5856164e-01 7.4204058e-02 -3.3401535e-02 -1.8198373e-01 -3.7562397e-01
-1.8500000e+00 -4.0832438e-01 -4.1338442e-02 1.5248552e-01 2.1771067e-01 1.9956337e-01 1.4533742e-01 6.3403424e-02 -4.2389102e-02 -1.8959007e-01 -3.8213779e-01
-1.8475000e+00 -4.1213856e-01 -4.3883475e-02 1.5067442e-01 2.1635522e-01 1.9851319e-01 1.4450004e-01 6.2719915e-02 -4.2957621e-02 -1.9007105e-01 -3.8254958e-01
-1.8400000e+00 -4.2416617e-01 -5.1899236e-02 1.4497421e-01 2.1209096e-01 1.9521026e-01 1.4186694e-01 6.0570968e-02 -4.4744844e-02 -1.9158297e-01 -3.8384390e-01
-1.8325000e+00 -4.3712841e-01 -6.0521247e-02 1.3884966e-01 2.0751240e-01 1.9166552e-01 1.3904198e-01 5.8265966e-02 -4.6661523e-02 -1.9320420e-01 -3.8523166e-01
-1.8250000e+00 -4.5110462e-01 -6.9798181e-02 1.3226781e-01 2.0259562e-01 1.8786082e-01 1.3601088e-01 5.5793390e-02 -4.8717163e-02 -1.9494272e-01 -3.8671965e-01
-1.8175000e+00 -4.6618203e-01 -7.9783086e-02 1.2519289e-01 1.9731476e-01 1.8377657e-01 1.3275828e-01 5.3140841e-02 -5.0921987e-02 -1.9680712e-01 -3.8831520e-01
-1.8100000e+00 -4.8245679e-01 -9.0533862e-02 1.1758609e-01 1.9164183e-01 1.7939163e-01 1.2926763e-01 5.0294971e-02 -5.3286992e-02 -1.9880665e-01 -3.9002616e-01
-1.8025000e+00 -5.0003513e-01 -1.0211380e-01 1.0940525e-01 1.8554655e-01 1.7468317e-01 1.2552105e-01 4.7241403e-02 -5.5824014e-02 -2.0095124e-01 -3.9186099e-01
-1.7950000e+00 -5.1903471e-01 -1.1459220e-01 1.0060449e-01 1.7899608e-01 1.6962651e-01 1.2149929e-01 4.3964645e-02 -5.8545792e-02 -2.0325156e-01 -3.9382878e-01
-1.7875000e+00 -5.3958631e-01 -1.2804507e-01 9.1133828e-02 1.7195482e-01 1.6419496e-01 1.1718153e-01 4.0448001e-02 -6.1466042e-02 -2.0571913e-01 -3.9593929e-01
-1.7800000e+00 -5.6183569e-01 -1.4255597e-01 8.0938783e-02 1.6438413e-01 1.5835963e-01 1.1254533e-01 3.6673465e-02 -6.4599543e-02 -2.0836631e-01 -3.9820303e-01
-1.7725000e+00 -5.8594596e-01 -1.5821691e-01 6.9959835e-02 1.5624202e-01 1.5208926e-01 1.0756641e-01 3.2621609e-02 -6.7962216e-02 -2.1120643e-01 -4.0063131e-01
-1.7650000e+00 -6.1210035e-01 -1.7512950e-01 5.8131878e-02 1.4748280e-01 1.4534991e-01 1.0221851e-01 2.8271463e-02 -7.1571231e-02 -2.1425383e-01 -4.0323630e-01
-1.7575000e+00 -6.4050562e-01 -1.9340624e-01 4.5383569e-02 1.3805671e-01 1.3810482e-01 9.6473249e-02 2.3600376e-02 -7.5445101e-02 -2.1752397e-01 -4.0603110e-01
-1.7500000e+00 -6.7139628e-01 -2.1317201e-01 3.1636583e-02 1.2790949e-01 1.3031401e-01 9.0299857e-02 1.8583871e-02 -7.9603810e-02 -2.2103353e-01 -4.0902981e-01
-1.7425000e+00 -7.0503976e-01 -2.3456595e-01 1.6804750e-02 1.1698185e-01 1.2193404e-01 8.3665000e-02 1.3195474e-02 -8.4068929e-02 -2.2480047e-01 -4.1224764e-01
-1.7350000e+00 -7.4174298e-01 -2.5774355e-01 7.9305132e-04 1.0520894e-01 1.1291764e-01 7.6532517e-02 7.4065372e-03 -8.8863767e-02 -2.2884419e-01 -4.1570097e-01
-1.7275000e+00 -7.8186060e-01 -2.8287935e-01 -1.6503548e-02 9.2519710e-02 1.0321325e-01 6.8863140e-02 1.1860320e-03 -9.4013518e-02 -2.3318561e-01 -4.1940747e-01
-1.7200000e+00 -8.2580573e-01 -3.1017007e-01 -3.5201481e-02 7.8836120e-02 9.2764654e-02 6.0614183e-02 -5.4996752e-03 -9.9545437e-02 -2.3784735e-01 -4.2338618e-01
-1.7125000e+00 -8.7406379e-01 -3.3983857e-01 -5.5430206e-02 6.4072322e-02 8.1510356e-02 5.1739195e-02 -1.2687075e-02 -1.0548903e-01 -2.4285383e-01 -4.2765769e-01
-1.7050000e+00 -9.2721087e-01 -3.7213864e-01 -7.7334156e-02 4.8133639e-02 6.9383052e-02 4.2187561e-02 -2.0415797e-02 -1.1187625e-01 -2.4823148e-01 -4.3224421e-01
-1.6975000e+00 -9.8593840e-01 -4.0736114e-01 -1.0107507e-01 3.0915400e-02 5.6308916e-02 3.1904051e-02 -2.8728926e-02 -1.1874177e-01 -2.5400890e-01 -4.3716973e-01
-1.6900000e+00 -1.0510868e+00 -4.4584166e-01 -1.2683482e-01 1.2301561e-02 4.2206810e-02 2.0828315e-02 -3.7673358e-02 -1.2612321e-01 -2.6021705e-01 -4.4246023e-01
-1.6825000e+00 -1.1236922e+00 -4.8797044e-01 -1.5481887e-01 -7.8369238e-03 2.6987371e-02 8.8942961e-03 -4.7300200e-02 -1.3406144e-01 -2.6688952e-01 -4.4814378e-01
-1.6750000e+00 -1.2050528e+00 -5.3420521e-01 -1.8526054e-01 -2.9644049e-02 1.0551934e-02 -3.9704354e-03 -5.7665232e-02 -1.4260091e-01 -2.7406273e-01 -4.5425080e-01
-1.6675000e+00 -1.2968237e+00 -5.8508826e-01 -2.1842631e-01 -5.3281096e-02 -7.2087179e-03 -1.7845455e-02 -6.8829418e-02 -1.5179003e-01 -2.8177624e-01 -4.6081426e-01
-1.6600000e+00 -1.4011552e+00 -6.4126929e-01 -2.5462255e-01 -7.8929463e-02 -2.6415839e-02 -3.2818376e-02 -8.0859502e-02 -1.6168160e-01 -2.9007306e-01 -4.6786992e-01
-1.6525000e+00 -1.5208931e+00 -7.0353671e-01 -2.9420402e-01 -1.0679413e-01 -4.7204479e-02 -4.8985888e-02 -9.3828690e-02 -1.7233326e-01 -2.9900001e-01 -4.7545659e-01
-1.6450000e+00 -1.6598551e+00 -7.7286144e-01 -3.3758497e-01 -1.3710793e-01 -6.9725590e-02 -6.6454974e-02 -1.0781743e-01 -1.8380806e-01 -3.0860811e-01 -4.8361648e-01
-1.6375000e+00 -1.8231358e+00 -8.5045928e-01 -3.8525365e-01 -1.7013690e-01 -9.4148571e-02 -8.5344351e-02 -1.2291433e-01 -1.9617506e-01 -3.1895305e-01 -4.9239553e-01
-1.6300000e+00 -2.0170410e+00 -9.3788218e-01 -4.3779172e-01 -2.0618698e-01 -1.2066436e-01 -1.0578617e-01 -1.3921721e-01 -2.0951008e-01 -3.3009570e-01 -5.0184375e-01
-1.6225000e+00 -2.2464232e+00 -1.0371548e+00 -4.9590064e-01 -2.4561265e-01 -1.4948922e-01 -1.2792805e-01 -1.5683434e-01 -2.2389651e-01 -3.4210270e-01 -5.1201576e-01
-1.6150000e+00 -2.4986409e+00 -1.1509836e+00 -5.6043825e-01 -2.8882805e-01 -1.8086949e-01 -1.5193554e-01 -1.7588593e-01 -2.3942628e-01 -3.5504714e-01 -5.2297120e-01
-1.6075000e+00 -2.6859775e+00 -1.2830815e+00 -6.3247074e-01 -3.3632168e-01 -2.1508746e-01 -1.7799510e-01 -1.9650585e-01 -2.5620095e-01 -3.6900936e-01 -5.3477537e-01
-1.6000000e+00 -2.6519968e+00 -1.4386643e+00 -7.1334838e-01 -3.8867600e-01 -2.5246889e-01 -2.0631776e-01 -2.1884371e-01 -2.7433312e-01 -3.8407783e-01 -5.4749983e-01
-1.5925000e+00 -2.4533137e+00 -1.6251145e+00 -8.0481874e-01 -4.4659423e-01 -2.9339270e-01 -2.3714364e-01 -2.4306742e-01 -2.9394791e-01 -4.0035025e-01 -5.6122324e-01
-1.5850000e+00 -2.2411706e+00 -1.8521984e+00 -9.0920184e-01 -5.1093764e-01 -3.3830355e-01 -2.7074766e-01 -2.6936620e-01 -3.1518485e-01 -4.1793476e-01 -5.7603216e-01
-1.5775000e+00 -2.0634720e+00 -2.1269225e+00 -1.0296695e+00 -5.8277874e-01 -3.8772862e-01 -3.0744670e-01 -2.9795437e-01 -3.3820015e-01 -4.3695140e-01 -5.9202212e-01
-1.5700000e+00 -1.9226192e+00 -2.4129482e+00 -1.1707052e+00 -6.6347930e-01 -4.4230023e-01 -3.4760885e-01 -3.2907601e-01 -3.6316938e-01 -4.5753390e-01 -6.0929881e-01
-1.5625000e+00 -1.8132582e+00 -2.5119340e+00 -1.3388738e+00 -7.5480815e-01 -5.0278706e-01 -3.9166547e-01 -3.6301084e-01 -3.9029079e-01 -4.7983172e-01 -6.2797948e-01
-1.5550000e+00 -1.7304046e+00 -2.3159059e+00 -1.5440452e+00 -8.5912550e-01 -5.7013817e-01 -4.4012714e-01 -4.0008161e-01 -4.1978941e-01 -5.0401261e-01 -6.4819465e-01
-1.5475000e+00 -1.6705287e+00 -2.0575905e+00 -1.8005688e+00 -9.7968283e-01 -6.4554682e-01 -4.9360511e-01 -4.4066372e-01 -4.5192210e-01 -5.3026564e-01 -6.7009009e-01
-1.5400000e+00 -1.6314016e+00 -1.8419360e+00 -2.1207504e+00 -1.1211319e+00 -7.3054554e-01 -5.5284096e-01 -4.8519770e-01 -4.8698404e-01 -5.5880498e-01 -6.9382924e-01
-1.5325000e+00 -1.6118325e+00 -1.6740833e+00 -2.4369458e+00 -1.2904244e+00 -8.2715304e-01 -6.1874815e-01 -5.3420583e-01 -5.2531683e-01 -5.8987459e-01 -7.1959615e-01
-1.5250000e+00 -1.6114886e+00 -1.5449076e+00 -2.4215843e+00 -1.4984299e+00 -9.3811000e-01 -6.9247216e-01 -5.8831464e-01 -5.6731918e-01 -6.2375409e-01 -7.4759910e-01
-1.5175000e+00 -1.6308117e+00 -1.4466425e+00 -2.1232965e+00 -1.7624929e+00 -1.0672753e+00 -7.7547994e-01 -6.4828589e-01 -6.1346083e-01 -6.6076619e-01 -7.7807500e-01
-1.5100000e+00 -1.6710259e+00 -1.3740613e+00 -1.8449348e+00 -2.1052357e+00 -1.2203277e+00 -8.6969757e-01 -7.1506047e-01 -6.6430122e-01 -7.0128636e-01 -8.1129507e-01
-1.5025000e+00 -1.7342324e+00 -1.3238928e+00 -1.6316701e+00 -2.4827426e+00 -1.4060757e+00 -9.7773098e-01 -7.8982205e-01 -7.2051494e-01 -7.4575533e-01 -8.4757183e-01
-1.4950000e+00 -1.8235842e+00 -1.2942741e+00 -1.4701613e+00 -2.4824945e+00 -1.6389946e+00 -1.1032369e+00 -8.7409245e-01 -7.8292725e-01 -7.9469584e-01 -8.8726824e-01
-1.4875000e+00 -1.9434758e+00 -1.2844107e+00 -1.3475034e+00 -2.1322690e+00 -1.9435860e+00 -1.2515816e+00 -9.6987963e-01 -8.5256476e-01 -8.4873525e-01 -9.3080953e-01
-1.4800000e+00 -2.0993725e+00 -1.2944066e+00 -1.2552934e+00 -1.8270641e+00 -2.3493785e+00 -1.4310896e+00 -1.0799172e+00 -9.3073007e-01 -9.0863679e-01 -9.7869892e-01
-1.4725000e+00 -2.2954333e+00 -1.3252285e+00 -1.1883507e+00 -1.6013396e+00 -2.6947804e+00 -1.6555692e+00 -1.2080726e+00 -1.0191151e+00 -9.7534392e-01 -1.0315388e+00
-1.4650000e+00 -2.5217492e+00 -1.3787916e+00 -1.1435973e+00 -1.4331034e+00 -2.4349463e+00 -1.9495305e+00 -1.3600843e+00 -1.1199802e+00 -1.0500447e+00 -1.0900597e+00
-1.4575000e+00 -2.7099132e+00 -1.4581846e+00 -1.1193965e+00 -1.3062755e+00 -2.0493514e+00 -2.3541155e+00 -1.5449967e+00 -1.2364506e+00 -1.1342688e+00 -1.1551619e+00
-1.4500000e+00 -2.7206643e+00 -1.5680597e+00 -1.1152008e+00 -1.2111846e+00 -1.7666416e+00 -2.8143653e+00 -1.7781829e+00 -1.3730355e+00 -1.2300381e+00 -1.2279742e+00
-1.4425000e+00 -2.5673955e+00 -1.7151529e+00 -1.1314044e+00 -1.1420765e+00 -1.5616879e+00 -2.6415810e+00 -2.0880895e+00 -1.5365994e+00 -1.3401127e+00 -1.3099430e+00
-1.4350000e+00 -2.3913515e+00 -1.9083244e+00 -1.1693498e+00 -1.0955872e+00 -1.4092557e+00 -2.2033603e+00 -2.5264590e+00 -1.7383403e+00 -1.4684126e+00 -1.4029699e+00
-1.4275000e+00 -2.2546460e+00 -2.1538196e+00 -1.2314908e+00 -1.0699283e+00 -1.2947592e+00 -1.8886656e+00 -3.0133771e+00 -1.9982218e+00 -1.6207908e+00 -1.5096325e+00
-1.4200000e+00 -2.1674070e+00 -2.4213885e+00 -1.3217556e+00 -1.0644728e+00 -1.2098230e+00 -1.6656643e+00 -2.7188316e+00 -2.3555502e+00 -1.8065687e+00 -1.6335619e+00
-1.4125000e+00 -2.1284995e+00 -2.5423178e+00 -1.4462105e+00 -1.0795831e+00 -1.1495663e+00 -1.5017060e+00 -2.2635773e+00 -2.8784260e+00 -2.0419073e+00 -1.7801248e+00
-1.4050000e+00 -2.1366016e+00 -2.3895308e+00 -1.6141268e+00 -1.1166131e+00 -1.1112285e+00 -1.3790026e+00 -1.9534693e+00 -3.1872401e+00 -2.3580942e+00 -1.9577606e+00
-1.3975000e+00 -2.1922196e+00 -2.1631026e+00 -1.8389317e+00 -1.1780856e+00 -1.0934799e+00 -1.2876853e+00 -1.7353567e+00 -2.6624512e+00 -2.8214773e+00 -2.1808810e+00
-1.3900000e+00 -2.2972214e+00 -1.9829455e+00 -2.1323066e+00 -1.2681053e+00 -1.0960939e+00 -1.2220908e+00 -1.5752696e+00 -2.2519337e+00 -3.4165487e+00 -2.4769923e+00
-1.3825000e+00 -2.4513495e+00 -1.8633517e+00 -2.4382447e+00 -1.3931580e+00 -1.1198439e+00 -1.1789995e+00 -1.4556607e+00 -1.9774445e+00 -3.0550512e+00 -2.9060632e+00
-1.3750000e+00 -2.6384583e+00 -1.7996321e+00 -2.4608657e+00 -1.5635775e+00 -1.1665802e+00 -1.1567792e+00 -1.3669382e+00 -1.7820285e+00 -2.5509045e+00 -3.5541925e+00
-1.3675000e+00 -2.7909952e+00 -1.7880182e+00 -2.1953307e+00 -1.7958450e+00 -1.2395154e+00 -1.1549756e+00 -1.3036408e+00 -1.6376251e+00 -2.2270812e+00 -3.4264724e+00
-1.3600000e+00 -2.8021601e+00 -1.8282489e+00 -1.9433509e+00 -2.1115592e+00 -1.3438322e+00 -1.1741616e+00 -1.2626964e+00 -1.5298341e+00 -2.0034141e+00 -2.8488914e+00
-1.3525000e+00 -2.6931041e+00 -1.9235235e+00 -1.7670705e+00 -2.4767801e+00 -1.4878795e+00 -1.2159798e+00 -1.2425913e+00 -1.4507170e+00 -1.8404398e+00 -2.4876918e+00
-1.3450000e+00 -2.5762855e+00 -2.0790817e+00 -1.6585955e+00 -2.5182671e+00 -1.6855115e+00 -1.2833932e+00 -1.2429818e+00 -1.3957627e+00 -1.7190601e+00 -2.2442708e+00
-1.3375000e+00 -2.5079663e+00 -2.2933381e+00 -1.6087125e+00 -2.1964263e+00 -1.9600979e+00 -1.3812477e+00 -1.2645623e+00 -1.3625105e+00 -1.6291155e+00 -2.0689765e+00
-1.3300000e+00 -2.5018966e+00 -2.5148590e+00 -1.6136204e+00 -1.9136144e+00 -2.3407884e+00 -1.5174129e+00 -1.3091316e+00 -1.3498962e+00 -1.5648966e+00 -1.9389114e+00
-1.3225000e+00 -2.5592152e+00 -2.5768022e+00 -1.6747301e+00 -1.7228299e+00 -2.6969130e+00 -1.7051281e+00 -1.3798832e+00 -1.3579644e+00 -1.5232099e+00 -1.8422423e+00
-1.3150000e+00 -2.6741939e+00 -2.4356374e+00 -1.7985390e+00 -1.6064570e+00 -2.4853837e+00 -1.9678389e+00 -1.4820462e+00 -1.3878117e+00 -1.5024784e+00 -1.7724041e+00
-1.3075000e+00 -2.8220157e+00 -2.2705341e+00 -1.9957632e+00 -1.5518255e+00 -2.1164191e+00 -2.3450691e+00 -1.6242055e+00 -1.4417330e+00 -1.5023263e+00 -1.7257049e+00
-1.3000000e+00 -2.9334481e+00 -2.1694872e+00 -2.2676002e+00 -1.5540316e+00 -1.8583837e+00 -2.8016037e+00 -1.8211191e+00 -1.5236325e+00 -1.5234373e+00 -1.7002366e+00
-1.2925000e+00 -2.9311017e+00 -2.1469519e+00 -2.5117402e+00 -1.6145537e+00 -1.6941059e+00 -2.6881513e+00 -2.0999863e+00 -1.6398965e+00 -1.5676207e+00 -1.6953672e+00
-1.2850000e+00 -2.8502640e+00 -2.2031302e+00 -2.4537665e+00 -1.7412913e+00 -1.6011304e+00 -2.2638829e+00 -2.5104633e+00 -1.8012318e+00 -1.6381122e+00 -1.7115445e+00
-1.2775000e+00 -2.7824097e+00 -2.3337364e+00 -2.2195309e+00 -1.9495580e+00 -1.5686473e+00 -1.9692234e+00 -3.0023979e+00 -2.0267991e+00 -1.7402478e+00 -1.7503162e+00
-1.2700000e+00 -2.7772294e+00 -2.5118180e+00 -2.0403548e+00 -2.2542952e+00 -1.5941713e+00 -1.7826705e+00 -2.7696919e+00 -2.3540425e+00 -1.8828816e+00 -1.8145753e+00
-1.2625000e+00 -2.8512338e+00 -2.6406808e+00 -1.9555215e+00 -2.5625638e+00 -1.6821980e+00 -1.6737637e+00 -2.3231849e+00 -2.8497876e+00 -2.0815351e+00 -1.9091398e+00
-1.2550000e+00 -2.9934907e+00 -2.6135675e+00 -1.9636391e+00 -2.4834065e+00 -1.8454037e+00 -1.6280742e+00 -2.0336333e+00 -3.2110548e+00 -2.3661012e+00 -2.0419800e+00
-1.2475000e+00 -3.1203012e+00 -2.5090109e+00 -2.0650498e+00 -2.1913340e+00 -2.1074039e+00 -1.6412369e+00 -1.8535008e+00 -2.7165572e+00 -2.7995778e+00 -2.2269270e+00
-1.2400000e+00 -3.0967928e+00 -2.4432175e+00 -2.2588145e+00 -1.9847113e+00 -2.4839190e+00 -1.7165080e+00 -1.7505716e+00 -2.3149359e+00 -3.3959295e+00 -2.4903015e+00
-1.2325000e+00 -2.9915346e+00 -2.4536362e+00 -2.4936154e+00 -1.8882910e+00 -2.7177843e+00 -1.8657113e+00 -1.7108120e+00 -2.0667521e+00 -3.1091367e+00 -2.8888549e+00
-1.2250000e+00 -2.9583203e+00 -2.5369978e+00 -2.5617137e+00 -1.8938688e+00 -2.4266293e+00 -2.1137062e+00 -1.7305550e+00 -1.9159261e+00 -2.6069752e+00 -3.5151295e+00
-1.2175000e+00 -3.0536586e+00 -2.6602969e+00 -2.4088005e+00 -2.0028712e+00 -2.1235984e+00 -2.4980098e+00 -1.8141207e+00 -1.8365376e+00 -2.3017778e+00 -3.4808923e+00
-1.2100000e+00 -3.2318674e+00 -2.7499358e+00 -2.2669260e+00 -2.2239407e+00 -1.9511429e+00 -2.8712534e+00 -1.9754117e+00 -1.8185148e+00 -2.1151863e+00 -2.9026274e+00
-1.2025000e+00 -3.2696551e+00 -2.7457147e+00 -2.2290791e+00 -2.5191695e+00 -1.8933508e+00 -2.6034975e+00 -2.2443909e+00 -1.8611767e+00 -2.0087818e+00 -2.5550349e+00
-1.1950000e+00 -3.1485209e+00 -2.6909255e+00 -2.3036404e+00 -2.5972629e+00 -1.9424449e+00 -2.2421193e+00 -2.6710641e+00 -1.9723055e+00 -1.9668780e+00 -2.3442931e+00
-1.1875000e+00 -3.1211091e+00 -2.6645490e+00 -2.4669124e+00 -2.3727366e+00 -2.1075276e+00 -2.0324730e+00 -3.0468263e+00 -2.1718071e+00 -1.9853425e+00 -2.2208618e+00
-1.1800000e+00 -3.2520887e+00 -2.7104676e+00 -2.6133365e+00 -2.1927176e+00 -2.4054101e+00 -1.9484504e+00 -2.6705652e+00 -2.5026937e+00 -2.0686136e+00 -2.1646884e+00
-1.1725000e+00 -3.3867430e+00 -2.8296818e+00 -2.5953648e+00 -2.1475262e+00 -2.7237515e+00 -1.9755375e+00 -2.3011049e+00 -3.0206926e+00 -2.2315921e+00 -2.1693343e+00
-1.1650000e+00 -3.3179965e+00 -2.9316749e+00 -2.5009075e+00 -2.2404637e+00 -2.5936374e+00 -2.1209740e+00 -2.0996782e+00 -3.1291623e+00 -2.5084082e+00 -2.2373540e+00
-1.1575000e+00 -3.2635429e+00 -2.8861260e+00 -2.4706153e+00 -2.4557928e+00 -2.3075463e+00 -2.4120334e+00 -2.0260629e+00 -2.6319994e+00 -2.9716401e+00 -2.3811555e+00
-1.1500000e+00 -3.3573686e+00 -2.8079488e+00 -2.5319628e+00 -2.6497583e+00 -2.1640052e+00 -2.8157808e+00 -2.0661702e+00 -2.3181298e+00 -3.4572324e+00 -2.6303331e+00
-1.1425000e+00 -3.4730778e+00 -2.8576676e+00 -2.6424280e+00 -2.5677261e+00 -2.1770860e+00 -2.7727819e+00 -2.2312011e+00 -2.1639069e+00 -2.9805665e+00 -3.0533976e+00
-1.1350000e+00 -3.4294169e+00 -3.0321180e+00 -2.7135769e+00 -2.4129504e+00 -2.3473147e+00 -2.4210605e+00 -2.5587939e+00 -2.1318193e+00 -2.5700983e+00 -3.6728472e+00
-1.1275000e+00 -3.3965345e+00 -3.0630079e+00 -2.7033068e+00 -2.3830020e+00 -2.6451407e+00 -2.2277084e+00 -3.0092756e+00 -2.2169501e+00 -2.3557358e+00 -3.3253789e+00
-1.1200000e+00 -3.5101522e+00 -2.9375982e+00 -2.6697436e+00 -2.4948991e+00 -2.7500672e+00 -2.2066158e+00 -2.8593999e+00 -2.4428173e+00 -2.2766655e+00 -2.8402457e+00
-1.1125000e+00 -3.5770096e+00 -2.9754943e+00 -2.6799617e+00 -2.6637772e+00 -2.5211364e+00 -2.3555494e+00 -2.4771285e+00 -2.8648957e+00 -2.3151412e+00 -2.5842677e+00
-1.1050000e+00 -3.4889176e+00 -3.1639499e+00 -2.7653252e+00 -2.6883127e+00 -2.3781397e+00 -2.6804841e+00 -2.2930274e+00 -3.2424988e+00 -2.4839649e+00 -2.4759793e+00
-1.0975000e+00 -3.5779646e+00 -3.1317821e+00 -2.8692347e+00 -2.6028851e+00 -2.4201379e+00 -2.9104207e+00 -2.2898110e+00 -2.8230207e+00 -2.8339184e+00 -2.4877166e+00
-1.0900000e+00 -3.6716238e+00 -3.0478636e+00 -2.8421352e+00 -2.5908797e+00 -2.6287483e+00 -2.6418581e+00 -2.4686792e+00 -2.4911136e+00 -3.3881480e+00 -2.6257994e+00
-1.0825000e+00 -3.5755859e+00 -3.1750786e+00 -2.7793273e+00 -2.6727890e+00 -2.8041272e+00 -2.4323518e+00 -2.8488369e+00 -2.3718330e+00 -3.1933130e+00 -2.9341913e+00
-1.0750000e+00 -3.6975006e+00 -3.2515907e+00 -2.8695371e+00 -2.7581451e+00 -2.6812376e+00 -2.4358238e+00 -3.0533652e+00 -2.4355577e+00 -2.7425605e+00 -3.4986916e+00
-1.0675000e+00 -3.7153759e+00 -3.1715508e+00 -3.0197620e+00 -2.7757905e+00 -2.5695141e+00 -2.6503101e+00 -2.6996110e+00 -2.7029005e+00 -2.5395101e+00 -3.5531991e+00
-1.0600000e+00 -3.6854663e+00 -3.2360679e+00 -2.9228709e+00 -2.7637283e+00 -2.6338313e+00 -2.9291515e+00 -2.4918312e+00 -3.1701737e+00 -2.5316282e+00 -3.0185036e+00
-1.0525000e+00 -3.8058983e+00 -3.3250869e+00 -2.8949872e+00 -2.7691138e+00 -2.8026104e+00 -2.7978521e+00 -2.5212799e+00 -3.0809364e+00 -2.7197069e+00 -2.7576420e+00
-1.0450000e+00 -3.7584274e+00 -3.2846903e+00 -3.0884300e+00 -2.8335852e+00 -2.8296447e+00 -2.6097635e+00 -2.7877852e+00 -2.6979560e+00 -3.1584903e+00 -2.7064424e+00
-1.0375000e+00 -3.8271245e+00 -3.3179628e+00 -3.0573295e+00 -2.9243781e+00 -2.7525004e+00 -2.6465429e+00 -3.0986756e+00 -2.5706565e+00 -3.4411862e+00 -2.8496143e+00
-1.0300000e+00 -3.8562234e+00 -3.4199493e+00 -2.9822500e+00 -2.8880796e+00 -2.7763033e+00 -2.8752186e+00 -2.8647613e+00 -2.6950522e+00 -2.9723497e+00 -3.2432218e+00
-1.0225000e+00 -3.8582896e+00 -3.3525532e+00 -3.1646471e+00 -2.8634675e+00 -2.8685859e+00 -2.9522654e+00 -2.6644704e+00 -3.0767621e+00 -2.7296820e+00 -3.7365401e+00
-1.0150000e+00 -3.9318194e+00 -3.4535677e+00 -3.1288375e+00 -3.0131923e+00 -2.9077847e+00 -2.7946443e+00 -2.7380549e+00 -3.2234451e+00 -2.7563774e+00 -3.2726383e+00
-1.0075000e+00 -3.9173010e+00 -3.4612657e+00 -3.1016714e+00 -3.0221769e+00 -2.9084210e+00 -2.7947267e+00 -3.0358348e+00 -2.8627121e+00 -3.0617837e+00 -2.9478780e+00
-1.0000000e+00 -3.9820180e+00 -3.4628529e+00 -3.2456352e+00 -2.9333339e+00 -2.9126850e+00 -2.9578524e+00 -3.0611364e+00 -2.7491500e+00 -3.4923789e+00 -2.9139700e+00
-9.9250000e-01 -3.9904978e+00 -3.5575979e+00 -3.1861483e+00 -3.1113886e+00 -2.9628173e+00 -2.9945472e+00 -2.8435826e+00 -2.9436873e+00 -3.1456237e+00 -3.1619034e+00
-9.8500000e-01 -4.0288601e+00 -3.5086925e+00 -3.2385610e+00 -3.0954831e+00 -3.0493744e+00 -2.9249134e+00 -2.8757682e+00 -3.2901293e+00 -2.8914367e+00 -3.6866580e+00
-9.7750000e-01 -4.0658617e+00 -3.6175539e+00 -3.2996032e+00 -3.0325077e+00 -3.0036765e+00 -2.9759507e+00 -3.1120193e+00 -3.0808980e+00 -2.9722349e+00 -3.4588112e+00
-9.7000000e-01 -4.0626328e+00 -3.5765314e+00 -3.2754865e+00 -3.2364398e+00 -3.0231074e+00 -3.0532529e+00 -3.0895962e+00 -2.9052218e+00 -3.3695608e+00 -3.1042524e+00
-9.6250000e-01 -4.1593392e+00 -3.6674175e+00 -3.3566463e+00 -3.1115996e+00 -3.1736282e+00 -3.0651730e+00 -2.9727991e+00 -3.0657748e+00 -3.3926502e+00 -3.1089588e+00
-9.5500000e-01 -4.1217762e+00 -3.6396615e+00 -3.3512581e+00 -3.2102854e+00 -3.0673129e+00 -3.0738335e+00 -3.0860231e+00 -3.3242681e+00 -3.0670930e+00 -3.4741065e+00
-9.4750000e-01 -4.1704698e+00 -3.7322397e+00 -3.3989470e+00 -3.2469294e+00 -3.1434798e+00 -3.0978048e+00 -3.1877554e+00 -3.1235073e+00 -3.1017302e+00 -3.7140666e+00
-9.4000000e-01 -4.2347606e+00 -3.6974761e+00 -3.4195671e+00 -3.2203544e+00 -3.2487655e+00 -3.1853456e+00 -3.1162429e+00 -3.0733220e+00 -3.4603176e+00 -3.2995117e+00
-9.3250000e-01 -4.2169971e+00 -3.7705040e+00 -3.4642327e+00 -3.3268852e+00 -3.1250861e+00 -3.1620264e+00 -3.1622446e+00 -3.3001755e+00 -3.3850956e+00 -3.2401055e+00
-9.2500000e-01 -4.2548658e+00 -3.8092672e+00 -3.4610576e+00 -3.2855488e+00 -3.3402919e+00 -3.1753561e+00 -3.2305194e+00 -3.2853568e+00 -3.1756201e+00 -3.5885711e+00
-9.1750000e-01 -4.3274746e+00 -3.7800126e+00 -3.5523363e+00 -3.3673387e+00 -3.2054541e+00 -3.3107254e+00 -3.2397966e+00 -3.1904544e+00 -3.3596528e+00 -3.6894507e+00
-9.1000000e-01 -4.3483250e+00 -3.8711274e+00 -3.5023005e+00 -3.3655599e+00 -3.3449855e+00 -3.1969362e+00 -3.2561247e+00 -3.3380968e+00 -3.5383382e+00 -3.3672668e+00
-9.0250000e-01 -4.3450834e+00 -3.8822620e+00 -3.6113191e+00 -3.4110530e+00 -3.3066376e+00 -3.3557273e+00 -3.2936532e+00 -3.3551058e+00 -3.3189083e+00 -3.4750073e+00
-8.9500000e-01 -4.3663299e+00 -3.8894162e+00 -3.5835903e+00 -3.4284819e+00 -3.3710935e+00 -3.3034376e+00 -3.3623349e+00 -3.3225513e+00 -3.4171596e+00 -3.8026810e+00
-8.8750000e-01 -4.4100913e+00 -3.9605587e+00 -3.6438697e+00 -3.4879223e+00 -3.3815995e+00 -3.3490324e+00 -3.3094111e+00 -3.4090470e+00 -3.5746503e+00 -3.5349904e+00
-8.8000000e-01 -4.4562839e+00 -3.9855970e+00 -3.6609712e+00 -3.4556393e+00 -3.4278376e+00 -3.4167757e+00 -3.4432781e+00 -3.4218422e+00 -3.4308590e+00 -3.5427639e+00
-8.7250000e-01 -4.4939819e+00 -3.9746095e+00 -3.6735064e+00 -3.5857380e+00 -3.4398417e+00 -3.3775767e+00 -3.3825901e+00 -3.4473147e+00 -3.5451236e+00 -3.8239093e+00
-8.6500000e-01 -4.5259087e+00 -3.9986879e+00 -3.7603442e+00 -3.5174845e+00 -3.4862383e+00 -3.4895300e+00 -3.4650922e+00 -3.4675048e+00 -3.5861714e+00 -3.6281864e+00
-8.5750000e-01 -4.5591315e+00 -4.0529635e+00 -3.7636642e+00 -3.5805008e+00 -3.5097452e+00 -3.4450846e+00 -3.4798188e+00 -3.5436960e+00 -3.5560291e+00 -3.6870233e+00
-8.5000000e-01 -4.5914415e+00 -4.1029496e+00 -3.7463554e+00 -3.6606464e+00 -3.5330768e+00 -3.5223733e+00 -3.4955944e+00 -3.4950045e+00 -3.6429064e+00 -3.8376981e+00
-8.4250000e-01 -4.6137338e+00 -4.1353358e+00 -3.7973066e+00 -3.6192475e+00 -3.5669158e+00 -3.5418027e+00 -3.5527147e+00 -3.6297617e+00 -3.6395962e+00 -3.7079554e+00
-8.3500000e-01 -4.6346413e+00 -4.1594956e+00 -3.8622900e+00 -3.6673776e+00 -3.6299716e+00 -3.5425002e+00 -3.5630174e+00 -3.5437540e+00 -3.6836249e+00 -3.8561352e+00
-8.2750000e-01 -4.6540065e+00 -4.1857949e+00 -3.8872264e+00 -3.7200248e+00 -3.5837091e+00 -3.6296567e+00 -3.5840281e+00 -3.6996300e+00 -3.7020256e+00 -3.8212470e+00
-8.2000000e-01 -4.6676071e+00 -4.2152962e+00 -3.8934031e+00 -3.7235452e+00 -3.6741585e+00 -3.6029845e+00 -3.6711605e+00 -3.5938836e+00 -3.7543245e+00 -3.8706646e+00
-8.1250000e-01 -4.7112574e+00 -4.2424993e+00 -3.9101736e+00 -3.7610710e+00 -3.7391963e+00 -3.6670605e+00 -3.5974922e+00 -3.7807243e+00 -3.7473488e+00 -3.8962749e+00
-8.0500000e-01 -4.7602679e+00 -4.2692430e+00 -3.9396227e+00 -3.8256788e+00 -3.6851145e+00 -3.6751942e+00 -3.7665681e+00 -3.6369087e+00 -3.8264430e+00 -3.9373863e+00
-7.9750000e-01 -4.7836000e+00 -4.3099285e+00 -3.9733142e+00 -3.8625654e+00 -3.7139635e+00 -3.7368913e+00 -3.6720135e+00 -3.8529152e+00 -3.8071394e+00 -3.9379449e+00
-7.9000000e-01 -4.7936196e+00 -4.3522819e+00 -4.0067881e+00 -3.8698174e+00 -3.7998083e+00 -3.7492466e+00 -3.7527817e+00 -3.7155257e+00 -3.8669611e+00 -4.0218187e+00
-7.8250000e-01 -4.8492239e+00 -4.3652527e+00 -4.0420027e+00 -3.8779597e+00 -3.8361332e+00 -3.7339787e+00 -3.8051529e+00 -3.8298806e+00 -3.9108175e+00 -3.9772064e+00
-7.7500000e-01 -4.8578994e+00 -4.3824726e+00 -4.0794444e+00 -3.9002115e+00 -3.8390967e+00 -3.8137080e+00 -3.7893927e+00 -3.8850240e+00 -3.8638325e+00 -4.0984197e+00
-7.6750000e-01 -4.9045536e+00 -4.4004978e+00 -4.1075981e+00 -3.9331891e+00 -3.8620682e+00 -3.8955970e+00 -3.8418319e+00 -3.8018822e+00 -4.0496571e+00 -4.0391239e+00
-7.6000000e-01 -4.9203965e+00 -4.4593527e+00 -4.1213265e+00 -3.9684721e+00 -3.9070114e+00 -3.8856064e+00 -3.8588461e+00 -3.9409449e+00 -3.9026463e+00 -4.1231465e+00
-7.5250000e-01 -4.9718574e+00 -4.4822223e+00 -4.1549013e+00 -3.9970637e+00 -3.9555504e+00 -3.8641620e+00 -3.8886877e+00 -3.9571945e+00 -4.0331348e+00 -4.1698776e+00
-7.4500000e-01 -4.9773644e+00 -4.4968199e+00 -4.2136535e+00 -4.0151828e+00 -3.9970017e+00 -3.8851195e+00 -3.9608414e+00 -3.9246554e+00 -4.1028171e+00 -4.0959977e+00
-7.3750000e-01 -5.0147444e+00 -4.5525981e+00 -4.2441198e+00 -4.0359527e+00 -4.0301793e+00 -3.9331968e+00 -3.9948968e+00 -3.9855512e+00 -3.9981249e+00 -4.2953691e+00
-7.3000000e-01 -5.0578041e+00 -4.5524297e+00 -4.2704051e+00 -4.0817758e+00 -4.0550160e+00 -3.9819607e+00 -3.9796273e+00 -4.0291414e+00 -4.0965198e+00 -4.2044084e+00
-7.2250000e-01 -5.0853041e+00 -4.6076370e+00 -4.2726257e+00 -4.1374214e+00 -4.0707627e+00 -4.0208913e+00 -3.9735565e+00 -4.0445784e+00 -4.1961377e+00 -4.1929837e+00
-7.1500000e-01 -5.1083740e+00 -4.6150198e+00 -4.3424122e+00 -4.1642833e+00 -4.0843518e+00 -4.0542750e+00 -3.9970374e+00 -4.0874807e+00 -4.1577203e+00 -4.3728932e+00
-7.0750000e-01 -5.1324739e+00 -4.6685159e+00 -4.3461658e+00 -4.1981061e+00 -4.1116661e+00 -4.0906420e+00 -4.0377868e+00 -4.1434453e+00 -4.1550818e+00 -4.3515867e+00
-7.0000000e-01 -5.1665292e+00 -4.6926607e+00 -4.3792824e+00 -4.2036487e+00 -4.1469462e+00 -4.1345633e+00 -4.0806407e+00 -4.1779765e+00 -4.2065503e+00 -4.2822066e+00
-6.5000000e-01 -5.3735183e+00 -4.8793261e+00 -4.5848532e+00 -4.4304309e+00 -4.3369772e+00 -4.2909391e+00 -4.3122275e+00 -4.3212169e+00 -4.4768872e+00 -4.5435812e+00
-6.0000000e-01 -5.5601304e+00 -5.0919510e+00 -4.7745119e+00 -4.6277937e+00 -4.5248547e+00 -4.5049452e+00 -4.5339485e+00 -4.5060842e+00 -4.6212643e+00 -4.8006815e+00
-5.5000000e-01 -5.7726365e+00 -5.2908160e+00 -4.9887585e+00 -4.8043892e+00 -4.7501811e+00 -4.6914746e+00 -4.7247028e+00 -4.7281470e+00 -4.8397326e+00 -4.9181582e+00
-5.0000000e-01 -5.9640360e+00 -5.4881592e+00 -5.1894433e+00 -5.0073292e+00 -4.9443888e+00 -4.9142976e+00 -4.9061114e+00 -4.9209081e+00 -5.0303461e+00 -5.1409504e+00
-4.0000000e-01 -6.3265062e+00 -5.8839820e+00 -5.5829944e+00 -5.4184938e+00 -5.3391821e+00 -5.3013984e+00 -5.3169387e+00 -5.3414716e+00 -5.4091141e+00 -5.5550357e+00
-2.0000000e-01 -7.2733135e+00 -6.6403204e+00 -6.3452685e+00 -6.2169351e+00 -6.1366492e+00 -6.1056182e+00 -6.1076228e+00 -6.1459424e+00 -6.2188932e+00 -6.3409657e+00
0.0000000e+00 -7.9490905e+00 -7.4458183e+00 -7.1672812e+00 -6.9923944e+00 -6.9167683e+00 -6.9257974e+00 -6.9138445e+00 -6.9402352e+00 -7.0203414e+00 -7.1476342e+00
2.0000000e-01 -8.7096239e+00 -8.3036511e+00 -7.9835308e+00 -7.8050502e+00 -7.7235117e+00 -7.7597470e+00 -7.7389912e+00 -7.7168554e+00 -7.8379905e+00 -7.9532359e+00
4.0000000e-01 -9.6266672e+00 -9.0526387e+00 -8.8181206e+00 -8.6127741e+00 -8.5342203e+00 -8.5427318e+00 -8.5000257e+00 -8.5451689e+00 -8.6191389e+00 -8.7417353e+00
6.0000000e-01 -1.0385470e+01 -9.8944751e+00 -9.5478128e+00 -9.4054105e+00 -9.2975537e+00 -9.3317652e+00 -9.2847168e+00 -9.2851958e+00 -9.4379941e+00 -9.5330143e+00
8.0000000e-01 -1.1128702e+01 -1.0670585e+01 -1.0397554e+01 -1.0220803e+01 -1.0101289e+01 -1.0106122e+01 -1.0080960e+01 -1.0196511e+01 -1.0190794e+01 -1.0301434e+01
1.0000000e+00 -1.1973664e+01 -1.1486414e+01 -1.1202871e+01 -1.1040357e+01 -1.0893236e+01 -1.0964194e+01 -1.0881990e+01 -1.0916743e+01 -1.1057402e+01 -1.1183515e+01
1.2000000e+00 -1.2731276e+01 -1.2348466e+01 -1.1988778e+01 -1.1786650e+01 -1.1774986e+01 -1.1709746e+01 -1.1732159e+01 -1.1751425e+01 -1.1854167e+01 -1.1953046e+01
1.4000000e+00 -1.3556938e+01 -1.3095293e+01 -1.2752466e+01 -1.2572455e+01 -1.2539544e+01 -1.2466051e+01 -1.2542021e+01 -1.2527924e+01 -1.2597008e+01 -1.2771806e+01
1.6000000e+00 -1.4363825e+01 -1.3893106e+01 -1.3596444e+01 -1.3370585e+01 -1.3336909e+01 -1.3314861e+01 -1.3318571e+01 -1.3298338e+01 -1.3457600e+01 -1.3588198e+01
1.8000000e+00 -1.5217399e+01 -1.4700268e+01 -1.4372437e+01 -1.4229953e+01 -1.4116842e+01 -1.4142809e+01 -1.4130872e+01 -1.4154999e+01 -1.4257951e+01 -1.4363966e+01
2.0000000e+00 -1.6069511e+01 -1.5486498e+01 -1.5266418e+01 -1.5042784e+01 -1.4936959e+01 -1.4881570e+01 -1.4913919e+01 -1.4937895e+01 -1.4996966e+01 -1.5168819e+01