########################################################################
# Reference Counts for Solar Model GS98                                #
# Column 1: log10(Axion mass in eV)                                    #
#        n>1: log10(Reference photon counts in energy bin n-1)         #
########################################################################
-3.0000000e+00 -3.8926827e-01 -7.3908821e-02 8.9499021e-02 1.3566014e-01 1.0470372e-01 4.1570555e-02 -4.6754006e-02 -1.5725700e-01 -3.0797547e-01 -5.0323366e-01
-2.8000000e+00 -3.8928861e-01 -7.3922704e-02 8.9489008e-02 1.3565258e-01 1.0469783e-01 4.1565839e-02 -4.6757868e-02 -1.5726022e-01 -3.0797820e-01 -5.0323600e-01
-2.6000000e+00 -3.8941696e-01 -7.4010302e-02 8.9425826e-02 1.3560489e-01 1.0466066e-01 4.1536081e-02 -4.6782230e-02 -1.5728053e-01 -3.0799541e-01 -5.0325075e-01
-2.4000000e+00 -3.9022697e-01 -7.4563083e-02 8.9027132e-02 1.3530394e-01 1.0442613e-01 4.1348312e-02 -4.6935953e-02 -1.5740868e-01 -3.0810401e-01 -5.0334386e-01
-2.2000000e+00 -3.9534433e-01 -7.8054007e-02 8.6509911e-02 1.3340416e-01 1.0294580e-01 4.0163205e-02 -4.7906124e-02 -1.5821741e-01 -3.0878937e-01 -5.0393140e-01
-2.1500000e+00 -3.9890783e-01 -8.0483548e-02 8.4758645e-02 1.3208276e-01 1.0191631e-01 3.9339118e-02 -4.8580696e-02 -1.5877969e-01 -3.0926586e-01 -5.0433987e-01
-2.1000000e+00 -4.0456689e-01 -8.4339455e-02 8.1980264e-02 1.2998687e-01 1.0028369e-01 3.8032397e-02 -4.9650245e-02 -1.5967114e-01 -3.1002125e-01 -5.0498739e-01
-2.0500000e+00 -4.1356448e-01 -9.0464154e-02 7.7569742e-02 1.2666105e-01 9.7693691e-02 3.5959793e-02 -5.1346434e-02 -1.6108475e-01 -3.1121900e-01 -5.0601405e-01
-2.0000000e+00 -4.2789734e-01 -1.0020534e-01 7.0561626e-02 1.2137973e-01 9.3582578e-02 3.2670929e-02 -5.4037401e-02 -1.6332703e-01 -3.1311864e-01 -5.0764218e-01
-1.9500000e+00 -4.5079946e-01 -1.1573110e-01 5.9409089e-02 1.1298347e-01 8.7051139e-02 2.7448320e-02 -5.8309077e-02 -1.6688551e-01 -3.1613277e-01 -5.1022508e-01
-1.9000000e+00 -4.8757902e-01 -1.4056109e-01 4.1617639e-02 9.9610409e-02 7.6659548e-02 1.9145456e-02 -6.5096364e-02 -1.7253724e-01 -3.2091838e-01 -5.1432499e-01
-1.8500000e+00 -5.4714465e-01 -1.8049458e-01 1.3121734e-02 7.8246889e-02 6.0088143e-02 5.9212813e-03 -7.5896942e-02 -1.8152475e-01 -3.2852467e-01 -5.2083875e-01
-1.8475000e+00 -5.5095898e-01 -1.8303966e-01 1.1310614e-02 7.6891432e-02 5.9037959e-02 5.0839051e-03 -7.6580447e-02 -1.8209327e-01 -3.2900565e-01 -5.2125054e-01
-1.8400000e+00 -5.6298705e-01 -1.9105559e-01 5.6103479e-03 7.2627158e-02 5.5735034e-02 2.4508162e-03 -7.8729383e-02 -1.8388048e-01 -3.3051756e-01 -5.2254486e-01
-1.8325000e+00 -5.7594979e-01 -1.9967778e-01 -5.1425871e-04 6.8048586e-02 5.2190299e-02 -3.7413921e-04 -8.1034373e-02 -1.8579714e-01 -3.3213878e-01 -5.2393260e-01
-1.8250000e+00 -5.8992654e-01 -2.0895490e-01 -7.0961769e-03 6.3131795e-02 4.8385601e-02 -3.4052244e-03 -8.3506936e-02 -1.8785277e-01 -3.3387728e-01 -5.2542058e-01
-1.8175000e+00 -6.0500454e-01 -2.1894002e-01 -1.4171162e-02 5.7850919e-02 4.4301357e-02 -6.6578064e-03 -8.6159471e-02 -1.9005758e-01 -3.3574168e-01 -5.2701612e-01
-1.8100000e+00 -6.2127994e-01 -2.2969102e-01 -2.1778028e-02 5.2177977e-02 3.9916424e-02 -1.0148449e-02 -8.9005327e-02 -1.9242257e-01 -3.3774119e-01 -5.2872707e-01
-1.8025000e+00 -6.3885897e-01 -2.4127120e-01 -2.9958948e-02 4.6082674e-02 3.5207969e-02 -1.3895011e-02 -9.2058879e-02 -1.9495958e-01 -3.3988576e-01 -5.3056189e-01
-1.7950000e+00 -6.5785932e-01 -2.5374986e-01 -3.8759799e-02 3.9532184e-02 3.0151314e-02 -1.7916762e-02 -9.5335619e-02 -1.9768134e-01 -3.4218608e-01 -5.3252966e-01
-1.7875000e+00 -6.7841174e-01 -2.6720302e-01 -4.8230550e-02 3.2490906e-02 2.4719770e-02 -2.2234500e-02 -9.8852245e-02 -2.0060157e-01 -3.4465363e-01 -5.3464016e-01
-1.7800000e+00 -7.0066203e-01 -2.8171423e-01 -5.8425694e-02 2.4920196e-02 1.8884455e-02 -2.6870686e-02 -1.0262676e-01 -2.0373505e-01 -3.4730079e-01 -5.3690388e-01
-1.7725000e+00 -7.2477329e-01 -2.9737550e-01 -6.9404750e-02 1.6778060e-02 1.2614085e-02 -3.1849591e-02 -1.0667860e-01 -2.0709770e-01 -3.5014088e-01 -5.3933215e-01
-1.7650000e+00 -7.5092876e-01 -3.1428846e-01 -8.1232824e-02 8.0188141e-03 5.8747514e-03 -3.7197465e-02 -1.1102872e-01 -2.1070669e-01 -3.5318827e-01 -5.4193712e-01
-1.7575000e+00 -7.7933522e-01 -3.3256560e-01 -9.3981259e-02 -1.4073017e-03 -1.3703378e-03 -4.2942707e-02 -1.1569978e-01 -2.1458054e-01 -3.5645839e-01 -5.4473190e-01
-1.7500000e+00 -8.1022720e-01 -3.5233181e-01 -1.0772838e-01 -1.1554558e-02 -9.1611392e-03 -4.9116076e-02 -1.2071626e-01 -2.1873922e-01 -3.5996793e-01 -5.4773059e-01
-1.7425000e+00 -8.4387213e-01 -3.7372622e-01 -1.2256036e-01 -2.2482231e-02 -1.7541094e-02 -5.5750907e-02 -1.2610463e-01 -2.2320431e-01 -3.6373484e-01 -5.5094840e-01
-1.7350000e+00 -8.8057695e-01 -3.9690435e-01 -1.3857223e-01 -3.4255170e-02 -2.6557489e-02 -6.2883363e-02 -1.3189353e-01 -2.2799912e-01 -3.6777853e-01 -5.5440170e-01
-1.7275000e+00 -9.2069637e-01 -4.2204072e-01 -1.5586900e-01 -4.6944441e-02 -3.6261858e-02 -7.0552711e-02 -1.3811401e-01 -2.3314883e-01 -3.7211992e-01 -5.5810817e-01
-1.7200000e+00 -9.6464351e-01 -4.4933208e-01 -1.7456713e-01 -6.0628072e-02 -4.6710446e-02 -7.8801636e-02 -1.4479968e-01 -2.3868072e-01 -3.7678162e-01 -5.6208686e-01
-1.7125000e+00 -1.0129038e+00 -4.7900127e-01 -1.9479606e-01 -7.5391916e-02 -5.7964730e-02 -8.7676590e-02 -1.5198704e-01 -2.4462427e-01 -3.8178807e-01 -5.6635833e-01
-1.7050000e+00 -1.0660534e+00 -5.1130211e-01 -2.1670024e-01 -9.1330648e-02 -7.0092018e-02 -9.7228188e-02 -1.5971572e-01 -2.5101145e-01 -3.8716569e-01 -5.7094481e-01
-1.6975000e+00 -1.1247839e+00 -5.4652547e-01 -2.4044141e-01 -1.0854894e-01 -8.3166139e-02 -1.0751166e-01 -1.6802880e-01 -2.5787693e-01 -3.9294306e-01 -5.7587031e-01
-1.6900000e+00 -1.1899356e+00 -5.8500695e-01 -2.6620143e-01 -1.2716284e-01 -9.7268226e-02 -1.1858735e-01 -1.7697319e-01 -2.6525832e-01 -3.9915118e-01 -5.8116076e-01
-1.6825000e+00 -1.2625448e+00 -6.2713679e-01 -2.9418579e-01 -1.4730139e-01 -1.1248765e-01 -1.3052132e-01 -1.8659998e-01 -2.7319649e-01 -4.0582360e-01 -5.8684427e-01
-1.6750000e+00 -1.3439099e+00 -6.7337277e-01 -3.2462780e-01 -1.6910858e-01 -1.2892306e-01 -1.4338600e-01 -1.9696495e-01 -2.8173591e-01 -4.1299676e-01 -5.9295125e-01
-1.6675000e+00 -1.4356860e+00 -7.2425718e-01 -3.5779395e-01 -1.9274571e-01 -1.4668369e-01 -1.5726097e-01 -2.0812908e-01 -2.9092497e-01 -4.2071022e-01 -5.9951466e-01
-1.6600000e+00 -1.5400237e+00 -7.8043976e-01 -3.9399061e-01 -2.1839416e-01 -1.6589079e-01 -1.7223383e-01 -2.2015909e-01 -3.0081647e-01 -4.2900698e-01 -6.0657027e-01
-1.6525000e+00 -1.6597691e+00 -8.4270897e-01 -4.3357255e-01 -2.4625892e-01 -1.8667940e-01 -1.8840127e-01 -2.3312821e-01 -3.1146806e-01 -4.3793387e-01 -6.1415688e-01
-1.6450000e+00 -1.7987401e+00 -9.1203577e-01 -4.7695402e-01 -2.7657282e-01 -2.0920048e-01 -2.0587029e-01 -2.4711687e-01 -3.2294278e-01 -4.4754190e-01 -6.2231672e-01
-1.6375000e+00 -1.9620315e+00 -9.8963604e-01 -5.2462329e-01 -3.0960191e-01 -2.3362343e-01 -2.2475959e-01 -2.6221369e-01 -3.3530970e-01 -4.5788677e-01 -6.3109570e-01
-1.6300000e+00 -2.1559482e+00 -1.0770618e+00 -5.7716204e-01 -3.4565212e-01 -2.6013918e-01 -2.4520132e-01 -2.7851647e-01 -3.4864463e-01 -4.6902933e-01 -6.4054385e-01
-1.6225000e+00 -2.3853375e+00 -1.1763379e+00 -6.3527174e-01 -3.8507793e-01 -2.8896400e-01 -2.6734311e-01 -2.9613350e-01 -3.6303096e-01 -4.8103624e-01 -6.5071578e-01
-1.6150000e+00 -2.6375349e+00 -1.2901710e+00 -6.9981024e-01 -4.2829349e-01 -3.2034422e-01 -2.9135049e-01 -3.1518498e-01 -3.7856061e-01 -4.9398059e-01 -6.6167114e-01
-1.6075000e+00 -2.8247730e+00 -1.4222742e+00 -7.7184378e-01 -4.7578730e-01 -3.5456214e-01 -3.1740994e-01 -3.3580477e-01 -3.9533517e-01 -5.0794271e-01 -6.7347521e-01
-1.6000000e+00 -2.7906780e+00 -1.5778638e+00 -8.5272265e-01 -5.2814183e-01 -3.9194352e-01 -3.4573247e-01 -3.5814250e-01 -4.1346721e-01 -5.2301107e-01 -6.8619959e-01
-1.5925000e+00 -2.5919832e+00 -1.7643225e+00 -9.4419450e-01 -5.8606029e-01 -4.3286726e-01 -3.7655822e-01 -3.8236606e-01 -4.3308185e-01 -5.3928337e-01 -6.9992289e-01
-1.5850000e+00 -2.3798683e+00 -1.9914167e+00 -1.0485794e+00 -6.5040397e-01 -4.7777804e-01 -4.1016208e-01 -4.0866468e-01 -4.5431864e-01 -5.5686774e-01 -7.1473169e-01
-1.5775000e+00 -2.2021975e+00 -2.2661476e+00 -1.1690493e+00 -7.2224540e-01 -5.2720303e-01 -4.4686095e-01 -4.3725267e-01 -4.7733377e-01 -5.7588424e-01 -7.3072153e-01
-1.5700000e+00 -2.0613669e+00 -2.5521477e+00 -1.3100880e+00 -8.0294634e-01 -5.8177455e-01 -4.8702291e-01 -4.6837412e-01 -5.0230281e-01 -5.9646658e-01 -7.4799808e-01
-1.5625000e+00 -1.9520232e+00 -2.6510393e+00 -1.4782604e+00 -8.9427564e-01 -6.4226127e-01 -5.3107931e-01 -5.0230873e-01 -5.2942402e-01 -6.1876423e-01 -7.6667860e-01
-1.5550000e+00 -1.8691840e+00 -2.4549701e+00 -1.6834370e+00 -9.9859355e-01 -7.0961225e-01 -5.7954073e-01 -5.3937926e-01 -5.5892241e-01 -6.4294493e-01 -7.8689361e-01
-1.5475000e+00 -1.8093205e+00 -2.1966688e+00 -1.9399673e+00 -1.1191516e+00 -7.8502074e-01 -6.3301842e-01 -5.7996108e-01 -5.9105485e-01 -6.6919775e-01 -8.0878887e-01
-1.5400000e+00 -1.7702045e+00 -1.9810325e+00 -2.2601539e+00 -1.2606015e+00 -8.7001928e-01 -6.9225394e-01 -6.2449475e-01 -6.2611650e-01 -6.9773686e-01 -8.3252782e-01
-1.5325000e+00 -1.7506461e+00 -1.8131940e+00 -2.5763268e+00 -1.4298952e+00 -9.6662657e-01 -7.5816074e-01 -6.7350253e-01 -6.6444898e-01 -7.2880622e-01 -8.5829452e-01
-1.5250000e+00 -1.7503126e+00 -1.6840290e+00 -2.5609068e+00 -1.6379025e+00 -1.0775832e+00 -8.3188431e-01 -7.2761093e-01 -7.0645098e-01 -7.6268543e-01 -8.8629722e-01
-1.5175000e+00 -1.7696464e+00 -1.5857724e+00 -2.2626141e+00 -1.9019679e+00 -1.2067482e+00 -9.1489155e-01 -7.8758172e-01 -7.5259223e-01 -7.9969721e-01 -9.1677287e-01
-1.5100000e+00 -1.8098718e+00 -1.5131984e+00 -1.9842635e+00 -2.2447132e+00 -1.3598001e+00 -1.0091085e+00 -8.5435574e-01 -8.0343216e-01 -8.4021702e-01 -9.4999264e-01
-1.5025000e+00 -1.8730905e+00 -1.4630363e+00 -1.7710077e+00 -2.6222143e+00 -1.5455474e+00 -1.1171411e+00 -9.2911667e-01 -8.5964535e-01 -8.8468559e-01 -9.8626907e-01
-1.4950000e+00 -1.9624556e+00 -1.4334235e+00 -1.6095053e+00 -2.6219432e+00 -1.7784652e+00 -1.2426459e+00 -1.0133863e+00 -9.2205704e-01 -9.3362564e-01 -1.0259651e+00
-1.4875000e+00 -2.0823618e+00 -1.4235659e+00 -1.4868522e+00 -2.2717171e+00 -2.0830549e+00 -1.3909893e+00 -1.1091725e+00 -9.9169384e-01 -9.8766451e-01 -1.0695060e+00
-1.4800000e+00 -2.2382733e+00 -1.4335677e+00 -1.3946460e+00 -1.9665165e+00 -2.4888451e+00 -1.5704953e+00 -1.2192089e+00 -1.0698583e+00 -1.0475654e+00 -1.1173949e+00
-1.4725000e+00 -2.4343436e+00 -1.4643958e+00 -1.3277065e+00 -1.7407951e+00 -2.8342523e+00 -1.7949720e+00 -1.3473627e+00 -1.1582423e+00 -1.1142719e+00 -1.1702342e+00
-1.4650000e+00 -2.6606436e+00 -1.5179659e+00 -1.2829561e+00 -1.5725611e+00 -2.5744276e+00 -2.0889285e+00 -1.4993724e+00 -1.2591061e+00 -1.1889718e+00 -1.2287546e+00
-1.4575000e+00 -2.8487225e+00 -1.5973667e+00 -1.2587580e+00 -1.4457346e+00 -2.1888319e+00 -2.4935062e+00 -1.6842818e+00 -1.3755750e+00 -1.2731949e+00 -1.2938560e+00
-1.4500000e+00 -2.8593612e+00 -1.7072510e+00 -1.2545651e+00 -1.3506449e+00 -1.9061208e+00 -2.9537648e+00 -1.9174635e+00 -1.5121577e+00 -1.3689630e+00 -1.3666674e+00
-1.4425000e+00 -2.7060764e+00 -1.8543550e+00 -1.2707714e+00 -1.2815378e+00 -1.7011661e+00 -2.7810209e+00 -2.2273627e+00 -1.6757187e+00 -1.4790360e+00 -1.4486352e+00
-1.4350000e+00 -2.5300681e+00 -2.0475389e+00 -1.3087200e+00 -1.2350495e+00 -1.5487332e+00 -2.3427963e+00 -2.6657199e+00 -1.8774553e+00 -1.6073338e+00 -1.5416608e+00
-1.4275000e+00 -2.3934020e+00 -2.2930428e+00 -1.3708644e+00 -1.2093913e+00 -1.4342361e+00 -2.0280956e+00 -3.1526591e+00 -2.1373300e+00 -1.7597093e+00 -1.6483218e+00
-1.4200000e+00 -2.3061974e+00 -2.5605908e+00 -1.4611332e+00 -1.2039368e+00 -1.3492995e+00 -1.8050906e+00 -2.8581702e+00 -2.4946464e+00 -1.9454833e+00 -1.7722493e+00
-1.4125000e+00 -2.2673199e+00 -2.6814326e+00 -1.5855931e+00 -1.2190479e+00 -1.2890424e+00 -1.6411298e+00 -2.4029054e+00 -3.0175045e+00 -2.1808159e+00 -1.9188094e+00
-1.4050000e+00 -2.2754494e+00 -2.5285993e+00 -1.7535157e+00 -1.2560788e+00 -1.2507043e+00 -1.5184245e+00 -2.0927889e+00 -3.3264014e+00 -2.4969922e+00 -2.0964414e+00
-1.3975000e+00 -2.3310926e+00 -2.3021864e+00 -1.9783283e+00 -1.3175524e+00 -1.2329553e+00 -1.4271057e+00 -1.8746710e+00 -2.8016325e+00 -2.9603550e+00 -2.3195560e+00
-1.3900000e+00 -2.4361154e+00 -2.1220529e+00 -2.2717094e+00 -1.4075734e+00 -1.2355690e+00 -1.3615099e+00 -1.7145804e+00 -2.3910995e+00 -3.5554452e+00 -2.6156573e+00
-1.3825000e+00 -2.5902525e+00 -2.0024797e+00 -2.5776288e+00 -1.5326276e+00 -1.2593187e+00 -1.3184176e+00 -1.5949689e+00 -2.1166011e+00 -3.1940430e+00 -3.0447086e+00
-1.3750000e+00 -2.7773355e+00 -1.9387779e+00 -2.6001921e+00 -1.7030492e+00 -1.3060545e+00 -1.2961961e+00 -1.5062444e+00 -1.9211796e+00 -2.6898769e+00 -3.6928206e+00
-1.3675000e+00 -2.9297831e+00 -1.9271806e+00 -2.3346496e+00 -1.9353193e+00 -1.3789892e+00 -1.2943914e+00 -1.4429452e+00 -1.7767723e+00 -2.3660413e+00 -3.5652387e+00
-1.3600000e+00 -2.9408634e+00 -1.9674280e+00 -2.0826826e+00 -2.2510365e+00 -1.4833054e+00 -1.3135763e+00 -1.4019992e+00 -1.6689784e+00 -2.1423671e+00 -2.9876374e+00
-1.3525000e+00 -2.8318189e+00 -2.0627196e+00 -1.9064138e+00 -2.6162528e+00 -1.6273519e+00 -1.3553933e+00 -1.3818926e+00 -1.5898590e+00 -1.9793880e+00 -2.6264222e+00
-1.3450000e+00 -2.7150555e+00 -2.2182942e+00 -1.7979482e+00 -2.6577171e+00 -1.8249827e+00 -1.4228052e+00 -1.3822816e+00 -1.5349026e+00 -1.8580050e+00 -2.3829926e+00
-1.3375000e+00 -2.6467902e+00 -2.4325574e+00 -1.7480734e+00 -2.3358747e+00 -2.0995673e+00 -1.5206578e+00 -1.4038604e+00 -1.5016485e+00 -1.7680577e+00 -2.2076929e+00
-1.3300000e+00 -2.6407621e+00 -2.6540430e+00 -1.7529892e+00 -2.0530677e+00 -2.4802553e+00 -1.6568206e+00 -1.4484279e+00 -1.4890323e+00 -1.7038365e+00 -2.0776240e+00
-1.3225000e+00 -2.6981042e+00 -2.7159021e+00 -1.8141073e+00 -1.8622871e+00 -2.8363840e+00 -1.8445325e+00 -1.5191774e+00 -1.4970985e+00 -1.6621477e+00 -1.9809518e+00
-1.3150000e+00 -2.8130773e+00 -2.5747153e+00 -1.9379255e+00 -1.7459172e+00 -2.6248648e+00 -2.1072382e+00 -1.6213377e+00 -1.5269438e+00 -1.6414143e+00 -1.9111112e+00
-1.3075000e+00 -2.9608468e+00 -2.4096395e+00 -2.1351597e+00 -1.6912883e+00 -2.2558996e+00 -2.4844608e+00 -1.7634935e+00 -1.5808627e+00 -1.6412602e+00 -1.8644098e+00
-1.3000000e+00 -3.0721983e+00 -2.3086261e+00 -2.4070011e+00 -1.6934968e+00 -1.9978626e+00 -2.9410007e+00 -1.9604021e+00 -1.6627594e+00 -1.6623690e+00 -1.8389393e+00
-1.2925000e+00 -3.0698384e+00 -2.2861218e+00 -2.6511096e+00 -1.7540216e+00 -1.8335835e+00 -2.8275904e+00 -2.2392613e+00 -1.7790197e+00 -1.7065500e+00 -1.8340678e+00
-1.2850000e+00 -2.9890613e+00 -2.3423269e+00 -2.5930883e+00 -1.8807622e+00 -1.7406069e+00 -2.4033187e+00 -2.6497256e+00 -1.9403501e+00 -1.7770387e+00 -1.8502429e+00
-1.2775000e+00 -2.9212625e+00 -2.4729501e+00 -2.3588569e+00 -2.0890324e+00 -1.7081228e+00 -2.1086525e+00 -3.1416744e+00 -2.1659101e+00 -1.8791709e+00 -1.8890122e+00
-1.2700000e+00 -2.9161031e+00 -2.6510176e+00 -2.1796979e+00 -2.3937724e+00 -1.7336458e+00 -1.9220947e+00 -2.9090300e+00 -2.4931410e+00 -2.0218001e+00 -1.9532685e+00
-1.2625000e+00 -2.9900922e+00 -2.7798135e+00 -2.0948808e+00 -2.7020311e+00 -1.8216713e+00 -1.8131843e+00 -2.4625128e+00 -2.9888673e+00 -2.2204469e+00 -2.0478294e+00
-1.2550000e+00 -3.1323016e+00 -2.7526553e+00 -2.1030134e+00 -2.6228547e+00 -1.9848753e+00 -1.7674915e+00 -2.1729512e+00 -3.3502072e+00 -2.5050019e+00 -2.1806651e+00
-1.2475000e+00 -3.2590692e+00 -2.6481250e+00 -2.2044385e+00 -2.3307850e+00 -2.2468731e+00 -1.7806510e+00 -1.9928120e+00 -2.8557391e+00 -2.9384581e+00 -2.3656056e+00
-1.2400000e+00 -3.2355908e+00 -2.5823777e+00 -2.3982136e+00 -2.1241683e+00 -2.6233858e+00 -1.8559183e+00 -1.8898776e+00 -2.4541007e+00 -3.5348170e+00 -2.6289696e+00
-1.2325000e+00 -3.1303766e+00 -2.5928323e+00 -2.6330003e+00 -2.0277531e+00 -2.8572589e+00 -2.0051169e+00 -1.8501135e+00 -2.2059060e+00 -3.2481287e+00 -3.0275033e+00
-1.2250000e+00 -3.0971749e+00 -2.6762026e+00 -2.7010485e+00 -2.0333357e+00 -2.5661106e+00 -2.2531051e+00 -1.8698518e+00 -2.0550726e+00 -2.7459474e+00 -3.6537549e+00
-1.2175000e+00 -3.1925016e+00 -2.7994662e+00 -2.5481271e+00 -2.1423429e+00 -2.2630781e+00 -2.6374002e+00 -1.9534122e+00 -1.9756781e+00 -2.4407358e+00 -3.6196571e+00
-1.2100000e+00 -3.3706763e+00 -2.8890487e+00 -2.4062741e+00 -2.3634168e+00 -2.0906206e+00 -3.0106630e+00 -2.1146962e+00 -1.9576497e+00 -2.2541352e+00 -3.0413737e+00
-1.2025000e+00 -3.4084483e+00 -2.8848310e+00 -2.3684509e+00 -2.6586425e+00 -2.0328266e+00 -2.7429372e+00 -2.3836650e+00 -2.0003057e+00 -2.1477240e+00 -2.6937634e+00
-1.1950000e+00 -3.2873459e+00 -2.8300920e+00 -2.4430314e+00 -2.7367154e+00 -2.0819186e+00 -2.3815518e+00 -2.8103239e+00 -2.1114273e+00 -2.1058142e+00 -2.4830111e+00
-1.1875000e+00 -3.2599607e+00 -2.8037434e+00 -2.6063066e+00 -2.5121872e+00 -2.2469986e+00 -2.1718976e+00 -3.1861270e+00 -2.3109188e+00 -2.1242726e+00 -2.3595722e+00
-1.1800000e+00 -3.3909369e+00 -2.8496478e+00 -2.7526960e+00 -2.3321760e+00 -2.5448779e+00 -2.0878686e+00 -2.8099015e+00 -2.6417893e+00 -2.2075368e+00 -2.3033925e+00
-1.1725000e+00 -3.5255383e+00 -2.9688222e+00 -2.7346941e+00 -2.2869922e+00 -2.8632218e+00 -2.1149493e+00 -2.4404275e+00 -3.1597728e+00 -2.3705059e+00 -2.3080321e+00
-1.1650000e+00 -3.4568006e+00 -3.0708031e+00 -2.6402554e+00 -2.3799366e+00 -2.7331180e+00 -2.2603781e+00 -2.2389896e+00 -3.2683397e+00 -2.6473074e+00 -2.3760447e+00
-1.1575000e+00 -3.4023965e+00 -3.0252928e+00 -2.6099933e+00 -2.5952687e+00 -2.4470264e+00 -2.5514276e+00 -2.1653651e+00 -2.7711748e+00 -3.1105144e+00 -2.5198370e+00
-1.1500000e+00 -3.4962178e+00 -2.9471290e+00 -2.6713550e+00 -2.7892207e+00 -2.3034824e+00 -2.9551765e+00 -2.2054632e+00 -2.4572874e+00 -3.5961626e+00 -2.7690007e+00
-1.1425000e+00 -3.6118663e+00 -2.9968337e+00 -2.7818002e+00 -2.7071765e+00 -2.3165599e+00 -2.9122188e+00 -2.3704826e+00 -2.3030518e+00 -3.1195535e+00 -3.1920396e+00
-1.1350000e+00 -3.5682408e+00 -3.1712642e+00 -2.8529160e+00 -2.5524083e+00 -2.4867848e+00 -2.5604943e+00 -2.6980597e+00 -2.2709532e+00 -2.7090630e+00 -3.8114969e+00
-1.1275000e+00 -3.5353917e+00 -3.2021602e+00 -2.8426578e+00 -2.5224704e+00 -2.7846084e+00 -2.3671316e+00 -3.1485483e+00 -2.3560718e+00 -2.4946852e+00 -3.4641431e+00
-1.1200000e+00 -3.6489670e+00 -3.0767658e+00 -2.8091252e+00 -2.6343741e+00 -2.8895441e+00 -2.3460288e+00 -2.9987362e+00 -2.5819226e+00 -2.4156029e+00 -2.9789837e+00
-1.1125000e+00 -3.7158201e+00 -3.1146664e+00 -2.8193437e+00 -2.8032449e+00 -2.6606171e+00 -2.4949509e+00 -2.6164530e+00 -3.0039784e+00 -2.4540665e+00 -2.7229876e+00
-1.1050000e+00 -3.6277643e+00 -3.3031070e+00 -2.9046819e+00 -2.8277655e+00 -2.5176171e+00 -2.8198754e+00 -2.4323361e+00 -3.3816413e+00 -2.6228748e+00 -2.6146860e+00
-1.0975000e+00 -3.7167931e+00 -3.2709280e+00 -3.0085842e+00 -2.7423436e+00 -2.5596106e+00 -3.0498411e+00 -2.4291050e+00 -2.9622013e+00 -2.9728043e+00 -2.6264108e+00
-1.0900000e+00 -3.8104351e+00 -3.1870344e+00 -2.9815106e+00 -2.7303505e+00 -2.7682167e+00 -2.7812951e+00 -2.6079560e+00 -2.6302717e+00 -3.5270297e+00 -2.7644783e+00
-1.0825000e+00 -3.7144267e+00 -3.3142545e+00 -2.9187029e+00 -2.8122614e+00 -2.9436007e+00 -2.5717760e+00 -2.9880977e+00 -2.5109723e+00 -3.3323035e+00 -3.0728467e+00
-1.0750000e+00 -3.8363318e+00 -3.3907279e+00 -3.0088973e+00 -2.8976042e+00 -2.8207182e+00 -2.5752331e+00 -3.1926830e+00 -2.5746781e+00 -2.8815285e+00 -3.6373171e+00
-1.0675000e+00 -3.8541872e+00 -3.3107176e+00 -3.1591226e+00 -2.9152473e+00 -2.7089914e+00 -2.7897048e+00 -2.8389412e+00 -2.8419966e+00 -2.6784563e+00 -3.6919598e+00
-1.0600000e+00 -3.8243176e+00 -3.3752465e+00 -3.0622424e+00 -2.9031979e+00 -2.7733026e+00 -3.0685584e+00 -2.6311407e+00 -3.3092640e+00 -2.6705551e+00 -3.1572469e+00
-1.0525000e+00 -3.9447022e+00 -3.4642233e+00 -3.0343559e+00 -2.9085838e+00 -2.9420801e+00 -2.9372888e+00 -2.6605677e+00 -3.2201192e+00 -2.8586101e+00 -2.8963601e+00
-1.0450000e+00 -3.8972715e+00 -3.4238644e+00 -3.2277947e+00 -2.9730445e+00 -2.9691232e+00 -2.7491877e+00 -2.9270505e+00 -2.8371201e+00 -3.2973623e+00 -2.8451399e+00
-1.0375000e+00 -3.9659451e+00 -3.4571283e+00 -3.1966927e+00 -3.0638400e+00 -2.8919792e+00 -2.7859474e+00 -3.2379698e+00 -2.7097937e+00 -3.5801496e+00 -2.9882882e+00
-1.0300000e+00 -3.9950546e+00 -3.5590966e+00 -3.1216205e+00 -3.0275497e+00 -2.9157752e+00 -3.0146138e+00 -3.0040939e+00 -2.8341609e+00 -3.1113273e+00 -3.3818603e+00
-1.0225000e+00 -3.9971215e+00 -3.4917280e+00 -3.3040166e+00 -3.0029313e+00 -3.0080569e+00 -3.0916939e+00 -2.8037791e+00 -3.2158456e+00 -2.8686296e+00 -3.8752325e+00
-1.0150000e+00 -4.0706413e+00 -3.5927210e+00 -3.2681956e+00 -3.1526539e+00 -3.0472634e+00 -2.9340734e+00 -2.8773345e+00 -3.3626140e+00 -2.8952961e+00 -3.4113941e+00
-1.0075000e+00 -4.0561401e+00 -3.6004293e+00 -3.2410469e+00 -3.1616447e+00 -3.0478978e+00 -2.9341327e+00 -3.1751024e+00 -3.0018801e+00 -3.2006665e+00 -3.0865997e+00
-1.0000000e+00 -4.1208346e+00 -3.6020195e+00 -3.3849971e+00 -3.0727982e+00 -3.0521559e+00 -3.0972513e+00 -3.2004642e+00 -2.8882827e+00 -3.6312979e+00 -3.0526614e+00
-9.9250000e-01 -4.1293365e+00 -3.6967506e+00 -3.3255124e+00 -3.2508529e+00 -3.1022925e+00 -3.1339773e+00 -2.9828989e+00 -3.0827826e+00 -3.2846070e+00 -3.3005573e+00
-9.8500000e-01 -4.1676874e+00 -3.6478652e+00 -3.3779368e+00 -3.2349481e+00 -3.1888528e+00 -3.0643354e+00 -3.0150489e+00 -3.4292460e+00 -3.0303838e+00 -3.8253017e+00
-9.7750000e-01 -4.2046837e+00 -3.7567014e+00 -3.4389580e+00 -3.1719726e+00 -3.1431487e+00 -3.1153501e+00 -3.2512937e+00 -3.2200759e+00 -3.1111417e+00 -3.5975725e+00
-9.7000000e-01 -4.2014722e+00 -3.7157077e+00 -3.4148641e+00 -3.3759053e+00 -3.1625818e+00 -3.1926700e+00 -3.2289246e+00 -3.0443611e+00 -3.5084361e+00 -3.2429760e+00
-9.6250000e-01 -4.2981580e+00 -3.8065633e+00 -3.4960030e+00 -3.2510628e+00 -3.3131060e+00 -3.2046005e+00 -3.1121034e+00 -3.2048694e+00 -3.5316321e+00 -3.2476404e+00
-9.5500000e-01 -4.2606140e+00 -3.7788361e+00 -3.4906324e+00 -3.3497532e+00 -3.2067857e+00 -3.2132367e+00 -3.2252933e+00 -3.4634007e+00 -3.2060511e+00 -3.6127400e+00
-9.4750000e-01 -4.3092957e+00 -3.8713932e+00 -3.5383085e+00 -3.3863904e+00 -3.2829548e+00 -3.2372198e+00 -3.3270663e+00 -3.2626781e+00 -3.2406379e+00 -3.8528051e+00
-9.4000000e-01 -4.3735771e+00 -3.8366405e+00 -3.5589373e+00 -3.3598226e+00 -3.3882419e+00 -3.3247704e+00 -3.2555578e+00 -3.2124414e+00 -3.5992010e+00 -3.4382497e+00
-9.3250000e-01 -4.3558349e+00 -3.9096669e+00 -3.6035985e+00 -3.4663462e+00 -3.2645594e+00 -3.3014315e+00 -3.3015191e+00 -3.4392731e+00 -3.5240784e+00 -3.3787905e+00
-9.2500000e-01 -4.3937019e+00 -3.9484285e+00 -3.6004240e+00 -3.4250166e+00 -3.4797684e+00 -3.3147750e+00 -3.3698258e+00 -3.4245296e+00 -3.3145619e+00 -3.7272040e+00
-9.1750000e-01 -4.4662965e+00 -3.9191791e+00 -3.6917044e+00 -3.5068002e+00 -3.3449286e+00 -3.4501418e+00 -3.3791078e+00 -3.3295863e+00 -3.4985363e+00 -3.8282008e+00
-9.1000000e-01 -4.4871515e+00 -4.0102792e+00 -3.6416684e+00 -3.5050280e+00 -3.4844596e+00 -3.3363469e+00 -3.3954026e+00 -3.4771955e+00 -3.6772938e+00 -3.5059904e+00
-9.0250000e-01 -4.4839214e+00 -4.0214270e+00 -3.7506802e+00 -3.5505144e+00 -3.4461137e+00 -3.4951473e+00 -3.4329668e+00 -3.4942739e+00 -3.4578668e+00 -3.6136628e+00
-8.9500000e-01 -4.5051700e+00 -4.0285883e+00 -3.7229652e+00 -3.5679498e+00 -3.5105664e+00 -3.4428496e+00 -3.5016290e+00 -3.4616759e+00 -3.5560497e+00 -3.9413712e+00
-8.8750000e-01 -4.5489255e+00 -4.0997174e+00 -3.7832316e+00 -3.6273848e+00 -3.5210763e+00 -3.4884477e+00 -3.4487042e+00 -3.5481622e+00 -3.7135984e+00 -3.6737328e+00
-8.8000000e-01 -4.5951105e+00 -4.1247535e+00 -3.8003351e+00 -3.5951049e+00 -3.5673102e+00 -3.5561918e+00 -3.5825884e+00 -3.5610051e+00 -3.5698131e+00 -3.6814298e+00
-8.7250000e-01 -4.6328027e+00 -4.1137741e+00 -3.8128790e+00 -3.7252032e+00 -3.5793185e+00 -3.5169890e+00 -3.5218783e+00 -3.5864209e+00 -3.6840115e+00 -3.9625916e+00
-8.6500000e-01 -4.6647273e+00 -4.1378528e+00 -3.8997103e+00 -3.6569492e+00 -3.6257116e+00 -3.6289489e+00 -3.6043997e+00 -3.6066535e+00 -3.7251374e+00 -3.7669263e+00
-8.5750000e-01 -4.6979521e+00 -4.1921220e+00 -3.9030298e+00 -3.7199645e+00 -3.6492206e+00 -3.5844947e+00 -3.6191111e+00 -3.6828246e+00 -3.6949532e+00 -3.8256775e+00
-8.5000000e-01 -4.7302648e+00 -4.2421033e+00 -3.8857238e+00 -3.8001120e+00 -3.6725520e+00 -3.6617941e+00 -3.6348959e+00 -3.6341335e+00 -3.7818236e+00 -3.9764176e+00
-8.4250000e-01 -4.7525555e+00 -4.2744899e+00 -3.9366716e+00 -3.7587141e+00 -3.7063891e+00 -3.6812109e+00 -3.6920121e+00 -3.7689051e+00 -3.7785548e+00 -3.8466679e+00
-8.3500000e-01 -4.7734662e+00 -4.2986533e+00 -4.0016516e+00 -3.8068405e+00 -3.7694482e+00 -3.6819202e+00 -3.7023145e+00 -3.6828782e+00 -3.8225248e+00 -3.9947891e+00
-8.2750000e-01 -4.7928393e+00 -4.3249567e+00 -4.0265906e+00 -3.8594873e+00 -3.7231829e+00 -3.7690686e+00 -3.7233293e+00 -3.8387736e+00 -3.8409870e+00 -3.9599893e+00
-8.2000000e-01 -4.8064407e+00 -4.3544607e+00 -4.0327714e+00 -3.8630113e+00 -3.8136332e+00 -3.7423969e+00 -3.8104543e+00 -3.7330109e+00 -3.8932292e+00 -4.0093209e+00
-8.1250000e-01 -4.8500917e+00 -4.3816624e+00 -4.0495434e+00 -3.9005380e+00 -3.8786720e+00 -3.8064822e+00 -3.7367932e+00 -3.9198625e+00 -3.8863020e+00 -4.0350051e+00
-8.0500000e-01 -4.8990903e+00 -4.4084019e+00 -4.0789917e+00 -3.9651444e+00 -3.8245883e+00 -3.8146029e+00 -3.9058676e+00 -3.7760400e+00 -3.9653543e+00 -4.0760603e+00
-7.9750000e-01 -4.9224276e+00 -4.4490868e+00 -4.1126814e+00 -4.0020301e+00 -3.8534382e+00 -3.8763059e+00 -3.8113051e+00 -3.9920504e+00 -3.9460870e+00 -4.0766597e+00
-7.9000000e-01 -4.9324552e+00 -4.4914415e+00 -4.1461541e+00 -4.0092825e+00 -3.9392846e+00 -3.8886662e+00 -3.8920914e+00 -3.8546557e+00 -4.0058791e+00 -4.1605004e+00
-7.8250000e-01 -4.9880470e+00 -4.5044100e+00 -4.1813692e+00 -4.0174255e+00 -3.9756084e+00 -3.8733914e+00 -3.9444446e+00 -3.9690207e+00 -4.0497594e+00 -4.1159186e+00
-7.7500000e-01 -4.9967303e+00 -4.5216380e+00 -4.2188134e+00 -4.0396777e+00 -3.9785701e+00 -3.9531208e+00 -3.9286849e+00 -4.0241488e+00 -4.0027602e+00 -4.2370980e+00
-7.6750000e-01 -5.0433809e+00 -4.5396628e+00 -4.2469685e+00 -4.0726557e+00 -4.0015415e+00 -4.0350132e+00 -3.9811414e+00 -3.9410156e+00 -4.1885898e+00 -4.1778395e+00
-7.6000000e-01 -5.0592294e+00 -4.5985142e+00 -4.2606950e+00 -4.1079387e+00 -4.0464856e+00 -4.0250206e+00 -3.9981457e+00 -4.0800904e+00 -4.0415776e+00 -4.2618259e+00
-7.5250000e-01 -5.1106831e+00 -4.6213807e+00 -4.2942695e+00 -4.1365300e+00 -4.0950254e+00 -4.0035744e+00 -4.0279770e+00 -4.0963143e+00 -4.1720716e+00 -4.3085888e+00
-7.4500000e-01 -5.1161984e+00 -4.6359872e+00 -4.3530219e+00 -4.1546483e+00 -4.1364771e+00 -4.0245333e+00 -4.1001373e+00 -4.0637834e+00 -4.2417419e+00 -4.2346926e+00
-7.3750000e-01 -5.1535739e+00 -4.6917575e+00 -4.3834828e+00 -4.1754175e+00 -4.1696548e+00 -4.0726135e+00 -4.1342001e+00 -4.1246997e+00 -4.1370541e+00 -4.4340642e+00
-7.3000000e-01 -5.1966276e+00 -4.6915931e+00 -4.4097732e+00 -4.2212413e+00 -4.1944916e+00 -4.1213795e+00 -4.1189285e+00 -4.1682801e+00 -4.2354653e+00 -4.3431075e+00
-7.2250000e-01 -5.2241307e+00 -4.7467952e+00 -4.4119934e+00 -4.2768870e+00 -4.2102384e+00 -4.1603107e+00 -4.1128544e+00 -4.1836995e+00 -4.3350671e+00 -4.3316838e+00
-7.1500000e-01 -5.2472043e+00 -4.7541852e+00 -4.4817791e+00 -4.3037467e+00 -4.2238277e+00 -4.1936940e+00 -4.1363349e+00 -4.2266022e+00 -4.2966350e+00 -4.5115950e+00
-7.0750000e-01 -5.2713036e+00 -4.8076762e+00 -4.4855320e+00 -4.3375708e+00 -4.2511415e+00 -4.2300601e+00 -4.1770861e+00 -4.2825775e+00 -4.2940122e+00 -4.4902739e+00
-7.0000000e-01 -5.3053602e+00 -4.8318224e+00 -4.5186494e+00 -4.3431141e+00 -4.2864206e+00 -4.2739801e+00 -4.2199421e+00 -4.3171156e+00 -4.3454981e+00 -4.4209008e+00
-6.5000000e-01 -5.5123447e+00 -5.0184892e+00 -4.7242212e+00 -4.5698951e+00 -4.4764524e+00 -4.4303535e+00 -4.4515247e+00 -4.4603438e+00 -4.6158194e+00 -4.6822970e+00
-6.0000000e-01 -5.6989614e+00 -5.2311138e+00 -4.9138798e+00 -4.7672588e+00 -4.6643291e+00 -4.6443579e+00 -4.6732479e+00 -4.6452162e+00 -4.7601847e+00 -4.9393774e+00
-5.5000000e-01 -5.9114647e+00 -5.4299766e+00 -5.1281239e+00 -4.9438539e+00 -4.8896560e+00 -4.8308884e+00 -4.8640007e+00 -4.8672797e+00 -4.9786668e+00 -5.0568568e+00
-5.0000000e-01 -6.1028660e+00 -5.6273221e+00 -5.3288096e+00 -5.1467940e+00 -5.0838636e+00 -5.0537133e+00 -5.0454124e+00 -5.0600396e+00 -5.1692728e+00 -5.2796437e+00
-4.0000000e-01 -6.4653169e+00 -6.0231446e+00 -5.7223620e+00 -5.5579587e+00 -5.4786569e+00 -5.4408127e+00 -5.4562371e+00 -5.4806070e+00 -5.5480469e+00 -5.6937335e+00
-2.0000000e-01 -7.4121204e+00 -6.7794863e+00 -6.4846441e+00 -6.3563998e+00 -6.2761240e+00 -6.2450325e+00 -6.2469203e+00 -6.2850756e+00 -6.3578269e+00 -6.4796641e+00
0.0000000e+00 -8.0879098e+00 -7.5849757e+00 -7.3066502e+00 -7.1318607e+00 -7.0562426e+00 -7.0652141e+00 -7.0531421e+00 -7.0793681e+00 -7.1592731e+00 -7.2863323e+00
2.0000000e-01 -8.8484493e+00 -8.4428125e+00 -8.1228981e+00 -7.9445148e+00 -7.8629864e+00 -7.8991609e+00 -7.8782900e+00 -7.8559876e+00 -7.9769226e+00 -8.0919398e+00
4.0000000e-01 -9.7654812e+00 -9.1918084e+00 -8.9574851e+00 -8.7522399e+00 -8.6736943e+00 -8.6821502e+00 -8.6393227e+00 -8.6843066e+00 -8.7580753e+00 -8.8804322e+00
6.0000000e-01 -1.0524290e+01 -1.0033631e+01 -9.6871783e+00 -9.5448770e+00 -9.4370282e+00 -9.4711806e+00 -9.4240154e+00 -9.4243311e+00 -9.5769208e+00 -9.6717090e+00
8.0000000e-01 -1.1267543e+01 -1.0809752e+01 -1.0536916e+01 -1.0360267e+01 -1.0240764e+01 -1.0245536e+01 -1.0220259e+01 -1.0335650e+01 -1.0329725e+01 -1.0440140e+01
1.0000000e+00 -1.2112483e+01 -1.1625585e+01 -1.1342235e+01 -1.1179821e+01 -1.1032712e+01 -1.1103611e+01 -1.1021288e+01 -1.1055880e+01 -1.1196338e+01 -1.1322216e+01
1.2000000e+00 -1.2870112e+01 -1.2487629e+01 -1.2128151e+01 -1.1926114e+01 -1.1914460e+01 -1.1849159e+01 -1.1871460e+01 -1.1890558e+01 -1.1993100e+01 -1.2091741e+01
1.4000000e+00 -1.3695785e+01 -1.3234457e+01 -1.2891833e+01 -1.2711921e+01 -1.2679019e+01 -1.2605469e+01 -1.2681320e+01 -1.2667058e+01 -1.2735940e+01 -1.2910508e+01
1.6000000e+00 -1.4502657e+01 -1.4032267e+01 -1.3735810e+01 -1.3510050e+01 -1.3476384e+01 -1.3454275e+01 -1.3457871e+01 -1.3437463e+01 -1.3596526e+01 -1.3726891e+01
1.8000000e+00 -1.5356220e+01 -1.4839432e+01 -1.4511796e+01 -1.4369418e+01 -1.4256317e+01 -1.4282224e+01 -1.4270170e+01 -1.4294132e+01 -1.4396885e+01 -1.4502661e+01
2.0000000e+00 -1.6208340e+01 -1.5625652e+01 -1.5405776e+01 -1.5182248e+01 -1.5076433e+01 -1.5020988e+01 -1.5053215e+01 -1.5077030e+01 -1.5135900e+01 -1.5307517e+01