########################################################################
# Reference Counts for Solar Model AGSS09ph                            #
# Column 1: log10(Axion mass in eV)                                    #
#        n>1: log10(Reference photon counts in energy bin n-1)         #
########################################################################
-3.0000000e+00 -5.9051106e-01 -2.8789160e-01 -1.3050090e-01 -8.9871904e-02 -1.1940155e-01 -1.7420080e-01 -2.5962818e-01 -3.7288150e-01 -5.2060498e-01 -7.0473197e-01
-2.8000000e+00 -5.9053144e-01 -2.8790549e-01 -1.3051092e-01 -8.9879465e-02 -1.1940744e-01 -1.7420551e-01 -2.5963205e-01 -3.7288472e-01 -5.2060771e-01 -7.0473431e-01
-2.6000000e+00 -5.9066003e-01 -2.8799313e-01 -1.3057412e-01 -8.9927170e-02 -1.1944460e-01 -1.7423526e-01 -2.5965641e-01 -3.7290503e-01 -5.2062492e-01 -7.0474906e-01
-2.4000000e+00 -5.9147158e-01 -2.8854621e-01 -1.3097295e-01 -9.0228194e-02 -1.1967904e-01 -1.7442297e-01 -2.5981015e-01 -3.7303319e-01 -5.2073349e-01 -7.0484213e-01
-2.2000000e+00 -5.9659864e-01 -2.9203898e-01 -1.3349102e-01 -9.2128466e-02 -1.2115884e-01 -1.7560770e-01 -2.6078040e-01 -3.7384198e-01 -5.2141865e-01 -7.0542947e-01
-2.1500000e+00 -6.0016891e-01 -2.9446981e-01 -1.3524288e-01 -9.3450211e-02 -1.2218796e-01 -1.7643152e-01 -2.6145503e-01 -3.7440431e-01 -5.2189500e-01 -7.0583779e-01
-2.1000000e+00 -6.0583874e-01 -2.9832776e-01 -1.3802220e-01 -9.5546648e-02 -1.2381999e-01 -1.7773783e-01 -2.6252467e-01 -3.7529584e-01 -5.2265017e-01 -7.0648510e-01
-2.0500000e+00 -6.1485349e-01 -3.0445571e-01 -1.4243421e-01 -9.8873340e-02 -1.2640906e-01 -1.7980977e-01 -2.6422100e-01 -3.7670956e-01 -5.2384758e-01 -7.0751140e-01
-2.0000000e+00 -6.2921380e-01 -3.1420209e-01 -1.4944470e-01 -1.0415604e-01 -1.3051869e-01 -1.8309758e-01 -2.6691219e-01 -3.7895202e-01 -5.2574668e-01 -7.0913897e-01
-1.9500000e+00 -6.5216006e-01 -3.2973618e-01 -1.6060104e-01 -1.1255451e-01 -1.3704776e-01 -1.8831851e-01 -2.7118423e-01 -3.8251080e-01 -5.2875994e-01 -7.1172098e-01
-1.9000000e+00 -6.8901127e-01 -3.5457960e-01 -1.7839859e-01 -1.2593110e-01 -1.4743557e-01 -1.9661870e-01 -2.7797208e-01 -3.8816299e-01 -5.3354418e-01 -7.1581947e-01
-1.8500000e+00 -7.4869500e-01 -3.9453497e-01 -2.0690437e-01 -1.4730031e-01 -1.6400091e-01 -2.0983860e-01 -2.8877358e-01 -3.9715124e-01 -5.4114828e-01 -7.2233098e-01
-1.8475000e+00 -7.5251698e-01 -3.9708147e-01 -2.0871612e-01 -1.4865613e-01 -1.6505071e-01 -2.1067571e-01 -2.8945714e-01 -3.9771981e-01 -5.4162912e-01 -7.2274263e-01
-1.8400000e+00 -7.6456925e-01 -4.0510183e-01 -2.1441838e-01 -1.5292154e-01 -1.6835242e-01 -2.1330794e-01 -2.9160626e-01 -3.9950717e-01 -5.4314060e-01 -7.2403650e-01
-1.8325000e+00 -7.7755821e-01 -4.1372882e-01 -2.2054513e-01 -1.5750134e-01 -1.7189585e-01 -2.1613198e-01 -2.9391145e-01 -4.0142399e-01 -5.4476135e-01 -7.2542376e-01
-1.8250000e+00 -7.9156337e-01 -4.2301113e-01 -2.2712936e-01 -1.6241946e-01 -1.7569914e-01 -2.1916208e-01 -2.9638422e-01 -4.0347979e-01 -5.4649935e-01 -7.2691122e-01
-1.8175000e+00 -8.0667219e-01 -4.3300184e-01 -2.3420684e-01 -1.6770176e-01 -1.7978188e-01 -2.2241360e-01 -2.9903698e-01 -4.0568478e-01 -5.4836320e-01 -7.2850620e-01
-1.8100000e+00 -8.2298106e-01 -4.4375890e-01 -2.4181640e-01 -1.7337623e-01 -1.8416519e-01 -2.2590310e-01 -3.0188308e-01 -4.0804997e-01 -5.5036214e-01 -7.3021656e-01
-1.8025000e+00 -8.4059649e-01 -4.5534565e-01 -2.5000023e-01 -1.7947319e-01 -1.8887189e-01 -2.2964844e-01 -3.0493689e-01 -4.1058719e-01 -5.5250609e-01 -7.3205074e-01
-1.7950000e+00 -8.5963647e-01 -4.6783142e-01 -2.5880422e-01 -1.8602546e-01 -1.9392666e-01 -2.3366887e-01 -3.0821391e-01 -4.1330917e-01 -5.5480573e-01 -7.3401783e-01
-1.7875000e+00 -8.8023211e-01 -4.8129228e-01 -2.6827837e-01 -1.9306866e-01 -1.9935618e-01 -2.3798519e-01 -3.1173084e-01 -4.1622965e-01 -5.5727257e-01 -7.3612758e-01
-1.7800000e+00 -9.0252960e-01 -4.9581185e-01 -2.7847718e-01 -2.0064144e-01 -2.0518931e-01 -2.4261985e-01 -3.1550568e-01 -4.1936339e-01 -5.5991896e-01 -7.3839052e-01
-1.7725000e+00 -9.2669250e-01 -5.1148222e-01 -2.8946021e-01 -2.0878581e-01 -2.1145733e-01 -2.4759712e-01 -3.1955787e-01 -4.2272632e-01 -5.6275823e-01 -7.4081794e-01
-1.7650000e+00 -9.5290460e-01 -5.2840508e-01 -3.0129259e-01 -2.1754747e-01 -2.1819412e-01 -2.5294322e-01 -3.2390837e-01 -4.2633562e-01 -5.6580472e-01 -7.4342200e-01
-1.7575000e+00 -9.8137328e-01 -5.4669300e-01 -3.1404570e-01 -2.2697620e-01 -2.2543647e-01 -2.5868656e-01 -3.2857983e-01 -4.3020979e-01 -5.6907389e-01 -7.4621580e-01
-1.7500000e+00 -1.0123338e+00 -5.6647099e-01 -3.2779789e-01 -2.3712628e-01 -2.3322431e-01 -2.6485787e-01 -3.3359675e-01 -4.3436882e-01 -5.7258240e-01 -7.4921344e-01
-1.7425000e+00 -1.0460545e+00 -5.8787826e-01 -3.4263538e-01 -2.4805701e-01 -2.4160107e-01 -2.7149049e-01 -3.3898558e-01 -4.3883429e-01 -5.7634821e-01 -7.5243011e-01
-1.7350000e+00 -1.0828432e+00 -6.1107048e-01 -3.5865324e-01 -2.5983327e-01 -2.5061402e-01 -2.7862056e-01 -3.4477500e-01 -4.4362950e-01 -5.8039071e-01 -7.5588220e-01
-1.7275000e+00 -1.1230560e+00 -6.3622233e-01 -3.7595655e-01 -2.7252613e-01 -2.6031465e-01 -2.8628733e-01 -3.5099601e-01 -4.4877965e-01 -5.8473082e-01 -7.5958736e-01
-1.7200000e+00 -1.1671074e+00 -6.6353071e-01 -3.9466181e-01 -2.8621366e-01 -2.7075920e-01 -2.9453348e-01 -3.5768227e-01 -4.5431200e-01 -5.8939115e-01 -7.6356464e-01
-1.7125000e+00 -1.2154847e+00 -6.9321868e-01 -4.1489854e-01 -3.0098174e-01 -2.8200910e-01 -3.0340542e-01 -3.6487027e-01 -4.6025606e-01 -5.9439612e-01 -7.6783461e-01
-1.7050000e+00 -1.2687663e+00 -7.2554030e-01 -4.3681125e-01 -3.1692509e-01 -2.9413165e-01 -3.1295377e-01 -3.7259963e-01 -4.6664379e-01 -5.9977214e-01 -7.7241946e-01
-1.6975000e+00 -1.3276466e+00 -7.6078672e-01 -4.6056179e-01 -3.3414841e-01 -3.0720061e-01 -3.2323372e-01 -3.8091345e-01 -4.7350985e-01 -6.0554780e-01 -7.7734320e-01
-1.6900000e+00 -1.3929696e+00 -7.9929392e-01 -4.8633212e-01 -3.5276779e-01 -3.2129710e-01 -3.3430561e-01 -3.8985864e-01 -4.8089188e-01 -6.1175406e-01 -7.8263177e-01
-1.6825000e+00 -1.4657763e+00 -8.4145255e-01 -5.1432784e-01 -3.7291234e-01 -3.3651043e-01 -3.4623545e-01 -3.9948629e-01 -4.8883073e-01 -6.1842448e-01 -7.8831325e-01
-1.6750000e+00 -1.5473708e+00 -8.8772092e-01 -5.4478243e-01 -3.9472610e-01 -3.5293921e-01 -3.5909565e-01 -4.0985220e-01 -4.9737089e-01 -6.2559549e-01 -7.9441804e-01
-1.6675000e+00 -1.6394163e+00 -9.3864199e-01 -5.7796254e-01 -4.1837043e-01 -3.7069260e-01 -3.7296575e-01 -4.2101734e-01 -5.0656075e-01 -6.3330662e-01 -8.0097909e-01
-1.6600000e+00 -1.7440734e+00 -9.9486634e-01 -6.1417475e-01 -4.4402681e-01 -3.8989179e-01 -3.8793333e-01 -4.3304845e-01 -5.1645312e-01 -6.4160087e-01 -8.0803214e-01
-1.6525000e+00 -1.8642004e+00 -1.0571835e+00 -6.5377408e-01 -4.7190031e-01 -4.1067174e-01 -4.0409501e-01 -4.4601876e-01 -5.2710564e-01 -6.5052504e-01 -8.1561601e-01
-1.6450000e+00 -2.0036279e+00 -1.1265659e+00 -6.9717512e-01 -5.0222389e-01 -4.3318333e-01 -4.2155775e-01 -4.6000872e-01 -5.3858137e-01 -6.6013014e-01 -8.2377288e-01
-1.6375000e+00 -2.1674527e+00 -1.2042313e+00 -7.4486652e-01 -5.3526371e-01 -4.5759583e-01 -4.4044019e-01 -4.7510695e-01 -5.5094939e-01 -6.7047183e-01 -8.3254865e-01
-1.6300000e+00 -2.3619251e+00 -1.2917343e+00 -7.9743047e-01 -5.7132588e-01 -4.8410007e-01 -4.6087442e-01 -4.9141127e-01 -5.6428551e-01 -6.8161095e-01 -8.4199334e-01
-1.6225000e+00 -2.5915899e+00 -1.3911034e+00 -8.5556907e-01 -6.1076507e-01 -5.1291217e-01 -4.8300798e-01 -5.0902998e-01 -5.7867314e-01 -6.9361413e-01 -8.5216151e-01
-1.6150000e+00 -2.8425442e+00 -1.5050503e+00 -9.2014105e-01 -6.5399569e-01 -5.4427828e-01 -5.0700633e-01 -5.2808329e-01 -5.9420420e-01 -7.0655442e-01 -8.6311281e-01
-1.6075000e+00 -3.0244596e+00 -1.6372954e+00 -9.9221378e-01 -7.0150653e-01 -5.7848048e-01 -5.3305582e-01 -5.4870509e-01 -6.1098030e-01 -7.2051214e-01 -8.7491247e-01
-1.6000000e+00 -2.9845709e+00 -1.7930647e+00 -1.0731391e+00 -7.5388045e-01 -6.1584430e-01 -5.6136736e-01 -5.7104503e-01 -6.2911402e-01 -7.3557571e-01 -8.8763206e-01
-1.5925000e+00 -2.7854923e+00 -1.9797508e+00 -1.1646669e+00 -8.1182117e-01 -6.5674832e-01 -5.9218093e-01 -5.9527101e-01 -6.4873049e-01 -7.5184279e-01 -9.0135017e-01
-1.5850000e+00 -2.5749549e+00 -2.2071118e+00 -1.2691204e+00 -8.7619064e-01 -7.0163682e-01 -6.2577126e-01 -6.2157230e-01 -6.6996928e-01 -7.6942147e-01 -9.1615333e-01
-1.5775000e+00 -2.3987877e+00 -2.4820085e+00 -1.3896765e+00 -9.4806227e-01 -7.5103650e-01 -6.6245501e-01 -6.5016325e-01 -6.9298662e-01 -7.8843174e-01 -9.3213702e-01
-1.5700000e+00 -2.2591343e+00 -2.7672810e+00 -1.5308261e+00 -1.0287991e+00 -8.0557902e-01 -7.0260002e-01 -6.8128798e-01 -7.1795808e-01 -8.0900727e-01 -9.4940686e-01
-1.5625000e+00 -2.1507149e+00 -2.8636243e+00 -1.6991460e+00 -1.1201716e+00 -8.6603224e-01 -7.4663732e-01 -7.1522624e-01 -7.4508196e-01 -8.3129745e-01 -9.6808006e-01
-1.5550000e+00 -2.0686325e+00 -2.6664944e+00 -1.9045233e+00 -1.2245427e+00 -9.3334411e-01 -7.9507705e-01 -7.5230085e-01 -7.7458330e-01 -8.5546993e-01 -9.8828705e-01
-1.5475000e+00 -2.0094202e+00 -2.4085954e+00 -2.1613200e+00 -1.3451678e+00 -1.0087063e+00 -8.4852997e-01 -7.9288727e-01 -8.0671902e-01 -8.8171368e-01 -1.0101735e+00
-1.5400000e+00 -1.9708923e+00 -2.1934595e+00 -2.4817337e+00 -1.4867049e+00 -1.0936494e+00 -9.0773693e-01 -8.3742613e-01 -8.4178432e-01 -9.1024277e-01 -1.0339028e+00
-1.5325000e+00 -1.9518891e+00 -2.0260071e+00 -2.7971431e+00 -1.6561157e+00 -1.1901887e+00 -9.7361049e-01 -8.8643982e-01 -8.8012088e-01 -9.4130102e-01 -1.0596589e+00
-1.5250000e+00 -1.9521015e+00 -1.8971348e+00 -2.7795399e+00 -1.8642867e+00 -1.3010603e+00 -1.0472949e+00 -9.4055499e-01 -9.2212746e-01 -9.7516786e-01 -1.0876498e+00
-1.5175000e+00 -1.9719910e+00 -1.7991102e+00 -2.4809907e+00 -2.1285845e+00 -1.4301156e+00 -1.1302553e+00 -1.0005336e+00 -9.6827390e-01 -1.0121658e+00 -1.1181125e+00
-1.5100000e+00 -2.0127996e+00 -1.7267306e+00 -2.2030139e+00 -2.4715927e+00 -1.5830206e+00 -1.2244152e+00 -1.0673168e+00 -1.0191197e+00 -1.0526701e+00 -1.1513178e+00
-1.5025000e+00 -2.0766452e+00 -1.6767405e+00 -1.9900741e+00 -2.8485967e+00 -1.7685617e+00 -1.3323767e+00 -1.1420886e+00 -1.0753397e+00 -1.0971211e+00 -1.1875780e+00
-1.4950000e+00 -2.1666930e+00 -1.6472879e+00 -1.8288016e+00 -2.8461710e+00 -2.0011726e+00 -1.4577904e+00 -1.2263713e+00 -1.1377593e+00 -1.1460412e+00 -1.2272559e+00
-1.4875000e+00 -2.2873331e+00 -1.6375865e+00 -1.7063221e+00 -2.4958340e+00 -2.3052865e+00 -1.6060127e+00 -1.3221735e+00 -1.2074052e+00 -1.2000572e+00 -1.2707764e+00
-1.4800000e+00 -2.4439621e+00 -1.6477474e+00 -1.6142551e+00 -2.1910161e+00 -2.7105239e+00 -1.7853499e+00 -1.4322301e+00 -1.2855806e+00 -1.2599316e+00 -1.3186421e+00
-1.4725000e+00 -2.6404288e+00 -1.6787439e+00 -1.5474339e+00 -1.9655740e+00 -3.0578668e+00 -2.0095765e+00 -1.5604100e+00 -1.3739778e+00 -1.3266071e+00 -1.3714548e+00
-1.4650000e+00 -2.8657080e+00 -1.7324989e+00 -1.5027901e+00 -1.7975320e+00 -2.8007005e+00 -2.3031378e+00 -1.7124550e+00 -1.4748578e+00 -1.4012705e+00 -1.4299445e+00
-1.4575000e+00 -3.0491428e+00 -1.8121098e+00 -1.4786932e+00 -1.6708464e+00 -2.4146836e+00 -2.7071362e+00 -1.8974150e+00 -1.5913472e+00 -1.4854495e+00 -1.4950103e+00
-1.4500000e+00 -3.0540683e+00 -1.9222392e+00 -1.4746010e+00 -1.5758676e+00 -2.1314846e+00 -3.1683381e+00 -2.1306746e+00 -1.7279568e+00 -1.5811636e+00 -1.5677796e+00
-1.4425000e+00 -2.9002370e+00 -2.0696322e+00 -1.4909123e+00 -1.5068538e+00 -1.9262015e+00 -2.9990457e+00 -2.4407060e+00 -1.8915544e+00 -1.6911686e+00 -1.6496971e+00
-1.4350000e+00 -2.7262384e+00 -2.2631371e+00 -1.5289750e+00 -1.4604488e+00 -1.7735388e+00 -2.5603495e+00 -2.8792935e+00 -2.0933442e+00 -1.8193783e+00 -1.7426611e+00
-1.4275000e+00 -2.5916936e+00 -2.5088562e+00 -1.5912490e+00 -1.4348694e+00 -1.6588685e+00 -2.2450994e+00 -3.3659664e+00 -2.3533024e+00 -1.9716343e+00 -1.8492454e+00
-1.4200000e+00 -2.5063113e+00 -2.7758030e+00 -1.6816708e+00 -1.4294929e+00 -1.5737915e+00 -2.0217519e+00 -3.0704730e+00 -2.7107618e+00 -2.1572369e+00 -1.9730739e+00
-1.4125000e+00 -2.4690129e+00 -2.8942766e+00 -1.8063195e+00 -1.4446853e+00 -1.5134131e+00 -1.8575630e+00 -2.6153401e+00 -3.2337968e+00 -2.3923028e+00 -2.1195017e+00
-1.4050000e+00 -2.4785584e+00 -2.7402437e+00 -1.9744831e+00 -1.4818045e+00 -1.4749636e+00 -1.7346914e+00 -2.3053545e+00 -3.5415522e+00 -2.7080135e+00 -2.2969465e+00
-1.3975000e+00 -2.5354747e+00 -2.5142761e+00 -2.1996001e+00 -1.5433784e+00 -1.4571070e+00 -1.6432410e+00 -2.0873193e+00 -3.0166302e+00 -3.1704690e+00 -2.5197757e+00
-1.3900000e+00 -2.6415158e+00 -2.3347898e+00 -2.4932510e+00 -1.6335187e+00 -1.4596111e+00 -1.5775336e+00 -1.9272848e+00 -2.6063237e+00 -3.7662118e+00 -2.8153914e+00
-1.3825000e+00 -2.7959704e+00 -2.2157750e+00 -2.7985533e+00 -1.7587218e+00 -1.4832440e+00 -1.5343406e+00 -1.8077148e+00 -2.3319505e+00 -3.4090607e+00 -3.2434906e+00
-1.3750000e+00 -2.9814590e+00 -2.1525564e+00 -2.8189678e+00 -1.9293384e+00 -1.5298492e+00 -1.5120233e+00 -1.7190236e+00 -2.1366044e+00 -2.9041175e+00 -3.8908076e+00
-1.3675000e+00 -3.1291021e+00 -2.1414068e+00 -2.5530644e+00 -2.1618710e+00 -1.6026309e+00 -1.5101223e+00 -1.6557530e+00 -1.9922484e+00 -2.5797603e+00 -3.7700039e+00
-1.3600000e+00 -3.1360420e+00 -2.1820972e+00 -2.3015297e+00 -2.4778841e+00 -1.7067581e+00 -1.5292057e+00 -1.6148330e+00 -1.8844930e+00 -2.3557818e+00 -3.1913593e+00
-1.3525000e+00 -3.0279525e+00 -2.2778419e+00 -2.1256732e+00 -2.8427302e+00 -1.8505569e+00 -1.5709107e+00 -1.5947515e+00 -1.8054048e+00 -2.1926028e+00 -2.8293668e+00
-1.3450000e+00 -2.9142301e+00 -2.4338436e+00 -2.0175479e+00 -2.8820631e+00 -2.0478406e+00 -1.6381928e+00 -1.5951660e+00 -1.7504757e+00 -2.0710741e+00 -2.5855121e+00
-1.3375000e+00 -2.8488001e+00 -2.6482617e+00 -1.9679747e+00 -2.5600109e+00 -2.3219120e+00 -1.7358871e+00 -1.6167720e+00 -1.7172467e+00 -1.9810112e+00 -2.4099445e+00
-1.3300000e+00 -2.8448618e+00 -2.8687555e+00 -1.9731847e+00 -2.2776419e+00 -2.7019870e+00 -1.8718449e+00 -1.6613700e+00 -1.7046549e+00 -1.9166916e+00 -2.2796861e+00
-1.3225000e+00 -2.9032592e+00 -2.9283629e+00 -2.0346161e+00 -2.0872167e+00 -3.0596968e+00 -2.0592718e+00 -1.7321553e+00 -1.7127464e+00 -1.8749135e+00 -2.1828671e+00
-1.3150000e+00 -3.0176600e+00 -2.7866424e+00 -2.1587908e+00 -1.9711232e+00 -2.8510910e+00 -2.3215505e+00 -1.8343604e+00 -1.7426188e+00 -1.8540943e+00 -2.1129035e+00
-1.3075000e+00 -3.1624605e+00 -2.6223374e+00 -2.3564222e+00 -1.9167328e+00 -2.4817248e+00 -2.6981576e+00 -1.9765757e+00 -1.7965683e+00 -1.8538535e+00 -2.0660924e+00
-1.3000000e+00 -3.2697479e+00 -2.5222352e+00 -2.6284841e+00 -1.9191716e+00 -2.2231089e+00 -3.1553351e+00 -2.1735707e+00 -1.8785014e+00 -1.8748701e+00 -2.0405182e+00
-1.2925000e+00 -3.2672197e+00 -2.5005591e+00 -2.8715034e+00 -1.9799433e+00 -2.0583962e+00 -3.0455447e+00 -2.4525693e+00 -1.9948077e+00 -1.9189481e+00 -2.0355430e+00
-1.2850000e+00 -3.1898614e+00 -2.5574729e+00 -2.8116591e+00 -2.1069729e+00 -1.9650694e+00 -2.6208571e+00 -2.8632704e+00 -2.1562002e+00 -1.9893157e+00 -2.0516093e+00
-1.2775000e+00 -3.1248244e+00 -2.6885215e+00 -2.5774981e+00 -2.3155938e+00 -1.9322657e+00 -2.3255551e+00 -3.3550688e+00 -2.3818518e+00 -2.0912971e+00 -2.0902587e+00
-1.2700000e+00 -3.1204222e+00 -2.8661642e+00 -2.3989332e+00 -2.6206307e+00 -1.9574596e+00 -2.1385621e+00 -3.1213413e+00 -2.7092321e+00 -2.2337250e+00 -2.1543758e+00
-1.2625000e+00 -3.1932661e+00 -2.9931506e+00 -2.3147004e+00 -2.9280115e+00 -2.0451057e+00 -2.0293210e+00 -2.6749475e+00 -3.2051551e+00 -2.4320778e+00 -2.2487661e+00
-1.2550000e+00 -3.3329265e+00 -2.9648523e+00 -2.3233931e+00 -2.8470012e+00 -2.2078234e+00 -1.9833396e+00 -2.3855387e+00 -3.5654662e+00 -2.7161473e+00 -2.3813783e+00
-1.2475000e+00 -3.4580061e+00 -2.8610790e+00 -2.4253758e+00 -2.5551341e+00 -2.4691589e+00 -1.9962122e+00 -2.2055059e+00 -3.0707278e+00 -3.1486914e+00 -2.5659997e+00
-1.2400000e+00 -3.4365487e+00 -2.7965748e+00 -2.6195884e+00 -2.3490600e+00 -2.8451428e+00 -2.0711578e+00 -2.1026549e+00 -2.6693402e+00 -3.7452069e+00 -2.8288517e+00
-1.2325000e+00 -3.3333167e+00 -2.8079665e+00 -2.8539422e+00 -2.2531228e+00 -3.0817235e+00 -2.2199511e+00 -2.0629657e+00 -2.4212952e+00 -3.4631508e+00 -3.2264283e+00
-1.2250000e+00 -3.3003092e+00 -2.8915185e+00 -2.9201256e+00 -2.2591545e+00 -2.7922906e+00 -2.4673752e+00 -2.0827811e+00 -2.2705619e+00 -2.9601838e+00 -3.8516016e+00
-1.2175000e+00 -3.3948372e+00 -3.0137893e+00 -2.7667801e+00 -2.3686305e+00 -2.4885828e+00 -2.8510007e+00 -2.1664314e+00 -2.1912468e+00 -2.6543689e+00 -3.8243486e+00
-1.2100000e+00 -3.5716560e+00 -3.1019032e+00 -2.6256610e+00 -2.5901555e+00 -2.3154178e+00 -3.2261266e+00 -2.3278355e+00 -2.1732915e+00 -2.4673828e+00 -3.2451120e+00
-1.2025000e+00 -3.6091345e+00 -3.0978611e+00 -2.5887085e+00 -2.8851494e+00 -2.2569929e+00 -2.9608978e+00 -2.5969884e+00 -2.2160245e+00 -2.3606807e+00 -2.8966177e+00
-1.1950000e+00 -3.4892617e+00 -3.0444725e+00 -2.6640471e+00 -2.9612822e+00 -2.3054331e+00 -2.5987621e+00 -3.0239225e+00 -2.3272381e+00 -2.3185140e+00 -2.6853420e+00
-1.1875000e+00 -3.4628693e+00 -3.0188070e+00 -2.8275359e+00 -2.7364871e+00 -2.4697392e+00 -2.3883910e+00 -3.3991257e+00 -2.5268552e+00 -2.3367113e+00 -2.5615296e+00
-1.1800000e+00 -3.5937557e+00 -3.0642756e+00 -2.9727073e+00 -2.5571721e+00 -2.7667887e+00 -2.3037792e+00 -3.0222173e+00 -2.8579181e+00 -2.4196719e+00 -2.5050340e+00
-1.1725000e+00 -3.7261327e+00 -3.1824066e+00 -2.9534751e+00 -2.5127149e+00 -3.0863037e+00 -2.3302929e+00 -2.6529359e+00 -3.3760299e+00 -2.5822341e+00 -2.5093642e+00
-1.1650000e+00 -3.6576622e+00 -3.2841640e+00 -2.8596096e+00 -2.6063404e+00 -2.9591894e+00 -2.4750619e+00 -2.4516739e+00 -3.4833096e+00 -2.8583925e+00 -2.5770293e+00
-1.1575000e+00 -3.6054975e+00 -3.2396740e+00 -2.8304638e+00 -2.8220182e+00 -2.6726095e+00 -2.7653000e+00 -2.3781988e+00 -2.9862642e+00 -3.3204723e+00 -2.7203725e+00
-1.1500000e+00 -3.6991829e+00 -3.1617849e+00 -2.8924564e+00 -3.0147425e+00 -2.5280630e+00 -3.1693709e+00 -2.4184519e+00 -2.6726303e+00 -3.8083758e+00 -2.9688527e+00
-1.1425000e+00 -3.8119640e+00 -3.2110939e+00 -3.0022679e+00 -2.9314606e+00 -2.5401180e+00 -3.1299897e+00 -2.5836691e+00 -2.5185675e+00 -3.3343999e+00 -3.3906576e+00
-1.1350000e+00 -3.7700132e+00 -3.3850745e+00 -3.0720808e+00 -2.7773427e+00 -2.7092457e+00 -2.7778287e+00 -2.9115362e+00 -2.4866153e+00 -2.9229912e+00 -4.0105546e+00
-1.1275000e+00 -3.7387563e+00 -3.4161576e+00 -3.0620972e+00 -2.7484060e+00 -3.0066690e+00 -2.5834729e+00 -3.3619980e+00 -2.5718900e+00 -2.7079613e+00 -3.6687869e+00
-1.1200000e+00 -3.8502142e+00 -3.2910872e+00 -3.0297332e+00 -2.8610184e+00 -3.1146682e+00 -2.5614551e+00 -3.2110703e+00 -2.7979442e+00 -2.6283607e+00 -3.1823054e+00
-1.1125000e+00 -3.9170040e+00 -3.3291056e+00 -3.0401244e+00 -3.0292773e+00 -2.8864549e+00 -2.7093979e+00 -2.8289229e+00 -3.2202483e+00 -2.6663001e+00 -2.9254109e+00
-1.1050000e+00 -3.8306457e+00 -3.5172212e+00 -3.1245440e+00 -3.0522854e+00 -2.7422022e+00 -3.0335554e+00 -2.6450544e+00 -3.5970285e+00 -2.8344357e+00 -2.8164554e+00
-1.0975000e+00 -3.9186547e+00 -3.4847043e+00 -3.2279868e+00 -2.9673078e+00 -2.7827355e+00 -3.2662438e+00 -2.6420688e+00 -3.1772103e+00 -3.1832931e+00 -2.8275632e+00
-1.0900000e+00 -4.0117183e+00 -3.4014431e+00 -3.2018656e+00 -2.9565215e+00 -2.9902916e+00 -2.9989345e+00 -2.8212217e+00 -2.8456130e+00 -3.7371853e+00 -2.9648853e+00
-1.0825000e+00 -3.9169635e+00 -3.5288335e+00 -3.1392403e+00 -3.0387260e+00 -3.1676871e+00 -2.7881821e+00 -3.2016929e+00 -2.7265699e+00 -3.5472670e+00 -3.2721037e+00
-1.0750000e+00 -4.0383867e+00 -3.6042750e+00 -3.2288590e+00 -3.1227796e+00 -3.0465749e+00 -2.7903166e+00 -3.4053735e+00 -2.7905216e+00 -3.0956028e+00 -3.8351594e+00
-1.0675000e+00 -4.0554382e+00 -3.5250369e+00 -3.3788943e+00 -3.1400281e+00 -2.9334750e+00 -3.0035901e+00 -3.0513182e+00 -3.0581350e+00 -2.8916052e+00 -3.8964573e+00
-1.0600000e+00 -4.0273045e+00 -3.5898840e+00 -3.2825392e+00 -3.1292364e+00 -2.9959861e+00 -3.2837607e+00 -2.8438360e+00 -3.5253719e+00 -2.8828659e+00 -3.3608351e+00
-1.0525000e+00 -4.1455708e+00 -3.6777460e+00 -3.2546495e+00 -3.1348318e+00 -3.1648159e+00 -3.1549549e+00 -2.8736308e+00 -3.4350527e+00 -3.0698822e+00 -3.0986914e+00
-1.0450000e+00 -4.0999801e+00 -3.6383890e+00 -3.4477924e+00 -3.1981909e+00 -3.1945644e+00 -2.9655624e+00 -3.1405411e+00 -3.0523833e+00 -3.5072048e+00 -3.0464550e+00
-1.0375000e+00 -4.1675346e+00 -3.6714014e+00 -3.4166534e+00 -3.2890485e+00 -3.1168826e+00 -3.0005962e+00 -3.4510668e+00 -2.9254288e+00 -3.7938370e+00 -3.1884473e+00
-1.0300000e+00 -4.1971971e+00 -3.7729332e+00 -3.3419562e+00 -3.2537486e+00 -3.1385926e+00 -3.2286516e+00 -3.2164355e+00 -3.0501604e+00 -3.3258117e+00 -3.5802995e+00
-1.0225000e+00 -4.1992260e+00 -3.7062468e+00 -3.5242128e+00 -3.2285747e+00 -3.2312126e+00 -3.3087611e+00 -3.0164739e+00 -3.4320975e+00 -3.0818498e+00 -4.0763881e+00
-1.0150000e+00 -4.2723451e+00 -3.8066998e+00 -3.4879912e+00 -3.3778302e+00 -3.2726446e+00 -3.1508965e+00 -3.0905388e+00 -3.5776867e+00 -3.1072605e+00 -3.6156098e+00
-1.0075000e+00 -4.2585952e+00 -3.8146682e+00 -3.4615451e+00 -3.3875846e+00 -3.2720192e+00 -3.1488700e+00 -3.3886127e+00 -3.2170906e+00 -3.4110219e+00 -3.2891099e+00
-1.0000000e+00 -4.3222743e+00 -3.8163359e+00 -3.6049237e+00 -3.2984932e+00 -3.2749305e+00 -3.3116330e+00 -3.4129298e+00 -3.1039881e+00 -3.8430310e+00 -3.2536691e+00
-9.9250000e-01 -4.3317761e+00 -3.9107097e+00 -3.5455483e+00 -3.4762757e+00 -3.3268129e+00 -3.3511258e+00 -3.1954571e+00 -3.2989514e+00 -3.4993282e+00 -3.4997349e+00
-9.8500000e-01 -4.3696383e+00 -3.8623426e+00 -3.5984314e+00 -3.4606811e+00 -3.4135099e+00 -3.2804546e+00 -3.2282293e+00 -3.6449886e+00 -3.2435955e+00 -4.0240454e+00
-9.7750000e-01 -4.4063305e+00 -3.9705154e+00 -3.6586171e+00 -3.3976589e+00 -3.3662056e+00 -3.3295777e+00 -3.4647023e+00 -3.4351201e+00 -3.3225938e+00 -3.8020741e+00
-9.7000000e-01 -4.4039445e+00 -3.9302867e+00 -3.6354282e+00 -3.6014642e+00 -3.3868324e+00 -3.4087391e+00 -3.4413414e+00 -3.2599904e+00 -3.7183747e+00 -3.4455747e+00
-9.6250000e-01 -4.4997396e+00 -4.0203286e+00 -3.7157531e+00 -3.4766781e+00 -3.5375133e+00 -3.4212609e+00 -3.3248450e+00 -3.4210559e+00 -3.7462120e+00 -3.4481626e+00
-9.5500000e-01 -4.4630168e+00 -3.9933673e+00 -3.7110539e+00 -3.5755711e+00 -3.4302128e+00 -3.4277312e+00 -3.4387162e+00 -3.6789315e+00 -3.4197538e+00 -3.8109293e+00
-9.4750000e-01 -4.5111364e+00 -4.0853753e+00 -3.7582508e+00 -3.6117501e+00 -3.5072444e+00 -3.4530835e+00 -3.5398359e+00 -3.4778452e+00 -3.4521438e+00 -4.0562201e+00
-9.4000000e-01 -4.5749776e+00 -4.0508921e+00 -3.7792058e+00 -3.5857600e+00 -3.6121913e+00 -3.5411687e+00 -3.4681062e+00 -3.4283498e+00 -3.8094568e+00 -3.6415673e+00
-9.3250000e-01 -4.5582318e+00 -4.1238875e+00 -3.8236849e+00 -3.6916327e+00 -3.4883484e+00 -3.5161469e+00 -3.5148534e+00 -3.6553340e+00 -3.7387527e+00 -3.5794715e+00
-9.2500000e-01 -4.5960585e+00 -4.1626252e+00 -3.8205725e+00 -3.6509568e+00 -3.7039410e+00 -3.5309598e+00 -3.5826669e+00 -3.6396024e+00 -3.5275866e+00 -3.9253699e+00
-9.1750000e-01 -4.6680203e+00 -4.1334811e+00 -3.9118554e+00 -3.7321131e+00 -3.5688494e+00 -3.6656947e+00 -3.5917029e+00 -3.5453461e+00 -3.7089202e+00 -4.0321834e+00
-9.1000000e-01 -4.6890641e+00 -4.2242005e+00 -3.8618723e+00 -3.7309878e+00 -3.7082409e+00 -3.5517337e+00 -3.6087222e+00 -3.6932711e+00 -3.8906707e+00 -3.7085804e+00
-9.0250000e-01 -4.6863508e+00 -4.2357178e+00 -3.9705990e+00 -3.7758239e+00 -3.6703559e+00 -3.7112296e+00 -3.6456210e+00 -3.7094010e+00 -3.6716229e+00 -3.8128953e+00
-8.9500000e-01 -4.7076992e+00 -4.2430558e+00 -3.9434004e+00 -3.7938988e+00 -3.7340743e+00 -3.6581832e+00 -3.7145468e+00 -3.6775497e+00 -3.7667498e+00 -4.1424008e+00
-8.8750000e-01 -4.7511966e+00 -4.3138288e+00 -4.0031811e+00 -3.8527817e+00 -3.7455234e+00 -3.7042469e+00 -3.6617860e+00 -3.7639787e+00 -3.9266486e+00 -3.8772710e+00
-8.8000000e-01 -4.7970285e+00 -4.3388102e+00 -4.0203874e+00 -3.8208457e+00 -3.7907047e+00 -3.7718017e+00 -3.7951848e+00 -3.7762670e+00 -3.7834071e+00 -3.8811615e+00
-8.7250000e-01 -4.8344438e+00 -4.3280416e+00 -4.0332348e+00 -3.9508628e+00 -3.8037708e+00 -3.7325268e+00 -3.7350409e+00 -3.8025122e+00 -3.8945478e+00 -4.1632229e+00
-8.6500000e-01 -4.8662572e+00 -4.3521208e+00 -4.1197792e+00 -3.8825606e+00 -3.8492663e+00 -3.8448192e+00 -3.8170797e+00 -3.8219970e+00 -3.9390656e+00 -3.9703441e+00
-8.5750000e-01 -4.8995877e+00 -4.4062201e+00 -4.1231276e+00 -3.9455775e+00 -3.8733071e+00 -3.7998274e+00 -3.8321851e+00 -3.8986673e+00 -3.9072522e+00 -4.0248289e+00
-8.5000000e-01 -4.9320370e+00 -4.4560753e+00 -4.1059602e+00 -4.0257719e+00 -3.8966836e+00 -3.8778687e+00 -3.8476987e+00 -3.8497627e+00 -3.9935115e+00 -4.1789004e+00
-8.4250000e-01 -4.9542309e+00 -4.4884760e+00 -4.1567525e+00 -3.9844919e+00 -3.9299061e+00 -3.8963545e+00 -3.9049999e+00 -3.9845048e+00 -3.9923673e+00 -4.0486946e+00
-8.3500000e-01 -4.9752783e+00 -4.5127395e+00 -4.2215771e+00 -4.0323801e+00 -3.9938513e+00 -3.8979502e+00 -3.9151800e+00 -3.8986172e+00 -4.0335369e+00 -4.1939734e+00
-8.2750000e-01 -4.9950252e+00 -4.5391597e+00 -4.2466222e+00 -4.0849411e+00 -3.9469886e+00 -3.9845344e+00 -3.9362621e+00 -4.0543275e+00 -4.0548413e+00 -4.1635607e+00
-8.2000000e-01 -5.0086369e+00 -4.5687363e+00 -4.2529756e+00 -4.0887262e+00 -4.0374838e+00 -3.9577720e+00 -4.0233634e+00 -3.9487261e+00 -4.1045213e+00 -4.2085604e+00
-8.1250000e-01 -5.0523456e+00 -4.5958954e+00 -4.2698127e+00 -4.1263662e+00 -4.1027909e+00 -4.0227283e+00 -3.9496987e+00 -4.1354928e+00 -4.0997468e+00 -4.2380090e+00
-8.0500000e-01 -5.1007825e+00 -4.6225136e+00 -4.2992282e+00 -4.1908750e+00 -4.0483868e+00 -4.0297961e+00 -4.1187608e+00 -3.9916849e+00 -4.1769496e+00 -4.2761555e+00
-7.9750000e-01 -5.1243782e+00 -4.6631878e+00 -4.3328482e+00 -4.2276649e+00 -4.0774147e+00 -4.0917987e+00 -4.0242832e+00 -4.2077654e+00 -4.1593157e+00 -4.2789021e+00
-7.9000000e-01 -5.1347664e+00 -4.7055819e+00 -4.3662713e+00 -4.2349298e+00 -4.1635544e+00 -4.1047511e+00 -4.1048651e+00 -4.0702857e+00 -4.2177007e+00 -4.3609696e+00
-7.8250000e-01 -5.1897682e+00 -4.7184774e+00 -4.4015024e+00 -4.2431247e+00 -4.1996013e+00 -4.0889700e+00 -4.1574732e+00 -4.1846727e+00 -4.2628314e+00 -4.3180307e+00
-7.7500000e-01 -5.1988172e+00 -4.7359253e+00 -4.4390322e+00 -4.2654192e+00 -4.2021936e+00 -4.1685224e+00 -4.1416392e+00 -4.2398523e+00 -4.2149539e+00 -4.4373884e+00
-7.6750000e-01 -5.2453058e+00 -4.7539413e+00 -4.4672436e+00 -4.2984269e+00 -4.2251328e+00 -4.2506415e+00 -4.1938782e+00 -4.1566784e+00 -4.4012960e+00 -4.3801261e+00
-7.6000000e-01 -5.2614200e+00 -4.8127030e+00 -4.4809135e+00 -4.3337249e+00 -4.2702594e+00 -4.2406323e+00 -4.2111019e+00 -4.2956362e+00 -4.2540223e+00 -4.4621830e+00
-7.5250000e-01 -5.3125382e+00 -4.8354744e+00 -4.5144759e+00 -4.3622903e+00 -4.3189862e+00 -4.2190989e+00 -4.2410429e+00 -4.3120768e+00 -4.3847152e+00 -4.5106431e+00
-7.4500000e-01 -5.3184227e+00 -4.8503306e+00 -4.5732122e+00 -4.3803286e+00 -4.3605298e+00 -4.2401397e+00 -4.3130165e+00 -4.2795309e+00 -4.4540694e+00 -4.4358825e+00
-7.3750000e-01 -5.3556011e+00 -4.9058827e+00 -4.6034736e+00 -4.4010403e+00 -4.3937313e+00 -4.2884023e+00 -4.3469650e+00 -4.3402143e+00 -4.3494292e+00 -4.6352071e+00
-7.3000000e-01 -5.3983768e+00 -4.9058271e+00 -4.6299500e+00 -4.4469277e+00 -4.4185975e+00 -4.3373182e+00 -4.3317892e+00 -4.3838144e+00 -4.4484739e+00 -4.5445782e+00
-7.2250000e-01 -5.4260290e+00 -4.9608888e+00 -4.6321859e+00 -4.5026040e+00 -4.4344188e+00 -4.3763062e+00 -4.3258101e+00 -4.3994539e+00 -4.5474813e+00 -4.5330978e+00
-7.1500000e-01 -5.4492708e+00 -4.9684747e+00 -4.7019028e+00 -4.5292837e+00 -4.4480619e+00 -4.4096674e+00 -4.3493085e+00 -4.4424439e+00 -4.5084714e+00 -4.7130901e+00
-7.0750000e-01 -5.4733251e+00 -5.0218291e+00 -4.7056572e+00 -4.5631957e+00 -4.4752574e+00 -4.4459495e+00 -4.3900292e+00 -4.4983399e+00 -4.5064894e+00 -4.6911590e+00
-7.0000000e-01 -5.5074621e+00 -5.0460116e+00 -4.7387989e+00 -4.5688075e+00 -4.5102545e+00 -4.4897285e+00 -4.4328450e+00 -4.5327622e+00 -4.5586713e+00 -4.6220642e+00
-6.5000000e-01 -5.7142279e+00 -5.2327133e+00 -4.9444027e+00 -4.7954958e+00 -4.7005525e+00 -4.6460103e+00 -4.6644490e+00 -4.6760546e+00 -4.8284531e+00 -4.8845201e+00
-6.0000000e-01 -5.9010478e+00 -5.4453337e+00 -5.1340669e+00 -4.9929233e+00 -4.8882212e+00 -4.8598413e+00 -4.8861183e+00 -4.8608396e+00 -4.9722344e+00 -5.1406121e+00
-5.5000000e-01 -6.1134320e+00 -5.6441348e+00 -5.3482096e+00 -5.1694872e+00 -5.1136144e+00 -5.0464824e+00 -5.0769045e+00 -5.0829265e+00 -5.1912774e+00 -5.2582772e+00
-5.0000000e-01 -6.3049047e+00 -5.8415437e+00 -5.5489240e+00 -5.3724307e+00 -5.3077891e+00 -5.2694150e+00 -5.2582933e+00 -5.2756937e+00 -5.3815840e+00 -5.4807797e+00
-4.0000000e-01 -6.6662889e+00 -6.2373590e+00 -5.9425299e+00 -5.7836095e+00 -5.7026169e+00 -5.6564216e+00 -5.6691404e+00 -5.6962450e+00 -5.7605789e+00 -5.8950610e+00
-2.0000000e-01 -7.6128682e+00 -6.9937813e+00 -6.7051037e+00 -6.5820342e+00 -6.5000674e+00 -6.4606378e+00 -6.4598415e+00 -6.5007409e+00 -6.5704036e+00 -6.6810360e+00
0.0000000e+00 -8.2894359e+00 -7.7990629e+00 -7.5268691e+00 -7.3576095e+00 -7.2800846e+00 -7.2809965e+00 -7.2660511e+00 -7.2950275e+00 -7.3717703e+00 -7.4876796e+00
2.0000000e-01 -9.0502189e+00 -8.6569876e+00 -8.3430837e+00 -8.1701641e+00 -8.0868979e+00 -8.1147452e+00 -8.0911903e+00 -8.0716737e+00 -8.1894652e+00 -8.2935663e+00
4.0000000e-01 -9.9666568e+00 -9.4062128e+00 -9.1775417e+00 -8.9779904e+00 -8.8974404e+00 -8.8980932e+00 -8.8522424e+00 -8.8999089e+00 -8.9707526e+00 -9.0817226e+00
6.0000000e-01 -1.0725895e+01 -1.0247667e+01 -9.9072777e+00 -9.7707024e+00 -9.6608775e+00 -9.6868996e+00 -9.6369258e+00 -9.6399734e+00 -9.7892005e+00 -9.8728767e+00
8.0000000e-01 -1.1470188e+01 -1.1024078e+01 -1.0756882e+01 -1.0585811e+01 -1.0464863e+01 -1.0461122e+01 -1.0433147e+01 -1.0551208e+01 -1.0542214e+01 -1.0641876e+01
1.0000000e+00 -1.2313974e+01 -1.1840021e+01 -1.1562269e+01 -1.1405470e+01 -1.1256957e+01 -1.1319495e+01 -1.1234210e+01 -1.1271488e+01 -1.1409034e+01 -1.1523700e+01
1.2000000e+00 -1.3072497e+01 -1.2701857e+01 -1.2348495e+01 -1.2151726e+01 -1.2138305e+01 -1.2064630e+01 -1.2084295e+01 -1.2106199e+01 -1.2205688e+01 -1.2292983e+01
1.4000000e+00 -1.3898683e+01 -1.3448705e+01 -1.3112006e+01 -1.2937702e+01 -1.2902729e+01 -1.2821300e+01 -1.2894238e+01 -1.2882720e+01 -1.2948433e+01 -1.3112065e+01
1.6000000e+00 -1.4704904e+01 -1.4246451e+01 -1.3955896e+01 -1.3735766e+01 -1.3700251e+01 -1.3669819e+01 -1.3670749e+01 -1.3653206e+01 -1.3808779e+01 -1.3927978e+01
1.8000000e+00 -1.5557805e+01 -1.5053686e+01 -1.4731649e+01 -1.4595065e+01 -1.4480308e+01 -1.4497837e+01 -1.4483102e+01 -1.4509798e+01 -1.4609498e+01 -1.4703846e+01
2.0000000e+00 -1.6410280e+01 -1.5839649e+01 -1.5625624e+01 -1.5407817e+01 -1.5300442e+01 -1.5236864e+01 -1.5266179e+01 -1.5292671e+01 -1.5348520e+01 -1.5508853e+01