########################################################################
# Reference Counts for Solar Model AGSS09ph                            #
# Column 1: log10(Axion mass in eV)                                    #
#        n>1: log10(Reference photon counts in energy bin n-1)         #
########################################################################
-3.0000000e+00 -6.1267264e-01 -2.9697280e-01 -1.3335625e-01 -8.7095375e-02 -1.1803928e-01 -1.8123129e-01 -2.6967205e-01 -3.8033913e-01 -5.3125844e-01 -7.2675122e-01
-2.8000000e+00 -6.1269298e-01 -2.9698668e-01 -1.3336627e-01 -8.7102934e-02 -1.1804517e-01 -1.8123600e-01 -2.6967592e-01 -3.8034235e-01 -5.3126117e-01 -7.2675356e-01
-2.6000000e+00 -6.1282133e-01 -2.9707427e-01 -1.3342945e-01 -8.7150626e-02 -1.1808234e-01 -1.8126576e-01 -2.6970028e-01 -3.8036266e-01 -5.3127838e-01 -7.2676832e-01
-2.4000000e+00 -6.1363131e-01 -2.9762705e-01 -1.3382814e-01 -8.7451571e-02 -1.1831686e-01 -1.8145353e-01 -2.6985400e-01 -3.8049081e-01 -5.3138699e-01 -7.2686142e-01
-2.2000000e+00 -6.1874848e-01 -3.0111790e-01 -1.3634534e-01 -8.9351343e-02 -1.1979720e-01 -1.8263864e-01 -2.7082418e-01 -3.8129954e-01 -5.3207235e-01 -7.2744897e-01
-2.1500000e+00 -6.2231185e-01 -3.0354739e-01 -1.3809659e-01 -9.0672739e-02 -1.2082669e-01 -1.8346273e-01 -2.7149875e-01 -3.8186183e-01 -5.3254884e-01 -7.2785743e-01
-2.1000000e+00 -6.2797071e-01 -3.0740323e-01 -1.4087494e-01 -9.2768623e-02 -1.2245931e-01 -1.8476946e-01 -2.7256831e-01 -3.8275329e-01 -5.3330423e-01 -7.2850497e-01
-2.0500000e+00 -6.3696797e-01 -3.1352780e-01 -1.4528542e-01 -9.6094436e-02 -1.2504931e-01 -1.8684207e-01 -2.7426451e-01 -3.8416690e-01 -5.3450199e-01 -7.2953163e-01
-2.0000000e+00 -6.5130031e-01 -3.2326879e-01 -1.5229348e-01 -1.0137574e-01 -1.2916043e-01 -1.9013094e-01 -2.7695549e-01 -3.8640919e-01 -5.3640165e-01 -7.3115977e-01
-1.9500000e+00 -6.7420159e-01 -3.3879425e-01 -1.6344591e-01 -1.0977197e-01 -1.3569188e-01 -1.9535357e-01 -2.8122718e-01 -3.8996770e-01 -5.3941580e-01 -7.3374269e-01
-1.9000000e+00 -7.1097979e-01 -3.6362375e-01 -1.8123720e-01 -1.2314500e-01 -1.4608348e-01 -2.0365647e-01 -2.8801451e-01 -3.9561946e-01 -5.4420144e-01 -7.3784263e-01
-1.8500000e+00 -7.7054317e-01 -4.0355642e-01 -2.0973284e-01 -1.4450846e-01 -1.6265491e-01 -2.1688069e-01 -2.9881514e-01 -4.0460703e-01 -5.5180778e-01 -7.4435644e-01
-1.8475000e+00 -7.7435735e-01 -4.0610145e-01 -2.1154394e-01 -1.4586391e-01 -1.6370509e-01 -2.1771807e-01 -2.9949865e-01 -4.0517555e-01 -5.5228877e-01 -7.4476823e-01
-1.8400000e+00 -7.8638496e-01 -4.1411722e-01 -2.1724416e-01 -1.5012817e-01 -1.6700802e-01 -2.2035117e-01 -3.0164760e-01 -4.0696277e-01 -5.5380069e-01 -7.4606255e-01
-1.8325000e+00 -7.9934720e-01 -4.2273923e-01 -2.2336871e-01 -1.5470673e-01 -1.7055276e-01 -2.2317613e-01 -3.0395260e-01 -4.0887945e-01 -5.5542191e-01 -7.4745031e-01
-1.8250000e+00 -8.1332341e-01 -4.3201616e-01 -2.2995056e-01 -1.5962351e-01 -1.7435747e-01 -2.2620723e-01 -3.0642517e-01 -4.1093509e-01 -5.5716043e-01 -7.4893830e-01
-1.8175000e+00 -8.2840083e-01 -4.4200106e-01 -2.3702548e-01 -1.6490437e-01 -1.7844172e-01 -2.2945982e-01 -3.0907772e-01 -4.1313991e-01 -5.5902484e-01 -7.5053385e-01
-1.8100000e+00 -8.4467559e-01 -4.5275184e-01 -2.4463227e-01 -1.7057729e-01 -1.8282665e-01 -2.3295048e-01 -3.1192359e-01 -4.1550492e-01 -5.6102437e-01 -7.5224481e-01
-1.8025000e+00 -8.6225393e-01 -4.6433178e-01 -2.5281312e-01 -1.7667258e-01 -1.8753511e-01 -2.3669705e-01 -3.1497716e-01 -4.1804194e-01 -5.6316895e-01 -7.5407964e-01
-1.7950000e+00 -8.8125351e-01 -4.7681018e-01 -2.6161388e-01 -1.8322305e-01 -1.9259178e-01 -2.4071882e-01 -3.1825392e-01 -4.2076372e-01 -5.6546928e-01 -7.5604743e-01
-1.7875000e+00 -9.0180511e-01 -4.9026305e-01 -2.7108454e-01 -1.9026430e-01 -1.9802333e-01 -2.4503657e-01 -3.2177056e-01 -4.2368397e-01 -5.6793685e-01 -7.5815794e-01
-1.7800000e+00 -9.2405450e-01 -5.0477395e-01 -2.8127959e-01 -1.9783499e-01 -2.0385865e-01 -2.4967278e-01 -3.2554510e-01 -4.2681747e-01 -5.7058403e-01 -7.6042168e-01
-1.7725000e+00 -9.4816477e-01 -5.2043488e-01 -2.9225854e-01 -2.0597710e-01 -2.1012903e-01 -2.5465170e-01 -3.2959696e-01 -4.3018014e-01 -5.7342414e-01 -7.6284996e-01
-1.7650000e+00 -9.7431916e-01 -5.3734748e-01 -3.0408650e-01 -2.1473632e-01 -2.1686837e-01 -2.5999959e-01 -3.3394710e-01 -4.3378915e-01 -5.7647154e-01 -7.6545495e-01
-1.7575000e+00 -1.0027244e+00 -5.5562422e-01 -3.1683481e-01 -2.2416241e-01 -2.2411347e-01 -2.6574486e-01 -3.3861819e-01 -4.3766302e-01 -5.7974169e-01 -7.6824975e-01
-1.7500000e+00 -1.0336151e+00 -5.7538999e-01 -3.3058180e-01 -2.3430963e-01 -2.3190428e-01 -2.7191825e-01 -3.4363470e-01 -4.4182173e-01 -5.8325125e-01 -7.7124846e-01
-1.7425000e+00 -1.0672586e+00 -5.9678393e-01 -3.4541363e-01 -2.4523727e-01 -2.4028425e-01 -2.7855311e-01 -3.4902309e-01 -4.4628685e-01 -5.8701819e-01 -7.7446629e-01
-1.7350000e+00 -1.1039618e+00 -6.1996153e-01 -3.6142533e-01 -2.5701018e-01 -2.4930065e-01 -2.8568559e-01 -3.5481203e-01 -4.5108169e-01 -5.9106191e-01 -7.7791962e-01
-1.7275000e+00 -1.1440794e+00 -6.4509733e-01 -3.7872194e-01 -2.6969941e-01 -2.5900503e-01 -2.9335497e-01 -3.6103253e-01 -4.5623144e-01 -5.9540333e-01 -7.8162612e-01
-1.7200000e+00 -1.1880246e+00 -6.7238805e-01 -3.9741987e-01 -2.8338300e-01 -2.6945364e-01 -3.0160392e-01 -3.6771824e-01 -4.6176336e-01 -6.0006507e-01 -7.8560483e-01
-1.7125000e+00 -1.2362826e+00 -7.0205655e-01 -4.1764860e-01 -2.9814679e-01 -2.8070793e-01 -3.1047891e-01 -3.7490564e-01 -4.6770695e-01 -6.0507155e-01 -7.8987634e-01
-1.7050000e+00 -1.2894297e+00 -7.3435662e-01 -4.3955255e-01 -3.1408547e-01 -2.9283524e-01 -3.2003055e-01 -3.8263436e-01 -4.7409417e-01 -6.1044920e-01 -7.9446285e-01
-1.6975000e+00 -1.3481572e+00 -7.6957912e-01 -4.6329347e-01 -3.3130371e-01 -3.0590938e-01 -3.3031406e-01 -3.9094749e-01 -4.8095969e-01 -6.1622662e-01 -7.9938838e-01
-1.6900000e+00 -1.4133056e+00 -8.0805964e-01 -4.8905322e-01 -3.4991755e-01 -3.2001148e-01 -3.4138979e-01 -3.9989193e-01 -4.8834113e-01 -6.2243478e-01 -8.0467888e-01
-1.6825000e+00 -1.4859111e+00 -8.5018841e-01 -5.1703727e-01 -3.7005603e-01 -3.3523092e-01 -3.5332381e-01 -4.0951877e-01 -4.9627936e-01 -6.2910725e-01 -8.1036243e-01
-1.6750000e+00 -1.5672717e+00 -8.9642319e-01 -5.4747895e-01 -3.9186316e-01 -3.5166636e-01 -3.6618854e-01 -4.1988380e-01 -5.0481882e-01 -6.3628046e-01 -8.1646945e-01
-1.6675000e+00 -1.6590426e+00 -9.4730624e-01 -5.8064473e-01 -4.1550020e-01 -3.6942702e-01 -3.8006356e-01 -4.3104799e-01 -5.1400795e-01 -6.4399397e-01 -8.2303291e-01
-1.6600000e+00 -1.7633741e+00 -1.0034873e+00 -6.1684098e-01 -4.4114857e-01 -3.8863414e-01 -3.9503648e-01 -4.4307807e-01 -5.2389952e-01 -6.5229079e-01 -8.3008856e-01
-1.6525000e+00 -1.8831120e+00 -1.0657547e+00 -6.5642245e-01 -4.6901323e-01 -4.0942278e-01 -4.1120399e-01 -4.5604726e-01 -5.3455118e-01 -6.6121774e-01 -8.3767524e-01
-1.6450000e+00 -2.0220740e+00 -1.1350794e+00 -6.9980340e-01 -4.9932703e-01 -4.3194389e-01 -4.2867308e-01 -4.7003600e-01 -5.4602597e-01 -6.7082584e-01 -8.4583513e-01
-1.6375000e+00 -2.1853547e+00 -1.2126773e+00 -7.4747209e-01 -5.3235599e-01 -4.5636688e-01 -4.4756246e-01 -4.8513290e-01 -5.5839297e-01 -6.8117078e-01 -8.5461417e-01
-1.6300000e+00 -2.3792599e+00 -1.3001002e+00 -8.0001018e-01 -5.6840607e-01 -4.8288267e-01 -4.6800427e-01 -5.0143578e-01 -5.7172799e-01 -6.9231343e-01 -8.6406240e-01
-1.6225000e+00 -2.6086421e+00 -1.3993728e+00 -8.5811911e-01 -6.0783174e-01 -5.1170753e-01 -4.9014615e-01 -5.1905291e-01 -5.8611442e-01 -7.0432043e-01 -8.7423441e-01
-1.6150000e+00 -2.8608597e+00 -1.5132016e+00 -9.2265673e-01 -6.5104714e-01 -5.4308781e-01 -5.1415364e-01 -5.3810450e-01 -6.0164418e-01 -7.1726487e-01 -8.8518985e-01
-1.6075000e+00 -3.0481959e+00 -1.6452995e+00 -9.9468924e-01 -6.9854076e-01 -5.7730578e-01 -5.4021320e-01 -5.5872442e-01 -6.1841886e-01 -7.3122709e-01 -8.9699401e-01
-1.6000000e+00 -3.0142150e+00 -1.8008823e+00 -1.0755669e+00 -7.5089507e-01 -6.1468721e-01 -5.6853586e-01 -5.8106228e-01 -6.3655103e-01 -7.4629557e-01 -9.0971848e-01
-1.5925000e+00 -2.8155321e+00 -1.9873325e+00 -1.1670373e+00 -8.0881330e-01 -6.5561102e-01 -5.9936175e-01 -6.0528599e-01 -6.5616581e-01 -7.6256799e-01 -9.2344189e-01
-1.5850000e+00 -2.6033891e+00 -2.2144164e+00 -1.2714204e+00 -8.7315669e-01 -7.0052188e-01 -6.3296577e-01 -6.3158477e-01 -6.7740275e-01 -7.8015250e-01 -9.3825081e-01
-1.5775000e+00 -2.4256905e+00 -2.4891405e+00 -1.3918881e+00 -9.4499779e-01 -7.4994696e-01 -6.6966480e-01 -6.6017294e-01 -7.0041804e-01 -7.9916914e-01 -9.5424077e-01
-1.5700000e+00 -2.2848379e+00 -2.7751663e+00 -1.5329238e+00 -1.0256983e+00 -8.0451858e-01 -7.0982695e-01 -6.9129459e-01 -7.2538727e-01 -8.1975164e-01 -9.7151745e-01
-1.5625000e+00 -2.1754768e+00 -2.8741521e+00 -1.7010925e+00 -1.1170272e+00 -8.6500541e-01 -7.5388358e-01 -7.2522942e-01 -7.5250868e-01 -8.4204947e-01 -9.9019812e-01
-1.5550000e+00 -2.0926233e+00 -2.6781239e+00 -1.9062640e+00 -1.2213445e+00 -9.3235653e-01 -8.0234524e-01 -7.6230020e-01 -7.8200729e-01 -8.6623036e-01 -1.0104133e+00
-1.5475000e+00 -2.0327475e+00 -2.4198085e+00 -2.1627876e+00 -1.3419018e+00 -1.0077652e+00 -8.5582322e-01 -8.0288230e-01 -8.1413999e-01 -8.9248339e-01 -1.0323087e+00
-1.5400000e+00 -1.9936203e+00 -2.2041540e+00 -2.4829694e+00 -1.4833508e+00 -1.0927639e+00 -9.1505906e-01 -8.4741628e-01 -8.4920191e-01 -9.2102274e-01 -1.0560479e+00
-1.5325000e+00 -1.9740513e+00 -2.0363013e+00 -2.7991645e+00 -1.6526433e+00 -1.1893714e+00 -9.8096625e-01 -8.9642442e-01 -8.8753470e-01 -9.5209235e-01 -1.0818148e+00
-1.5250000e+00 -1.9737074e+00 -1.9071256e+00 -2.7838022e+00 -1.8606488e+00 -1.3003284e+00 -1.0546903e+00 -9.5053323e-01 -9.2953705e-01 -9.8597186e-01 -1.1098177e+00
-1.5175000e+00 -1.9930306e+00 -1.8088605e+00 -2.4855142e+00 -2.1247117e+00 -1.4294938e+00 -1.1376980e+00 -1.0105045e+00 -9.7567869e-01 -1.0229840e+00 -1.1402936e+00
-1.5100000e+00 -2.0332448e+00 -1.7362793e+00 -2.2071527e+00 -2.4674543e+00 -1.5825461e+00 -1.2319157e+00 -1.0772791e+00 -1.0265191e+00 -1.0635041e+00 -1.1735137e+00
-1.5025000e+00 -2.0964513e+00 -1.6861108e+00 -1.9938881e+00 -2.8449613e+00 -1.7682942e+00 -1.3399491e+00 -1.1520406e+00 -1.0827328e+00 -1.1079731e+00 -1.2097905e+00
-1.4950000e+00 -2.1858031e+00 -1.6564921e+00 -1.8323793e+00 -2.8447138e+00 -2.0012131e+00 -1.4654550e+00 -1.2363111e+00 -1.1451451e+00 -1.1569136e+00 -1.2494869e+00
-1.4875000e+00 -2.3056947e+00 -1.6466287e+00 -1.7097215e+00 -2.4944884e+00 -2.3058046e+00 -1.6137997e+00 -1.3320982e+00 -1.2147826e+00 -1.2109530e+00 -1.2930282e+00
-1.4800000e+00 -2.4615914e+00 -1.6566246e+00 -1.6175116e+00 -2.1892835e+00 -2.7115972e+00 -1.7933077e+00 -1.4421359e+00 -1.2929479e+00 -1.2708546e+00 -1.3409175e+00
-1.4725000e+00 -2.6576522e+00 -1.6874464e+00 -1.5505689e+00 -1.9635589e+00 -3.0569984e+00 -2.0177873e+00 -1.5702912e+00 -1.3813329e+00 -1.3375617e+00 -1.3937574e+00
-1.4650000e+00 -2.8839680e+00 -1.7410096e+00 -1.5058156e+00 -1.7953227e+00 -2.7971639e+00 -2.3117486e+00 -1.7223030e+00 -1.4821979e+00 -1.4122626e+00 -1.4522784e+00
-1.4575000e+00 -3.0721317e+00 -1.8204026e+00 -1.4816148e+00 -1.6684947e+00 -2.4115692e+00 -2.7163336e+00 -1.9072154e+00 -1.5986684e+00 -1.4964867e+00 -1.5173805e+00
-1.4500000e+00 -3.0828826e+00 -1.9302777e+00 -1.4774192e+00 -1.5734038e+00 -2.1288596e+00 -3.1765833e+00 -2.1404016e+00 -1.7352533e+00 -1.5922560e+00 -1.5901928e+00
-1.4425000e+00 -2.9296139e+00 -2.0773708e+00 -1.4936228e+00 -1.5042957e+00 -1.9239059e+00 -3.0037991e+00 -2.4503083e+00 -1.8988171e+00 -1.7023306e+00 -1.6721617e+00
-1.4350000e+00 -2.7535701e+00 -2.2705424e+00 -1.5315683e+00 -1.4578064e+00 -1.7714738e+00 -2.5655785e+00 -2.8886779e+00 -2.1005579e+00 -1.8306305e+00 -1.7651885e+00
-1.4275000e+00 -2.6168647e+00 -2.5160376e+00 -1.5937093e+00 -1.4321474e+00 -1.6569773e+00 -2.2508837e+00 -3.3755960e+00 -2.3604394e+00 -1.9830088e+00 -1.8718511e+00
-1.4200000e+00 -2.5296258e+00 -2.7836066e+00 -1.6839741e+00 -1.4266920e+00 -1.5720412e+00 -2.0278824e+00 -3.0810500e+00 -2.7177676e+00 -2.1687867e+00 -1.9957805e+00
-1.4125000e+00 -2.4907184e+00 -2.9045359e+00 -1.8084291e+00 -1.4418023e+00 -1.5117845e+00 -1.8639241e+00 -2.6257957e+00 -3.2406431e+00 -2.4041255e+00 -2.1423434e+00
-1.4050000e+00 -2.4988205e+00 -2.7517489e+00 -1.9763455e+00 -1.4788322e+00 -1.4734468e+00 -1.7412207e+00 -2.3156878e+00 -3.5494586e+00 -2.7203126e+00 -2.3199791e+00
-1.3975000e+00 -2.5544386e+00 -2.5253206e+00 -2.2011505e+00 -1.5403046e+00 -1.4556981e+00 -1.6499034e+00 -2.0975752e+00 -3.0246699e+00 -3.1836960e+00 -2.5430996e+00
-1.3900000e+00 -2.6594404e+00 -2.3451635e+00 -2.4945256e+00 -1.6303243e+00 -1.4583122e+00 -1.5843089e+00 -1.9374881e+00 -2.6141521e+00 -3.7787671e+00 -2.8392108e+00
-1.3825000e+00 -2.8135684e+00 -2.2255697e+00 -2.8004635e+00 -1.7553769e+00 -1.4820623e+00 -1.5412176e+00 -1.8178792e+00 -2.3396627e+00 -3.4172680e+00 -3.2682817e+00
-1.3750000e+00 -3.0006770e+00 -2.1618500e+00 -2.8230837e+00 -1.9257964e+00 -1.5287985e+00 -1.5189973e+00 -1.7291567e+00 -2.1442467e+00 -2.9131216e+00 -3.9164110e+00
-1.3675000e+00 -3.1532136e+00 -2.1502361e+00 -2.5575485e+00 -2.1580638e+00 -1.6017338e+00 -1.5171937e+00 -1.6658593e+00 -1.9998432e+00 -2.5892985e+00 -3.7886914e+00
-1.3600000e+00 -3.1643784e+00 -2.1904669e+00 -2.3055688e+00 -2.4737779e+00 -1.7060506e+00 -1.5363797e+00 -1.6249149e+00 -1.8920522e+00 -2.3656315e+00 -3.2111103e+00
-1.3525000e+00 -3.0553227e+00 -2.2857415e+00 -2.1292886e+00 -2.8389987e+00 -1.8500980e+00 -1.5781979e+00 -1.6048098e+00 -1.8129350e+00 -2.2026572e+00 -2.8499106e+00
-1.3450000e+00 -2.9385043e+00 -2.4412997e+00 -2.0208137e+00 -2.8804863e+00 -2.0477300e+00 -1.6456113e+00 -1.6052004e+00 -1.7579807e+00 -2.0812777e+00 -2.6064896e+00
-1.3375000e+00 -2.8701852e+00 -2.6555561e+00 -1.9709308e+00 -2.5586457e+00 -2.3223166e+00 -1.7434658e+00 -1.6267809e+00 -1.7247285e+00 -1.9913331e+00 -2.4311952e+00
-1.3300000e+00 -2.8641156e+00 -2.8770771e+00 -1.9758388e+00 -2.2758338e+00 -2.7030070e+00 -1.8796310e+00 -1.6713502e+00 -1.7121141e+00 -1.9271142e+00 -2.3011301e+00
-1.3225000e+00 -2.9214341e+00 -2.9390202e+00 -2.0369486e+00 -2.0850492e+00 -3.0591312e+00 -2.0673462e+00 -1.7421018e+00 -1.7201823e+00 -1.8854276e+00 -2.2044610e+00
-1.3150000e+00 -3.0364127e+00 -2.7978554e+00 -2.1607577e+00 -1.9686762e+00 -2.8476013e+00 -2.3300570e+00 -1.8442649e+00 -1.7500296e+00 -1.8646961e+00 -2.1346228e+00
-1.3075000e+00 -3.1842342e+00 -2.6327520e+00 -2.3579820e+00 -1.9140447e+00 -2.4786369e+00 -2.7072872e+00 -1.9864242e+00 -1.8039509e+00 -1.8645440e+00 -2.0879236e+00
-1.3000000e+00 -3.2956665e+00 -2.5317051e+00 -2.6298191e+00 -1.9162507e+00 -2.2206017e+00 -3.1638218e+00 -2.1833378e+00 -1.8858503e+00 -1.8856550e+00 -2.0624552e+00
-1.2925000e+00 -3.2933204e+00 -2.5091699e+00 -2.8739587e+00 -1.9767728e+00 -2.0563240e+00 -3.0503694e+00 -2.4622051e+00 -2.0021142e+00 -1.9298385e+00 -2.0575858e+00
-1.2850000e+00 -3.2124829e+00 -2.5653482e+00 -2.8159843e+00 -2.1035102e+00 -1.9633486e+00 -2.6261010e+00 -2.8726822e+00 -2.1634494e+00 -2.0003300e+00 -2.0737631e+00
-1.2775000e+00 -3.1446287e+00 -2.6959544e+00 -2.5817487e+00 -2.3117768e+00 -1.9308656e+00 -2.3314416e+00 -3.3646168e+00 -2.3890167e+00 -2.1024657e+00 -2.1125349e+00
-1.2700000e+00 -3.1394483e+00 -2.8740361e+00 -2.4025728e+00 -2.6165138e+00 -1.9563897e+00 -2.1448886e+00 -3.1319103e+00 -2.7162599e+00 -2.2450996e+00 -2.1767939e+00
-1.2625000e+00 -3.2134524e+00 -3.0028989e+00 -2.3177398e+00 -2.9247826e+00 -2.0444165e+00 -2.0359818e+00 -2.6854033e+00 -3.2120047e+00 -2.4437532e+00 -2.2713584e+00
-1.2550000e+00 -3.3557092e+00 -2.9757855e+00 -2.3258576e+00 -2.8456259e+00 -2.2076223e+00 -1.9902923e+00 -2.3958518e+00 -3.5732731e+00 -2.7283195e+00 -2.4041986e+00
-1.2475000e+00 -3.4825199e+00 -2.8712288e+00 -2.4272685e+00 -2.5535534e+00 -2.4696225e+00 -2.0034550e+00 -2.2157193e+00 -3.0787759e+00 -3.1617964e+00 -2.5891456e+00
-1.2400000e+00 -3.4590118e+00 -2.8054354e+00 -2.6210334e+00 -2.3469307e+00 -2.8461376e+00 -2.0787261e+00 -2.1127901e+00 -2.6771543e+00 -3.7581481e+00 -2.8525200e+00
-1.2325000e+00 -3.3537536e+00 -2.8158542e+00 -2.8558341e+00 -2.2505102e+00 -3.0800021e+00 -2.2279294e+00 -2.0730306e+00 -2.4289703e+00 -3.4713535e+00 -3.2510734e+00
-1.2250000e+00 -3.3205391e+00 -2.8992158e+00 -2.9239317e+00 -2.2560879e+00 -2.7888470e+00 -2.4759243e+00 -2.0927736e+00 -2.2781442e+00 -2.9691923e+00 -3.8773480e+00
-1.2175000e+00 -3.4158772e+00 -3.0225150e+00 -2.7710183e+00 -2.3650901e+00 -2.4858164e+00 -2.8602279e+00 -2.1763393e+00 -2.1987556e+00 -2.6639952e+00 -3.8431113e+00
-1.2100000e+00 -3.5940862e+00 -3.1121537e+00 -2.6291441e+00 -2.5861594e+00 -2.3133610e+00 -3.2334715e+00 -2.3376304e+00 -2.1807327e+00 -2.4774038e+00 -3.2648463e+00
-1.2025000e+00 -3.6318741e+00 -3.1079326e+00 -2.5912976e+00 -2.8813881e+00 -2.2555691e+00 -2.9657156e+00 -2.6066097e+00 -2.2233945e+00 -2.3709994e+00 -2.9172536e+00
-1.1950000e+00 -3.5107398e+00 -3.0531434e+00 -2.6658592e+00 -2.9594821e+00 -2.3046634e+00 -2.6043375e+00 -3.0332830e+00 -2.3345232e+00 -2.3290957e+00 -2.7065118e+00
-1.1875000e+00 -3.4833278e+00 -3.0267670e+00 -2.8291313e+00 -2.7349561e+00 -2.4697462e+00 -2.3946911e+00 -3.4090451e+00 -2.5340246e+00 -2.3475602e+00 -2.5830805e+00
-1.1800000e+00 -3.6143074e+00 -3.0726856e+00 -2.9755549e+00 -2.5549370e+00 -2.7676288e+00 -2.3106685e+00 -3.0327836e+00 -2.8649110e+00 -2.4308315e+00 -2.5269071e+00
-1.1725000e+00 -3.7489620e+00 -3.1918998e+00 -2.9575826e+00 -2.5097453e+00 -3.0859697e+00 -2.3377556e+00 -2.6633234e+00 -3.3829098e+00 -2.5938101e+00 -2.5315529e+00
-1.1650000e+00 -3.6802154e+00 -3.2938927e+00 -2.8631255e+00 -2.6026827e+00 -2.9558550e+00 -2.4831921e+00 -2.4618967e+00 -3.4913810e+00 -2.8706265e+00 -2.5995726e+00
-1.1575000e+00 -3.6257616e+00 -3.2483440e+00 -2.8328338e+00 -2.8180115e+00 -2.6697643e+00 -2.7742514e+00 -2.3882814e+00 -2.9942180e+00 -3.3338588e+00 -2.7433740e+00
-1.1500000e+00 -3.7195874e+00 -3.1701669e+00 -2.8941816e+00 -3.0119771e+00 -2.5262235e+00 -3.1779988e+00 -2.4283888e+00 -2.6803480e+00 -3.8194503e+00 -2.9925516e+00
-1.1425000e+00 -3.8352967e+00 -3.2198856e+00 -3.0046465e+00 -2.9299455e+00 -2.5393045e+00 -3.1350000e+00 -2.5934197e+00 -2.5261249e+00 -3.3427833e+00 -3.4156160e+00
-1.1350000e+00 -3.7916358e+00 -3.3943359e+00 -3.0757949e+00 -2.7751698e+00 -2.7095333e+00 -2.7832786e+00 -2.9210127e+00 -2.4940372e+00 -2.9323155e+00 -4.0350658e+00
-1.1275000e+00 -3.7587533e+00 -3.4252258e+00 -3.0655249e+00 -2.7452211e+00 -3.0073593e+00 -2.5899265e+00 -3.3714945e+00 -2.5791678e+00 -2.7179533e+00 -3.6875979e+00
-1.1200000e+00 -3.8723710e+00 -3.2998163e+00 -3.0319622e+00 -2.8571179e+00 -3.1122849e+00 -2.5688339e+00 -3.2216183e+00 -2.8050348e+00 -2.6388831e+00 -3.2024646e+00
-1.1125000e+00 -3.9392285e+00 -3.3377123e+00 -3.0421804e+00 -3.0259960e+00 -2.8833542e+00 -2.7177674e+00 -2.8393469e+00 -3.2271128e+00 -2.6773591e+00 -2.9464864e+00
-1.1050000e+00 -3.8511364e+00 -3.5261677e+00 -3.1275435e+00 -3.0505320e+00 -2.7403580e+00 -3.0427021e+00 -2.6552459e+00 -3.6047170e+00 -2.8461830e+00 -2.8381980e+00
-1.0975000e+00 -3.9401834e+00 -3.4940002e+00 -3.2314528e+00 -2.9651045e+00 -2.7823566e+00 -3.2726388e+00 -2.6520296e+00 -3.1852394e+00 -3.1961369e+00 -2.8499352e+00
-1.0900000e+00 -4.0338427e+00 -3.4100817e+00 -3.2043537e+00 -2.9530988e+00 -2.9909670e+00 -3.0040763e+00 -2.8308979e+00 -2.8533318e+00 -3.7503667e+00 -2.9880179e+00
-1.0825000e+00 -3.9378046e+00 -3.5372964e+00 -3.1415459e+00 -3.0350077e+00 -3.1663451e+00 -2.7945700e+00 -3.2110557e+00 -2.7340509e+00 -3.5555298e+00 -3.2964098e+00
-1.0750000e+00 -4.0597195e+00 -3.6138087e+00 -3.2317554e+00 -3.1203641e+00 -3.0434554e+00 -2.7980419e+00 -3.4155839e+00 -2.7977754e+00 -3.1047776e+00 -3.8609100e+00
-1.0675000e+00 -4.0775948e+00 -3.5337688e+00 -3.3819802e+00 -3.1380099e+00 -2.9317325e+00 -3.0125282e+00 -3.0618293e+00 -3.0651178e+00 -2.9017276e+00 -3.9154181e+00
-1.0600000e+00 -4.0476851e+00 -3.5982858e+00 -3.2850895e+00 -3.1259475e+00 -2.9960500e+00 -3.2913695e+00 -2.8540497e+00 -3.5323911e+00 -2.8938461e+00 -3.3807225e+00
-1.0525000e+00 -4.1681171e+00 -3.6873049e+00 -3.2572056e+00 -3.1313326e+00 -3.1648288e+00 -3.1600702e+00 -2.8834985e+00 -3.4431552e+00 -3.0819251e+00 -3.1198607e+00
-1.0450000e+00 -4.1206462e+00 -3.6469083e+00 -3.4506483e+00 -3.1958043e+00 -3.1918624e+00 -2.9719817e+00 -3.1500040e+00 -3.0601744e+00 -3.5207090e+00 -3.0686610e+00
-1.0375000e+00 -4.1893433e+00 -3.6801807e+00 -3.4195479e+00 -3.2865975e+00 -3.1147186e+00 -3.0087609e+00 -3.4608944e+00 -2.9328744e+00 -3.8034035e+00 -3.2118328e+00
-1.0300000e+00 -4.2184422e+00 -3.7821673e+00 -3.3444685e+00 -3.2502986e+00 -3.1385220e+00 -3.2374366e+00 -3.2269797e+00 -3.0572697e+00 -3.3345667e+00 -3.6054402e+00
-1.0225000e+00 -4.2205084e+00 -3.7147712e+00 -3.5268655e+00 -3.2256864e+00 -3.2308042e+00 -3.3144835e+00 -3.0266888e+00 -3.4389793e+00 -3.0918995e+00 -4.0987589e+00
-1.0150000e+00 -4.2940382e+00 -3.8157857e+00 -3.4910558e+00 -3.3754116e+00 -3.2700025e+00 -3.1568624e+00 -3.1002735e+00 -3.5856637e+00 -3.1185954e+00 -3.6348572e+00
-1.0075000e+00 -4.2795198e+00 -3.8234837e+00 -3.4638899e+00 -3.3843961e+00 -3.2706396e+00 -3.1569448e+00 -3.3980537e+00 -3.2249305e+00 -3.4240023e+00 -3.3100967e+00
-1.0000000e+00 -4.3442368e+00 -3.8250709e+00 -3.6078536e+00 -3.2955528e+00 -3.2749037e+00 -3.3200704e+00 -3.4233549e+00 -3.1113678e+00 -3.8545970e+00 -3.2761886e+00
-9.9250000e-01 -4.3527166e+00 -3.9198159e+00 -3.5483666e+00 -3.4736078e+00 -3.3250351e+00 -3.3567653e+00 -3.2058011e+00 -3.3059046e+00 -3.5078406e+00 -3.5241218e+00
-9.8500000e-01 -4.3910790e+00 -3.8709105e+00 -3.6007796e+00 -3.4577022e+00 -3.4115928e+00 -3.2871316e+00 -3.2379868e+00 -3.6523471e+00 -3.2536542e+00 -4.0488766e+00
-9.7750000e-01 -4.4280805e+00 -3.9797719e+00 -3.6618214e+00 -3.3947267e+00 -3.3658952e+00 -3.3381688e+00 -3.4742381e+00 -3.4431166e+00 -3.3344531e+00 -3.8210302e+00
-9.7000000e-01 -4.4248516e+00 -3.9387494e+00 -3.6377050e+00 -3.5986590e+00 -3.3853253e+00 -3.4154710e+00 -3.4518147e+00 -3.2674397e+00 -3.7317795e+00 -3.4664711e+00
-9.6250000e-01 -4.5215580e+00 -4.0296355e+00 -3.7188645e+00 -3.4738186e+00 -3.5358467e+00 -3.4273912e+00 -3.3350175e+00 -3.4279921e+00 -3.7548672e+00 -3.4711774e+00
-9.5500000e-01 -4.4839950e+00 -4.0018795e+00 -3.7134766e+00 -3.5725044e+00 -3.4295313e+00 -3.4360516e+00 -3.4482419e+00 -3.6864861e+00 -3.4293103e+00 -3.8363249e+00
-9.4750000e-01 -4.5326886e+00 -4.0944577e+00 -3.7611653e+00 -3.6091486e+00 -3.5056977e+00 -3.4600229e+00 -3.5499741e+00 -3.4857258e+00 -3.4639483e+00 -4.0762856e+00
-9.4000000e-01 -4.5969794e+00 -4.0596941e+00 -3.7817856e+00 -3.5825734e+00 -3.6109843e+00 -3.5475638e+00 -3.4784613e+00 -3.4355396e+00 -3.8225362e+00 -3.6617305e+00
-9.3250000e-01 -4.5792159e+00 -4.1327220e+00 -3.8264510e+00 -3.6891045e+00 -3.4873042e+00 -3.5242445e+00 -3.5244633e+00 -3.6623929e+00 -3.7473125e+00 -3.6023240e+00
-9.2500000e-01 -4.6170846e+00 -4.1714851e+00 -3.8232760e+00 -3.6477678e+00 -3.7025103e+00 -3.5375742e+00 -3.5927381e+00 -3.6475754e+00 -3.5378377e+00 -3.9507895e+00
-9.1750000e-01 -4.6896934e+00 -4.1422306e+00 -3.9145547e+00 -3.7295579e+00 -3.5676725e+00 -3.6729435e+00 -3.6020150e+00 -3.5526722e+00 -3.7218714e+00 -4.0516697e+00
-9.1000000e-01 -4.7105438e+00 -4.2333455e+00 -3.8645190e+00 -3.7277790e+00 -3.7072037e+00 -3.5591542e+00 -3.6183434e+00 -3.7003142e+00 -3.9005557e+00 -3.7294855e+00
-9.0250000e-01 -4.7073022e+00 -4.2444799e+00 -3.9735374e+00 -3.7732722e+00 -3.6688561e+00 -3.7179455e+00 -3.6558718e+00 -3.7173243e+00 -3.6811256e+00 -3.8372257e+00
-8.9500000e-01 -4.7285487e+00 -4.2516342e+00 -3.9458088e+00 -3.7907010e+00 -3.7333117e+00 -3.6656556e+00 -3.7245534e+00 -3.6847690e+00 -3.7793781e+00 -4.1648999e+00
-8.8750000e-01 -4.7723101e+00 -4.3227767e+00 -4.0060880e+00 -3.8501414e+00 -3.7438179e+00 -3.7112505e+00 -3.6716299e+00 -3.7712647e+00 -3.9368679e+00 -3.8972092e+00
-8.8000000e-01 -4.8185028e+00 -4.3478150e+00 -4.0231896e+00 -3.8178584e+00 -3.7900559e+00 -3.7789938e+00 -3.8054965e+00 -3.7840604e+00 -3.7930763e+00 -3.9049823e+00
-8.7250000e-01 -4.8562008e+00 -4.3368275e+00 -4.0357249e+00 -3.9479572e+00 -3.8020601e+00 -3.7397948e+00 -3.7448088e+00 -3.8095322e+00 -3.9073422e+00 -4.1861281e+00
-8.6500000e-01 -4.8881275e+00 -4.3609059e+00 -4.1225625e+00 -3.8797035e+00 -3.8484567e+00 -3.8517481e+00 -3.8273108e+00 -3.8297231e+00 -3.9483886e+00 -3.9904051e+00
-8.5750000e-01 -4.9213503e+00 -4.4151815e+00 -4.1258826e+00 -3.9427200e+00 -3.8719634e+00 -3.8073027e+00 -3.8420373e+00 -3.9059137e+00 -3.9182469e+00 -4.0492417e+00
-8.5000000e-01 -4.9536603e+00 -4.4651676e+00 -4.1085738e+00 -4.0228655e+00 -3.8952951e+00 -3.8845914e+00 -3.8578131e+00 -3.8572225e+00 -4.0051245e+00 -4.1999170e+00
-8.4250000e-01 -4.9759526e+00 -4.4975538e+00 -4.1595250e+00 -3.9814665e+00 -3.9291341e+00 -3.9040208e+00 -3.9149331e+00 -3.9919796e+00 -4.0018134e+00 -4.0701740e+00
-8.3500000e-01 -4.9968601e+00 -4.5217136e+00 -4.2245083e+00 -4.0295967e+00 -3.9921899e+00 -3.9047183e+00 -3.9252361e+00 -3.9059718e+00 -4.0458433e+00 -4.2183537e+00
-8.2750000e-01 -5.0162253e+00 -4.5480128e+00 -4.2494448e+00 -4.0822439e+00 -3.9459274e+00 -3.9918749e+00 -3.9462466e+00 -4.0618479e+00 -4.0642427e+00 -4.1834658e+00
-8.2000000e-01 -5.0298259e+00 -4.5775142e+00 -4.2556216e+00 -4.0857642e+00 -4.0363768e+00 -3.9652026e+00 -4.0333791e+00 -3.9561015e+00 -4.1165428e+00 -4.2328830e+00
-8.1250000e-01 -5.0734762e+00 -4.6047173e+00 -4.2723920e+00 -4.1232900e+00 -4.1014146e+00 -4.0292787e+00 -3.9597108e+00 -4.1429421e+00 -4.1095661e+00 -4.2584938e+00
-8.0500000e-01 -5.1224867e+00 -4.6314610e+00 -4.3018412e+00 -4.1878980e+00 -4.0473328e+00 -4.0374124e+00 -4.1287866e+00 -3.9991267e+00 -4.1886611e+00 -4.2996047e+00
-7.9750000e-01 -5.1458188e+00 -4.6721465e+00 -4.3355326e+00 -4.2247846e+00 -4.0761818e+00 -4.0991094e+00 -4.0342322e+00 -4.2151330e+00 -4.1693568e+00 -4.3001637e+00
-7.9000000e-01 -5.1558384e+00 -4.7144999e+00 -4.3690065e+00 -4.2320365e+00 -4.1620266e+00 -4.1114647e+00 -4.1150001e+00 -4.0777436e+00 -4.2291792e+00 -4.3840371e+00
-7.8250000e-01 -5.2114427e+00 -4.7274707e+00 -4.4042211e+00 -4.2401787e+00 -4.1983516e+00 -4.0961968e+00 -4.1673715e+00 -4.1920985e+00 -4.2730349e+00 -4.3394252e+00
-7.7500000e-01 -5.2201182e+00 -4.7446906e+00 -4.4416628e+00 -4.2624305e+00 -4.2013150e+00 -4.1759261e+00 -4.1516114e+00 -4.2472417e+00 -4.2260504e+00 -4.4606381e+00
-7.6750000e-01 -5.2667724e+00 -4.7627158e+00 -4.4698166e+00 -4.2954082e+00 -4.2242865e+00 -4.2578151e+00 -4.2040504e+00 -4.1641001e+00 -4.4118748e+00 -4.4013426e+00
-7.6000000e-01 -5.2826153e+00 -4.8215707e+00 -4.4835450e+00 -4.3306911e+00 -4.2692297e+00 -4.2478245e+00 -4.2210647e+00 -4.3031630e+00 -4.2648640e+00 -4.4853651e+00
-7.5250000e-01 -5.3340762e+00 -4.8444403e+00 -4.5171198e+00 -4.3592827e+00 -4.3177687e+00 -4.2263801e+00 -4.2509064e+00 -4.3194122e+00 -4.3953526e+00 -4.5320961e+00
-7.4500000e-01 -5.3395832e+00 -4.8590379e+00 -4.5758719e+00 -4.3774018e+00 -4.3592200e+00 -4.2473376e+00 -4.3230600e+00 -4.2868732e+00 -4.4650349e+00 -4.4582164e+00
-7.3750000e-01 -5.3769632e+00 -4.9148161e+00 -4.6063382e+00 -4.3981718e+00 -4.3923976e+00 -4.2954149e+00 -4.3571153e+00 -4.3477693e+00 -4.3603427e+00 -4.6575876e+00
-7.3000000e-01 -5.4200229e+00 -4.9146477e+00 -4.6326235e+00 -4.4439949e+00 -4.4172344e+00 -4.3441788e+00 -4.3418459e+00 -4.3913594e+00 -4.4587374e+00 -4.5666270e+00
-7.2250000e-01 -5.4475229e+00 -4.9698550e+00 -4.6348441e+00 -4.4996405e+00 -4.4329810e+00 -4.3831094e+00 -4.3357751e+00 -4.4067961e+00 -4.5583555e+00 -4.5552025e+00
-7.1500000e-01 -5.4705928e+00 -4.9772378e+00 -4.7046306e+00 -4.5265025e+00 -4.4465701e+00 -4.4164931e+00 -4.3592560e+00 -4.4496984e+00 -4.5199382e+00 -4.7351117e+00
-7.0750000e-01 -5.4946927e+00 -5.0307339e+00 -4.7083842e+00 -4.5603252e+00 -4.4738844e+00 -4.4528601e+00 -4.4000054e+00 -4.5056631e+00 -4.5172996e+00 -4.7138052e+00
-7.0000000e-01 -5.5287480e+00 -5.0548786e+00 -4.7415008e+00 -4.5658678e+00 -4.5091645e+00 -4.4967814e+00 -4.4428592e+00 -4.5401945e+00 -4.5687678e+00 -4.6444253e+00
-6.5000000e-01 -5.7357371e+00 -5.2415441e+00 -4.9470716e+00 -4.7926500e+00 -4.6991955e+00 -4.6531572e+00 -4.6744461e+00 -4.6834347e+00 -4.8391049e+00 -4.9057999e+00
-6.0000000e-01 -5.9223492e+00 -5.4541690e+00 -5.1367303e+00 -4.9900128e+00 -4.8870730e+00 -4.8671633e+00 -4.8961671e+00 -4.8683021e+00 -4.9834822e+00 -5.1629001e+00
-5.5000000e-01 -6.1348553e+00 -5.6530340e+00 -5.3509769e+00 -5.1666083e+00 -5.1123994e+00 -5.0536927e+00 -5.0869214e+00 -5.0903648e+00 -5.2019503e+00 -5.2803768e+00
-5.0000000e-01 -6.3262548e+00 -5.8503771e+00 -5.5516617e+00 -5.3695483e+00 -5.3066072e+00 -5.2765157e+00 -5.2683300e+00 -5.2831260e+00 -5.3925639e+00 -5.5031690e+00
-4.0000000e-01 -6.6887249e+00 -6.2462000e+00 -5.9452128e+00 -5.7807129e+00 -5.7014004e+00 -5.6636165e+00 -5.6791573e+00 -5.7036895e+00 -5.7713318e+00 -5.9172543e+00
-2.0000000e-01 -7.6355322e+00 -7.0025384e+00 -6.7074871e+00 -6.5791542e+00 -6.4988675e+00 -6.4678363e+00 -6.4698414e+00 -6.5081603e+00 -6.5811109e+00 -6.7031844e+00
0.0000000e+00 -8.3113093e+00 -7.8080363e+00 -7.5294996e+00 -7.3546135e+00 -7.2789866e+00 -7.2880155e+00 -7.2760631e+00 -7.3024531e+00 -7.3825591e+00 -7.5098529e+00
2.0000000e-01 -9.0718427e+00 -8.6658691e+00 -8.3457492e+00 -8.1672693e+00 -8.0857300e+00 -8.1219651e+00 -8.1012098e+00 -8.0790733e+00 -8.2002083e+00 -8.3154546e+00
4.0000000e-01 -9.9888859e+00 -9.4148567e+00 -9.1803390e+00 -8.9749932e+00 -8.8964386e+00 -8.9049499e+00 -8.8622443e+00 -8.9073868e+00 -8.9813566e+00 -9.1039539e+00
6.0000000e-01 -1.0747689e+01 -1.0256693e+01 -9.9100313e+00 -9.7676296e+00 -9.6597720e+00 -9.6939833e+00 -9.6469354e+00 -9.6474138e+00 -9.8002120e+00 -9.8952329e+00
8.0000000e-01 -1.1490921e+01 -1.1032803e+01 -1.0759772e+01 -1.0583022e+01 -1.0463507e+01 -1.0468340e+01 -1.0443179e+01 -1.0558729e+01 -1.0553012e+01 -1.0663653e+01
1.0000000e+00 -1.2335883e+01 -1.1848632e+01 -1.1565090e+01 -1.1402576e+01 -1.1255454e+01 -1.1326412e+01 -1.1244208e+01 -1.1278961e+01 -1.1419619e+01 -1.1545734e+01
1.2000000e+00 -1.3093494e+01 -1.2710684e+01 -1.2350997e+01 -1.2148869e+01 -1.2137204e+01 -1.2071964e+01 -1.2094377e+01 -1.2113643e+01 -1.2216384e+01 -1.2315264e+01
1.4000000e+00 -1.3919157e+01 -1.3457511e+01 -1.3114684e+01 -1.2934674e+01 -1.2901763e+01 -1.2828269e+01 -1.2904240e+01 -1.2890142e+01 -1.2959226e+01 -1.3134024e+01
1.6000000e+00 -1.4726044e+01 -1.4255324e+01 -1.3958662e+01 -1.3732804e+01 -1.3699127e+01 -1.3677079e+01 -1.3680789e+01 -1.3660556e+01 -1.3819818e+01 -1.3950417e+01
1.8000000e+00 -1.5579618e+01 -1.5062486e+01 -1.4734655e+01 -1.4592172e+01 -1.4479061e+01 -1.4505028e+01 -1.4493091e+01 -1.4517216e+01 -1.4620168e+01 -1.4726185e+01
2.0000000e+00 -1.6431730e+01 -1.5848716e+01 -1.5628636e+01 -1.5405003e+01 -1.5299177e+01 -1.5243788e+01 -1.5276137e+01 -1.5300113e+01 -1.5359183e+01 -1.5531037e+01