########################################################################
# Reference Counts for Solar Model AGSS09met_old                       #
# Column 1: log10(Axion mass in eV)                                    #
#        n>1: log10(Reference photon counts in energy bin n-1)         #
########################################################################
-3.0000000e+00 -3.9178050e-01 -2.2339408e-01 -8.3198230e-02 -2.6483495e-03 1.1145427e-02 -1.0577663e-03 -5.3144084e-02 -1.3913136e-01 -2.5781597e-01 -4.0681827e-01
-2.8000000e+00 -3.9180123e-01 -2.2340805e-01 -8.3208224e-02 -2.6558946e-03 1.1139550e-02 -1.0624736e-03 -5.3147942e-02 -1.3913457e-01 -2.5781869e-01 -4.0682061e-01
-2.6000000e+00 -3.9193200e-01 -2.2349625e-01 -8.3271287e-02 -2.7035015e-03 1.1102473e-02 -1.0921748e-03 -5.3172281e-02 -1.3915487e-01 -2.5783588e-01 -4.0683534e-01
-2.4000000e+00 -3.9275727e-01 -2.2405280e-01 -8.3669226e-02 -3.0039040e-03 1.0868515e-02 -1.2795857e-03 -5.3325858e-02 -1.3928291e-01 -2.5794434e-01 -4.0692832e-01
-2.2000000e+00 -3.9797115e-01 -2.2756752e-01 -8.6181685e-02 -4.9002523e-03 9.3917707e-03 -2.4624361e-03 -5.4295112e-02 -1.4009098e-01 -2.5862882e-01 -4.0751504e-01
-2.1500000e+00 -4.0160199e-01 -2.3001364e-01 -8.7929634e-02 -6.2192658e-03 8.3647761e-03 -3.2849522e-03 -5.4969044e-02 -1.4065281e-01 -2.5910470e-01 -4.0792293e-01
-2.1000000e+00 -4.0736816e-01 -2.3389589e-01 -9.0702746e-02 -8.3113672e-03 6.7361210e-03 -4.5891821e-03 -5.6037580e-02 -1.4154355e-01 -2.5985912e-01 -4.0856955e-01
-2.0500000e+00 -4.1653653e-01 -2.4006253e-01 -9.5104892e-02 -1.1631170e-02 4.1524136e-03 -6.6578319e-03 -5.7732160e-02 -1.4295600e-01 -2.6105533e-01 -4.0959477e-01
-2.0000000e+00 -4.3114267e-01 -2.4987063e-01 -1.0209966e-01 -1.6902913e-02 5.1304461e-05 -9.9404125e-03 -6.0420573e-02 -1.4519647e-01 -2.6295254e-01 -4.1122062e-01
-1.9500000e+00 -4.5448462e-01 -2.6550361e-01 -1.1323087e-01 -2.5283894e-02 -6.4642012e-03 -1.5153025e-02 -6.4688189e-02 -1.4875207e-01 -2.6596279e-01 -4.1379991e-01
-1.9000000e+00 -4.9197892e-01 -2.9050652e-01 -1.3098806e-01 -3.8632506e-02 -1.6830342e-02 -2.3439947e-02 -7.1469006e-02 -1.5439920e-01 -2.7074223e-01 -4.1789405e-01
-1.8500000e+00 -5.5272501e-01 -3.3072197e-01 -1.5942848e-01 -5.9956640e-02 -3.3360902e-02 -3.6638601e-02 -8.2259247e-02 -1.6337938e-01 -2.7833869e-01 -4.2439864e-01
-1.8475000e+00 -5.5661593e-01 -3.3328519e-01 -1.6123605e-01 -6.1309584e-02 -3.4408488e-02 -3.7474356e-02 -8.2942097e-02 -1.6394743e-01 -2.7881905e-01 -4.2480985e-01
-1.8400000e+00 -5.6888634e-01 -3.4135837e-01 -1.6692511e-01 -6.5565944e-02 -3.7703229e-02 -4.0102343e-02 -8.5088969e-02 -1.6573318e-01 -2.8032900e-01 -4.2610234e-01
-1.8325000e+00 -5.8211164e-01 -3.5004237e-01 -1.7303765e-01 -7.0135999e-02 -4.1239167e-02 -4.2921817e-02 -8.7391743e-02 -1.6764828e-01 -2.8194811e-01 -4.2748813e-01
-1.8250000e+00 -5.9637313e-01 -3.5938626e-01 -1.7960655e-01 -7.5043624e-02 -4.5034407e-02 -4.5947013e-02 -8.9861927e-02 -1.6970222e-01 -2.8368436e-01 -4.2897401e-01
-1.8175000e+00 -6.1176024e-01 -3.6944354e-01 -1.8666750e-01 -8.0314630e-02 -4.9108478e-02 -4.9193266e-02 -9.2511906e-02 -1.7190522e-01 -2.8554633e-01 -4.3056729e-01
-1.8100000e+00 -6.2837158e-01 -3.8027261e-01 -1.9425922e-01 -8.5976942e-02 -5.3482467e-02 -5.2677104e-02 -9.5355015e-02 -1.7426827e-01 -2.8754325e-01 -4.3227582e-01
-1.8025000e+00 -6.4631619e-01 -3.9193731e-01 -2.0242379e-01 -9.2060790e-02 -5.8179145e-02 -5.6416352e-02 -9.8405618e-02 -1.7680319e-01 -2.8968503e-01 -4.3410804e-01
-1.7950000e+00 -6.6571490e-01 -4.0450754e-01 -2.1120697e-01 -9.8598932e-02 -6.3223121e-02 -6.0430237e-02 -1.0167919e-01 -1.7952271e-01 -2.9198234e-01 -4.3607302e-01
-1.7875000e+00 -6.8670209e-01 -4.1806001e-01 -2.2065862e-01 -1.0562689e-01 -6.8641012e-02 -6.4739512e-02 -1.0519240e-01 -1.8244053e-01 -2.9444668e-01 -4.3818052e-01
-1.7800000e+00 -7.0942768e-01 -4.3267903e-01 -2.3083310e-01 -1.1318323e-01 -7.4461619e-02 -6.9366592e-02 -1.0896326e-01 -1.8557143e-01 -2.9709038e-01 -4.4044104e-01
-1.7725000e+00 -7.3405954e-01 -4.4845750e-01 -2.4178978e-01 -1.2130985e-01 -8.0716137e-02 -7.4335695e-02 -1.1301115e-01 -1.8893130e-01 -2.9992676e-01 -4.4286585e-01
-1.7650000e+00 -7.6078644e-01 -4.6549799e-01 -2.5359361e-01 -1.3005234e-01 -8.7438379e-02 -7.9673014e-02 -1.1735703e-01 -1.9253730e-01 -3.0297015e-01 -4.4546711e-01
-1.7575000e+00 -7.8982160e-01 -4.8391410e-01 -2.6631574e-01 -1.3946033e-01 -9.4665029e-02 -8.5406886e-02 -1.2202353e-01 -1.9640793e-01 -3.0623599e-01 -4.4825791e-01
-1.7500000e+00 -8.2140712e-01 -5.0383200e-01 -2.8003431e-01 -1.4958798e-01 -1.0243593e-01 -9.1568002e-02 -1.2703510e-01 -2.0056316e-01 -3.0974092e-01 -4.5125232e-01
-1.7425000e+00 -8.5581944e-01 -5.2539225e-01 -2.9483524e-01 -1.6049443e-01 -1.1079439e-01 -9.8189623e-02 -1.3241818e-01 -2.0502453e-01 -3.1350288e-01 -4.5446552e-01
-1.7350000e+00 -8.9337620e-01 -5.4875204e-01 -3.1081331e-01 -1.7224437e-01 -1.1978756e-01 -1.0530783e-01 -1.3820139e-01 -2.0981533e-01 -3.1754123e-01 -4.5791388e-01
-1.7275000e+00 -9.3444504e-01 -5.7408783e-01 -3.2807325e-01 -1.8490869e-01 -1.2946681e-01 -1.1296180e-01 -1.4441572e-01 -2.1496074e-01 -3.2187689e-01 -4.6161503e-01
-1.7200000e+00 -9.7945488e-01 -6.0159862e-01 -3.4673116e-01 -1.9856523e-01 -1.3988821e-01 -1.2119412e-01 -1.5109477e-01 -2.2048798e-01 -3.2653242e-01 -4.6558800e-01
-1.7125000e+00 -1.0289106e+00 -6.3150990e-01 -3.6691612e-01 -2.1329963e-01 -1.5111305e-01 -1.3005113e-01 -1.5827498e-01 -2.2642652e-01 -3.3153222e-01 -4.6985333e-01
-1.7050000e+00 -1.0834125e+00 -6.6407865e-01 -3.8877212e-01 -2.2920631e-01 -1.6320842e-01 -1.3958333e-01 -1.6599596e-01 -2.3280831e-01 -3.3690267e-01 -4.7443319e-01
-1.6975000e+00 -1.1436826e+00 -6.9959949e-01 -4.1246038e-01 -2.4638967e-01 -1.7624790e-01 -1.4984580e-01 -1.7430071e-01 -2.3966797e-01 -3.4267234e-01 -4.7935156e-01
-1.6900000e+00 -1.2106005e+00 -7.3841257e-01 -4.3816218e-01 -2.6496543e-01 -1.9031236e-01 -1.6089876e-01 -1.8323610e-01 -2.4704309e-01 -3.4887214e-01 -4.8463434e-01
-1.6825000e+00 -1.2852530e+00 -7.8091370e-01 -4.6608229e-01 -2.8506228e-01 -2.0549085e-01 -1.7280809e-01 -1.9285316e-01 -2.5497449e-01 -3.5553561e-01 -4.9030959e-01
-1.6750000e+00 -1.3690046e+00 -8.2756749e-01 -4.9645318e-01 -3.0682378e-01 -2.2188169e-01 -1.8564604e-01 -2.0320761e-01 -2.6350658e-01 -3.6269910e-01 -4.9640766e-01
-1.6675000e+00 -1.4635975e+00 -8.7892485e-01 -5.2954036e-01 -3.3041075e-01 -2.3959369e-01 -1.9949196e-01 -2.1436033e-01 -2.7268773e-01 -3.7040212e-01 -5.0296147e-01
-1.6600000e+00 -1.5712964e+00 -9.3564641e-01 -5.6564897e-01 -3.5600399e-01 -2.5874767e-01 -2.1443325e-01 -2.2637798e-01 -2.8257068e-01 -3.7868761e-01 -5.1000671e-01
-1.6525000e+00 -1.6950904e+00 -9.9853469e-01 -6.0513232e-01 -3.8380784e-01 -2.7947815e-01 -2.3056631e-01 -2.3933368e-01 -2.9321300e-01 -3.8760232e-01 -5.1758215e-01
-1.6450000e+00 -1.8389502e+00 -1.0685791e+00 -6.4840283e-01 -4.1405432e-01 -3.0193547e-01 -2.4799784e-01 -2.5330777e-01 -3.0467767e-01 -3.9719717e-01 -5.2572991e-01
-1.6375000e+00 -2.0080193e+00 -1.1470202e+00 -6.9594650e-01 -4.4700853e-01 -3.2628835e-01 -2.6684619e-01 -2.6838873e-01 -3.1703370e-01 -4.0752778e-01 -5.3449584e-01
-1.6300000e+00 -2.2080346e+00 -1.2354437e+00 -7.4834211e-01 -4.8297526e-01 -3.5272689e-01 -2.8724313e-01 -2.8467425e-01 -3.3035681e-01 -4.1865490e-01 -5.4392989e-01
-1.6225000e+00 -2.4404910e+00 -1.3359210e+00 -8.0628738e-01 -5.2230758e-01 -3.8146639e-01 -3.0933581e-01 -3.0227246e-01 -3.4473029e-01 -4.3064507e-01 -5.5408656e-01
-1.6150000e+00 -2.6791226e+00 -1.4512246e+00 -8.7063526e-01 -5.6541792e-01 -4.1275203e-01 -3.3328925e-01 -3.2130336e-01 -3.6024595e-01 -4.4357124e-01 -5.6502538e-01
-1.6075000e+00 -2.8121524e+00 -1.5851599e+00 -9.4244536e-01 -6.1279260e-01 -4.4686472e-01 -3.5928928e-01 -3.4190065e-01 -3.7700527e-01 -4.5751361e-01 -5.7681153e-01
-1.6000000e+00 -2.7251732e+00 -1.7430658e+00 -1.0230589e+00 -6.6501132e-01 -4.8412853e-01 -3.8754620e-01 -3.6421369e-01 -3.9512068e-01 -4.7256049e-01 -5.8951646e-01
-1.5925000e+00 -2.5231357e+00 -1.9324437e+00 -1.1142106e+00 -7.2277374e-01 -5.2492032e-01 -4.1829925e-01 -3.8841012e-01 -4.1471713e-01 -4.8880939e-01 -6.0321864e-01
-1.5850000e+00 -2.3247413e+00 -2.1629085e+00 -1.2182018e+00 -7.8693639e-01 -5.6968216e-01 -4.5182229e-01 -4.1467885e-01 -4.3593399e-01 -5.0636823e-01 -6.1800448e-01
-1.5775000e+00 -2.1605243e+00 -2.4394508e+00 -1.3381761e+00 -8.5856544e-01 -6.1893798e-01 -4.8843092e-01 -4.4323381e-01 -4.5892725e-01 -5.2535683e-01 -6.3396930e-01
-1.5700000e+00 -2.0304954e+00 -2.7149769e+00 -1.4785734e+00 -9.3901385e-01 -6.7331593e-01 -5.2849169e-01 -4.7431864e-01 -4.8387222e-01 -5.4590864e-01 -6.5121858e-01
-1.5625000e+00 -1.9298046e+00 -2.7811601e+00 -1.6458888e+00 -1.0300379e+00 -7.3357921e-01 -5.7243400e-01 -5.0821252e-01 -5.1096688e-01 -5.6817279e-01 -6.6986931e-01
-1.5550000e+00 -1.8541684e+00 -2.5729758e+00 -1.8498863e+00 -1.1339794e+00 -8.0066959e-01 -6.2076597e-01 -5.4523753e-01 -5.4043589e-01 -5.9231667e-01 -6.9005172e-01
-1.5475000e+00 -1.8005900e+00 -2.3200606e+00 -2.1048126e+00 -1.2540614e+00 -8.7577035e-01 -6.7409573e-01 -5.8576828e-01 -5.7253571e-01 -6.1852889e-01 -7.1191124e-01
-1.5400000e+00 -1.7672210e+00 -2.1107843e+00 -2.4234571e+00 -1.3948907e+00 -9.6039999e-01 -7.3316075e-01 -6.3024429e-01 -6.0756100e-01 -6.4702313e-01 -7.3561093e-01
-1.5325000e+00 -1.7531530e+00 -1.9478412e+00 -2.7433304e+00 -1.5633440e+00 -1.0565568e+00 -7.9886904e-01 -6.7918659e-01 -6.4585278e-01 -6.7804273e-01 -7.6133437e-01
-1.5250000e+00 -1.7582778e+00 -1.8223941e+00 -2.7404397e+00 -1.7701636e+00 -1.1669507e+00 -8.7235865e-01 -7.3322005e-01 -6.8780897e-01 -7.1186656e-01 -7.8928929e-01
-1.5175000e+00 -1.7832341e+00 -1.7270934e+00 -2.4441975e+00 -2.0325061e+00 -1.2953919e+00 -9.5508610e-01 -7.9310432e-01 -7.3389839e-01 -7.4881643e-01 -8.1971200e-01
-1.5100000e+00 -1.8294324e+00 -1.6570033e+00 -2.1639350e+00 -2.3731287e+00 -1.4474783e+00 -1.0489623e+00 -8.5977741e-01 -7.8467924e-01 -7.8926671e-01 -8.5287290e-01
-1.5025000e+00 -1.8991558e+00 -1.6090447e+00 -1.9489636e+00 -2.7532308e+00 -1.6318768e+00 -1.1565706e+00 -9.3441910e-01 -8.4082457e-01 -8.3365674e-01 -8.8908359e-01
-1.4950000e+00 -1.9957072e+00 -1.5814881e+00 -1.7861918e+00 -2.7681181e+00 -1.8628042e+00 -1.2815316e+00 -1.0185457e+00 -9.0315756e-01 -8.8250751e-01 -9.2870588e-01
-1.4875000e+00 -2.1234649e+00 -1.5736403e+00 -1.6625736e+00 -2.4195022e+00 -2.1643537e+00 -1.4291520e+00 -1.1141570e+00 -9.7270204e-01 -9.3644412e-01 -9.7216358e-01
-1.4800000e+00 -2.2871832e+00 -1.5856922e+00 -1.5695908e+00 -2.1118868e+00 -2.5667917e+00 -1.6076502e+00 -1.2239745e+00 -1.0507567e+00 -9.9622685e-01 -1.0199581e+00
-1.4725000e+00 -2.4876362e+00 -1.6186945e+00 -1.5019881e+00 -1.8843060e+00 -2.9254619e+00 -1.8306333e+00 -1.3518458e+00 -1.1390079e+00 -1.0627952e+00 -1.0726894e+00
-1.4650000e+00 -2.7028194e+00 -1.6746552e+00 -1.4566388e+00 -1.7147719e+00 -2.6832429e+00 -2.1222255e+00 -1.5034764e+00 -1.2397077e+00 -1.1373318e+00 -1.1310853e+00
-1.4575000e+00 -2.8432227e+00 -1.7567723e+00 -1.4318711e+00 -1.5869849e+00 -2.2944254e+00 -2.5232991e+00 -1.6878497e+00 -1.3559686e+00 -1.2213584e+00 -1.1960417e+00
-1.4500000e+00 -2.8009482e+00 -1.8698255e+00 -1.4271092e+00 -1.4911352e+00 -2.0082692e+00 -2.9887540e+00 -1.9202187e+00 -1.4922783e+00 -1.3168858e+00 -1.2686820e+00
-1.4425000e+00 -2.6428476e+00 -2.0206535e+00 -1.4427210e+00 -1.4213865e+00 -1.8010359e+00 -2.8369582e+00 -2.2287791e+00 -1.6554641e+00 -1.4266564e+00 -1.3504450e+00
-1.4350000e+00 -2.4845906e+00 -2.2179179e+00 -1.4800206e+00 -1.3743233e+00 -1.6470235e+00 -2.3960809e+00 -2.6650091e+00 -1.8566522e+00 -1.5545622e+00 -1.4432205e+00
-1.4275000e+00 -2.3674049e+00 -2.4658793e+00 -1.5414259e+00 -1.3481213e+00 -1.5313421e+00 -2.0781032e+00 -3.1561329e+00 -2.1156535e+00 -1.7064076e+00 -1.5495693e+00
-1.4200000e+00 -2.2975894e+00 -2.7245963e+00 -1.6308157e+00 -1.3421257e+00 -1.4454498e+00 -1.8530500e+00 -2.8718966e+00 -2.4714275e+00 -1.8914231e+00 -1.6730949e+00
-1.4125000e+00 -2.2743048e+00 -2.8147469e+00 -1.7541835e+00 -1.3566728e+00 -1.3843692e+00 -1.6877246e+00 -2.4145068e+00 -2.9920169e+00 -2.1255800e+00 -1.8191171e+00
-1.4050000e+00 -2.2968654e+00 -2.6480663e+00 -1.9206950e+00 -1.3930883e+00 -1.3452782e+00 -1.5640240e+00 -2.1027440e+00 -3.3115053e+00 -2.4397169e+00 -1.9959889e+00
-1.3975000e+00 -2.3658692e+00 -2.4277069e+00 -2.1436812e+00 -1.4538597e+00 -1.3268028e+00 -1.4719185e+00 -1.8836342e+00 -2.7893880e+00 -2.8991667e+00 -2.2179451e+00
-1.3900000e+00 -2.4818624e+00 -2.2558576e+00 -2.4352719e+00 -1.5430412e+00 -1.3286799e+00 -1.4056560e+00 -1.7228847e+00 -2.3768461e+00 -3.4975127e+00 -2.5120760e+00
-1.3825000e+00 -2.6394989e+00 -2.1434278e+00 -2.7440747e+00 -1.6670401e+00 -1.3516463e+00 -1.3619625e+00 -1.6027907e+00 -2.1011704e+00 -3.1549085e+00 -2.9372654e+00
-1.3750000e+00 -2.8094616e+00 -2.0859335e+00 -2.7789293e+00 -1.8360633e+00 -1.3975099e+00 -1.3391682e+00 -1.5136828e+00 -1.9050258e+00 -2.6470441e+00 -3.5819660e+00
-1.3675000e+00 -2.9136275e+00 -2.0801122e+00 -2.5161130e+00 -2.0664090e+00 -1.4694264e+00 -1.3367886e+00 -1.4500569e+00 -1.7601219e+00 -2.3208083e+00 -3.4820437e+00
-1.3600000e+00 -2.8865819e+00 -2.1260916e+00 -2.2619389e+00 -2.3797847e+00 -1.5724914e+00 -1.3553679e+00 -1.4088146e+00 -1.6519534e+00 -2.0957471e+00 -2.9002920e+00
-1.3525000e+00 -2.7860017e+00 -2.2272328e+00 -2.0834168e+00 -2.7467269e+00 -1.7149092e+00 -1.3965165e+00 -1.3884239e+00 -1.5725281e+00 -1.9318610e+00 -2.5359059e+00
-1.3450000e+00 -2.6973826e+00 -2.3882194e+00 -1.9730540e+00 -2.8029899e+00 -1.9102788e+00 -1.4631541e+00 -1.3885260e+00 -1.5173048e+00 -1.8098188e+00 -2.2907416e+00
-1.3375000e+00 -2.6569425e+00 -2.6039581e+00 -1.9214787e+00 -2.4835356e+00 -2.1815719e+00 -1.5600619e+00 -1.4098009e+00 -1.4838033e+00 -1.7193498e+00 -2.1143498e+00
-1.3300000e+00 -2.6725230e+00 -2.8113769e+00 -1.9247194e+00 -2.1979885e+00 -2.5585067e+00 -1.6950013e+00 -1.4540304e+00 -1.4709450e+00 -1.6546849e+00 -1.9835085e+00
-1.3225000e+00 -2.7411854e+00 -2.8446807e+00 -1.9840311e+00 -2.0048450e+00 -2.9255607e+00 -1.8810123e+00 -1.5243850e+00 -1.4787620e+00 -1.6125943e+00 -1.8862377e+00
-1.3150000e+00 -2.8500600e+00 -2.6979892e+00 -2.1057599e+00 -1.8866029e+00 -2.7333532e+00 -2.1411663e+00 -1.6260584e+00 -1.5083378e+00 -1.5914755e+00 -1.8158966e+00
-1.3075000e+00 -2.9671543e+00 -2.5431028e+00 -2.3005843e+00 -1.8303416e+00 -2.3612614e+00 -2.5146768e+00 -1.7675740e+00 -1.5619508e+00 -1.5909322e+00 -1.7687487e+00
-1.3000000e+00 -3.0393688e+00 -2.4538709e+00 -2.5707862e+00 -1.8309586e+00 -2.0991461e+00 -2.9746177e+00 -1.9635717e+00 -1.6434816e+00 -1.6116279e+00 -1.7428557e+00
-1.2925000e+00 -3.0353660e+00 -2.4420956e+00 -2.8204679e+00 -1.8897593e+00 -1.9318741e+00 -2.8830704e+00 -2.2410091e+00 -1.7592778e+00 -1.6553482e+00 -1.7375626e+00
-1.2850000e+00 -2.9871108e+00 -2.5074282e+00 -2.7733461e+00 -2.0144503e+00 -1.8365094e+00 -2.4565207e+00 -2.6492540e+00 -1.9199748e+00 -1.7252963e+00 -1.7532952e+00
-1.2775000e+00 -2.9473491e+00 -2.6431649e+00 -2.5393478e+00 -2.2201573e+00 -1.8018662e+00 -2.1580678e+00 -3.1441082e+00 -2.1445853e+00 -1.8267568e+00 -1.7915768e+00
-1.2700000e+00 -2.9502297e+00 -2.8145567e+00 -2.3570068e+00 -2.5224232e+00 -1.8251873e+00 -1.9689097e+00 -2.9226930e+00 -2.4702217e+00 -1.9684924e+00 -1.8552675e+00
-1.2625000e+00 -3.0122729e+00 -2.9193842e+00 -2.2689029e+00 -2.8357583e+00 -1.9107000e+00 -1.8580245e+00 -2.4740542e+00 -2.9635291e+00 -2.1658396e+00 -1.9491351e+00
-1.2550000e+00 -3.1287862e+00 -2.8790391e+00 -2.2738011e+00 -2.7698366e+00 -2.0707264e+00 -1.8106090e+00 -2.1825785e+00 -3.3341589e+00 -2.4482631e+00 -2.0810627e+00
-1.2475000e+00 -3.2391579e+00 -2.7850671e+00 -2.3719013e+00 -2.4771778e+00 -2.3284909e+00 -1.8220571e+00 -2.0011728e+00 -2.8435693e+00 -2.8777757e+00 -2.2647080e+00
-1.2400000e+00 -3.2351750e+00 -2.7356144e+00 -2.5628268e+00 -2.2670754e+00 -2.7019158e+00 -1.8954059e+00 -1.8972742e+00 -2.4397252e+00 -3.4751922e+00 -2.5259947e+00
-1.2325000e+00 -3.1500225e+00 -2.7580705e+00 -2.7994278e+00 -2.1674493e+00 -2.9541209e+00 -2.0421870e+00 -1.8566590e+00 -2.1901233e+00 -3.2090274e+00 -2.9206470e+00
-1.2250000e+00 -3.1189146e+00 -2.8428598e+00 -2.8782727e+00 -2.1699446e+00 -2.6740594e+00 -2.2868053e+00 -1.8755388e+00 -2.0383277e+00 -2.7030844e+00 -3.5423813e+00
-1.2175000e+00 -3.2060811e+00 -2.9519084e+00 -2.7286943e+00 -2.2756373e+00 -2.3660928e+00 -2.6670269e+00 -1.9581169e+00 -1.9581603e+00 -2.3950991e+00 -3.5361277e+00
-1.2100000e+00 -3.3705750e+00 -3.0230316e+00 -2.5829602e+00 -2.4932897e+00 -2.1887304e+00 -3.0508986e+00 -2.1181260e+00 -1.9394129e+00 -2.2067447e+00 -2.9540980e+00
-1.2025000e+00 -3.4053580e+00 -3.0227038e+00 -2.5401021e+00 -2.7891830e+00 -2.1266604e+00 -2.7985683e+00 -2.3852264e+00 -1.9813042e+00 -2.0990181e+00 -2.6028839e+00
-1.1950000e+00 -3.2965753e+00 -2.9860804e+00 -2.6100210e+00 -2.8803907e+00 -2.1714203e+00 -2.4328177e+00 -2.8094500e+00 -2.0914991e+00 -2.0559522e+00 -2.3899976e+00
-1.1875000e+00 -3.2793835e+00 -2.9679043e+00 -2.7714271e+00 -2.6588426e+00 -2.3314752e+00 -2.2188924e+00 -3.1930451e+00 -2.2896998e+00 -2.0732407e+00 -2.2650371e+00
-1.1800000e+00 -3.4094191e+00 -3.0066091e+00 -2.9244065e+00 -2.4745141e+00 -2.6242134e+00 -2.1313890e+00 -2.8231074e+00 -2.6185081e+00 -2.1551511e+00 -2.2075718e+00
-1.1725000e+00 -3.5215825e+00 -3.1118086e+00 -2.9144623e+00 -2.4244586e+00 -2.9508160e+00 -2.1550905e+00 -2.4509247e+00 -3.1344845e+00 -2.3163172e+00 -2.2109531e+00
-1.1650000e+00 -3.4555080e+00 -3.2126815e+00 -2.8173735e+00 -2.5125891e+00 -2.8404179e+00 -2.2965868e+00 -2.2473633e+00 -3.2555460e+00 -2.5902966e+00 -2.2775538e+00
-1.1575000e+00 -3.4237888e+00 -3.1814628e+00 -2.7804655e+00 -2.7248777e+00 -2.5504963e+00 -2.5827655e+00 -2.1720258e+00 -2.7581711e+00 -3.0486644e+00 -2.4195229e+00
-1.1500000e+00 -3.5161888e+00 -3.1055710e+00 -2.8374553e+00 -2.9261549e+00 -2.4000178e+00 -2.9880429e+00 -2.2104179e+00 -2.4419847e+00 -3.5446866e+00 -2.6659140e+00
-1.1425000e+00 -3.6030861e+00 -3.1487351e+00 -2.9509556e+00 -2.8535235e+00 -2.4062762e+00 -2.9665556e+00 -2.3733618e+00 -2.2861044e+00 -3.0795485e+00 -3.0839463e+00
-1.1350000e+00 -3.5760421e+00 -3.3178752e+00 -3.0304288e+00 -2.6952601e+00 -2.5694645e+00 -2.6125099e+00 -2.6981617e+00 -2.2525772e+00 -2.6647592e+00 -3.7048348e+00
-1.1275000e+00 -3.5595043e+00 -3.3532524e+00 -3.0195172e+00 -2.6587031e+00 -2.8652248e+00 -2.4132536e+00 -3.1502618e+00 -2.3361368e+00 -2.4474046e+00 -3.3805143e+00
-1.1200000e+00 -3.6515262e+00 -3.2310698e+00 -2.9786187e+00 -2.7652859e+00 -2.9906455e+00 -2.3867066e+00 -3.0120305e+00 -2.5598826e+00 -2.3659834e+00 -2.8900171e+00
-1.1125000e+00 -3.7177199e+00 -3.2690618e+00 -2.9868871e+00 -2.9370253e+00 -2.7658171e+00 -2.5297916e+00 -2.6272992e+00 -2.9790358e+00 -2.4021026e+00 -2.6303602e+00
-1.1050000e+00 -3.6468642e+00 -3.4538538e+00 -3.0778059e+00 -2.9721038e+00 -2.6140653e+00 -2.8499899e+00 -2.4401817e+00 -3.3642941e+00 -2.5679342e+00 -2.5193971e+00
-1.0975000e+00 -3.7255200e+00 -3.4189332e+00 -3.1856992e+00 -2.8850699e+00 -2.6464498e+00 -3.0957190e+00 -2.4342207e+00 -2.9498689e+00 -2.9132039e+00 -2.5286143e+00
-1.0900000e+00 -3.8133122e+00 -3.3419732e+00 -3.1524620e+00 -2.8651898e+00 -2.8487035e+00 -2.8350863e+00 -2.6099763e+00 -2.6150375e+00 -3.4663351e+00 -2.6636564e+00
-1.0825000e+00 -3.7299996e+00 -3.4703905e+00 -3.0876429e+00 -2.9440096e+00 -3.0377985e+00 -2.6183225e+00 -2.9874482e+00 -2.4933047e+00 -3.2929213e+00 -2.9673628e+00
-1.0750000e+00 -3.8470001e+00 -3.5352902e+00 -3.1818593e+00 -3.0370549e+00 -2.9260281e+00 -2.6139264e+00 -3.2027026e+00 -2.5545774e+00 -2.8378732e+00 -3.5259839e+00
-1.0675000e+00 -3.8567502e+00 -3.4650782e+00 -3.3340866e+00 -3.0587852e+00 -2.8046252e+00 -2.8211917e+00 -2.8508812e+00 -2.8187826e+00 -2.6305744e+00 -3.6075945e+00
-1.0600000e+00 -3.8445291e+00 -3.5321668e+00 -3.2328077e+00 -3.0392038e+00 -2.8573586e+00 -3.1073217e+00 -2.6390854e+00 -3.2852554e+00 -2.6189126e+00 -3.0693726e+00
-1.0525000e+00 -3.9434759e+00 -3.6082540e+00 -3.2051237e+00 -3.0418670e+00 -3.0272510e+00 -2.9911447e+00 -2.6645205e+00 -3.2080449e+00 -2.8023871e+00 -2.8033717e+00
-1.0450000e+00 -3.9146021e+00 -3.5809491e+00 -3.4012862e+00 -3.1127893e+00 -3.0718888e+00 -2.7955909e+00 -2.9270579e+00 -2.8226532e+00 -3.2350478e+00 -2.7480209e+00
-1.0375000e+00 -3.9719136e+00 -3.6092348e+00 -3.3692574e+00 -3.2049253e+00 -2.9903091e+00 -2.8221156e+00 -3.2436739e+00 -2.6918583e+00 -3.5352111e+00 -2.8864799e+00
-1.0300000e+00 -4.0065949e+00 -3.7077714e+00 -3.2923077e+00 -3.1622531e+00 -3.0007009e+00 -3.0468131e+00 -3.0164920e+00 -2.8125725e+00 -3.0695513e+00 -3.2730702e+00
-1.0225000e+00 -4.0082897e+00 -3.6478507e+00 -3.4760456e+00 -3.1396091e+00 -3.0960064e+00 -3.1416720e+00 -2.8115353e+00 -3.1910071e+00 -2.8210386e+00 -3.7769867e+00
-1.0150000e+00 -4.0777472e+00 -3.7417474e+00 -3.4416665e+00 -3.2930209e+00 -3.1492721e+00 -2.9831345e+00 -2.8797960e+00 -3.3487071e+00 -2.8420906e+00 -3.3260624e+00
-1.0075000e+00 -4.0708763e+00 -3.7540610e+00 -3.4111786e+00 -3.2984068e+00 -3.1409318e+00 -2.9709008e+00 -3.1757656e+00 -2.9879178e+00 -3.1404825e+00 -2.9943549e+00
-1.0000000e+00 -4.1252941e+00 -3.7548019e+00 -3.5578806e+00 -3.2094187e+00 -3.1373605e+00 -3.1314461e+00 -3.2121710e+00 -2.8697840e+00 -3.5776585e+00 -2.9543162e+00
-9.9250000e-01 -4.1439137e+00 -3.8470662e+00 -3.4981308e+00 -3.3894030e+00 -3.1988844e+00 -3.1845213e+00 -2.9920248e+00 -3.0594728e+00 -3.2439339e+00 -3.1947946e+00
-9.8500000e-01 -4.1772873e+00 -3.8028544e+00 -3.5477651e+00 -3.3729442e+00 -3.2853101e+00 -3.1093201e+00 -3.0176611e+00 -3.4085942e+00 -2.9827164e+00 -3.7174619e+00
-9.7750000e-01 -4.2112291e+00 -3.9049278e+00 -3.6135961e+00 -3.3085376e+00 -3.2301382e+00 -3.1490124e+00 -3.2532667e+00 -3.2073800e+00 -3.0556599e+00 -3.5133525e+00
-9.7000000e-01 -4.2163836e+00 -3.8721747e+00 -3.5844351e+00 -3.5141079e+00 -3.2572944e+00 -3.2366268e+00 -3.2405985e+00 -3.0267156e+00 -3.4466538e+00 -3.1511087e+00
-9.6250000e-01 -4.3040318e+00 -3.9540711e+00 -3.6699978e+00 -3.3892957e+00 -3.4079268e+00 -3.2526820e+00 -3.1189091e+00 -3.1814805e+00 -3.4905178e+00 -3.1473538e+00
-9.5500000e-01 -4.2748149e+00 -3.9346014e+00 -3.6610619e+00 -3.4851953e+00 -3.2963615e+00 -3.2486047e+00 -3.2261986e+00 -3.4447923e+00 -3.1605719e+00 -3.5029556e+00
-9.4750000e-01 -4.3177914e+00 -4.0218711e+00 -3.7112620e+00 -3.5267041e+00 -3.3774423e+00 -3.2799944e+00 -3.3357205e+00 -3.2490708e+00 -3.1853639e+00 -3.7638656e+00
-9.4000000e-01 -4.3776512e+00 -3.9887292e+00 -3.7300637e+00 -3.4948767e+00 -3.4806890e+00 -3.3713024e+00 -3.2643157e+00 -3.1922574e+00 -3.5388879e+00 -3.3493104e+00
-9.3250000e-01 -4.3699759e+00 -4.0628170e+00 -3.7760302e+00 -3.6065228e+00 -3.3562608e+00 -3.3380214e+00 -3.3031384e+00 -3.4162445e+00 -3.4832519e+00 -3.2791777e+00
-9.2500000e-01 -4.4074239e+00 -4.1006780e+00 -3.7719115e+00 -3.5606152e+00 -3.5732275e+00 -3.3594739e+00 -3.3776415e+00 -3.4111471e+00 -3.2659596e+00 -3.6173099e+00
-9.1750000e-01 -4.4736000e+00 -4.0722042e+00 -3.8640259e+00 -3.6462874e+00 -3.4376402e+00 -3.4918982e+00 -3.3871030e+00 -3.3109960e+00 -3.4384922e+00 -3.7416738e+00
-9.1000000e-01 -4.4963648e+00 -4.1597452e+00 -3.8129542e+00 -3.6407729e+00 -3.5753839e+00 -3.3765562e+00 -3.3977848e+00 -3.4543194e+00 -3.6308699e+00 -3.4141284e+00
-9.0250000e-01 -4.4983894e+00 -4.1746009e+00 -3.9237877e+00 -3.6899552e+00 -3.5409504e+00 -3.5395365e+00 -3.4418948e+00 -3.4802723e+00 -3.4125296e+00 -3.5082181e+00
-8.9500000e-01 -4.5206585e+00 -4.1838721e+00 -3.8934338e+00 -3.7036290e+00 -3.5997920e+00 -3.4831066e+00 -3.5064701e+00 -3.4421640e+00 -3.4973235e+00 -3.8426684e+00
-8.8750000e-01 -4.5617753e+00 -4.2514869e+00 -3.9561745e+00 -3.7666328e+00 -3.6172101e+00 -3.5309128e+00 -3.4540726e+00 -3.5273735e+00 -3.6657082e+00 -3.5856924e+00
-8.8000000e-01 -4.6043771e+00 -4.2755251e+00 -3.9724519e+00 -3.7315978e+00 -3.6559268e+00 -3.5982309e+00 -3.5904037e+00 -3.5463552e+00 -3.5236786e+00 -3.5780500e+00
-8.7250000e-01 -4.6392800e+00 -4.2664020e+00 -3.9836139e+00 -3.8635126e+00 -3.6752557e+00 -3.5579198e+00 -3.5262221e+00 -3.5645546e+00 -3.6247245e+00 -3.8623144e+00
-8.6500000e-01 -4.6700900e+00 -4.2905131e+00 -4.0724138e+00 -3.7938617e+00 -3.7157496e+00 -3.6725043e+00 -3.6119257e+00 -3.5901199e+00 -3.6809533e+00 -3.6784032e+00
-8.5750000e-01 -4.7043734e+00 -4.3431483e+00 -4.0752153e+00 -3.8583097e+00 -3.7422953e+00 -3.6242473e+00 -3.6240616e+00 -3.6638317e+00 -3.6430051e+00 -3.7199739e+00
-8.5000000e-01 -4.7380588e+00 -4.3918947e+00 -4.0568052e+00 -3.9375932e+00 -3.7666838e+00 -3.7065164e+00 -3.6414129e+00 -3.6151049e+00 -3.7278983e+00 -3.8836482e+00
-8.4250000e-01 -4.7593802e+00 -4.4244508e+00 -4.1086751e+00 -3.8947077e+00 -3.7958635e+00 -3.7198345e+00 -3.6978746e+00 -3.7517571e+00 -3.7333427e+00 -3.7526062e+00
-8.3500000e-01 -4.7816702e+00 -4.4497202e+00 -4.1746993e+00 -3.9456731e+00 -3.8646951e+00 -3.7263460e+00 -3.7079893e+00 -3.6632805e+00 -3.7654500e+00 -3.8889584e+00
-8.2750000e-01 -4.8048265e+00 -4.4773860e+00 -4.1990891e+00 -3.9985186e+00 -3.8151545e+00 -3.8096117e+00 -3.7299733e+00 -3.8216185e+00 -3.7961592e+00 -3.8719663e+00
-8.2000000e-01 -4.8185379e+00 -4.5077701e+00 -4.2042613e+00 -3.9993443e+00 -3.9054552e+00 -3.7828163e+00 -3.8154330e+00 -3.7138139e+00 -3.8372186e+00 -3.9040209e+00
-8.1250000e-01 -4.8627709e+00 -4.5344002e+00 -4.2206357e+00 -4.0366673e+00 -3.9718334e+00 -3.8519619e+00 -3.7434028e+00 -3.9020197e+00 -3.8397396e+00 -3.9444337e+00
-8.0500000e-01 -4.9060873e+00 -4.5595970e+00 -4.2502483e+00 -4.1028230e+00 -3.9161412e+00 -3.8535647e+00 -3.9119535e+00 -3.7573409e+00 -3.9106648e+00 -3.9743074e+00
-7.9750000e-01 -4.9320279e+00 -4.6002889e+00 -4.2843034e+00 -4.1402522e+00 -3.9464533e+00 -3.9176003e+00 -3.8160562e+00 -3.9738618e+00 -3.8984895e+00 -3.9829452e+00
-7.9000000e-01 -4.9457197e+00 -4.6432865e+00 -4.3180407e+00 -4.1467309e+00 -4.0341278e+00 -3.9331007e+00 -3.9002401e+00 -3.8357511e+00 -3.9523386e+00 -4.0602843e+00
-7.8250000e-01 -4.9953356e+00 -4.6551497e+00 -4.3532206e+00 -4.1540806e+00 -4.0683610e+00 -3.9146006e+00 -3.9492101e+00 -3.9515254e+00 -4.0012467e+00 -4.0216873e+00
-7.7500000e-01 -5.0077144e+00 -4.6749747e+00 -4.3903062e+00 -4.1759612e+00 -4.0687476e+00 -3.9937375e+00 -3.9334600e+00 -4.0045362e+00 -3.9509750e+00 -4.1361693e+00
-7.6750000e-01 -5.0527235e+00 -4.6926847e+00 -4.4181597e+00 -4.2088206e+00 -4.0914453e+00 -4.0770912e+00 -3.9891715e+00 -3.9226273e+00 -4.1384035e+00 -4.0843476e+00
-7.6000000e-01 -5.0712646e+00 -4.7507426e+00 -4.4320346e+00 -4.2440932e+00 -4.1375485e+00 -4.0665719e+00 -4.0044960e+00 -4.0632284e+00 -3.9906454e+00 -4.1610360e+00
-7.5250000e-01 -5.1193194e+00 -4.7724478e+00 -4.4657183e+00 -4.2728739e+00 -4.1872903e+00 -4.0444729e+00 -4.0323422e+00 -4.0760622e+00 -4.1221913e+00 -4.2143254e+00
-7.4500000e-01 -5.1285793e+00 -4.7898852e+00 -4.5247344e+00 -4.2914696e+00 -4.2293354e+00 -4.0660854e+00 -4.1055007e+00 -4.0447012e+00 -4.1899280e+00 -4.1369501e+00
-7.3750000e-01 -5.1639515e+00 -4.8432878e+00 -4.5561796e+00 -4.3125862e+00 -4.2626921e+00 -4.1154609e+00 -4.1409027e+00 -4.1082440e+00 -4.0857530e+00 -4.3365177e+00
-7.3000000e-01 -5.2041965e+00 -4.8441102e+00 -4.5815782e+00 -4.3581154e+00 -4.2878263e+00 -4.1652243e+00 -4.1254023e+00 -4.1504660e+00 -4.1872339e+00 -4.2463301e+00
-7.2250000e-01 -5.2332031e+00 -4.8978775e+00 -4.5834507e+00 -4.4139312e+00 -4.3042675e+00 -4.2044916e+00 -4.1188442e+00 -4.1636456e+00 -4.2839487e+00 -4.2349810e+00
-7.1500000e-01 -5.2579797e+00 -4.9073647e+00 -4.6539178e+00 -4.4423361e+00 -4.3183886e+00 -4.2377082e+00 -4.1423215e+00 -4.2066917e+00 -4.2427381e+00 -4.4153892e+00
-7.0750000e-01 -5.2816265e+00 -4.9595696e+00 -4.6574593e+00 -4.4754706e+00 -4.3448404e+00 -4.2735647e+00 -4.1834067e+00 -4.2640761e+00 -4.2430364e+00 -4.3911637e+00
-7.0000000e-01 -5.3164940e+00 -4.9840072e+00 -4.6904265e+00 -4.4800170e+00 -4.3780152e+00 -4.3166806e+00 -4.2266300e+00 -4.2994463e+00 -4.2978225e+00 -4.3230616e+00
-6.5000000e-01 -5.5212659e+00 -5.1709437e+00 -4.8959313e+00 -4.7079457e+00 -4.5700494e+00 -4.4721816e+00 -4.4572451e+00 -4.4410466e+00 -4.5653718e+00 -4.5888973e+00
-6.0000000e-01 -5.7099407e+00 -5.3836823e+00 -5.0854642e+00 -4.9048349e+00 -4.7565095e+00 -4.6852040e+00 -4.6793195e+00 -4.6265226e+00 -4.7073089e+00 -4.8419777e+00
-5.5000000e-01 -5.9212356e+00 -5.5817874e+00 -5.3003273e+00 -5.0812955e+00 -4.9821400e+00 -4.8723859e+00 -4.8698393e+00 -4.8487200e+00 -4.9283637e+00 -4.9599516e+00
-5.0000000e-01 -6.1133624e+00 -5.7798627e+00 -5.5008805e+00 -5.2842484e+00 -5.1761759e+00 -5.0959793e+00 -5.0518838e+00 -5.0413620e+00 -5.1176172e+00 -5.1816456e+00
-4.0000000e-01 -6.4651583e+00 -6.1755427e+00 -5.8944227e+00 -5.6954672e+00 -5.5712442e+00 -5.4824359e+00 -5.4622050e+00 -5.4624472e+00 -5.4975061e+00 -5.5966354e+00
-2.0000000e-01 -7.4097539e+00 -6.9328284e+00 -6.6546850e+00 -6.4940212e+00 -6.3686125e+00 -6.2866568e+00 -6.2527564e+00 -6.2666197e+00 -6.3074446e+00 -6.3827127e+00
0.0000000e+00 -8.0932432e+00 -7.7357922e+00 -7.4779864e+00 -7.2686232e+00 -7.1481461e+00 -7.1079695e+00 -7.0589110e+00 -7.0608693e+00 -7.1085177e+00 -7.1893013e+00
2.0000000e-01 -8.8562384e+00 -8.5945995e+00 -8.2943439e+00 -8.0822683e+00 -7.9552721e+00 -7.8804049e+00 -7.8843957e+00 -7.8374359e+00 -7.9263083e+00 -7.9960827e+00
4.0000000e-01 -9.7673344e+00 -9.3469596e+00 -9.1298600e+00 -8.8894818e+00 -8.7648426e+00 -8.7258659e+00 -8.6450015e+00 -8.6664128e+00 -8.7081902e+00 -8.7831644e+00
6.0000000e-01 -1.0530406e+01 -1.0183591e+01 -9.8591745e+00 -9.6815395e+00 -9.5288289e+00 -9.5134383e+00 -9.4300600e+00 -9.4061287e+00 -9.5251994e+00 -9.5739647e+00
8.0000000e-01 -1.1284200e+01 -1.0963687e+01 -1.0709864e+01 -1.0498588e+01 -1.0334332e+01 -1.0286928e+01 -1.0226251e+01 -1.0317974e+01 -1.0278871e+01 -1.0344682e+01
1.0000000e+00 -1.2117469e+01 -1.1780704e+01 -1.1514731e+01 -1.1317220e+01 -1.1127114e+01 -1.1146795e+01 -1.1027448e+01 -1.1037864e+01 -1.1146495e+01 -1.1225810e+01
1.2000000e+00 -1.2884120e+01 -1.2640294e+01 -1.2298941e+01 -1.2064044e+01 -1.2006312e+01 -1.1890055e+01 -1.1877908e+01 -1.1872078e+01 -1.1942745e+01 -1.1994230e+01
1.4000000e+00 -1.3715057e+01 -1.3387477e+01 -1.3063569e+01 -1.2848610e+01 -1.2769876e+01 -1.2648554e+01 -1.2687496e+01 -1.2648715e+01 -1.2685236e+01 -1.2814372e+01
1.6000000e+00 -1.4511953e+01 -1.4150495e+01 -1.3908289e+01 -1.3647515e+01 -1.3568405e+01 -1.3495586e+01 -1.3464155e+01 -1.3417990e+01 -1.3544654e+01 -1.3628882e+01
1.8000000e+00 -1.5362150e+01 -1.4992442e+01 -1.4701768e+01 -1.4506849e+01 -1.4349068e+01 -1.4323992e+01 -1.4276065e+01 -1.4275685e+01 -1.4346615e+01 -1.4404947e+01
2.0000000e+00 -1.6217851e+01 -1.5775196e+01 -1.5579306e+01 -1.5320397e+01 -1.5169377e+01 -1.5064317e+01 -1.5058819e+01 -1.5058764e+01 -1.5085656e+01 -1.5210416e+01