########################################################################
# Reference Counts for Solar Model AGSS09met                           #
# Column 1: log10(Axion mass in eV)                                    #
#        n>1: log10(Reference photon counts in energy bin n-1)         #
########################################################################
-3.0000000e+00 -3.8209686e-01 -8.0227128e-02 7.6319707e-02 1.1604551e-01 8.5557361e-02 2.9770589e-02 -5.6662674e-02 -1.7093891e-01 -3.1969184e-01 -5.0485904e-01
-2.8000000e+00 -3.8211724e-01 -8.0241019e-02 7.6309689e-02 1.1603795e-01 8.5551473e-02 2.9765874e-02 -5.6666536e-02 -1.7094213e-01 -3.1969456e-01 -5.0486138e-01
-2.6000000e+00 -3.8224585e-01 -8.0328668e-02 7.6246482e-02 1.1599024e-01 8.5514317e-02 2.9736125e-02 -5.6690901e-02 -1.7096244e-01 -3.1971177e-01 -5.0487613e-01
-2.4000000e+00 -3.8305744e-01 -8.0881773e-02 7.5847634e-02 1.1568920e-01 8.5279865e-02 2.9548409e-02 -5.6844642e-02 -1.7109060e-01 -3.1982035e-01 -5.0496921e-01
-2.2000000e+00 -3.8818480e-01 -8.4374744e-02 7.3329432e-02 1.1378884e-01 8.3799999e-02 2.8363631e-02 -5.7814932e-02 -1.7189943e-01 -3.2050553e-01 -5.0555656e-01
-2.1500000e+00 -3.9175528e-01 -8.6805710e-02 7.1577483e-02 1.1246703e-01 8.2770832e-02 2.7539775e-02 -5.8489585e-02 -1.7246177e-01 -3.2098189e-01 -5.0596490e-01
-2.1000000e+00 -3.9742544e-01 -9.0663883e-02 6.8798018e-02 1.1037049e-01 8.1138729e-02 2.6233418e-02 -5.9559263e-02 -1.7335333e-01 -3.2173709e-01 -5.0661222e-01
-2.0500000e+00 -4.0644072e-01 -9.6792188e-02 6.4385772e-02 1.0704364e-01 7.8549548e-02 2.4161392e-02 -6.1255658e-02 -1.7476710e-01 -3.2293454e-01 -5.0763856e-01
-2.0000000e+00 -4.2080188e-01 -1.0653912e-01 5.7374909e-02 1.0176068e-01 7.4439737e-02 2.0873448e-02 -6.3946951e-02 -1.7700964e-01 -3.2483370e-01 -5.0926618e-01
-1.9500000e+00 -4.4374950e-01 -1.2207411e-01 4.6217983e-02 9.3361812e-02 6.7910372e-02 1.5652301e-02 -6.8219147e-02 -1.8056854e-01 -3.2784706e-01 -5.1184827e-01
-1.9000000e+00 -4.8060293e-01 -1.4691897e-01 2.8419485e-02 7.9984565e-02 5.7522094e-02 7.3517694e-03 -7.5007261e-02 -1.8622093e-01 -3.3263145e-01 -5.1594687e-01
-1.8500000e+00 -5.4029033e-01 -1.8687670e-01 -8.7830735e-05 5.8614310e-02 4.0956008e-02 -5.8686722e-03 -8.5809160e-02 -1.9520949e-01 -3.4023579e-01 -5.2245858e-01
-1.8475000e+00 -5.4411255e-01 -1.8942335e-01 -1.8996804e-03 5.7258424e-02 3.9906162e-02 -6.7058112e-03 -8.6492750e-02 -1.9577807e-01 -3.4071665e-01 -5.2287023e-01
-1.8400000e+00 -5.5616557e-01 -1.9744420e-01 -7.6022495e-03 5.2992796e-02 3.6604303e-02 -9.3381537e-03 -8.8641950e-02 -1.9756549e-01 -3.4222817e-01 -5.2416414e-01
-1.8325000e+00 -5.6915534e-01 -2.0607170e-01 -1.3729337e-02 4.8412769e-02 3.3060714e-02 -1.2162307e-02 -9.0947223e-02 -1.9948239e-01 -3.4384897e-01 -5.2555145e-01
-1.8250000e+00 -5.8316138e-01 -2.1535457e-01 -2.0313930e-02 4.3494411e-02 2.9257248e-02 -1.5192531e-02 -9.3420091e-02 -2.0153825e-01 -3.4558703e-01 -5.2703896e-01
-1.8175000e+00 -5.9827116e-01 -2.2534588e-01 -2.7391800e-02 3.8211848e-02 2.5174328e-02 -1.8444187e-02 -9.6072953e-02 -2.0374332e-01 -3.4745094e-01 -5.2863398e-01
-1.8100000e+00 -6.1458108e-01 -2.3610360e-01 -3.5001777e-02 3.2537089e-02 2.0790821e-02 -2.1933834e-02 -9.8919159e-02 -2.0610859e-01 -3.4944994e-01 -5.3034439e-01
-1.8025000e+00 -6.3219764e-01 -2.4769105e-01 -4.3186057e-02 2.6439829e-02 1.6083900e-02 -2.5679327e-02 -1.0197309e-01 -2.0864590e-01 -3.5159396e-01 -5.3217863e-01
-1.7950000e+00 -6.5123886e-01 -2.6017758e-01 -5.1990537e-02 1.9887228e-02 1.1028897e-02 -2.9699927e-02 -1.0525024e-01 -2.1136798e-01 -3.5389368e-01 -5.3414577e-01
-1.7875000e+00 -6.7183585e-01 -2.7363928e-01 -6.1465210e-02 1.2843675e-02 5.5991318e-03 -3.4016427e-02 -1.0876730e-01 -2.1428856e-01 -3.5636059e-01 -5.3625559e-01
-1.7800000e+00 -6.9413481e-01 -2.8815976e-01 -7.1664598e-02 5.2705097e-03 -2.3426709e-04 -3.8651280e-02 -1.1254228e-01 -2.1742241e-01 -3.5900707e-01 -5.3851860e-01
-1.7725000e+00 -7.1829933e-01 -3.0383111e-01 -8.2648247e-02 -2.8742770e-03 -6.5025712e-03 -4.3628752e-02 -1.1659462e-01 -2.2078546e-01 -3.6184643e-01 -5.4094609e-01
-1.7650000e+00 -7.4451320e-01 -3.2075504e-01 -9.4481298e-02 -1.1636386e-02 -1.3239678e-02 -4.8975082e-02 -1.2094529e-01 -2.2439488e-01 -3.6489302e-01 -5.4355022e-01
-1.7575000e+00 -7.7298383e-01 -3.3904412e-01 -1.0723513e-01 -2.1065597e-02 -2.0482364e-02 -5.4718661e-02 -1.2561693e-01 -2.2826919e-01 -3.6816229e-01 -5.4634411e-01
-1.7500000e+00 -8.0394650e-01 -3.5882338e-01 -1.2098811e-01 -3.1216201e-02 -2.8270571e-02 -6.0890238e-02 -1.3063404e-01 -2.3242837e-01 -3.7167091e-01 -5.4934184e-01
-1.7425000e+00 -8.3766954e-01 -3.8023205e-01 -1.3582646e-01 -4.2147499e-02 -3.6647724e-02 -6.7523136e-02 -1.3602309e-01 -2.3689399e-01 -3.7543685e-01 -5.5255861e-01
-1.7350000e+00 -8.7446093e-01 -4.0342580e-01 -1.5184525e-01 -5.3924365e-02 -4.5661090e-02 -7.4653508e-02 -1.4181272e-01 -2.4168937e-01 -3.7947948e-01 -5.5601080e-01
-1.7275000e+00 -9.1467664e-01 -4.2857932e-01 -1.6914958e-01 -6.6617894e-02 -5.5362184e-02 -8.2320607e-02 -1.4803398e-01 -2.4683971e-01 -3.8381973e-01 -5.5971607e-01
-1.7200000e+00 -9.5873135e-01 -4.5588954e-01 -1.8785595e-01 -8.0306148e-02 -6.5807226e-02 -9.0567103e-02 -1.5472050e-01 -2.5237226e-01 -3.8848021e-01 -5.6369348e-01
-1.7125000e+00 -1.0071124e+00 -4.8557955e-01 -2.0809389e-01 -9.5075016e-02 -7.7057670e-02 -9.9439432e-02 -1.6190878e-01 -2.5831653e-01 -3.9348534e-01 -5.6796357e-01
-1.7050000e+00 -1.0603982e+00 -5.1790343e-01 -2.3000794e-01 -1.1101922e-01 -8.9180794e-02 -1.0898819e-01 -1.6963845e-01 -2.6470448e-01 -3.9886154e-01 -5.7254857e-01
-1.6975000e+00 -1.1192833e+00 -5.5315236e-01 -2.5375993e-01 -1.2824347e-01 -1.0225039e-01 -1.1926859e-01 -1.7795260e-01 -2.7157080e-01 -4.0463738e-01 -5.7747245e-01
-1.6900000e+00 -1.1846118e+00 -5.9166235e-01 -2.7953186e-01 -1.4686387e-01 -1.1634757e-01 -1.3034096e-01 -1.8689813e-01 -2.7895309e-01 -4.1084385e-01 -5.8276119e-01
-1.6825000e+00 -1.2574247e+00 -6.3382411e-01 -3.0752936e-01 -1.6700952e-01 -1.3156165e-01 -1.4227133e-01 -1.9652617e-01 -2.8689223e-01 -4.1751450e-01 -5.8844284e-01
-1.6750000e+00 -1.3390267e+00 -6.8009601e-01 -3.3798590e-01 -1.8882450e-01 -1.4799124e-01 -1.5513210e-01 -2.0689250e-01 -2.9543269e-01 -4.2468574e-01 -5.9454782e-01
-1.6675000e+00 -1.4310809e+00 -7.3102109e-01 -3.7116818e-01 -2.1247017e-01 -1.6574552e-01 -1.6900282e-01 -2.1805808e-01 -3.0462289e-01 -4.3239713e-01 -6.0110907e-01
-1.6600000e+00 -1.5357484e+00 -7.8725000e-01 -4.0738281e-01 -2.3812802e-01 -1.8494568e-01 -1.8397106e-01 -2.3008969e-01 -3.1451562e-01 -4.4069166e-01 -6.0816234e-01
-1.6525000e+00 -1.6558881e+00 -8.4957244e-01 -4.4698486e-01 -2.6600315e-01 -2.0572669e-01 -2.0013348e-01 -2.4306053e-01 -3.2516854e-01 -4.4961613e-01 -6.1574645e-01
-1.6450000e+00 -1.7953309e+00 -9.1896093e-01 -4.9038894e-01 -2.9632853e-01 -2.2823944e-01 -2.1759701e-01 -2.5705106e-01 -3.3664470e-01 -4.5922155e-01 -6.2390357e-01
-1.6375000e+00 -1.9591740e+00 -9.9663349e-01 -5.3808379e-01 -3.2937034e-01 -2.5265322e-01 -2.3648032e-01 -2.7214991e-01 -3.4901318e-01 -4.6956359e-01 -6.3267961e-01
-1.6300000e+00 -2.1536666e+00 -1.0841450e+00 -5.9065166e-01 -3.6543474e-01 -2.7915887e-01 -2.5691550e-01 -2.8845491e-01 -3.6234980e-01 -4.8070309e-01 -6.4212460e-01
-1.6225000e+00 -2.3833450e+00 -1.1835244e+00 -6.4879477e-01 -4.0487643e-01 -3.0797253e-01 -2.7905011e-01 -3.0607436e-01 -3.7673797e-01 -4.9270668e-01 -6.5229310e-01
-1.6150000e+00 -2.6342688e+00 -1.2974840e+00 -7.1337196e-01 -4.4810986e-01 -3.3934036e-01 -3.0304961e-01 -3.2512849e-01 -3.9226963e-01 -5.0564742e-01 -6.6324474e-01
-1.6075000e+00 -2.8160261e+00 -1.4297450e+00 -7.8545078e-01 -4.9562388e-01 -3.7354449e-01 -3.2910037e-01 -3.4575118e-01 -4.0904637e-01 -5.1960562e-01 -6.7504479e-01
-1.6000000e+00 -2.7759525e+00 -1.5855345e+00 -8.6638335e-01 -5.4800142e-01 -4.1091046e-01 -3.5741331e-01 -3.6809208e-01 -4.2718080e-01 -5.3466972e-01 -6.8776479e-01
-1.5925000e+00 -2.5768509e+00 -1.7722467e+00 -9.5791985e-01 -6.0594632e-01 -4.5181689e-01 -3.8822842e-01 -3.9231914e-01 -4.4679804e-01 -5.5093737e-01 -7.0148334e-01
-1.5850000e+00 -2.3663553e+00 -1.9996393e+00 -1.0623841e+00 -6.7032062e-01 -4.9670811e-01 -4.2182047e-01 -4.1862161e-01 -4.6803768e-01 -5.6851668e-01 -7.1628698e-01
-1.5775000e+00 -2.1902310e+00 -2.2745593e+00 -1.1829536e+00 -7.4219792e-01 -5.4611088e-01 -4.5850615e-01 -4.4721386e-01 -4.9105594e-01 -5.8752764e-01 -7.3227120e-01
-1.5700000e+00 -2.0506122e+00 -2.5597623e+00 -1.3241205e+00 -8.2294147e-01 -6.0065694e-01 -4.9865332e-01 -4.7834004e-01 -5.1602842e-01 -6.0810392e-01 -7.4954162e-01
-1.5625000e+00 -1.9422204e+00 -2.6558327e+00 -1.4924633e+00 -9.1432219e-01 -6.6111424e-01 -5.4269305e-01 -5.1227991e-01 -5.4315342e-01 -6.3039492e-01 -7.6821544e-01
-1.5550000e+00 -1.8601610e+00 -2.4585777e+00 -1.6978719e+00 -1.0187034e+00 -7.2843088e-01 -5.9113554e-01 -5.4935631e-01 -5.7265601e-01 -6.5456830e-01 -7.8842313e-01
-1.5475000e+00 -1.8009685e+00 -2.2007146e+00 -1.9547102e+00 -1.1393412e+00 -8.0379875e-01 -6.4459161e-01 -5.8994475e-01 -6.0479312e-01 -6.8081305e-01 -8.1031035e-01
-1.5400000e+00 -1.7624586e+00 -1.9856293e+00 -2.2751593e+00 -1.2808948e+00 -8.8874851e-01 -7.0380222e-01 -6.3448589e-01 -6.3985996e-01 -7.0934325e-01 -8.3404048e-01
-1.5325000e+00 -1.7434726e+00 -1.8182170e+00 -2.5904494e+00 -1.4503282e+00 -9.8529612e-01 -7.6968001e-01 -6.8350216e-01 -6.7819824e-01 -7.4040272e-01 -8.5979745e-01
-1.5250000e+00 -1.7437020e+00 -1.6893753e+00 -2.5725067e+00 -1.6585311e+00 -1.0961781e+00 -8.4336940e-01 -7.3762030e-01 -7.2020677e-01 -7.7427092e-01 -8.8778941e-01
-1.5175000e+00 -1.7636090e+00 -1.5913753e+00 -2.2739180e+00 -1.9228751e+00 -1.2252466e+00 -9.2633577e-01 -7.9760234e-01 -7.6635541e-01 -8.1127039e-01 -9.1825316e-01
-1.5100000e+00 -1.8044362e+00 -1.5190164e+00 -1.9959992e+00 -2.2659398e+00 -1.3781693e+00 -1.0205030e+00 -8.6438952e-01 -8.1720375e-01 -8.5177637e-01 -9.5145970e-01
-1.5025000e+00 -1.8683020e+00 -1.4690447e+00 -1.7831084e+00 -2.6428691e+00 -1.5637352e+00 -1.1284736e+00 -9.3916603e-01 -8.7342660e-01 -8.9622930e-01 -9.8772135e-01
-1.4950000e+00 -1.9583722e+00 -1.4396093e+00 -1.6218717e+00 -2.6400409e+00 -1.7963827e+00 -1.2538990e+00 -1.0234544e+00 -9.3584948e-01 -9.4515158e-01 -1.0274008e+00
-1.4875000e+00 -2.0790372e+00 -1.4299247e+00 -1.4994191e+00 -2.2896656e+00 -2.1005527e+00 -1.4021368e+00 -1.1192636e+00 -1.0054994e+00 -9.9917008e-01 -1.0709230e+00
-1.4800000e+00 -2.2356918e+00 -1.4401028e+00 -1.4073737e+00 -1.9849118e+00 -2.5058516e+00 -1.5814957e+00 -1.2293288e+00 -1.0836794e+00 -1.0590475e+00 -1.1187907e+00
-1.4725000e+00 -2.4321765e+00 -1.4711177e+00 -1.3405709e+00 -1.7595187e+00 -2.8529472e+00 -1.8057547e+00 -1.3575200e+00 -1.1720822e+00 -1.1257263e+00 -1.1716057e+00
-1.4650000e+00 -2.6574327e+00 -1.5248930e+00 -1.2959436e+00 -1.5915112e+00 -2.5954652e+00 -2.0993674e+00 -1.5095802e+00 -1.2729692e+00 -1.2003937e+00 -1.2300981e+00
-1.4575000e+00 -2.8407310e+00 -1.6045271e+00 -1.2718625e+00 -1.4648510e+00 -2.2095069e+00 -2.5034433e+00 -1.6945615e+00 -1.3894674e+00 -1.2845776e+00 -1.2951669e+00
-1.4500000e+00 -2.8454740e+00 -1.7146838e+00 -1.2677860e+00 -1.3698923e+00 -1.9263699e+00 -2.9645375e+00 -1.9278538e+00 -1.5260886e+00 -1.3802975e+00 -1.3679399e+00
-1.4425000e+00 -2.6916118e+00 -1.8621096e+00 -1.2841137e+00 -1.3008956e+00 -1.7211280e+00 -2.7947986e+00 -2.2379393e+00 -1.6897021e+00 -1.4903100e+00 -1.4498616e+00
-1.4350000e+00 -2.5176663e+00 -2.0556522e+00 -1.3221941e+00 -1.2545059e+00 -1.5684940e+00 -2.3561547e+00 -2.6766143e+00 -1.8915152e+00 -1.6185292e+00 -1.5428310e+00
-1.4275000e+00 -2.3831828e+00 -2.3014004e+00 -1.3844882e+00 -1.2289410e+00 -1.4538451e+00 -2.0409725e+00 -3.1631265e+00 -2.1515105e+00 -1.7707982e+00 -1.6494218e+00
-1.4200000e+00 -2.2978554e+00 -2.5682917e+00 -1.4749340e+00 -1.2235789e+00 -1.3687855e+00 -1.8176678e+00 -2.8672258e+00 -2.5090353e+00 -1.9564194e+00 -1.7732588e+00
-1.4125000e+00 -2.2606058e+00 -2.6865125e+00 -1.5996120e+00 -1.2387864e+00 -1.3084220e+00 -1.6535076e+00 -2.4121720e+00 -3.0321654e+00 -2.1915141e+00 -1.9196980e+00
-1.4050000e+00 -2.2701966e+00 -2.5323383e+00 -1.7678131e+00 -1.2759220e+00 -1.2699863e+00 -1.5306569e+00 -2.1022497e+00 -3.3394656e+00 -2.5072747e+00 -2.0971589e+00
-1.3975000e+00 -2.3271554e+00 -2.3064097e+00 -1.9929777e+00 -1.3375147e+00 -1.2521429e+00 -1.4392232e+00 -1.8842529e+00 -2.8144384e+00 -2.9698252e+00 -2.3200127e+00
-1.3900000e+00 -2.4332332e+00 -2.1269891e+00 -2.2866706e+00 -1.4276774e+00 -1.2546605e+00 -1.3735299e+00 -1.7242440e+00 -2.4042173e+00 -3.5654778e+00 -2.6156701e+00
-1.3825000e+00 -2.5877059e+00 -2.0080328e+00 -2.5918765e+00 -1.5529088e+00 -1.2783076e+00 -1.3303497e+00 -1.6046929e+00 -2.1298939e+00 -3.2078739e+00 -3.0438516e+00
-1.3750000e+00 -2.7731556e+00 -1.9448657e+00 -2.6119569e+00 -1.7235629e+00 -1.3249288e+00 -1.3080445e+00 -1.5160167e+00 -1.9345784e+00 -2.7030240e+00 -3.6912410e+00
-1.3675000e+00 -2.9206549e+00 -1.9337646e+00 -2.3459977e+00 -1.9561471e+00 -1.3977291e+00 -1.3061557e+00 -1.4527589e+00 -1.7902434e+00 -2.3787261e+00 -3.5698537e+00
-1.3600000e+00 -2.9274540e+00 -1.9745038e+00 -2.0945301e+00 -2.2722227e+00 -1.5018792e+00 -1.3252520e+00 -1.4118506e+00 -1.6825039e+00 -2.1547818e+00 -2.9912960e+00
-1.3525000e+00 -2.8193760e+00 -2.0702997e+00 -1.9187375e+00 -2.6370179e+00 -1.6457079e+00 -1.3669712e+00 -1.3917803e+00 -1.6034286e+00 -1.9916251e+00 -2.6293699e+00
-1.3450000e+00 -2.7057389e+00 -2.2263519e+00 -1.8106651e+00 -2.6759561e+00 -1.8430332e+00 -1.4342699e+00 -1.3922060e+00 -1.5485108e+00 -1.8701126e+00 -2.3855515e+00
-1.3375000e+00 -2.6403964e+00 -2.4407948e+00 -1.7611388e+00 -2.3538457e+00 -2.1171652e+00 -1.5319844e+00 -1.4138241e+00 -1.5152923e+00 -1.7800626e+00 -2.2100069e+00
-1.3300000e+00 -2.6365284e+00 -2.6611917e+00 -1.7663945e+00 -2.0715496e+00 -2.4973092e+00 -1.6679684e+00 -1.4584354e+00 -1.5027108e+00 -1.7157538e+00 -2.0797648e+00
-1.3225000e+00 -2.6949686e+00 -2.7205532e+00 -1.8278748e+00 -1.8811869e+00 -2.8548145e+00 -1.8554320e+00 -1.5292364e+00 -1.5108129e+00 -1.6739856e+00 -1.9829583e+00
-1.3150000e+00 -2.8093647e+00 -2.5787600e+00 -1.9521050e+00 -1.7651431e+00 -2.6458615e+00 -2.1177661e+00 -1.6314608e+00 -1.5406967e+00 -1.6531759e+00 -1.9130053e+00
-1.3075000e+00 -2.9540824e+00 -2.4145289e+00 -2.1497982e+00 -1.7107961e+00 -2.2765524e+00 -2.4944550e+00 -1.7737016e+00 -1.5946592e+00 -1.6529446e+00 -1.8662036e+00
-1.3000000e+00 -3.0612348e+00 -2.3145219e+00 -2.4218945e+00 -1.7132774e+00 -2.0180101e+00 -2.9515636e+00 -1.9707331e+00 -1.6766078e+00 -1.6739714e+00 -1.8406383e+00
-1.2925000e+00 -3.0586755e+00 -2.2929361e+00 -2.6647439e+00 -1.7740953e+00 -1.8533515e+00 -2.8413074e+00 -2.2497890e+00 -1.7929338e+00 -1.7180607e+00 -1.8356720e+00
-1.2850000e+00 -2.9814114e+00 -2.3499309e+00 -2.6046167e+00 -1.9011798e+00 -1.7600680e+00 -2.4166639e+00 -2.6605811e+00 -1.9543531e+00 -1.7884416e+00 -1.8517476e+00
-1.2775000e+00 -2.9164686e+00 -2.4810342e+00 -2.3704666e+00 -2.1098695e+00 -1.7273036e+00 -2.1214404e+00 -3.1522699e+00 -2.1800451e+00 -1.8904394e+00 -1.8904073e+00
-1.2700000e+00 -2.9121070e+00 -2.6586431e+00 -2.1919939e+00 -2.4149718e+00 -1.7525378e+00 -1.9345018e+00 -2.9180967e+00 -2.5074931e+00 -2.0328893e+00 -1.9545364e+00
-1.2625000e+00 -2.9849306e+00 -2.7854369e+00 -2.1078519e+00 -2.7222103e+00 -1.8402298e+00 -1.8253023e+00 -2.4717814e+00 -3.0035177e+00 -2.2312739e+00 -2.0489413e+00
-1.2550000e+00 -3.1245128e+00 -2.7569984e+00 -2.1166317e+00 -2.6408510e+00 -2.0030059e+00 -1.7793574e+00 -2.1824462e+00 -3.3634277e+00 -2.5153955e+00 -2.1815727e+00
-1.2475000e+00 -3.2495131e+00 -2.6532920e+00 -2.2187011e+00 -2.3490029e+00 -2.2644193e+00 -1.7922664e+00 -2.0024627e+00 -2.8685328e+00 -2.9480355e+00 -2.3662216e+00
-1.2400000e+00 -3.2280986e+00 -2.5889202e+00 -2.4129817e+00 -2.1430213e+00 -2.6404593e+00 -1.8672530e+00 -1.8996493e+00 -2.4672390e+00 -3.5445156e+00 -2.6291176e+00
-1.2325000e+00 -3.1249448e+00 -2.6004214e+00 -2.6472680e+00 -2.0471696e+00 -2.8767012e+00 -2.0160982e+00 -1.8599936e+00 -2.2192536e+00 -3.2619628e+00 -3.0267768e+00
-1.2250000e+00 -3.0919647e+00 -2.6840076e+00 -2.7131618e+00 -2.0532838e+00 -2.5870716e+00 -2.2635955e+00 -1.8798428e+00 -2.0685611e+00 -2.7590913e+00 -3.6520462e+00
-1.2175000e+00 -3.1864752e+00 -2.8061816e+00 -2.5597507e+00 -2.1628487e+00 -2.2834530e+00 -2.6473114e+00 -1.9635321e+00 -1.9892788e+00 -2.4533450e+00 -3.6242052e+00
-1.2100000e+00 -3.3632314e+00 -2.8941254e+00 -2.4187454e+00 -2.3844652e+00 -2.1103767e+00 -3.0222138e+00 -2.1249872e+00 -1.9713540e+00 -2.2664021e+00 -3.0450472e+00
-1.2025000e+00 -3.4006784e+00 -2.8900787e+00 -2.3819281e+00 -2.6794367e+00 -2.0520295e+00 -2.7566559e+00 -2.3942154e+00 -2.0141194e+00 -2.1597322e+00 -2.6966285e+00
-1.1950000e+00 -3.2808637e+00 -2.8368341e+00 -2.4573844e+00 -2.7552167e+00 -2.1005488e+00 -2.3946087e+00 -2.8212505e+00 -2.1253724e+00 -2.1175940e+00 -2.4853975e+00
-1.1875000e+00 -3.2545196e+00 -2.8112600e+00 -2.6209063e+00 -2.5303485e+00 -2.2649470e+00 -2.1843266e+00 -3.1961495e+00 -2.3250443e+00 -2.1358200e+00 -2.3616171e+00
-1.1800000e+00 -3.3853990e+00 -2.8566972e+00 -2.7658884e+00 -2.3511491e+00 -2.5620908e+00 -2.0997881e+00 -2.8189883e+00 -2.6561947e+00 -2.2188138e+00 -2.3051486e+00
-1.1725000e+00 -3.5176838e+00 -2.9747100e+00 -2.7464659e+00 -2.3068221e+00 -2.8814507e+00 -2.1263736e+00 -2.4498093e+00 -3.1743890e+00 -2.3814202e+00 -2.3095053e+00
-1.1650000e+00 -3.4492288e+00 -3.0764154e+00 -2.6526892e+00 -2.4005767e+00 -2.7539817e+00 -2.2712272e+00 -2.2486296e+00 -3.2811365e+00 -2.6576476e+00 -2.3772003e+00
-1.1575000e+00 -3.3971490e+00 -3.0320365e+00 -2.6237162e+00 -2.6163344e+00 -2.4674719e+00 -2.5615720e+00 -2.1752217e+00 -2.7841050e+00 -3.1198445e+00 -2.5205820e+00
-1.1500000e+00 -3.4908283e+00 -2.9542005e+00 -2.6858066e+00 -2.8088553e+00 -2.3230508e+00 -2.9656148e+00 -2.2155423e+00 -2.4705687e+00 -3.6074818e+00 -2.7691209e+00
-1.1425000e+00 -3.6035058e+00 -3.0034735e+00 -2.7955199e+00 -2.7253280e+00 -2.3352300e+00 -2.9257765e+00 -2.3808425e+00 -2.3165755e+00 -3.1332361e+00 -3.1910324e+00
-1.1350000e+00 -3.5616118e+00 -3.1773840e+00 -2.8651314e+00 -2.5713064e+00 -2.5044866e+00 -2.5736595e+00 -2.7088229e+00 -2.2846839e+00 -2.7219347e+00 -3.8108978e+00
-1.1275000e+00 -3.5304149e+00 -3.2084773e+00 -2.8551902e+00 -2.5425474e+00 -2.8019460e+00 -2.3794263e+00 -3.1592273e+00 -2.3700249e+00 -2.5069782e+00 -3.4686460e+00
-1.1200000e+00 -3.6418021e+00 -3.0834651e+00 -2.8230066e+00 -2.6553019e+00 -2.9095704e+00 -2.3575238e+00 -3.0078393e+00 -2.5961685e+00 -2.4274351e+00 -2.9822761e+00
-1.1125000e+00 -3.7085788e+00 -3.1215001e+00 -2.8334246e+00 -2.8234767e+00 -2.6812865e+00 -2.5055924e+00 -2.6257823e+00 -3.0185950e+00 -2.4654321e+00 -2.7254583e+00
-1.1050000e+00 -3.6222865e+00 -3.3095609e+00 -2.9177026e+00 -2.8462037e+00 -2.5371921e+00 -2.8298554e+00 -2.4420301e+00 -3.3950447e+00 -2.6336406e+00 -2.6165588e+00
-1.0975000e+00 -3.7102649e+00 -3.2770116e+00 -3.0210746e+00 -2.7612751e+00 -2.5779003e+00 -3.0622106e+00 -2.4391522e+00 -2.9750223e+00 -2.9826115e+00 -2.6277195e+00
-1.0900000e+00 -3.8032951e+00 -3.1938315e+00 -2.9950994e+00 -2.7507015e+00 -2.7855718e+00 -2.7947291e+00 -2.6184295e+00 -2.6435487e+00 -3.5365217e+00 -2.7651055e+00
-1.0825000e+00 -3.7085949e+00 -3.3212341e+00 -2.9325026e+00 -2.8329850e+00 -2.9627138e+00 -2.5841260e+00 -2.9990129e+00 -2.5246090e+00 -3.3460859e+00 -3.0724229e+00
-1.0750000e+00 -3.8299993e+00 -3.3965573e+00 -3.0220336e+00 -2.9168257e+00 -2.8414048e+00 -2.5864271e+00 -3.2022737e+00 -2.5886640e+00 -2.8945308e+00 -3.6356030e+00
-1.0675000e+00 -3.8470177e+00 -3.3174106e+00 -3.1720388e+00 -2.9339717e+00 -2.7284802e+00 -2.7998580e+00 -2.8481353e+00 -2.8564096e+00 -2.6906375e+00 -3.6963313e+00
-1.0600000e+00 -3.8189521e+00 -3.3822940e+00 -3.0757635e+00 -2.9233862e+00 -2.7912016e+00 -3.0798785e+00 -2.6408069e+00 -3.3236748e+00 -2.6819905e+00 -3.1607830e+00
-1.0525000e+00 -3.9371384e+00 -3.4700278e+00 -3.0478750e+00 -2.9290496e+00 -2.9600079e+00 -2.9507492e+00 -2.6707599e+00 -3.2328514e+00 -2.8691190e+00 -2.8987465e+00
-1.0450000e+00 -3.8916144e+00 -3.4307823e+00 -3.2409726e+00 -2.9922294e+00 -2.9894389e+00 -2.7615086e+00 -2.9378320e+00 -2.8502867e+00 -3.3065878e+00 -2.8465971e+00
-1.0375000e+00 -3.9591318e+00 -3.4637740e+00 -3.2098254e+00 -3.0830590e+00 -2.9118395e+00 -2.7967603e+00 -3.2481379e+00 -2.7234797e+00 -3.5927850e+00 -2.9886885e+00
-1.0300000e+00 -3.9888085e+00 -3.5652447e+00 -3.1351882e+00 -3.0479330e+00 -2.9337919e+00 -3.0249068e+00 -3.0132351e+00 -2.8483666e+00 -3.1246934e+00 -3.3806891e+00
-1.0225000e+00 -3.9908425e+00 -3.4986455e+00 -3.3174235e+00 -3.0226971e+00 -3.0263535e+00 -3.1046399e+00 -2.8134512e+00 -3.2304393e+00 -2.8808756e+00 -3.8765524e+00
-1.0150000e+00 -4.0639409e+00 -3.5990328e+00 -3.2811378e+00 -3.1718552e+00 -3.0675342e+00 -2.9467870e+00 -2.8877278e+00 -3.3755597e+00 -2.9064242e+00 -3.4155047e+00
-1.0075000e+00 -4.0502230e+00 -3.6070304e+00 -3.2548027e+00 -3.1817149e+00 -3.0670720e+00 -2.9450203e+00 -3.1858821e+00 -3.0149727e+00 -3.2103550e+00 -3.0891495e+00
-1.0000000e+00 -4.1138625e+00 -3.6087107e+00 -3.3980914e+00 -3.0926187e+00 -3.0701224e+00 -3.1078456e+00 -3.2097598e+00 -2.9020636e+00 -3.6421909e+00 -3.0538371e+00
-9.9250000e-01 -4.1234028e+00 -3.7030384e+00 -3.3387333e+00 -3.2703484e+00 -3.1217986e+00 -3.1469914e+00 -2.9923799e+00 -3.0972312e+00 -3.2981824e+00 -3.3000600e+00
-9.8500000e-01 -4.1612439e+00 -3.6547351e+00 -3.3916878e+00 -3.2547777e+00 -3.2085015e+00 -3.0764290e+00 -3.0254117e+00 -3.4431463e+00 -3.0426241e+00 -3.8244136e+00
-9.7750000e-01 -4.1979294e+00 -3.7628297e+00 -3.4517435e+00 -3.1917850e+00 -3.1613646e+00 -3.1257968e+00 -3.2619202e+00 -3.2329473e+00 -3.1218138e+00 -3.6019459e+00
-9.7000000e-01 -4.1955719e+00 -3.7226888e+00 -3.4286952e+00 -3.3955492e+00 -3.1818525e+00 -3.2047454e+00 -3.2381696e+00 -3.0580302e+00 -3.5177422e+00 -3.2456065e+00
-9.6250000e-01 -4.2913301e+00 -3.8126387e+00 -3.5088942e+00 -3.2707657e+00 -3.3325342e+00 -3.2171715e+00 -3.1218575e+00 -3.2193396e+00 -3.5450718e+00 -3.2483717e+00
-9.5500000e-01 -4.2546427e+00 -3.7857648e+00 -3.5042983e+00 -3.3697255e+00 -3.2253239e+00 -3.2239118e+00 -3.2359721e+00 -3.4770020e+00 -3.2187293e+00 -3.6113397e+00
-9.4750000e-01 -4.3027411e+00 -3.8777064e+00 -3.5514222e+00 -3.4057836e+00 -3.3022708e+00 -3.2491145e+00 -3.3367870e+00 -3.2757121e+00 -3.2513596e+00 -3.8561894e+00
-9.4000000e-01 -4.3665657e+00 -3.8432611e+00 -3.5724258e+00 -3.3799275e+00 -3.4072518e+00 -3.3371114e+00 -3.2650408e+00 -3.2264987e+00 -3.6087859e+00 -3.4415381e+00
-9.3250000e-01 -4.3498572e+00 -3.9162468e+00 -3.6168794e+00 -3.4856663e+00 -3.2834229e+00 -3.3123028e+00 -3.3120793e+00 -3.4535975e+00 -3.5376085e+00 -3.3796663e+00
-9.2500000e-01 -4.3876800e+00 -3.9549816e+00 -3.6137733e+00 -3.4451126e+00 -3.4989859e+00 -3.3269491e+00 -3.3796507e+00 -3.4374561e+00 -3.3266403e+00 -3.7257824e+00
-9.1750000e-01 -4.4596164e+00 -3.9258548e+00 -3.7050601e+00 -3.5261624e+00 -3.3639041e+00 -3.4617358e+00 -3.3886662e+00 -3.3434279e+00 -3.5082503e+00 -3.8321029e+00
-9.1000000e-01 -4.4806688e+00 -4.0165281e+00 -3.6550828e+00 -3.5251411e+00 -3.5033326e+00 -3.3478166e+00 -3.4059208e+00 -3.4915296e+00 -3.6896562e+00 -3.5086125e+00
-9.0250000e-01 -4.4779760e+00 -4.0280868e+00 -3.7637651e+00 -3.5698741e+00 -3.4653716e+00 -3.5072203e+00 -3.4425560e+00 -3.5072803e+00 -3.4705970e+00 -3.6132135e+00
-8.9500000e-01 -4.4993279e+00 -4.0354443e+00 -3.7366491e+00 -3.5880534e+00 -3.5291967e+00 -3.4542608e+00 -3.5116370e+00 -3.4756717e+00 -3.5660493e+00 -3.9425746e+00
-8.8750000e-01 -4.5428149e+00 -4.1061750e+00 -3.7963513e+00 -3.6468387e+00 -3.5405159e+00 -3.5002819e+00 -3.4588676e+00 -3.5621453e+00 -3.7256698e+00 -3.6772234e+00
-8.8000000e-01 -4.5886334e+00 -4.1311527e+00 -3.8135748e+00 -3.6149756e+00 -3.5858374e+00 -3.5678393e+00 -3.5921543e+00 -3.5741771e+00 -3.5824021e+00 -3.6814360e+00
-8.7250000e-01 -4.6260391e+00 -4.1204110e+00 -3.8264704e+00 -3.7449493e+00 -3.5987683e+00 -3.5285946e+00 -3.5321627e+00 -3.6007337e+00 -3.6938578e+00 -3.9634299e+00
-8.6500000e-01 -4.6578489e+00 -4.1444902e+00 -3.9129691e+00 -3.6766760e+00 -3.6443709e+00 -3.6408249e+00 -3.6140638e+00 -3.6199808e+00 -3.7380014e+00 -3.7703069e+00
-8.5750000e-01 -4.6911826e+00 -4.1985686e+00 -3.9163221e+00 -3.7396629e+00 -3.6683589e+00 -3.5959197e+00 -3.6292809e+00 -3.6967685e+00 -3.7063913e+00 -3.8251522e+00
-8.5000000e-01 -4.7236361e+00 -4.2484085e+00 -3.8991765e+00 -3.8198761e+00 -3.6917123e+00 -3.6738507e+00 -3.6447244e+00 -3.6478538e+00 -3.7926809e+00 -3.9789501e+00
-8.4250000e-01 -4.7458280e+00 -4.2808108e+00 -3.9499440e+00 -3.7786330e+00 -3.7250226e+00 -3.6924706e+00 -3.7020593e+00 -3.7825248e+00 -3.7913404e+00 -3.8487735e+00
-8.3500000e-01 -4.7668807e+00 -4.3050856e+00 -4.0147443e+00 -3.8264523e+00 -3.7888632e+00 -3.6939388e+00 -3.7122382e+00 -3.6967353e+00 -3.8327899e+00 -3.9942979e+00
-8.2750000e-01 -4.7866409e+00 -4.3315183e+00 -4.0398064e+00 -3.8790054e+00 -3.7420567e+00 -3.7806097e+00 -3.7332915e+00 -3.8523454e+00 -3.8537992e+00 -3.9635135e+00
-8.2000000e-01 -4.8002551e+00 -4.3611027e+00 -4.0461871e+00 -3.8828576e+00 -3.8325563e+00 -3.7538459e+00 -3.8204482e+00 -3.7468280e+00 -3.9037530e+00 -4.0088745e+00
-8.1250000e-01 -4.8439644e+00 -4.3882578e+00 -4.0630345e+00 -3.9205063e+00 -3.8978417e+00 -3.8186968e+00 -3.7467274e+00 -3.9335402e+00 -3.8987440e+00 -4.0380139e+00
-8.0500000e-01 -4.8923810e+00 -4.4148638e+00 -4.0924447e+00 -3.9849784e+00 -3.8434647e+00 -3.8259052e+00 -3.9158072e+00 -3.7897645e+00 -3.9761496e+00 -4.0763954e+00
-7.9750000e-01 -4.9159851e+00 -4.4555352e+00 -4.1260537e+00 -4.0217531e+00 -3.8724639e+00 -3.8878518e+00 -3.8213798e+00 -4.0058303e+00 -3.9583393e+00 -4.0789721e+00
-7.9000000e-01 -4.9263878e+00 -4.4979316e+00 -4.1594689e+00 -4.0290348e+00 -3.9585706e+00 -3.9007424e+00 -3.9018336e+00 -3.8683720e+00 -4.0168691e+00 -4.1611773e+00
-7.8250000e-01 -4.9813676e+00 -4.5108218e+00 -4.1947023e+00 -4.0372486e+00 -3.9946573e+00 -3.8850322e+00 -3.9545728e+00 -3.9827085e+00 -4.0618824e+00 -4.1181117e+00
-7.7500000e-01 -4.9904306e+00 -4.5282939e+00 -4.2322455e+00 -4.0595526e+00 -3.9972976e+00 -3.9645917e+00 -3.9387335e+00 -4.0379691e+00 -4.0140748e+00 -4.2376103e+00
-7.6750000e-01 -5.0369123e+00 -4.5463110e+00 -4.2604658e+00 -4.0925639e+00 -4.0202421e+00 -4.0466779e+00 -3.9908483e+00 -3.9547472e+00 -4.2003925e+00 -4.1801930e+00
-7.6000000e-01 -5.0530364e+00 -4.6050597e+00 -4.2741271e+00 -4.1278627e+00 -4.0653476e+00 -4.0366847e+00 -4.0081430e+00 -4.0936432e+00 -4.0531244e+00 -4.2623998e+00
-7.5250000e-01 -5.1041415e+00 -4.6278218e+00 -4.3076878e+00 -4.1564232e+00 -4.1140524e+00 -4.0151673e+00 -4.0381586e+00 -4.1102205e+00 -4.1837944e+00 -4.3107285e+00
-7.4500000e-01 -5.1100410e+00 -4.6427062e+00 -4.3664214e+00 -4.1744485e+00 -4.1555853e+00 -4.0361926e+00 -4.1100862e+00 -4.0776298e+00 -4.2532019e+00 -4.2360352e+00
-7.3750000e-01 -5.1472118e+00 -4.6982321e+00 -4.3966512e+00 -4.1951507e+00 -4.1887834e+00 -4.0844255e+00 -4.1439815e+00 -4.1382045e+00 -4.1485421e+00 -4.4353587e+00
-7.3000000e-01 -5.1899770e+00 -4.6981916e+00 -4.4231570e+00 -4.2410466e+00 -4.2136436e+00 -4.1333191e+00 -4.1288195e+00 -4.1818562e+00 -4.2475115e+00 -4.3447152e+00
-7.2250000e-01 -5.2176344e+00 -4.7532357e+00 -4.4253955e+00 -4.2967203e+00 -4.2294512e+00 -4.1722999e+00 -4.1228632e+00 -4.1975896e+00 -4.3465929e+00 -4.3332281e+00
-7.1500000e-01 -5.2408825e+00 -4.7608448e+00 -4.4951015e+00 -4.3233608e+00 -4.2430837e+00 -4.2056649e+00 -4.1463632e+00 -4.2405782e+00 -4.3076519e+00 -4.5132127e+00
-7.0750000e-01 -5.2649362e+00 -4.8141820e+00 -4.4988561e+00 -4.3572905e+00 -4.2702953e+00 -4.2419577e+00 -4.1870708e+00 -4.2964180e+00 -4.3055978e+00 -4.4913464e+00
-7.0000000e-01 -5.2990751e+00 -4.8383691e+00 -4.5320015e+00 -4.3629260e+00 -4.3053322e+00 -4.2857533e+00 -4.2298717e+00 -4.3308040e+00 -4.3576972e+00 -4.4222208e+00
-6.5000000e-01 -5.5058329e+00 -5.0250762e+00 -4.7376106e+00 -4.5895863e+00 -4.4955924e+00 -4.4420573e+00 -4.4615096e+00 -4.4741604e+00 -4.6275531e+00 -4.6845834e+00
-6.0000000e-01 -5.6926610e+00 -5.2376945e+00 -4.9272756e+00 -4.7870265e+00 -4.6832872e+00 -4.6559085e+00 -4.6831634e+00 -4.6589183e+00 -4.7713888e+00 -4.9407612e+00
-5.5000000e-01 -5.9050399e+00 -5.4364893e+00 -5.1414022e+00 -4.9635921e+00 -4.9086755e+00 -4.8425358e+00 -4.8739597e+00 -4.8810015e+00 -4.9903692e+00 -5.0584153e+00
-5.0000000e-01 -6.0965160e+00 -5.6339051e+00 -5.3421212e+00 -5.1665354e+00 -5.1028530e+00 -5.0654506e+00 -5.0553256e+00 -5.0737730e+00 -5.1807084e+00 -5.2809411e+00
-4.0000000e-01 -6.4578689e+00 -6.0297202e+00 -5.7357354e+00 -5.5777135e+00 -5.4976757e+00 -5.4524720e+00 -5.4661912e+00 -5.4943043e+00 -5.5596742e+00 -5.6952027e+00
-2.0000000e-01 -7.4044437e+00 -6.7861520e+00 -6.4983541e+00 -6.3761353e+00 -6.2951280e+00 -6.2566879e+00 -6.2568977e+00 -6.2988127e+00 -6.3694959e+00 -6.4811743e+00
0.0000000e+00 -8.0810290e+00 -7.5914070e+00 -7.3200822e+00 -7.1517330e+00 -7.0751554e+00 -7.0770218e+00 -7.0631089e+00 -7.0931006e+00 -7.1708719e+00 -7.2878197e+00
2.0000000e-01 -8.8418231e+00 -8.4493465e+00 -8.1362920e+00 -7.9642628e+00 -7.8819621e+00 -7.9107983e+00 -7.8882359e+00 -7.8697498e+00 -7.9885642e+00 -8.0936812e+00
4.0000000e-01 -9.7582423e+00 -9.1985937e+00 -8.9707298e+00 -8.7721038e+00 -8.6925256e+00 -8.6940980e+00 -8.6493038e+00 -8.6979567e+00 -8.7698314e+00 -8.8818677e+00
6.0000000e-01 -1.0517488e+01 -1.0040010e+01 -9.7004722e+00 -9.5648311e+00 -9.4559509e+00 -9.4829367e+00 -9.4339741e+00 -9.4380348e+00 -9.5883269e+00 -9.6730316e+00
8.0000000e-01 -1.1261816e+01 -1.0816452e+01 -1.0550057e+01 -1.0379894e+01 -1.0259903e+01 -1.0257179e+01 -1.0230196e+01 -1.0349245e+01 -1.0341320e+01 -1.0441983e+01
1.0000000e+00 -1.2105567e+01 -1.1632406e+01 -1.1355453e+01 -1.1199577e+01 -1.1051984e+01 -1.1115513e+01 -1.1031255e+01 -1.1069540e+01 -1.1208113e+01 -1.1323827e+01
1.2000000e+00 -1.2864118e+01 -1.2494219e+01 -1.2141727e+01 -1.1945819e+01 -1.1933377e+01 -1.1860695e+01 -1.1881325e+01 -1.1904270e+01 -1.2004780e+01 -1.2093134e+01
1.4000000e+00 -1.3690322e+01 -1.3241070e+01 -1.2905212e+01 -1.2731828e+01 -1.2697820e+01 -1.2617317e+01 -1.2691283e+01 -1.2680788e+01 -1.2747532e+01 -1.2912186e+01
1.6000000e+00 -1.4496519e+01 -1.4038806e+01 -1.3749089e+01 -1.3529873e+01 -1.3495320e+01 -1.3465875e+01 -1.3467788e+01 -1.3451320e+01 -1.3607908e+01 -1.3728139e+01
1.8000000e+00 -1.5349401e+01 -1.4846054e+01 -1.4524806e+01 -1.4389171e+01 -1.4275364e+01 -1.4293883e+01 -1.4280157e+01 -1.4307869e+01 -1.4408588e+01 -1.4504000e+01
2.0000000e+00 -1.6201890e+01 -1.5631989e+01 -1.5418780e+01 -1.5201904e+01 -1.5095494e+01 -1.5032877e+01 -1.5063245e+01 -1.5090735e+01 -1.5147610e+01 -1.5308994e+01