########################################################################
# Reference Counts for Solar Model AGSS09met_old                       #
# Column 1: log10(Axion mass in eV)                                    #
#        n>1: log10(Reference photon counts in energy bin n-1)         #
########################################################################
-3.0000000e+00 -6.1736577e-01 -3.0197560e-01 -1.3875531e-01 -9.2948403e-02 -1.2439205e-01 -1.8811562e-01 -2.7710854e-01 -3.8834355e-01 -5.3983760e-01 -7.3591797e-01
-2.8000000e+00 -6.1738611e-01 -3.0198948e-01 -1.3876533e-01 -9.2955962e-02 -1.2439794e-01 -1.8812034e-01 -2.7711240e-01 -3.8834677e-01 -5.3984033e-01 -7.3592030e-01
-2.6000000e+00 -6.1751446e-01 -3.0207708e-01 -1.3882851e-01 -9.3003656e-02 -1.2443511e-01 -1.8815009e-01 -2.7713677e-01 -3.8836708e-01 -5.3985754e-01 -7.3593506e-01
-2.4000000e+00 -6.1832446e-01 -3.0262986e-01 -1.3922721e-01 -9.3304608e-02 -1.2466964e-01 -1.8833787e-01 -2.7729049e-01 -3.8849523e-01 -5.3996615e-01 -7.3602817e-01
-2.2000000e+00 -6.2344174e-01 -3.0612081e-01 -1.4174447e-01 -9.5204427e-02 -1.2615001e-01 -1.8952300e-01 -2.7826069e-01 -3.8930398e-01 -5.4065152e-01 -7.3661572e-01
-2.1500000e+00 -6.2700519e-01 -3.0855036e-01 -1.4349577e-01 -9.6525856e-02 -1.2717953e-01 -1.9034711e-01 -2.7893528e-01 -3.8986628e-01 -5.4112802e-01 -7.3702420e-01
-2.1000000e+00 -6.3266417e-01 -3.1240629e-01 -1.4627420e-01 -9.8621792e-02 -1.2881218e-01 -1.9165387e-01 -2.8000486e-01 -3.9075775e-01 -5.4188343e-01 -7.3767174e-01
-2.0500000e+00 -6.4166162e-01 -3.1853102e-01 -1.5068479e-01 -1.0194769e-01 -1.3140225e-01 -1.9372652e-01 -2.8170109e-01 -3.9217139e-01 -5.4308120e-01 -7.3869842e-01
-2.0000000e+00 -6.5599427e-01 -3.2827226e-01 -1.5769303e-01 -1.0722912e-01 -1.3551346e-01 -1.9701547e-01 -2.8439212e-01 -3.9441373e-01 -5.4498090e-01 -7.4032659e-01
-1.9500000e+00 -6.7889605e-01 -3.4379811e-01 -1.6884575e-01 -1.1562557e-01 -1.4204506e-01 -2.0223822e-01 -2.8866391e-01 -3.9797230e-01 -5.4799510e-01 -7.4290956e-01
-1.9000000e+00 -7.1567506e-01 -3.6862826e-01 -1.8663750e-01 -1.2899893e-01 -1.5243691e-01 -2.1054129e-01 -2.9545137e-01 -4.0362417e-01 -5.5278083e-01 -7.4700955e-01
-1.8500000e+00 -7.7523979e-01 -4.0856198e-01 -2.1513390e-01 -1.5036293e-01 -1.6900873e-01 -2.2376581e-01 -3.0625223e-01 -4.1261191e-01 -5.6038730e-01 -7.5352347e-01
-1.8475000e+00 -7.7905406e-01 -4.1110708e-01 -2.1694505e-01 -1.5171841e-01 -1.7005895e-01 -2.2460321e-01 -3.0693575e-01 -4.1318044e-01 -5.6086830e-01 -7.5393527e-01
-1.8400000e+00 -7.9108194e-01 -4.1912305e-01 -2.2264541e-01 -1.5598278e-01 -1.7336195e-01 -2.2723637e-01 -3.0908475e-01 -4.1496770e-01 -5.6238025e-01 -7.5522962e-01
-1.8325000e+00 -8.0404448e-01 -4.2774529e-01 -2.2877012e-01 -1.6056146e-01 -1.7690678e-01 -2.3006140e-01 -3.1138980e-01 -4.1688442e-01 -5.6400150e-01 -7.5661740e-01
-1.8250000e+00 -8.1802102e-01 -4.3702248e-01 -2.3535216e-01 -1.6547836e-01 -1.8071157e-01 -2.3309256e-01 -3.1386242e-01 -4.1894009e-01 -5.6574005e-01 -7.5810542e-01
-1.8175000e+00 -8.3309878e-01 -4.4700765e-01 -2.4242727e-01 -1.7075936e-01 -1.8479592e-01 -2.3634523e-01 -3.1651503e-01 -4.2114496e-01 -5.6760449e-01 -7.5970099e-01
-1.8100000e+00 -8.4937392e-01 -4.5775872e-01 -2.5003426e-01 -1.7643243e-01 -1.8918096e-01 -2.3983596e-01 -3.1936096e-01 -4.2351001e-01 -5.6960405e-01 -7.6141198e-01
-1.8025000e+00 -8.6695267e-01 -4.6933897e-01 -2.5821533e-01 -1.8252787e-01 -1.9388954e-01 -2.4358262e-01 -3.2241459e-01 -4.2604708e-01 -5.7174868e-01 -7.6324684e-01
-1.7950000e+00 -8.8595272e-01 -4.8181771e-01 -2.6701633e-01 -1.8907851e-01 -1.9894632e-01 -2.4760448e-01 -3.2569142e-01 -4.2876891e-01 -5.7404905e-01 -7.6521466e-01
-1.7875000e+00 -9.0650481e-01 -4.9527095e-01 -2.7648725e-01 -1.9611995e-01 -2.0437801e-01 -2.5192233e-01 -3.2920813e-01 -4.3168922e-01 -5.7651666e-01 -7.6732521e-01
-1.7800000e+00 -9.2875474e-01 -5.0978225e-01 -2.8668258e-01 -2.0369083e-01 -2.1021347e-01 -2.5655864e-01 -3.3298275e-01 -4.3482278e-01 -5.7916389e-01 -7.6958899e-01
-1.7725000e+00 -9.5286560e-01 -5.2544362e-01 -2.9766183e-01 -2.1183316e-01 -2.1648400e-01 -2.6153768e-01 -3.3703469e-01 -4.3818552e-01 -5.8200405e-01 -7.7201731e-01
-1.7650000e+00 -9.7902064e-01 -5.4235669e-01 -3.0949012e-01 -2.2059261e-01 -2.2322351e-01 -2.6688569e-01 -3.4138493e-01 -4.4179460e-01 -5.8505151e-01 -7.7462235e-01
-1.7575000e+00 -1.0074266e+00 -5.6063395e-01 -3.2223878e-01 -2.3001894e-01 -2.3046879e-01 -2.7263109e-01 -3.4605612e-01 -4.4566855e-01 -5.8832172e-01 -7.7741719e-01
-1.7500000e+00 -1.0383181e+00 -5.8040029e-01 -3.3598616e-01 -2.4016644e-01 -2.3825979e-01 -2.7880462e-01 -3.5107273e-01 -4.4982734e-01 -5.9183134e-01 -7.8041596e-01
-1.7425000e+00 -1.0719624e+00 -6.0179484e-01 -3.5081841e-01 -2.5109437e-01 -2.4663997e-01 -2.8543963e-01 -3.5646124e-01 -4.5429255e-01 -5.9559835e-01 -7.8363384e-01
-1.7350000e+00 -1.1086666e+00 -6.2497313e-01 -3.6683057e-01 -2.6286759e-01 -2.5565660e-01 -2.9257228e-01 -3.6225030e-01 -4.5908748e-01 -5.9964214e-01 -7.8708723e-01
-1.7275000e+00 -1.1487853e+00 -6.5010967e-01 -3.8412767e-01 -2.7555716e-01 -2.6536122e-01 -3.0024183e-01 -3.6847094e-01 -4.6423733e-01 -6.0398364e-01 -7.9079379e-01
-1.7200000e+00 -1.1927317e+00 -6.7740121e-01 -4.0282615e-01 -2.8924112e-01 -2.7581009e-01 -3.0849098e-01 -3.7515679e-01 -4.6976936e-01 -6.0864546e-01 -7.9477257e-01
-1.7125000e+00 -1.2409911e+00 -7.0707062e-01 -4.2305547e-01 -3.0400532e-01 -2.8706467e-01 -3.1736617e-01 -3.8234434e-01 -4.7571307e-01 -6.1365204e-01 -7.9904415e-01
-1.7050000e+00 -1.2941397e+00 -7.3937169e-01 -4.4496007e-01 -3.1994445e-01 -2.9919228e-01 -3.2691803e-01 -3.9007323e-01 -4.8210042e-01 -6.1902979e-01 -8.0363075e-01
-1.6975000e+00 -1.3528690e+00 -7.7459531e-01 -4.6870170e-01 -3.3716316e-01 -3.1226676e-01 -3.3720178e-01 -3.9838654e-01 -4.8896608e-01 -6.2480731e-01 -8.0855636e-01
-1.6900000e+00 -1.4180194e+00 -8.1307707e-01 -4.9446224e-01 -3.5577752e-01 -3.2636923e-01 -3.4827778e-01 -4.0733117e-01 -4.9634766e-01 -6.3101559e-01 -8.1384695e-01
-1.6825000e+00 -1.4906272e+00 -8.5520724e-01 -5.2244716e-01 -3.7591658e-01 -3.4158907e-01 -3.6021209e-01 -4.1695822e-01 -5.0428605e-01 -6.3768818e-01 -8.1953060e-01
-1.6750000e+00 -1.5719905e+00 -9.0144358e-01 -5.5288979e-01 -3.9772433e-01 -3.5802494e-01 -3.7307713e-01 -4.2732348e-01 -5.1282569e-01 -6.4486152e-01 -8.2563773e-01
-1.6675000e+00 -1.6637646e+00 -9.5232842e-01 -5.8605664e-01 -4.2136206e-01 -3.7578606e-01 -3.8695248e-01 -4.3848792e-01 -5.2201500e-01 -6.5257518e-01 -8.3220130e-01
-1.6600000e+00 -1.7681000e+00 -1.0085115e+00 -6.2225407e-01 -4.4701119e-01 -3.9499370e-01 -4.0192577e-01 -4.5051827e-01 -5.3190677e-01 -6.6087216e-01 -8.3925708e-01
-1.6525000e+00 -1.8878425e+00 -1.0707812e+00 -6.6183687e-01 -4.7487669e-01 -4.1578290e-01 -4.1809368e-01 -4.6348775e-01 -5.4255865e-01 -6.6979928e-01 -8.4684388e-01
-1.6450000e+00 -2.0268101e+00 -1.1401087e+00 -7.0521931e-01 -5.0519141e-01 -4.3830463e-01 -4.3556319e-01 -4.7747681e-01 -5.5403368e-01 -6.7940756e-01 -8.5500392e-01
-1.6375000e+00 -2.1900977e+00 -1.2177097e+00 -7.5288969e-01 -5.3822141e-01 -4.6272830e-01 -4.5445304e-01 -4.9257405e-01 -5.6640094e-01 -6.8975270e-01 -8.6378312e-01
-1.6300000e+00 -2.3840104e+00 -1.3051364e+00 -8.0542969e-01 -5.7427263e-01 -4.8924483e-01 -4.7489538e-01 -5.0887731e-01 -5.7973624e-01 -7.0089556e-01 -8.7323152e-01
-1.6225000e+00 -2.6133982e+00 -1.4044136e+00 -8.6354082e-01 -6.1369958e-01 -5.1807053e-01 -4.9703783e-01 -5.2649485e-01 -5.9412297e-01 -7.1290279e-01 -8.8340370e-01
-1.6150000e+00 -2.8656058e+00 -1.5182480e+00 -9.2808099e-01 -6.5691642e-01 -5.4945172e-01 -5.2104594e-01 -5.4554688e-01 -6.0965306e-01 -7.2584749e-01 -8.9435934e-01
-1.6075000e+00 -3.0528855e+00 -1.6503530e+00 -1.0001165e+00 -7.0441169e-01 -5.8367071e-01 -5.4710619e-01 -5.6616729e-01 -6.2642809e-01 -7.3980998e-01 -9.0616372e-01
-1.6000000e+00 -3.0188347e+00 -1.8059449e+00 -1.0809977e+00 -7.5676787e-01 -6.2105328e-01 -5.7542960e-01 -5.8850569e-01 -6.4456065e-01 -7.5487875e-01 -9.1888842e-01
-1.5925000e+00 -2.8201417e+00 -1.9924067e+00 -1.1724723e+00 -8.1468824e-01 -6.6197837e-01 -6.0625633e-01 -6.1272999e-01 -6.6417586e-01 -7.7115150e-01 -9.3261208e-01
-1.5850000e+00 -2.6080137e+00 -2.2195048e+00 -1.2768607e+00 -8.7903412e-01 -7.0689067e-01 -6.3986128e-01 -6.3902941e-01 -6.8541327e-01 -7.8873636e-01 -9.4742127e-01
-1.5775000e+00 -2.4303310e+00 -2.4942397e+00 -1.3973349e+00 -9.5087814e-01 -7.5631739e-01 -6.7656137e-01 -6.6761830e-01 -7.0842908e-01 -8.0775339e-01 -9.6341153e-01
-1.5700000e+00 -2.2894910e+00 -2.7802355e+00 -1.5383792e+00 -1.0315822e+00 -8.1089089e-01 -7.1672469e-01 -6.9874075e-01 -7.3339888e-01 -8.2833631e-01 -9.8068854e-01
-1.5625000e+00 -2.1801402e+00 -2.8791001e+00 -1.7065590e+00 -1.1229152e+00 -8.7137990e-01 -7.6078264e-01 -7.3267646e-01 -7.6052091e-01 -8.5063460e-01 -9.9936957e-01
-1.5550000e+00 -2.0972951e+00 -2.6830148e+00 -1.9117459e+00 -1.2272377e+00 -9.3873355e-01 -8.0924580e-01 -7.6974823e-01 -7.9002022e-01 -8.7481600e-01 -1.0195851e+00
-1.5475000e+00 -2.0374266e+00 -2.4247150e+00 -2.1682899e+00 -1.3478016e+00 -1.0141452e+00 -8.6272549e-01 -8.1033144e-01 -8.2215368e-01 -9.0106960e-01 -1.0414810e+00
-1.5400000e+00 -1.9983060e+00 -2.2090829e+00 -2.4884892e+00 -1.4892591e+00 -1.0991475e+00 -9.2196331e-01 -8.5486668e-01 -8.5721647e-01 -9.2960956e-01 -1.0652206e+00
-1.5325000e+00 -1.9787433e+00 -2.0412481e+00 -2.8046269e+00 -1.6585631e+00 -1.1957594e+00 -9.8787280e-01 -9.0387624e-01 -8.9555022e-01 -9.6067987e-01 -1.0909880e+00
-1.5250000e+00 -1.9784057e+00 -1.9120860e+00 -2.7890979e+00 -1.8665850e+00 -1.3067219e+00 -1.0615995e+00 -9.5798668e-01 -9.3755364e-01 -9.9456013e-01 -1.1189916e+00
-1.5175000e+00 -1.9977352e+00 -1.8138318e+00 -2.4907898e+00 -2.1306717e+00 -1.4358943e+00 -1.1446106e+00 -1.0179598e+00 -9.8369651e-01 -1.0315731e+00 -1.1494681e+00
-1.5100000e+00 -2.0379563e+00 -1.7412598e+00 -2.2124566e+00 -2.4734434e+00 -1.5889561e+00 -1.2388322e+00 -1.0847366e+00 -1.0345383e+00 -1.0720942e+00 -1.1826889e+00
-1.5025000e+00 -2.1011702e+00 -1.6910995e+00 -1.9992160e+00 -2.8509124e+00 -1.7747173e+00 -1.3468705e+00 -1.1595008e+00 -1.0907536e+00 -1.1165643e+00 -1.2189664e+00
-1.4950000e+00 -2.1905303e+00 -1.6614885e+00 -1.8377248e+00 -2.8504574e+00 -2.0076558e+00 -1.4723827e+00 -1.2437743e+00 -1.1531677e+00 -1.1655061e+00 -1.2586637e+00
-1.4875000e+00 -2.3104311e+00 -1.6516325e+00 -1.7150802e+00 -2.5002120e+00 -2.3122773e+00 -1.6207359e+00 -1.3395653e+00 -1.2228074e+00 -1.2195469e+00 -1.3022060e+00
-1.4800000e+00 -2.4663375e+00 -1.6616361e+00 -1.6228809e+00 -2.1950401e+00 -2.7181028e+00 -1.8002557e+00 -1.4496077e+00 -1.3009753e+00 -1.2794501e+00 -1.3500965e+00
-1.4725000e+00 -2.6624054e+00 -1.6924661e+00 -1.5559472e+00 -1.9693408e+00 -3.0633721e+00 -2.0247530e+00 -1.5777693e+00 -1.3893634e+00 -1.3461591e+00 -1.4029376e+00
-1.4650000e+00 -2.8887140e+00 -1.7460383e+00 -1.5112020e+00 -1.8011224e+00 -2.8033708e+00 -2.3187423e+00 -1.7297893e+00 -1.4902324e+00 -1.4208622e+00 -1.4614601e+00
-1.4575000e+00 -3.0768291e+00 -1.8254416e+00 -1.4870089e+00 -1.6743075e+00 -2.4178069e+00 -2.7233696e+00 -1.9147135e+00 -1.6067077e+00 -1.5050890e+00 -1.5265640e+00
-1.4500000e+00 -3.0875111e+00 -1.9353289e+00 -1.4828209e+00 -1.5792270e+00 -2.1351300e+00 -3.1835602e+00 -2.1479177e+00 -1.7432990e+00 -1.6008617e+00 -1.5993783e+00
-1.4425000e+00 -2.9342291e+00 -2.0824367e+00 -1.4990325e+00 -1.5101277e+00 -1.9301981e+00 -3.0105343e+00 -2.4578541e+00 -1.9068717e+00 -1.7109405e+00 -1.6813496e+00
-1.4350000e+00 -2.7582044e+00 -2.2756252e+00 -1.5369867e+00 -1.4636463e+00 -1.7777811e+00 -2.5723420e+00 -2.8962718e+00 -2.1086255e+00 -1.8392458e+00 -1.7743794e+00
-1.4275000e+00 -2.6215215e+00 -2.5211337e+00 -1.5991376e+00 -1.4379948e+00 -1.6632959e+00 -2.2576838e+00 -3.3831019e+00 -2.3685275e+00 -1.9916314e+00 -1.8810458e+00
-1.4200000e+00 -2.5343028e+00 -2.7886790e+00 -1.6894141e+00 -1.4325467e+00 -1.5783690e+00 -2.0347057e+00 -3.0883314e+00 -2.7258921e+00 -2.1774198e+00 -2.0049800e+00
-1.4125000e+00 -2.4954133e+00 -2.9094962e+00 -1.8138835e+00 -1.4476648e+00 -1.5181202e+00 -1.8707629e+00 -2.6331206e+00 -3.2488203e+00 -2.4127749e+00 -2.1515493e+00
-1.4050000e+00 -2.5035321e+00 -2.7566449e+00 -1.9818183e+00 -1.4847031e+00 -1.4797898e+00 -1.7480709e+00 -2.3230475e+00 -3.5573828e+00 -2.7289901e+00 -2.3291943e+00
-1.3975000e+00 -2.5591659e+00 -2.5302333e+00 -2.2066466e+00 -1.5461853e+00 -1.4620482e+00 -1.6567626e+00 -2.1049561e+00 -3.0325356e+00 -3.1924274e+00 -2.5523286e+00
-1.3900000e+00 -2.6641816e+00 -2.3501053e+00 -2.5000424e+00 -1.6362165e+00 -1.4646694e+00 -1.5911757e+00 -1.9448832e+00 -2.6220653e+00 -3.7874470e+00 -2.8484637e+00
-1.3825000e+00 -2.8183171e+00 -2.2305375e+00 -2.8059340e+00 -1.7612836e+00 -1.4884270e+00 -1.5480913e+00 -1.8252846e+00 -2.3476037e+00 -3.4256939e+00 -3.2775814e+00
-1.3750000e+00 -3.0054131e+00 -2.1668408e+00 -2.8283904e+00 -1.9317224e+00 -1.5351717e+00 -1.5258776e+00 -1.7365705e+00 -2.1522047e+00 -2.9215996e+00 -3.9257515e+00
-1.3675000e+00 -3.1578977e+00 -2.1552485e+00 -2.5628269e+00 -2.1640163e+00 -1.6081169e+00 -1.5240806e+00 -1.6732801e+00 -2.0078129e+00 -2.5978097e+00 -3.7977018e+00
-1.3600000e+00 -3.1690083e+00 -2.1955010e+00 -2.3108800e+00 -2.4797626e+00 -1.7124459e+00 -1.5432736e+00 -1.6323421e+00 -1.9000307e+00 -2.3741619e+00 -3.2201697e+00
-1.3525000e+00 -3.0599548e+00 -2.2907984e+00 -2.1346311e+00 -2.8449577e+00 -1.8565092e+00 -1.5850996e+00 -1.6122432e+00 -1.8209208e+00 -2.2112001e+00 -2.8590074e+00
-1.3450000e+00 -2.9431675e+00 -2.4463793e+00 -2.0261822e+00 -2.8862420e+00 -2.0541633e+00 -1.6525220e+00 -1.6126399e+00 -1.7659728e+00 -2.0898296e+00 -2.6156068e+00
-1.3375000e+00 -2.8748806e+00 -2.6606473e+00 -1.9763222e+00 -2.5643709e+00 -2.3287823e+00 -1.7503874e+00 -1.6342270e+00 -1.7327264e+00 -1.9998923e+00 -2.4403254e+00
-1.3300000e+00 -2.8688373e+00 -2.8821264e+00 -1.9812526e+00 -2.2815965e+00 -2.7095096e+00 -1.8865669e+00 -1.6788037e+00 -1.7201177e+00 -1.9356795e+00 -2.3102695e+00
-1.3225000e+00 -2.9261724e+00 -2.9439598e+00 -2.0423863e+00 -2.0908442e+00 -3.0655247e+00 -2.0743022e+00 -1.7495640e+00 -1.7281917e+00 -1.8939984e+00 -2.2136075e+00
-1.3150000e+00 -3.0411509e+00 -2.8027611e+00 -2.1662226e+00 -1.9744969e+00 -2.8538113e+00 -2.3370431e+00 -1.8517376e+00 -1.7580454e+00 -1.8732723e+00 -2.1437752e+00
-1.3075000e+00 -3.1889434e+00 -2.6376901e+00 -2.3634772e+00 -1.9198878e+00 -2.4848769e+00 -2.7143180e+00 -1.9939109e+00 -1.8119739e+00 -1.8731256e+00 -2.0970814e+00
-1.3000000e+00 -3.3003246e+00 -2.5366855e+00 -2.6353315e+00 -1.9221156e+00 -2.2268804e+00 -3.1708146e+00 -2.1908446e+00 -1.8938819e+00 -1.8942423e+00 -2.0716180e+00
-1.2925000e+00 -3.2979639e+00 -2.5141905e+00 -2.8793889e+00 -1.9826614e+00 -2.0626314e+00 -3.0571100e+00 -2.4697434e+00 -2.0101568e+00 -1.9384321e+00 -2.0667537e+00
-1.2850000e+00 -3.2171603e+00 -2.5704050e+00 -2.8212752e+00 -2.1094272e+00 -1.9696789e+00 -2.6328654e+00 -2.8802706e+00 -2.1715070e+00 -2.0089312e+00 -2.0829362e+00
-1.2775000e+00 -3.1493417e+00 -2.7010361e+00 -2.5870443e+00 -2.3177291e+00 -1.9372167e+00 -2.3382483e+00 -3.3721453e+00 -2.3970966e+00 -2.1110761e+00 -2.1217138e+00
-1.2700000e+00 -3.1441779e+00 -2.8791039e+00 -2.4079135e+00 -2.6224999e+00 -1.9627621e+00 -2.1517248e+00 -3.1391931e+00 -2.7243774e+00 -2.2537224e+00 -2.1859797e+00
-1.2625000e+00 -3.2181764e+00 -3.0078815e+00 -2.3231248e+00 -2.9306960e+00 -2.0508133e+00 -2.0428405e+00 -2.6927294e+00 -3.2201786e+00 -2.4523940e+00 -2.2805524e+00
-1.2550000e+00 -3.3604046e+00 -2.9807040e+00 -2.3312853e+00 -2.8513590e+00 -2.2140502e+00 -1.9971708e+00 -2.4032183e+00 -3.5812242e+00 -2.7369897e+00 -2.4134035e+00
-1.2475000e+00 -3.4871829e+00 -2.8761761e+00 -2.4327387e+00 -2.5592961e+00 -2.4760920e+00 -2.0103533e+00 -2.2231129e+00 -3.0866398e+00 -3.1705210e+00 -2.5983661e+00
-1.2400000e+00 -3.4636888e+00 -2.8104415e+00 -2.6265372e+00 -2.3527211e+00 -2.8526372e+00 -2.0856466e+00 -2.1202045e+00 -2.6850704e+00 -3.7668523e+00 -2.8617656e+00
-1.2325000e+00 -3.3584612e+00 -2.8209094e+00 -2.8613058e+00 -2.2563447e+00 -3.0863214e+00 -2.2348782e+00 -2.0804634e+00 -2.4369196e+00 -3.4797787e+00 -3.2603659e+00
-1.2250000e+00 -3.3252589e+00 -2.9042874e+00 -2.9292614e+00 -2.2619649e+00 -2.7950625e+00 -2.4829130e+00 -2.1002251e+00 -2.2861163e+00 -2.9776708e+00 -3.8866950e+00
-1.2175000e+00 -3.4205913e+00 -3.0275446e+00 -2.7763148e+00 -2.3710128e+00 -2.4920788e+00 -2.8672659e+00 -2.1838122e+00 -2.2067459e+00 -2.6725121e+00 -3.8521255e+00
-1.2100000e+00 -3.5987752e+00 -3.1171068e+00 -2.6344961e+00 -2.5921292e+00 -2.3196703e+00 -3.2403873e+00 -2.3451313e+00 -2.1887399e+00 -2.4859449e+00 -3.2739049e+00
-1.2025000e+00 -3.6365494e+00 -3.1128817e+00 -2.5967158e+00 -2.8873468e+00 -2.2619195e+00 -2.9724537e+00 -2.6141521e+00 -2.2314198e+00 -2.3795588e+00 -2.9263547e+00
-1.1950000e+00 -3.5154384e+00 -3.0581564e+00 -2.6713352e+00 -2.9652592e+00 -2.3110557e+00 -2.6111233e+00 -3.0408808e+00 -2.3425704e+00 -2.3376710e+00 -2.7156382e+00
-1.1875000e+00 -3.4880457e+00 -3.0318218e+00 -2.8346242e+00 -2.7406949e+00 -2.4761877e+00 -2.4015250e+00 -3.4164761e+00 -2.5421022e+00 -2.3561517e+00 -2.5922249e+00
-1.1800000e+00 -3.6190225e+00 -3.0777279e+00 -2.9809559e+00 -2.5607354e+00 -2.7741207e+00 -2.3175422e+00 -3.0400750e+00 -2.8730372e+00 -2.4394417e+00 -2.5360668e+00
-1.1725000e+00 -3.7536412e+00 -3.1968893e+00 -2.9628892e+00 -2.5156108e+00 -3.0923788e+00 -2.3446683e+00 -2.6706711e+00 -3.3910818e+00 -2.6024452e+00 -2.5407277e+00
-1.1650000e+00 -3.6849006e+00 -3.2988569e+00 -2.8684749e+00 -2.6086146e+00 -2.9620764e+00 -2.4901508e+00 -2.4692898e+00 -3.4992571e+00 -2.8793006e+00 -2.6087643e+00
-1.1575000e+00 -3.6304793e+00 -3.2533574e+00 -2.8382680e+00 -2.8239847e+00 -2.6760226e+00 -2.7812683e+00 -2.3957114e+00 -3.0021018e+00 -3.3425994e+00 -2.7525875e+00
-1.1500000e+00 -3.7243033e+00 -3.1752056e+00 -2.8996643e+00 -3.0178463e+00 -2.5325480e+00 -3.1850000e+00 -2.4358560e+00 -2.6882862e+00 -3.8280397e+00 -3.0017986e+00
-1.1425000e+00 -3.8399729e+00 -3.2249091e+00 -3.0100822e+00 -2.9356876e+00 -2.5456949e+00 -3.1417535e+00 -2.6009326e+00 -2.5341019e+00 -3.3512220e+00 -3.4249236e+00
-1.1350000e+00 -3.7963326e+00 -3.3993269e+00 -3.0811311e+00 -2.7809613e+00 -2.7159924e+00 -2.7900560e+00 -2.9285879e+00 -2.5020479e+00 -2.9408142e+00 -4.0443544e+00
-1.1275000e+00 -3.7634739e+00 -3.4302203e+00 -3.0708806e+00 -2.7511042e+00 -3.0138378e+00 -2.5967702e+00 -3.3790384e+00 -2.5872153e+00 -2.7264932e+00 -3.6966137e+00
-1.1200000e+00 -3.8770654e+00 -3.3048380e+00 -3.0374067e+00 -2.8630741e+00 -3.1185642e+00 -2.5757401e+00 -3.2289087e+00 -2.8131320e+00 -2.6474553e+00 -3.2115432e+00
-1.1125000e+00 -3.9439159e+00 -3.3427421e+00 -3.0476391e+00 -3.0319096e+00 -2.8895963e+00 -2.7247421e+00 -2.8466869e+00 -3.2352779e+00 -2.6859637e+00 -2.9556083e+00
-1.1050000e+00 -3.8558503e+00 -3.5311721e+00 -3.1329331e+00 -3.0563004e+00 -2.7466836e+00 -3.0497342e+00 -2.6626499e+00 -3.6126985e+00 -2.8548288e+00 -2.8473514e+00
-1.0975000e+00 -3.9448862e+00 -3.4989897e+00 -3.2368060e+00 -2.9708977e+00 -2.7887751e+00 -3.2794893e+00 -2.6594929e+00 -3.1931071e+00 -3.2048470e+00 -2.8591186e+00
-1.0900000e+00 -4.0385309e+00 -3.4151083e+00 -3.2097787e+00 -2.9590017e+00 -2.9974471e+00 -3.0108341e+00 -2.8384296e+00 -2.8612685e+00 -3.7590867e+00 -2.9972376e+00
-1.0825000e+00 -3.9425154e+00 -3.5423287e+00 -3.1469862e+00 -3.0409517e+00 -3.1726903e+00 -2.8014085e+00 -3.2186492e+00 -2.7420451e+00 -3.5639588e+00 -3.3056857e+00
-1.0750000e+00 -4.0644223e+00 -3.6187874e+00 -3.2371525e+00 -3.1261987e+00 -3.0496966e+00 -2.8049708e+00 -3.4229468e+00 -2.8058270e+00 -3.1132677e+00 -3.8702567e+00
-1.0675000e+00 -4.0822849e+00 -3.5387883e+00 -3.3873611e+00 -3.1437909e+00 -2.9380661e+00 -3.0195428e+00 -3.0691461e+00 -3.0732429e+00 -2.9102762e+00 -3.9244419e+00
-1.0600000e+00 -4.0524017e+00 -3.6033224e+00 -3.2905106e+00 -3.1318347e+00 -3.0024956e+00 -3.2983019e+00 -2.8614511e+00 -3.5405319e+00 -2.9024466e+00 -3.3897883e+00
-1.0525000e+00 -4.1728027e+00 -3.6922834e+00 -3.2626278e+00 -3.1372554e+00 -3.1712619e+00 -3.1668280e+00 -2.8909870e+00 -3.4510155e+00 -3.0905889e+00 -3.1289869e+00
-1.0450000e+00 -4.1253575e+00 -3.6519363e+00 -3.4560470e+00 -3.2016348e+00 -3.1981271e+00 -2.9788215e+00 -3.1575815e+00 -3.0680931e+00 -3.5294558e+00 -3.0778363e+00
-1.0375000e+00 -4.1940406e+00 -3.6852010e+00 -3.4249433e+00 -3.2924129e+00 -3.1210268e+00 -3.0157191e+00 -3.4683514e+00 -2.9408752e+00 -3.8119043e+00 -3.2210644e+00
-1.0300000e+00 -4.2231444e+00 -3.7871583e+00 -3.3498937e+00 -3.2562039e+00 -3.1449590e+00 -3.2444441e+00 -3.2342868e+00 -3.0653568e+00 -3.3430309e+00 -3.6147564e+00
-1.0225000e+00 -4.2252133e+00 -3.7198026e+00 -3.5322794e+00 -3.2315603e+00 -3.2372100e+00 -3.3212865e+00 -3.0340937e+00 -3.4471416e+00 -3.1004444e+00 -4.1079455e+00
-1.0150000e+00 -4.2987346e+00 -3.8207873e+00 -3.4964390e+00 -3.3812348e+00 -3.2762751e+00 -3.1636722e+00 -3.1077948e+00 -3.5935655e+00 -3.1272179e+00 -3.6438932e+00
-1.0075000e+00 -4.2842287e+00 -3.8284979e+00 -3.4693272e+00 -3.3902734e+00 -3.2769985e+00 -3.1638954e+00 -3.4056194e+00 -3.2328374e+00 -3.4327207e+00 -3.3192142e+00
-1.0000000e+00 -4.3489306e+00 -3.8300918e+00 -3.6132468e+00 -3.3014282e+00 -3.2813367e+00 -3.3270546e+00 -3.4306790e+00 -3.1193823e+00 -3.8632168e+00 -3.2853787e+00
-9.9250000e-01 -4.3574249e+00 -3.9248149e+00 -3.5537684e+00 -3.4794556e+00 -3.3313586e+00 -3.3635614e+00 -3.2131759e+00 -3.3140326e+00 -3.5162894e+00 -3.5334012e+00
-9.8500000e-01 -4.3957794e+00 -3.8759392e+00 -3.6062163e+00 -3.4635624e+00 -3.4179193e+00 -3.2939868e+00 -3.2455044e+00 -3.6604073e+00 -3.2622007e+00 -4.0581796e+00
-9.7750000e-01 -4.4327784e+00 -3.9847647e+00 -3.6671946e+00 -3.4006022e+00 -3.3723107e+00 -3.3451567e+00 -3.4817757e+00 -3.4509928e+00 -3.3431074e+00 -3.8300531e+00
-9.7000000e-01 -4.4295603e+00 -3.9437822e+00 -3.6431468e+00 -3.6045132e+00 -3.3916669e+00 -3.4223430e+00 -3.4591378e+00 -3.2754343e+00 -3.7405173e+00 -3.4755843e+00
-9.6250000e-01 -4.5262523e+00 -4.0346266e+00 -3.7242451e+00 -3.4796743e+00 -3.5421887e+00 -3.4342119e+00 -3.3424417e+00 -3.4361222e+00 -3.7633189e+00 -3.4803908e+00
-9.5500000e-01 -4.4887032e+00 -4.0069104e+00 -3.7189072e+00 -3.5783944e+00 -3.4359214e+00 -3.4430186e+00 -3.4558000e+00 -3.6944979e+00 -3.4378271e+00 -3.8456530e+00
-9.4750000e-01 -4.5373886e+00 -4.0994577e+00 -3.7665607e+00 -3.6149763e+00 -3.5120427e+00 -3.4669083e+00 -3.5573650e+00 -3.4936241e+00 -3.4726003e+00 -4.0853625e+00
-9.4000000e-01 -4.6016731e+00 -4.0647125e+00 -3.7872042e+00 -3.5884701e+00 -3.6173473e+00 -3.5544020e+00 -3.4858426e+00 -3.4435948e+00 -3.8312521e+00 -3.6708092e+00
-9.3250000e-01 -4.5839240e+00 -4.1377350e+00 -3.8318577e+00 -3.6949323e+00 -3.4936747e+00 -3.5311978e+00 -3.5320048e+00 -3.6705119e+00 -3.7557622e+00 -3.6115296e+00
-9.2500000e-01 -4.6217910e+00 -4.1764968e+00 -3.8286855e+00 -3.6536584e+00 -3.7088651e+00 -3.5444372e+00 -3.6001470e+00 -3.6554664e+00 -3.5463984e+00 -3.9601186e+00
-9.1750000e-01 -4.6943898e+00 -4.1472511e+00 -3.9199659e+00 -3.7353939e+00 -3.5740325e+00 -3.6798349e+00 -3.6094120e+00 -3.5606901e+00 -3.7305881e+00 -4.0607189e+00
-9.1000000e-01 -4.7152436e+00 -4.2383443e+00 -3.8699335e+00 -3.7336683e+00 -3.7135833e+00 -3.5660677e+00 -3.6258701e+00 -3.7084305e+00 -3.9090775e+00 -3.7385990e+00
-9.0250000e-01 -4.7120100e+00 -4.2494974e+00 -3.9789297e+00 -3.7791086e+00 -3.6751954e+00 -3.7248097e+00 -3.6632538e+00 -3.7252295e+00 -3.6896417e+00 -3.8465014e+00
-8.9500000e-01 -4.7332578e+00 -4.2566609e+00 -3.9512420e+00 -3.7965910e+00 -3.7397076e+00 -3.6725663e+00 -3.7320201e+00 -3.6928093e+00 -3.7880774e+00 -4.1740919e+00
-8.8750000e-01 -4.7770152e+00 -4.3277842e+00 -4.0114825e+00 -3.8559812e+00 -3.7501450e+00 -3.7181385e+00 -3.6790926e+00 -3.7793300e+00 -3.9454098e+00 -3.9062778e+00
-8.8000000e-01 -4.8232027e+00 -4.3528206e+00 -4.0285926e+00 -3.8237359e+00 -3.7964573e+00 -3.7858828e+00 -3.8128970e+00 -3.7919828e+00 -3.8016042e+00 -3.9142332e+00
-8.7250000e-01 -4.8608971e+00 -4.3418454e+00 -4.0411516e+00 -3.9538119e+00 -3.8083897e+00 -3.7467006e+00 -3.7522933e+00 -3.8176278e+00 -3.9160474e+00 -4.1953390e+00
-8.6500000e-01 -4.8928225e+00 -4.3659239e+00 -4.1279665e+00 -3.8855736e+00 -3.8548432e+00 -3.8586199e+00 -3.8347196e+00 -3.8376865e+00 -3.9568828e+00 -3.9994796e+00
-8.5750000e-01 -4.9260463e+00 -4.4201901e+00 -4.1312890e+00 -3.9485745e+00 -3.8783218e+00 -3.8142218e+00 -3.8495073e+00 -3.9139423e+00 -3.9268558e+00 -4.0585204e+00
-8.5000000e-01 -4.9583578e+00 -4.4701693e+00 -4.1139911e+00 -4.0287296e+00 -3.9016413e+00 -3.8914501e+00 -3.8652450e+00 -3.8652458e+00 -4.0137499e+00 -4.2090390e+00
-8.4250000e-01 -4.9806497e+00 -4.5025562e+00 -4.1649301e+00 -3.9873497e+00 -3.9355269e+00 -3.9109529e+00 -3.9223832e+00 -3.9999630e+00 -4.0103290e+00 -4.0793143e+00
-8.3500000e-01 -5.0015594e+00 -4.5267210e+00 -4.2299014e+00 -4.0354444e+00 -3.9985271e+00 -3.9115807e+00 -3.9326858e+00 -3.9140102e+00 -4.0545161e+00 -4.2276321e+00
-8.2750000e-01 -5.0209295e+00 -4.5530259e+00 -4.2548463e+00 -4.0880876e+00 -3.9522945e+00 -3.9987847e+00 -3.9536802e+00 -4.0698301e+00 -4.0727496e+00 -4.1925345e+00
-8.2000000e-01 -5.0345311e+00 -4.5825306e+00 -4.2610365e+00 -4.0916425e+00 -4.0427464e+00 -3.9721116e+00 -4.0408433e+00 -3.9641309e+00 -4.1252037e+00 -4.2421565e+00
-8.1250000e-01 -5.0781815e+00 -4.6097320e+00 -4.2778120e+00 -4.1291726e+00 -4.1077725e+00 -4.0361302e+00 -3.9671442e+00 -4.1509406e+00 -4.1180950e+00 -4.2675910e+00
-8.0500000e-01 -5.1271844e+00 -4.6364704e+00 -4.3072586e+00 -4.1937615e+00 -4.0537050e+00 -4.0443404e+00 -4.1362293e+00 -4.0071437e+00 -4.1973041e+00 -4.3088363e+00
-7.9750000e-01 -5.1505196e+00 -4.6771545e+00 -4.3409446e+00 -4.2306403e+00 -4.0825389e+00 -4.1060072e+00 -4.0417030e+00 -4.2231412e+00 -4.1779005e+00 -4.3092973e+00
-7.9000000e-01 -5.1605447e+00 -4.7195088e+00 -4.3744146e+00 -4.2379011e+00 -4.1683663e+00 -4.1183287e+00 -4.1224002e+00 -4.0857642e+00 -4.2378041e+00 -4.3932507e+00
-7.8250000e-01 -5.2161408e+00 -4.7324774e+00 -4.4096302e+00 -4.2460531e+00 -4.2047122e+00 -4.1030991e+00 -4.1748437e+00 -4.2000910e+00 -4.2815942e+00 -4.3485651e+00
-7.7500000e-01 -5.2248215e+00 -4.7497081e+00 -4.4470784e+00 -4.2683098e+00 -4.2077011e+00 -4.1828325e+00 -4.1590809e+00 -4.2552788e+00 -4.2346485e+00 -4.4698596e+00
-7.6750000e-01 -5.2714731e+00 -4.7677339e+00 -4.4752365e+00 -4.3012893e+00 -4.2306755e+00 -4.2647040e+00 -4.2114515e+00 -4.1721112e+00 -4.4204597e+00 -4.4104748e+00
-7.6000000e-01 -5.2873197e+00 -4.8265828e+00 -4.4889609e+00 -4.3365726e+00 -4.2756074e+00 -4.2547221e+00 -4.2285047e+00 -4.3111392e+00 -4.2734517e+00 -4.4945829e+00
-7.5250000e-01 -5.3387756e+00 -4.8494484e+00 -4.5225349e+00 -4.3651617e+00 -4.3241348e+00 -4.2332860e+00 -4.2583874e+00 -4.3274643e+00 -4.4039273e+00 -4.5412397e+00
-7.4500000e-01 -5.3442885e+00 -4.8640586e+00 -4.5812855e+00 -4.3832743e+00 -4.3655804e+00 -4.2542349e+00 -4.3305159e+00 -4.2949011e+00 -4.4736400e+00 -4.4673969e+00
-7.3750000e-01 -5.3816655e+00 -4.9198250e+00 -4.6117363e+00 -4.4040393e+00 -4.3987562e+00 -4.3022960e+00 -4.3645421e+00 -4.3557365e+00 -4.3689365e+00 -4.6667694e+00
-7.3000000e-01 -5.4247212e+00 -4.9196636e+00 -4.6380360e+00 -4.4498666e+00 -4.4235899e+00 -4.3510478e+00 -4.3492803e+00 -4.3993547e+00 -4.4672887e+00 -4.5757991e+00
-7.2250000e-01 -5.4522231e+00 -4.9748628e+00 -4.6402581e+00 -4.5055108e+00 -4.4393293e+00 -4.3899745e+00 -4.3432219e+00 -4.4148438e+00 -4.5669486e+00 -4.5643706e+00
-7.1500000e-01 -5.4752955e+00 -4.9822561e+00 -4.7100390e+00 -4.5323527e+00 -4.4529128e+00 -4.4233603e+00 -4.3667035e+00 -4.4577458e+00 -4.5285704e+00 -4.7442769e+00
-7.0750000e-01 -5.4993952e+00 -5.0357444e+00 -4.7137928e+00 -4.5661844e+00 -4.4802355e+00 -4.4597331e+00 -4.4074455e+00 -4.5136794e+00 -4.5258910e+00 -4.7230063e+00
-7.0000000e-01 -5.5334512e+00 -5.0598913e+00 -4.7469113e+00 -4.5717393e+00 -4.5155366e+00 -4.5036635e+00 -4.4502912e+00 -4.5481905e+00 -4.5773126e+00 -4.6536082e+00
-6.5000000e-01 -5.7404372e+00 -5.2465592e+00 -4.9524845e+00 -4.7985071e+00 -4.7055476e+00 -4.6600515e+00 -4.6818968e+00 -4.6914660e+00 -4.8476917e+00 -4.9149308e+00
-6.0000000e-01 -5.9270526e+00 -5.4591830e+00 -5.1421437e+00 -4.9958764e+00 -4.8934390e+00 -4.8740686e+00 -4.9036094e+00 -4.8763183e+00 -4.9920995e+00 -5.1720796e+00
-5.5000000e-01 -6.1395565e+00 -5.6580452e+00 -5.3563823e+00 -5.1724728e+00 -5.1187627e+00 -5.0605905e+00 -5.0943692e+00 -5.0983790e+00 -5.2105324e+00 -5.2895496e+00
-5.0000000e-01 -6.3309574e+00 -5.8553914e+00 -5.5570694e+00 -5.3754128e+00 -5.3129721e+00 -5.2834039e+00 -5.2757652e+00 -5.2911426e+00 -5.4011643e+00 -5.5123552e+00
-4.0000000e-01 -6.6934160e+00 -6.2512142e+00 -5.9506247e+00 -5.7865769e+00 -5.7077626e+00 -5.6705127e+00 -5.6866028e+00 -5.7116949e+00 -5.7799155e+00 -5.9264294e+00
-2.0000000e-01 -7.6402222e+00 -7.0075570e+00 -6.7129209e+00 -6.5850167e+00 -6.5052307e+00 -6.4747323e+00 -6.4772898e+00 -6.5161727e+00 -6.5896932e+00 -6.7123574e+00
0.0000000e+00 -8.3160048e+00 -7.8130426e+00 -7.5349151e+00 -7.3604876e+00 -7.2853553e+00 -7.2948981e+00 -7.2835124e+00 -7.3104662e+00 -7.3911466e+00 -7.5190270e+00
2.0000000e-01 -9.0765427e+00 -8.6708823e+00 -8.3511626e+00 -8.1731306e+00 -8.0920951e+00 -8.1288626e+00 -8.1086525e+00 -8.0870882e+00 -8.2087943e+00 -8.3246143e+00
4.0000000e-01 -9.9935791e+00 -9.4198795e+00 -9.1857423e+00 -8.9808620e+00 -8.9028149e+00 -8.9118213e+00 -8.8696956e+00 -8.9153859e+00 -8.9899313e+00 -9.1131308e+00
6.0000000e-01 -1.0752384e+01 -1.0261700e+01 -9.9154377e+00 -9.7735063e+00 -9.6661420e+00 -9.7008723e+00 -9.6543795e+00 -9.6554204e+00 -9.8088135e+00 -9.9044154e+00
8.0000000e-01 -1.1495630e+01 -1.1037823e+01 -1.0765169e+01 -1.0588875e+01 -1.0469860e+01 -1.0475240e+01 -1.0450623e+01 -1.0566722e+01 -1.0561601e+01 -1.0672809e+01
1.0000000e+00 -1.2340579e+01 -1.1853657e+01 -1.1570491e+01 -1.1408441e+01 -1.1261799e+01 -1.1333290e+01 -1.1251651e+01 -1.1286963e+01 -1.1428194e+01 -1.1554900e+01
1.2000000e+00 -1.3098200e+01 -1.2715698e+01 -1.2356422e+01 -1.2154728e+01 -1.2143573e+01 -1.2078868e+01 -1.2101811e+01 -1.2121655e+01 -1.2224967e+01 -1.2324444e+01
1.4000000e+00 -1.3923869e+01 -1.3462526e+01 -1.3120096e+01 -1.2940549e+01 -1.2908142e+01 -1.2835148e+01 -1.2911682e+01 -1.2898152e+01 -1.2967812e+01 -1.3143188e+01
1.6000000e+00 -1.4730747e+01 -1.4260336e+01 -1.3964068e+01 -1.3738669e+01 -1.3705495e+01 -1.3683978e+01 -1.3688228e+01 -1.3668591e+01 -1.3828421e+01 -1.3959603e+01
1.8000000e+00 -1.5584315e+01 -1.5067503e+01 -1.4740042e+01 -1.4598037e+01 -1.4485421e+01 -1.4511921e+01 -1.4500539e+01 -1.4525229e+01 -1.4628749e+01 -1.4735366e+01
2.0000000e+00 -1.6436432e+01 -1.5853720e+01 -1.5634024e+01 -1.5410858e+01 -1.5305536e+01 -1.5250664e+01 -1.5283591e+01 -1.5308121e+01 -1.5367764e+01 -1.5540212e+01