########################################################################
# Reference Counts for Solar Model AGSS09met_old                       #
# Column 1: log10(Axion mass in eV)                                    #
#        n>1: log10(Reference photon counts in energy bin n-1)         #
########################################################################
-3.0000000e+00 -2.6723976e+00 -2.5287559e+00 -2.4894021e+00 -2.5447628e+00 -2.6654183e+00 -2.7830263e+00 -2.9194011e+00 -3.0635762e+00 -3.1964170e+00 -3.1449170e+00
-2.8000000e+00 -2.6724182e+00 -2.5287699e+00 -2.4894122e+00 -2.5447704e+00 -2.6654242e+00 -2.7830310e+00 -2.9194049e+00 -3.0635794e+00 -3.1964197e+00 -3.1449194e+00
-2.6000000e+00 -2.6725478e+00 -2.5288585e+00 -2.4894759e+00 -2.5448183e+00 -2.6654615e+00 -2.7830609e+00 -2.9194293e+00 -3.0635997e+00 -3.1964369e+00 -3.1449343e+00
-2.4000000e+00 -2.6733659e+00 -2.5294173e+00 -2.4898778e+00 -2.5451202e+00 -2.6656967e+00 -2.7832490e+00 -2.9195833e+00 -3.0637280e+00 -3.1965451e+00 -3.1450284e+00
-2.2000000e+00 -2.6785344e+00 -2.5329464e+00 -2.4924151e+00 -2.5470265e+00 -2.6671816e+00 -2.7844365e+00 -2.9205551e+00 -3.0645377e+00 -3.1972281e+00 -3.1456224e+00
-2.1500000e+00 -2.6821336e+00 -2.5354025e+00 -2.4941804e+00 -2.5483524e+00 -2.6682142e+00 -2.7852623e+00 -2.9212308e+00 -3.0651006e+00 -3.1977029e+00 -3.1460353e+00
-2.1000000e+00 -2.6878493e+00 -2.5393007e+00 -2.4969810e+00 -2.5504555e+00 -2.6698518e+00 -2.7865717e+00 -2.9223021e+00 -3.0659931e+00 -3.1984557e+00 -3.1466900e+00
-2.0500000e+00 -2.6969372e+00 -2.5454926e+00 -2.5014269e+00 -2.5537927e+00 -2.6724498e+00 -2.7886485e+00 -2.9240011e+00 -3.0674084e+00 -3.1996493e+00 -3.1477279e+00
-2.0000000e+00 -2.7114197e+00 -2.5553412e+00 -2.5084914e+00 -2.5590921e+00 -2.6765735e+00 -2.7919441e+00 -2.9266965e+00 -3.0696532e+00 -3.2015423e+00 -3.1493739e+00
-1.9500000e+00 -2.7345536e+00 -2.5710389e+00 -2.5197339e+00 -2.5675172e+00 -2.6831251e+00 -2.7971774e+00 -2.9309752e+00 -3.0732158e+00 -3.2045460e+00 -3.1519852e+00
-1.9000000e+00 -2.7717084e+00 -2.5961465e+00 -2.5376700e+00 -2.5809365e+00 -2.6935487e+00 -2.8054973e+00 -2.9377737e+00 -3.0788741e+00 -3.2093150e+00 -3.1561303e+00
-1.8500000e+00 -2.8318900e+00 -2.6365328e+00 -2.5663943e+00 -2.6023745e+00 -2.7101717e+00 -2.8187488e+00 -2.9485923e+00 -3.0878721e+00 -3.2168947e+00 -3.1627160e+00
-1.8475000e+00 -2.8357442e+00 -2.6391070e+00 -2.5682204e+00 -2.6037347e+00 -2.7112251e+00 -2.8195879e+00 -2.9492769e+00 -3.0884413e+00 -3.2173740e+00 -3.1631324e+00
-1.8400000e+00 -2.8478981e+00 -2.6472149e+00 -2.5739673e+00 -2.6080140e+00 -2.7145384e+00 -2.8222265e+00 -2.9514294e+00 -3.0902306e+00 -3.2188806e+00 -3.1644410e+00
-1.8325000e+00 -2.8609969e+00 -2.6559365e+00 -2.5801263e+00 -2.6126087e+00 -2.7180942e+00 -2.8250573e+00 -2.9537383e+00 -3.0921495e+00 -3.2204962e+00 -3.1658441e+00
-1.8250000e+00 -2.8751210e+00 -2.6653209e+00 -2.5867632e+00 -2.6175428e+00 -2.7219108e+00 -2.8280947e+00 -2.9562150e+00 -3.0942076e+00 -3.2222286e+00 -3.1673486e+00
-1.8175000e+00 -2.8903586e+00 -2.6754220e+00 -2.5938974e+00 -2.6228423e+00 -2.7260079e+00 -2.8313541e+00 -2.9588719e+00 -3.0964150e+00 -3.2240864e+00 -3.1689619e+00
-1.8100000e+00 -2.9068072e+00 -2.6862986e+00 -2.6015682e+00 -2.6285354e+00 -2.7304066e+00 -2.8348520e+00 -2.9617226e+00 -3.0987827e+00 -3.2260789e+00 -3.1706918e+00
-1.8025000e+00 -2.9245742e+00 -2.6980147e+00 -2.6098182e+00 -2.6346524e+00 -2.7351300e+00 -2.8386064e+00 -2.9647813e+00 -3.1013227e+00 -3.2282159e+00 -3.1725470e+00
-1.7950000e+00 -2.9437789e+00 -2.7106407e+00 -2.6186936e+00 -2.6412262e+00 -2.7402026e+00 -2.8426366e+00 -2.9680635e+00 -3.1040477e+00 -3.2305081e+00 -3.1745367e+00
-1.7875000e+00 -2.9645538e+00 -2.7242536e+00 -2.6282450e+00 -2.6482927e+00 -2.7456514e+00 -2.8469634e+00 -2.9715861e+00 -3.1069713e+00 -3.2329670e+00 -3.1766707e+00
-1.7800000e+00 -2.9870465e+00 -2.7389384e+00 -2.6385274e+00 -2.6558906e+00 -2.7515052e+00 -2.8516093e+00 -2.9753669e+00 -3.1101085e+00 -3.2356048e+00 -3.1789597e+00
-1.7725000e+00 -3.0114510e+00 -2.7547883e+00 -2.6496009e+00 -2.6640621e+00 -2.7577956e+00 -2.8565987e+00 -2.9794256e+00 -3.1134752e+00 -3.2384349e+00 -3.1814151e+00
-1.7650000e+00 -3.0378962e+00 -2.7719067e+00 -2.6615313e+00 -2.6728531e+00 -2.7645565e+00 -2.8619579e+00 -2.9837831e+00 -3.1170884e+00 -3.2414715e+00 -3.1840492e+00
-1.7575000e+00 -3.0666202e+00 -2.7904078e+00 -2.6743908e+00 -2.6823135e+00 -2.7718248e+00 -2.8677153e+00 -2.9884621e+00 -3.1209669e+00 -3.2447300e+00 -3.1868753e+00
-1.7500000e+00 -3.0978610e+00 -2.8104171e+00 -2.6882585e+00 -2.6924978e+00 -2.7796407e+00 -2.8739018e+00 -2.9934871e+00 -3.1251305e+00 -3.2482271e+00 -3.1899077e+00
-1.7425000e+00 -3.1318901e+00 -2.8320790e+00 -2.7032215e+00 -2.7034657e+00 -2.7880478e+00 -2.8805507e+00 -2.9988847e+00 -3.1296009e+00 -3.2519806e+00 -3.1931617e+00
-1.7350000e+00 -3.1690191e+00 -2.8555502e+00 -2.7193760e+00 -2.7152822e+00 -2.7970935e+00 -2.8876985e+00 -3.0046835e+00 -3.1344014e+00 -3.2560098e+00 -3.1966539e+00
-1.7275000e+00 -3.2096085e+00 -2.8810084e+00 -2.7368283e+00 -2.7280187e+00 -2.8068295e+00 -2.8953843e+00 -3.0109146e+00 -3.1395573e+00 -3.2603357e+00 -3.2004022e+00
-1.7200000e+00 -3.2540781e+00 -2.9086542e+00 -2.7556962e+00 -2.7417536e+00 -2.8173124e+00 -2.9036510e+00 -3.0176118e+00 -3.1450958e+00 -3.2649807e+00 -3.2044259e+00
-1.7125000e+00 -3.3029217e+00 -2.9387146e+00 -2.7761107e+00 -2.7565732e+00 -2.8286038e+00 -2.9125452e+00 -3.0248116e+00 -3.1510465e+00 -3.2699692e+00 -3.2087458e+00
-1.7050000e+00 -3.3567255e+00 -2.9714489e+00 -2.7982182e+00 -2.7725726e+00 -2.8407713e+00 -2.9221175e+00 -3.0325537e+00 -3.1574414e+00 -3.2753274e+00 -3.2133844e+00
-1.6975000e+00 -3.4161934e+00 -3.0071537e+00 -2.8221827e+00 -2.7898571e+00 -2.8538891e+00 -2.9324235e+00 -3.0408812e+00 -3.1643152e+00 -3.2810839e+00 -3.2183660e+00
-1.6900000e+00 -3.4821848e+00 -3.0461723e+00 -2.8481884e+00 -2.8085433e+00 -2.8680386e+00 -2.9435236e+00 -3.0498413e+00 -3.1717056e+00 -3.2872695e+00 -3.2237169e+00
-1.6825000e+00 -3.5557476e+00 -3.0889054e+00 -2.8764439e+00 -2.8287608e+00 -2.8833097e+00 -2.9554839e+00 -3.0594850e+00 -3.1796535e+00 -3.2939177e+00 -3.2294656e+00
-1.6750000e+00 -3.6382076e+00 -3.1358195e+00 -2.9071860e+00 -2.8506546e+00 -2.8998013e+00 -2.9683773e+00 -3.0698682e+00 -3.1882033e+00 -3.3010647e+00 -3.2356428e+00
-1.6675000e+00 -3.7312491e+00 -3.1874724e+00 -2.9406854e+00 -2.8743869e+00 -2.9176232e+00 -2.9822834e+00 -3.0810522e+00 -3.1974037e+00 -3.3087498e+00 -3.2422820e+00
-1.6600000e+00 -3.8369398e+00 -3.2445320e+00 -2.9772537e+00 -2.9001400e+00 -2.9368972e+00 -2.9972901e+00 -3.0931037e+00 -3.2073075e+00 -3.3170160e+00 -3.2494194e+00
-1.6525000e+00 -3.9584141e+00 -3.3078102e+00 -3.0172517e+00 -2.9281203e+00 -2.9577591e+00 -3.0134944e+00 -3.1060961e+00 -3.2179723e+00 -3.3259099e+00 -3.2570943e+00
-1.6450000e+00 -4.0993166e+00 -3.3783087e+00 -3.0611014e+00 -2.9585622e+00 -2.9803553e+00 -3.0310036e+00 -3.1201102e+00 -3.2294614e+00 -3.3354822e+00 -3.2653495e+00
-1.6375000e+00 -4.2646620e+00 -3.4572849e+00 -3.1093007e+00 -2.9917334e+00 -3.0048666e+00 -3.0499368e+00 -3.1352345e+00 -3.2418439e+00 -3.3457884e+00 -3.2742317e+00
-1.6300000e+00 -4.4602097e+00 -3.5463570e+00 -3.1624436e+00 -3.0279422e+00 -3.0314797e+00 -3.0704266e+00 -3.1515673e+00 -3.2551957e+00 -3.3568890e+00 -3.2837915e+00
-1.6225000e+00 -4.6886804e+00 -3.6476108e+00 -3.2212473e+00 -3.0675456e+00 -3.0604120e+00 -3.0926211e+00 -3.1692171e+00 -3.2696004e+00 -3.3688505e+00 -3.2940843e+00
-1.6150000e+00 -4.9302928e+00 -3.7638746e+00 -3.2865905e+00 -3.1109612e+00 -3.0919115e+00 -3.1166863e+00 -3.1883044e+00 -3.2851501e+00 -3.3817454e+00 -3.3051706e+00
-1.6075000e+00 -5.0869992e+00 -3.8990224e+00 -3.3595675e+00 -3.1586817e+00 -3.1262620e+00 -3.1428096e+00 -3.2089633e+00 -3.3019464e+00 -3.3956539e+00 -3.3171168e+00
-1.6000000e+00 -5.0278156e+00 -4.0584894e+00 -3.4415670e+00 -3.2112948e+00 -3.1637915e+00 -3.1712025e+00 -3.2313440e+00 -3.3201023e+00 -3.4106638e+00 -3.3299955e+00
-1.5925000e+00 -4.8321494e+00 -4.2498899e+00 -3.5343912e+00 -3.2695106e+00 -3.2048815e+00 -3.2021064e+00 -3.2556148e+00 -3.3397429e+00 -3.4268724e+00 -3.3438866e+00
-1.5850000e+00 -4.6303816e+00 -4.4828151e+00 -3.6404398e+00 -3.3341996e+00 -3.2499799e+00 -3.2357971e+00 -3.2819654e+00 -3.3610082e+00 -3.4443873e+00 -3.3588781e+00
-1.5775000e+00 -4.4614246e+00 -4.7610655e+00 -3.7630044e+00 -3.4064466e+00 -3.2996180e+00 -3.2725929e+00 -3.3106109e+00 -3.3840546e+00 -3.4633278e+00 -3.3750671e+00
-1.5700000e+00 -4.3271356e+00 -5.0305974e+00 -3.9067541e+00 -3.4876304e+00 -3.3544334e+00 -3.3128637e+00 -3.3417961e+00 -3.4090581e+00 -3.4838269e+00 -3.3925611e+00
-1.5625000e+00 -4.2228148e+00 -5.0771161e+00 -4.0785461e+00 -3.5795445e+00 -3.4152015e+00 -3.3570428e+00 -3.3758016e+00 -3.4362173e+00 -3.5060331e+00 -3.4114794e+00
-1.5550000e+00 -4.1440278e+00 -4.8612826e+00 -4.2886833e+00 -3.6845852e+00 -3.4828807e+00 -3.4056436e+00 -3.4129514e+00 -3.4657577e+00 -3.5301133e+00 -3.4319550e+00
-1.5475000e+00 -4.0876091e+00 -4.6107492e+00 -4.5518448e+00 -3.8060595e+00 -3.5586767e+00 -3.4592806e+00 -3.4536221e+00 -3.4979368e+00 -3.5562551e+00 -3.4541363e+00
-1.5400000e+00 -4.0515683e+00 -4.4047698e+00 -4.8775895e+00 -3.9487086e+00 -3.6441398e+00 -3.5186999e+00 -3.4982562e+00 -3.5330505e+00 -3.5846715e+00 -3.4781902e+00
-1.5325000e+00 -4.0348772e+00 -4.2444920e+00 -5.1739879e+00 -4.1196339e+00 -3.7413143e+00 -3.5848209e+00 -3.5473781e+00 -3.5714413e+00 -3.6156045e+00 -3.5043039e+00
-1.5250000e+00 -4.0373199e+00 -4.1211289e+00 -5.1077069e+00 -4.3299624e+00 -3.8529797e+00 -3.6587971e+00 -3.6016172e+00 -3.6135088e+00 -3.6493318e+00 -3.5326914e+00
-1.5175000e+00 -4.0594269e+00 -4.0275195e+00 -4.8042171e+00 -4.5974283e+00 -3.9830559e+00 -3.7421068e+00 -3.6617388e+00 -3.6597242e+00 -3.6861736e+00 -3.5635943e+00
-1.5100000e+00 -4.1024901e+00 -3.9588732e+00 -4.5342992e+00 -4.9444175e+00 -4.1373229e+00 -3.8366926e+00 -3.7286889e+00 -3.7106487e+00 -3.7265022e+00 -3.5972904e+00
-1.5025000e+00 -4.1686524e+00 -3.9122126e+00 -4.3282092e+00 -5.3167187e+00 -4.3247669e+00 -3.9451854e+00 -3.8036580e+00 -3.7669591e+00 -3.7707544e+00 -3.6341002e+00
-1.4950000e+00 -4.2610534e+00 -3.8858820e+00 -4.1719754e+00 -5.2879233e+00 -4.5601822e+00 -4.0712813e+00 -3.8881775e+00 -3.8294835e+00 -3.8194481e+00 -3.6743964e+00
-1.4875000e+00 -4.3839201e+00 -3.8792470e+00 -4.0533308e+00 -4.9348362e+00 -4.8685454e+00 -4.2204126e+00 -3.9842693e+00 -3.8992525e+00 -3.8732042e+00 -3.7186165e+00
-1.4800000e+00 -4.5420788e+00 -3.8925511e+00 -3.9643582e+00 -4.6339490e+00 -5.2780891e+00 -4.4010216e+00 -4.0946887e+00 -3.9775742e+00 -3.9327775e+00 -3.7672793e+00
-1.4725000e+00 -4.7375607e+00 -3.9268994e+00 -3.9001867e+00 -4.4115940e+00 -5.6047616e+00 -4.6271421e+00 -4.2233373e+00 -4.0661484e+00 -3.9991003e+00 -3.8210073e+00
-1.4650000e+00 -4.9542322e+00 -3.9843628e+00 -3.8579423e+00 -4.2457379e+00 -5.3249237e+00 -4.9237237e+00 -4.3760119e+00 -4.1672473e+00 -4.0733450e+00 -3.8805575e+00
-1.4575000e+00 -5.1151478e+00 -4.0682186e+00 -3.8361341e+00 -4.1206810e+00 -4.9438860e+00 -5.3322402e+00 -4.5618637e+00 -4.2840144e+00 -4.1570189e+00 -3.9468657e+00
-1.4500000e+00 -5.1013524e+00 -4.1833478e+00 -3.8343328e+00 -4.0269990e+00 -4.6655281e+00 -5.7866141e+00 -4.7964784e+00 -4.4209889e+00 -4.2521112e+00 -4.0211100e+00
-1.4425000e+00 -4.9515914e+00 -4.3366947e+00 -3.8530432e+00 -3.9590856e+00 -4.4634272e+00 -5.5917785e+00 -5.1087483e+00 -4.5850884e+00 -4.3613312e+00 -4.1048071e+00
-1.4350000e+00 -4.7889223e+00 -4.5368717e+00 -3.8937287e+00 -3.9136706e+00 -4.3129709e+00 -5.1562641e+00 -5.5508839e+00 -4.7876132e+00 -4.4885166e+00 -4.1999620e+00
-1.4275000e+00 -4.6643639e+00 -4.7869743e+00 -3.9589941e+00 -3.8890312e+00 -4.1999570e+00 -4.8449309e+00 -6.0301428e+00 -5.0487443e+00 -4.6393765e+00 -4.3093127e+00
-1.4200000e+00 -4.5869014e+00 -5.0407996e+00 -4.0529767e+00 -3.8845929e+00 -4.1162187e+00 -4.6240548e+00 -5.7182439e+00 -5.4082812e+00 -4.8229587e+00 -4.4367515e+00
-1.4125000e+00 -4.5559983e+00 -5.1125037e+00 -4.1820491e+00 -3.9007669e+00 -4.0569955e+00 -4.4615233e+00 -5.2666127e+00 -5.9343461e+00 -5.0548398e+00 -4.5881019e+00
-1.4050000e+00 -4.5707672e+00 -4.9371114e+00 -4.3559120e+00 -3.9389607e+00 -4.0196035e+00 -4.3398661e+00 -4.9592998e+00 -6.2277450e+00 -5.3648549e+00 -4.7726795e+00
-1.3975000e+00 -4.6316476e+00 -4.7193954e+00 -4.5882945e+00 -4.0017658e+00 -4.0027683e+00 -4.2493791e+00 -4.7428800e+00 -5.6995767e+00 -5.8154257e+00 -5.0067993e+00
-1.3900000e+00 -4.7395594e+00 -4.5518927e+00 -4.8883165e+00 -4.0933855e+00 -4.0063095e+00 -4.1844905e+00 -4.5839217e+00 -5.2919091e+00 -6.4085205e+00 -5.3229079e+00
-1.3825000e+00 -4.8914282e+00 -4.4434481e+00 -5.1780319e+00 -4.2204601e+00 -4.0310458e+00 -4.1420375e+00 -4.4651414e+00 -5.0190834e+00 -6.1068745e+00 -5.7972356e+00
-1.3750000e+00 -5.0652315e+00 -4.3895692e+00 -5.1499884e+00 -4.3935787e+00 -4.0788806e+00 -4.1204272e+00 -4.3770788e+00 -4.8246901e+00 -5.5969699e+00 -6.5259719e+00
-1.3675000e+00 -5.1919046e+00 -4.3872418e+00 -4.8769652e+00 -4.6295981e+00 -4.1530985e+00 -4.1192373e+00 -4.3143448e+00 -4.6809899e+00 -5.2674789e+00 -6.1353601e+00
-1.3600000e+00 -5.1895752e+00 -4.4368265e+00 -4.6348366e+00 -4.9499346e+00 -4.2589912e+00 -4.1390714e+00 -4.2739121e+00 -4.5737302e+00 -5.0403201e+00 -5.5682473e+00
-1.3525000e+00 -5.0928196e+00 -4.5418248e+00 -4.4680184e+00 -5.3116969e+00 -4.4050884e+00 -4.1816073e+00 -4.2542985e+00 -4.4950470e+00 -4.8750003e+00 -5.2256168e+00
-1.3450000e+00 -4.9943333e+00 -4.7066544e+00 -4.3674719e+00 -5.3254049e+00 -4.6055594e+00 -4.2498546e+00 -4.2551858e+00 -4.4404719e+00 -4.7518906e+00 -4.9935860e+00
-1.3375000e+00 -4.9400930e+00 -4.9240508e+00 -4.3247144e+00 -4.9993666e+00 -4.8842379e+00 -4.3487304e+00 -4.2772937e+00 -4.4075714e+00 -4.6605635e+00 -4.8258706e+00
-1.3300000e+00 -4.9419525e+00 -5.1233642e+00 -4.3366654e+00 -4.7214375e+00 -5.2692263e+00 -4.4862250e+00 -4.3224503e+00 -4.3953015e+00 -4.5951606e+00 -4.7013532e+00
-1.3225000e+00 -4.9998178e+00 -5.1395299e+00 -4.4053836e+00 -4.5349235e+00 -5.6095195e+00 -4.6758006e+00 -4.3938891e+00 -4.4037246e+00 -4.5523953e+00 -4.6090896e+00
-1.3150000e+00 -5.1057843e+00 -4.9886666e+00 -4.5379669e+00 -4.4219756e+00 -5.3757132e+00 -4.9413290e+00 -4.4969014e+00 -4.4339560e+00 -4.5306241e+00 -4.5430051e+00
-1.3075000e+00 -5.2350531e+00 -4.8387775e+00 -4.7450815e+00 -4.3703588e+00 -5.0113254e+00 -5.3227131e+00 -4.6401803e+00 -4.4883137e+00 -4.5294158e+00 -4.4997110e+00
-1.3000000e+00 -5.3320802e+00 -4.7561038e+00 -5.0221844e+00 -4.3755277e+00 -4.7584552e+00 -5.7753766e+00 -4.8386925e+00 -4.5707354e+00 -4.5493985e+00 -4.4775137e+00
-1.2925000e+00 -5.3404493e+00 -4.7508065e+00 -5.2383273e+00 -4.4392857e+00 -4.5979338e+00 -5.6388087e+00 -5.1200672e+00 -4.6876628e+00 -4.5923146e+00 -4.4759592e+00
-1.2850000e+00 -5.2805596e+00 -4.8221284e+00 -5.1382445e+00 -4.5699058e+00 -4.5079558e+00 -5.2168760e+00 -5.5344742e+00 -4.8499043e+00 -4.6613061e+00 -4.4956727e+00
-1.2775000e+00 -5.2217972e+00 -4.9618068e+00 -4.9061437e+00 -4.7830853e+00 -4.4781865e+00 -4.9261065e+00 -6.0210161e+00 -5.0768322e+00 -4.7615584e+00 -4.5384141e+00
-1.2700000e+00 -5.2123115e+00 -5.1299055e+00 -4.7407259e+00 -5.0926080e+00 -4.5064811e+00 -4.7422617e+00 -5.7691942e+00 -5.4063634e+00 -4.9016520e+00 -4.6073741e+00
-1.2625000e+00 -5.2741713e+00 -5.2205011e+00 -4.6696908e+00 -5.3909698e+00 -4.5976691e+00 -4.6354326e+00 -5.3263213e+00 -5.9055339e+00 -5.0965404e+00 -4.7078499e+00
-1.2550000e+00 -5.4048923e+00 -5.1715758e+00 -4.6913558e+00 -5.2877421e+00 -4.7648611e+00 -4.5915708e+00 -5.0400254e+00 -6.2531450e+00 -5.3747358e+00 -4.8486889e+00
-1.2475000e+00 -5.5361522e+00 -5.0824790e+00 -4.8065516e+00 -4.9967835e+00 -5.0320913e+00 -4.6065632e+00 -4.8620607e+00 -5.7535570e+00 -5.7955055e+00 -5.0455722e+00
-1.2400000e+00 -5.5299547e+00 -5.0423125e+00 -5.0111482e+00 -4.7963533e+00 -5.4116799e+00 -4.6839024e+00 -4.7607910e+00 -5.3550765e+00 -6.3844591e+00 -5.3295127e+00
-1.2325000e+00 -5.4258750e+00 -5.0726148e+00 -5.2340443e+00 -4.7057248e+00 -5.6208601e+00 -4.8357370e+00 -4.7225023e+00 -5.1088876e+00 -6.1604436e+00 -5.7723996e+00
-1.2250000e+00 -5.3843573e+00 -5.1592865e+00 -5.2570605e+00 -4.7169497e+00 -5.3180830e+00 -5.0874477e+00 -4.7437357e+00 -4.9594283e+00 -5.6531422e+00 -6.4882222e+00
-1.2175000e+00 -5.4734105e+00 -5.2603950e+00 -5.0953370e+00 -4.8320952e+00 -5.0216387e+00 -5.4763088e+00 -4.8290141e+00 -4.8811400e+00 -5.3414163e+00 -6.1937423e+00
-1.2100000e+00 -5.6545285e+00 -5.3203023e+00 -4.9708855e+00 -5.0595758e+00 -4.8553754e+00 -5.8377531e+00 -4.9925398e+00 -4.8641430e+00 -5.1503891e+00 -5.6206431e+00
-1.2025000e+00 -5.7002060e+00 -5.3207823e+00 -4.9541324e+00 -5.3533725e+00 -4.8029586e+00 -5.5540261e+00 -5.2648151e+00 -4.9078986e+00 -5.0405506e+00 -5.2942587e+00
-1.1950000e+00 -5.5761454e+00 -5.2943050e+00 -5.0475328e+00 -5.4075847e+00 -4.8574932e+00 -5.1971028e+00 -5.6957889e+00 -5.0203561e+00 -4.9955640e+00 -5.0978331e+00
-1.1875000e+00 -5.5457204e+00 -5.2819130e+00 -5.2154804e+00 -5.1781291e+00 -5.0288380e+00 -4.9918840e+00 -6.0575801e+00 -5.2217128e+00 -5.0108482e+00 -4.9853493e+00
-1.1800000e+00 -5.6771735e+00 -5.3172060e+00 -5.3303033e+00 -5.0056539e+00 -5.3327208e+00 -4.9115245e+00 -5.6708638e+00 -5.5555675e+00 -5.0903605e+00 -4.9389195e+00
-1.1725000e+00 -5.8124037e+00 -5.4143651e+00 -5.2840128e+00 -4.9690760e+00 -5.6385134e+00 -4.9422291e+00 -5.3060167e+00 -6.0763247e+00 -5.2481933e+00 -4.9535732e+00
-1.1650000e+00 -5.7438874e+00 -5.5135179e+00 -5.2041191e+00 -5.0706418e+00 -5.4855058e+00 -5.0919444e+00 -5.1082238e+00 -6.1667805e+00 -5.5165976e+00 -5.0334260e+00
-1.1575000e+00 -5.6906762e+00 -5.4899358e+00 -5.2014988e+00 -5.2913525e+00 -5.2051977e+00 -5.3884043e+00 -5.0375655e+00 -5.6701699e+00 -5.9636077e+00 -5.1935469e+00
-1.1500000e+00 -5.7820813e+00 -5.4160419e+00 -5.2782289e+00 -5.4718853e+00 -5.0704626e+00 -5.7903780e+00 -5.0806420e+00 -5.3595788e+00 -6.4654131e+00 -5.4701015e+00
-1.1425000e+00 -5.8968091e+00 -5.4561250e+00 -5.3707701e+00 -5.3741400e+00 -5.0920954e+00 -5.7246041e+00 -5.2493166e+00 -5.2077033e+00 -6.0320424e+00 -5.9534183e+00
-1.1350000e+00 -5.8586664e+00 -5.6224841e+00 -5.4101947e+00 -5.2254494e+00 -5.2709517e+00 -5.3752887e+00 -5.5818236e+00 -5.1776629e+00 -5.6133066e+00 -6.6089652e+00
-1.1275000e+00 -5.8210670e+00 -5.6592451e+00 -5.4086464e+00 -5.2067407e+00 -5.5698882e+00 -5.1880458e+00 -6.0292089e+00 -5.2650376e+00 -5.3916660e+00 -6.0281005e+00
-1.1200000e+00 -5.9331975e+00 -5.5385064e+00 -5.4048933e+00 -5.3275963e+00 -5.6484546e+00 -5.1727358e+00 -5.8594855e+00 -5.4939464e+00 -5.3065003e+00 -5.5660566e+00
-1.1125000e+00 -6.0089752e+00 -5.5776226e+00 -5.4175196e+00 -5.4910671e+00 -5.4166674e+00 -5.3280239e+00 -5.4814462e+00 -5.9201883e+00 -5.3385972e+00 -5.3334911e+00
-1.1050000e+00 -5.9110307e+00 -5.7616913e+00 -5.4777503e+00 -5.4986021e+00 -5.2850136e+00 -5.6581985e+00 -5.3024946e+00 -6.2863972e+00 -5.4989232e+00 -5.2445844e+00
-1.0975000e+00 -6.0037927e+00 -5.7227964e+00 -5.5727551e+00 -5.4163030e+00 -5.3389641e+00 -5.8709161e+00 -5.3040220e+00 -5.8601789e+00 -5.8343839e+00 -5.2765143e+00
-1.0900000e+00 -6.1026976e+00 -5.6494341e+00 -5.5719465e+00 -5.4167653e+00 -5.5544449e+00 -5.5942890e+00 -5.4883380e+00 -5.5324555e+00 -6.3755295e+00 -5.4418568e+00
-1.0825000e+00 -5.9956069e+00 -5.7816480e+00 -5.5106941e+00 -5.5029096e+00 -5.7106663e+00 -5.3922609e+00 -5.8731718e+00 -5.4166757e+00 -6.2433808e+00 -5.8002326e+00
-1.0750000e+00 -6.1296178e+00 -5.8382795e+00 -5.5838106e+00 -5.5762183e+00 -5.5765524e+00 -5.4040922e+00 -6.0588258e+00 -5.4839229e+00 -5.7876736e+00 -6.4671037e+00
-1.0675000e+00 -6.1380880e+00 -5.7711968e+00 -5.7339905e+00 -5.5889809e+00 -5.4777740e+00 -5.6264880e+00 -5.7020528e+00 -5.7557920e+00 -5.5745183e+00 -6.2711141e+00
-1.0600000e+00 -6.1111327e+00 -5.8442367e+00 -5.6508716e+00 -5.5876434e+00 -5.5561085e+00 -5.8972201e+00 -5.5011422e+00 -6.2239418e+00 -5.5566786e+00 -5.7358629e+00
-1.0525000e+00 -6.2343198e+00 -5.9105211e+00 -5.6177454e+00 -5.5956392e+00 -5.7210223e+00 -5.7502253e+00 -5.5375595e+00 -6.1175406e+00 -5.7315803e+00 -5.5071748e+00
-1.0450000e+00 -6.1812686e+00 -5.8886760e+00 -5.8060757e+00 -5.6519426e+00 -5.7270389e+00 -5.5698457e+00 -5.8110336e+00 -5.7381708e+00 -6.1490171e+00 -5.4876977e+00
-1.0375000e+00 -6.2560592e+00 -5.9193366e+00 -5.7781621e+00 -5.7426744e+00 -5.6576938e+00 -5.6175594e+00 -6.1115405e+00 -5.6159086e+00 -6.4687131e+00 -5.6740732e+00
-1.0300000e+00 -6.2794056e+00 -6.0098368e+00 -5.7059928e+00 -5.7120334e+00 -5.6976280e+00 -5.8505256e+00 -5.8663852e+00 -5.7456481e+00 -6.0215829e+00 -6.1547032e+00
-1.0225000e+00 -6.2864648e+00 -5.9582671e+00 -5.8879079e+00 -5.6849282e+00 -5.7833135e+00 -5.9085490e+00 -5.6741268e+00 -6.1320102e+00 -5.7661879e+00 -6.5880316e+00
-1.0150000e+00 -6.3542773e+00 -6.0472932e+00 -5.8446393e+00 -5.8341547e+00 -5.8068465e+00 -5.7519940e+00 -5.7570082e+00 -6.2624450e+00 -5.7779765e+00 -5.9752369e+00
-1.0075000e+00 -6.3476514e+00 -6.0605685e+00 -5.8287620e+00 -5.8430074e+00 -5.8206583e+00 -5.7650916e+00 -6.0577939e+00 -5.9021473e+00 -6.0616231e+00 -5.6894241e+00
-1.0000000e+00 -6.4011913e+00 -6.0638950e+00 -5.9654552e+00 -5.7541221e+00 -5.8320741e+00 -5.9308994e+00 -6.0637746e+00 -5.7952607e+00 -6.4958504e+00 -5.7035428e+00
-9.9250000e-01 -6.4235258e+00 -6.1510652e+00 -5.9037913e+00 -5.9365299e+00 -5.8673228e+00 -5.9503029e+00 -5.8508732e+00 -5.9969094e+00 -6.1963457e+00 -6.0306113e+00
-9.8500000e-01 -6.4479891e+00 -6.1129023e+00 -5.9689181e+00 -5.9128031e+00 -5.9575545e+00 -5.8865515e+00 -5.8945039e+00 -6.3389140e+00 -5.9286602e+00 -6.6353534e+00
-9.7750000e-01 -6.4976713e+00 -6.2085722e+00 -6.0105161e+00 -5.8549463e+00 -5.9211668e+00 -5.9496325e+00 -6.1316092e+00 -6.1183281e+00 -5.9883378e+00 -6.1574065e+00
-9.7000000e-01 -6.4833739e+00 -6.1822187e+00 -6.0062608e+00 -6.0618009e+00 -5.9300256e+00 -6.0157694e+00 -6.0923117e+00 -5.9500998e+00 -6.3598539e+00 -5.8397878e+00
-9.6250000e-01 -6.5876901e+00 -6.2582064e+00 -6.0701747e+00 -5.9269867e+00 -6.0840045e+00 -6.0236335e+00 -5.9841713e+00 -6.1192428e+00 -6.4352330e+00 -5.9144980e+00
-9.5500000e-01 -6.5529306e+00 -6.2439710e+00 -6.0787002e+00 -6.0402821e+00 -5.9808812e+00 -6.0456404e+00 -6.1077730e+00 -6.3699953e+00 -6.1102670e+00 -6.4096335e+00
-9.4750000e-01 -6.5870610e+00 -6.3269557e+00 -6.1162743e+00 -6.0604982e+00 -6.0517923e+00 -6.0615569e+00 -6.1954851e+00 -6.1622269e+00 -6.1197179e+00 -6.4682956e+00
-9.4000000e-01 -6.6618237e+00 -6.2974072e+00 -6.1444717e+00 -6.0468155e+00 -6.1610824e+00 -6.1454816e+00 -6.1241836e+00 -6.1221014e+00 -6.4528774e+00 -6.0123183e+00
-9.3250000e-01 -6.6494792e+00 -6.3683277e+00 -6.1833257e+00 -6.1446634e+00 -6.0357477e+00 -6.1323978e+00 -6.1828115e+00 -6.3529517e+00 -6.4314387e+00 -6.0365250e+00
-9.2500000e-01 -6.6758202e+00 -6.4082512e+00 -6.1848384e+00 -6.1083816e+00 -6.2518123e+00 -6.1371882e+00 -6.2396791e+00 -6.3233997e+00 -6.2128512e+00 -6.5374681e+00
-9.1750000e-01 -6.7472880e+00 -6.3814633e+00 -6.2713862e+00 -6.1880576e+00 -6.1151597e+00 -6.2758606e+00 -6.2490925e+00 -6.2368631e+00 -6.3622271e+00 -6.4119687e+00
-9.1000000e-01 -6.7798013e+00 -6.4631140e+00 -6.2270941e+00 -6.1873495e+00 -6.2587362e+00 -6.1633129e+00 -6.2752766e+00 -6.3908723e+00 -6.5623988e+00 -6.0941898e+00
-9.0250000e-01 -6.7803650e+00 -6.4816270e+00 -6.3278473e+00 -6.2316284e+00 -6.2141573e+00 -6.3182132e+00 -6.3008886e+00 -6.3938708e+00 -6.3640225e+00 -6.3403952e+00
-8.9500000e-01 -6.7960006e+00 -6.4939817e+00 -6.3099298e+00 -6.2512447e+00 -6.2865550e+00 -6.2697419e+00 -6.3773622e+00 -6.3705149e+00 -6.4260833e+00 -6.6551422e+00
-8.8750000e-01 -6.8324401e+00 -6.5586267e+00 -6.3633922e+00 -6.3070888e+00 -6.2876767e+00 -6.3134218e+00 -6.3229464e+00 -6.4584655e+00 -6.5947475e+00 -6.2330529e+00
-8.8000000e-01 -6.8739637e+00 -6.5818440e+00 -6.3808489e+00 -6.2796954e+00 -6.3439866e+00 -6.3812623e+00 -6.4527837e+00 -6.4616030e+00 -6.4753304e+00 -6.3797175e+00
-8.7250000e-01 -6.9100828e+00 -6.5742066e+00 -6.3979654e+00 -6.4021851e+00 -6.3462849e+00 -6.3435091e+00 -6.3982505e+00 -6.4992477e+00 -6.5500673e+00 -6.6938643e+00
-8.6500000e-01 -6.9425595e+00 -6.5978179e+00 -6.4803632e+00 -6.3444262e+00 -6.4002709e+00 -6.4524423e+00 -6.4747919e+00 -6.5097564e+00 -6.6195802e+00 -6.3232090e+00
-8.5750000e-01 -6.9774095e+00 -6.6484367e+00 -6.4859528e+00 -6.3961353e+00 -6.4202265e+00 -6.4123143e+00 -6.4946184e+00 -6.5910560e+00 -6.5895099e+00 -6.5637026e+00
-8.5000000e-01 -7.0099641e+00 -6.6957995e+00 -6.4708976e+00 -6.4824938e+00 -6.4414811e+00 -6.4839586e+00 -6.5069589e+00 -6.5415811e+00 -6.6506666e+00 -6.6139602e+00
-8.4250000e-01 -7.0306843e+00 -6.7284673e+00 -6.5171677e+00 -6.4477349e+00 -6.4819873e+00 -6.5104179e+00 -6.5659639e+00 -6.6736042e+00 -6.6846984e+00 -6.4363487e+00
-8.3500000e-01 -7.0547661e+00 -6.7547541e+00 -6.5779198e+00 -6.4825118e+00 -6.5377547e+00 -6.5042814e+00 -6.5758639e+00 -6.5917162e+00 -6.6935727e+00 -6.7919467e+00
-8.2750000e-01 -7.0807511e+00 -6.7837635e+00 -6.6050326e+00 -6.5359375e+00 -6.4945903e+00 -6.5962586e+00 -6.5958037e+00 -6.7430181e+00 -6.7386599e+00 -6.5067949e+00
-8.2000000e-01 -7.0989410e+00 -6.8154570e+00 -6.6152323e+00 -6.5512514e+00 -6.5863469e+00 -6.5692019e+00 -6.6853911e+00 -6.6413627e+00 -6.7739217e+00 -6.7627788e+00
-8.1250000e-01 -7.1417865e+00 -6.8425999e+00 -6.6336542e+00 -6.5878486e+00 -6.6499106e+00 -6.6279739e+00 -6.6090388e+00 -6.8252857e+00 -6.7756978e+00 -6.6222993e+00
-8.0500000e-01 -7.1800171e+00 -6.8668470e+00 -6.6624146e+00 -6.6440696e+00 -6.5967334e+00 -6.6434127e+00 -6.7792962e+00 -6.6832045e+00 -6.8514518e+00 -6.7628707e+00
-7.9750000e-01 -7.2077630e+00 -6.9060034e+00 -6.6944177e+00 -6.6783475e+00 -6.6238616e+00 -6.7021363e+00 -6.6865361e+00 -6.8991205e+00 -6.8331620e+00 -6.7032291e+00
-7.9000000e-01 -7.2254914e+00 -6.9487086e+00 -6.7265856e+00 -6.6897230e+00 -6.7080487e+00 -6.7112600e+00 -6.7619036e+00 -6.7611133e+00 -6.8921045e+00 -6.8263965e+00
-7.8250000e-01 -7.2692869e+00 -6.9619722e+00 -6.7622202e+00 -6.7023061e+00 -6.7470006e+00 -6.6996706e+00 -6.8199829e+00 -6.8759918e+00 -6.9387308e+00 -6.7397602e+00
-7.7500000e-01 -7.2869976e+00 -6.9825609e+00 -6.8024094e+00 -6.7268990e+00 -6.7529571e+00 -6.7798930e+00 -6.8039707e+00 -6.9313106e+00 -6.8860675e+00 -6.9372406e+00
-7.6750000e-01 -7.3261683e+00 -7.0002626e+00 -6.8332339e+00 -6.7607055e+00 -6.7762816e+00 -6.8600901e+00 -6.8509765e+00 -6.8477589e+00 -7.0843313e+00 -6.7640999e+00
-7.6000000e-01 -7.3489863e+00 -7.0582662e+00 -6.8457323e+00 -6.7960742e+00 -6.8199498e+00 -6.8507670e+00 -6.8709727e+00 -6.9857915e+00 -6.9203424e+00 -7.0177521e+00
-7.5250000e-01 -7.3945029e+00 -7.0780698e+00 -6.8770573e+00 -6.8239421e+00 -6.8671598e+00 -6.8300690e+00 -6.9042300e+00 -7.0046379e+00 -7.0698703e+00 -6.8632943e+00
-7.4500000e-01 -7.4093085e+00 -7.0982613e+00 -6.9355822e+00 -6.8401629e+00 -6.9079575e+00 -6.8502693e+00 -6.9745368e+00 -6.9711479e+00 -7.1234017e+00 -6.9339782e+00
-7.3750000e-01 -7.4558256e+00 -7.1504673e+00 -6.9637022e+00 -6.8586150e+00 -6.9409170e+00 -6.8968929e+00 -7.0061288e+00 -7.0294958e+00 -7.0181931e+00 -7.0971484e+00
-7.3000000e-01 -7.5077772e+00 -7.1506555e+00 -6.9918847e+00 -6.9029958e+00 -6.9653133e+00 -6.9445654e+00 -6.9912411e+00 -7.0743704e+00 -7.1353799e+00 -6.9253564e+00
-7.2250000e-01 -7.5384500e+00 -7.2035321e+00 -6.9959450e+00 -6.9571679e+00 -6.9800521e+00 -6.9831418e+00 -6.9861207e+00 -7.0923331e+00 -7.2207363e+00 -7.0295956e+00
-7.1500000e-01 -7.5046287e+00 -7.2160962e+00 -7.0629907e+00 -6.9830816e+00 -6.9928412e+00 -7.0167072e+00 -7.0097477e+00 -7.1352496e+00 -7.1700151e+00 -7.1964770e+00
-7.0750000e-01 -7.4508340e+00 -7.2671633e+00 -7.0681391e+00 -7.0211441e+00 -7.0212011e+00 -7.0536057e+00 -7.0500260e+00 -7.1895244e+00 -7.1816594e+00 -7.0779244e+00
-7.0000000e-01 -7.6749976e+00 -7.2918320e+00 -7.1005133e+00 -7.0256929e+00 -7.0590725e+00 -7.0983659e+00 -7.0922974e+00 -7.2227808e+00 -7.2455589e+00 -7.0464520e+00
-6.5000000e-01 -7.7485240e+00 -7.4776404e+00 -7.3075466e+00 -7.2506342e+00 -7.2465428e+00 -7.2558729e+00 -7.3253512e+00 -7.3677828e+00 -7.5098687e+00 -7.3449422e+00
-6.0000000e-01 -8.0563620e+00 -7.7033008e+00 -7.4968075e+00 -7.4487159e+00 -7.4359643e+00 -7.4708916e+00 -7.5465101e+00 -7.5522975e+00 -7.6390097e+00 -7.5409472e+00
-5.5000000e-01 -8.1194687e+00 -7.9149440e+00 -7.7093525e+00 -7.6250875e+00 -7.6612207e+00 -7.6567067e+00 -7.7376459e+00 -7.7732844e+00 -7.8683082e+00 -7.6950472e+00
-5.0000000e-01 -8.4045989e+00 -8.0677113e+00 -7.9105133e+00 -7.8304358e+00 -7.8554607e+00 -7.8786734e+00 -7.9180082e+00 -7.9675325e+00 -8.0522779e+00 -7.9487850e+00
-4.0000000e-01 -8.8410578e+00 -8.5170648e+00 -8.3057441e+00 -8.3606236e+00 -8.4332237e+00 -8.1588095e+00 -8.3271130e+00 -8.3871083e+00 -8.4347605e+00 -8.3481602e+00
-2.0000000e-01 -9.4978126e+00 -9.3453121e+00 -9.0831841e+00 -9.1081850e+00 -9.0143913e+00 -9.0657970e+00 -9.2240938e+00 -9.1920483e+00 -9.2493499e+00 -9.1328750e+00
0.0000000e+00 -1.0400257e+01 -1.0088276e+01 -9.9502062e+00 -9.7625379e+00 -9.9359337e+00 -9.8414113e+00 -9.9437013e+00 -1.0050803e+01 -1.0126404e+01 -9.8647561e+00
2.0000000e-01 -1.1207489e+01 -1.0905779e+01 -1.0686162e+01 -1.0583473e+01 -1.0764906e+01 -1.0690271e+01 -1.0698237e+01 -1.0757121e+01 -1.0819977e+01 -1.0803195e+01
4.0000000e-01 -1.1985588e+01 -1.1727740e+01 -1.1470878e+01 -1.1396440e+01 -1.1399653e+01 -1.1440386e+01 -1.1585479e+01 -1.1599771e+01 -1.1748914e+01 -1.1588654e+01
6.0000000e-01 -1.2760765e+01 -1.2583827e+01 -1.2322564e+01 -1.2206836e+01 -1.2238480e+01 -1.2309237e+01 -1.2333831e+01 -1.2377033e+01 -1.2410009e+01 -1.2233191e+01
8.0000000e-01 -1.3571133e+01 -1.3182475e+01 -1.3148282e+01 -1.3141744e+01 -1.3055021e+01 -1.3102008e+01 -1.3171924e+01 -1.3179482e+01 -1.3208996e+01 -1.3223571e+01
1.0000000e+00 -1.4355905e+01 -1.4079577e+01 -1.3858083e+01 -1.3887671e+01 -1.3845975e+01 -1.3813366e+01 -1.3920046e+01 -1.3954623e+01 -1.4102569e+01 -1.3856552e+01
1.2000000e+00 -1.5158700e+01 -1.4933363e+01 -1.4720869e+01 -1.4573123e+01 -1.4643750e+01 -1.4680215e+01 -1.4616879e+01 -1.4734443e+01 -1.4823775e+01 -1.4724014e+01
1.4000000e+00 -1.6085798e+01 -1.5779658e+01 -1.5388641e+01 -1.5430470e+01 -1.5479128e+01 -1.5488378e+01 -1.5459227e+01 -1.5627398e+01 -1.5619455e+01 -1.5495905e+01
1.6000000e+00 -1.6805869e+01 -1.6423316e+01 -1.6248123e+01 -1.6376935e+01 -1.6297314e+01 -1.6322971e+01 -1.6492316e+01 -1.6373916e+01 -1.6408549e+01 -1.6300521e+01
1.8000000e+00 -1.7701323e+01 -1.7328467e+01 -1.7172649e+01 -1.7046451e+01 -1.7020927e+01 -1.7216698e+01 -1.7164876e+01 -1.7163677e+01 -1.7336336e+01 -1.7164566e+01
2.0000000e+00 -1.8481942e+01 -1.8138264e+01 -1.7850258e+01 -1.7777923e+01 -1.7880896e+01 -1.7954494e+01 -1.7962932e+01 -1.8004392e+01 -1.8002733e+01 -1.7876406e+01
