########################################################################
# Reference Counts for Solar Model AGSS09met_old                       #
# Column 1: log10(Axion mass in eV)                                    #
#        n>1: log10(Reference photon counts in energy bin n-1)         #
########################################################################
-3.0000000e+00 -2.5514699e-01 6.0242383e-02 2.2346304e-01 2.6927073e-01 2.3782623e-01 1.7410249e-01 8.5110021e-02 -2.6125622e-02 -1.7761989e-01 -3.7369931e-01
-2.8000000e+00 -2.5516733e-01 6.0228500e-02 2.2345303e-01 2.6926317e-01 2.3782034e-01 1.7409777e-01 8.5106159e-02 -2.6128841e-02 -1.7762262e-01 -3.7370165e-01
-2.6000000e+00 -2.5529568e-01 6.0140902e-02 2.2338984e-01 2.6921548e-01 2.3778317e-01 1.7406801e-01 8.5081796e-02 -2.6149151e-02 -1.7763983e-01 -3.7371641e-01
-2.4000000e+00 -2.5610568e-01 5.9588117e-02 2.2299114e-01 2.6891452e-01 2.3754864e-01 1.7388024e-01 8.4928070e-02 -2.6277302e-02 -1.7774843e-01 -3.7380952e-01
-2.2000000e+00 -2.6122296e-01 5.6097173e-02 2.2047388e-01 2.6701471e-01 2.3606827e-01 1.7269510e-01 8.3957873e-02 -2.7086049e-02 -1.7843381e-01 -3.7439707e-01
-2.1500000e+00 -2.6478641e-01 5.3667619e-02 2.1872258e-01 2.6569328e-01 2.3503875e-01 1.7187100e-01 8.3283284e-02 -2.7648347e-02 -1.7891031e-01 -3.7480554e-01
-2.1000000e+00 -2.7044539e-01 4.9811689e-02 2.1594416e-01 2.6359734e-01 2.3340609e-01 1.7056424e-01 8.2213708e-02 -2.8539823e-02 -1.7966571e-01 -3.7545309e-01
-2.0500000e+00 -2.7944284e-01 4.3686955e-02 2.1153356e-01 2.6027144e-01 2.3081603e-01 1.6849158e-01 8.0517476e-02 -2.9953461e-02 -1.8086349e-01 -3.7647977e-01
-2.0000000e+00 -2.9377549e-01 3.3945717e-02 2.0452533e-01 2.5499001e-01 2.2670481e-01 1.6520264e-01 7.7826439e-02 -3.2195798e-02 -1.8276319e-01 -3.7810794e-01
-1.9500000e+00 -3.1667727e-01 1.8419866e-02 1.9337261e-01 2.4659356e-01 2.2017321e-01 1.5997989e-01 7.3554653e-02 -3.5754377e-02 -1.8577739e-01 -3.8069090e-01
-1.9000000e+00 -3.5345627e-01 -6.4102767e-03 1.7558086e-01 2.3322020e-01 2.0978136e-01 1.5167681e-01 6.6767192e-02 -4.1406245e-02 -1.9056311e-01 -3.8479090e-01
-1.8500000e+00 -4.1302099e-01 -4.6343999e-02 1.4708447e-01 2.1185620e-01 1.9320955e-01 1.3845230e-01 5.5966334e-02 -5.0393986e-02 -1.9816959e-01 -3.9130482e-01
-1.8475000e+00 -4.1683527e-01 -4.8889100e-02 1.4527332e-01 2.1050071e-01 1.9215933e-01 1.3761490e-01 5.5282810e-02 -5.0962516e-02 -1.9865058e-01 -3.9171662e-01
-1.8400000e+00 -4.2886315e-01 -5.6905073e-02 1.3957295e-01 2.0623634e-01 1.8885633e-01 1.3498174e-01 5.3133819e-02 -5.2749773e-02 -2.0016253e-01 -3.9301097e-01
-1.8325000e+00 -4.4182569e-01 -6.5527314e-02 1.3344824e-01 2.0165767e-01 1.8531150e-01 1.3215671e-01 5.0828769e-02 -5.4666489e-02 -2.0178379e-01 -3.9439875e-01
-1.8250000e+00 -4.5580222e-01 -7.4804496e-02 1.2686621e-01 1.9674077e-01 1.8150671e-01 1.2912555e-01 4.8356141e-02 -5.6722169e-02 -2.0352234e-01 -3.9588677e-01
-1.8175000e+00 -4.7087998e-01 -8.4789670e-02 1.1979110e-01 1.9145977e-01 1.7742236e-01 1.2587288e-01 4.5703537e-02 -5.8927035e-02 -2.0538677e-01 -3.9748234e-01
-1.8100000e+00 -4.8715513e-01 -9.5540737e-02 1.1218410e-01 1.8578670e-01 1.7303732e-01 1.2238215e-01 4.2857608e-02 -6.1292087e-02 -2.0738634e-01 -3.9919333e-01
-1.8025000e+00 -5.0473388e-01 -1.0712099e-01 1.0400304e-01 1.7969126e-01 1.6832874e-01 1.1863549e-01 3.9803975e-02 -6.3829158e-02 -2.0953096e-01 -4.0102819e-01
-1.7950000e+00 -5.2373391e-01 -1.1959973e-01 9.5202037e-02 1.7314061e-01 1.6327196e-01 1.1461363e-01 3.6527149e-02 -6.6550988e-02 -2.1183133e-01 -4.0299601e-01
-1.7875000e+00 -5.4428601e-01 -1.3305297e-01 8.5731120e-02 1.6609917e-01 1.5784028e-01 1.1029578e-01 3.3010431e-02 -6.9471295e-02 -2.1429894e-01 -4.0510656e-01
-1.7800000e+00 -5.6653593e-01 -1.4756427e-01 7.5535795e-02 1.5852829e-01 1.5200481e-01 1.0565947e-01 2.9235815e-02 -7.2604857e-02 -2.1694617e-01 -4.0737034e-01
-1.7725000e+00 -5.9064679e-01 -1.6322564e-01 6.4556544e-02 1.5038596e-01 1.4573428e-01 1.0068043e-01 2.5183874e-02 -7.5967596e-02 -2.1978634e-01 -4.0979866e-01
-1.7650000e+00 -6.1680183e-01 -1.8013871e-01 5.2728259e-02 1.4162651e-01 1.3899477e-01 9.5332417e-02 2.0833636e-02 -7.9576681e-02 -2.2283379e-01 -4.1240370e-01
-1.7575000e+00 -6.4520782e-01 -1.9841597e-01 3.9979594e-02 1.3220018e-01 1.3174950e-01 8.9587022e-02 1.6162450e-02 -8.3450627e-02 -2.2610400e-01 -4.1519854e-01
-1.7500000e+00 -6.7609926e-01 -2.1818231e-01 2.6232222e-02 1.2205268e-01 1.2395849e-01 8.3413488e-02 1.1145839e-02 -8.7609417e-02 -2.2961362e-01 -4.1819731e-01
-1.7425000e+00 -7.0974362e-01 -2.3957687e-01 1.1399969e-02 1.1112475e-01 1.1557832e-01 7.6778480e-02 5.7573272e-03 -9.2074625e-02 -2.3338063e-01 -4.2141519e-01
-1.7350000e+00 -7.4644780e-01 -2.6275515e-01 -4.6121863e-03 9.9351531e-02 1.0656169e-01 6.9645832e-02 -3.1733120e-05 -9.6869557e-02 -2.3742442e-01 -4.2486858e-01
-1.7275000e+00 -7.8656650e-01 -2.8789169e-01 -2.1909283e-02 8.6661956e-02 9.6857066e-02 6.1976277e-02 -6.2523715e-03 -1.0201941e-01 -2.4176592e-01 -4.2857514e-01
-1.7200000e+00 -8.3051284e-01 -3.1518324e-01 -4.0607759e-02 7.2977994e-02 8.6408202e-02 5.3727129e-02 -1.2938222e-02 -1.0755144e-01 -2.4642774e-01 -4.3255392e-01
-1.7125000e+00 -8.7877226e-01 -3.4485264e-01 -6.0837078e-02 5.8213792e-02 7.5153619e-02 4.4851934e-02 -2.0125777e-02 -1.1349515e-01 -2.5143432e-01 -4.3682550e-01
-1.7050000e+00 -9.3192088e-01 -3.7715371e-01 -8.2741678e-02 4.2274669e-02 6.3026006e-02 3.5300075e-02 -2.7854666e-02 -1.1988250e-01 -2.5681207e-01 -4.4141210e-01
-1.6975000e+00 -9.9065016e-01 -4.1237733e-01 -1.0648330e-01 2.5055950e-02 4.9951535e-02 2.5016323e-02 -3.6167976e-02 -1.2674816e-01 -2.6258959e-01 -4.4633771e-01
-1.6900000e+00 -1.0558006e+00 -4.5085909e-01 -1.3224384e-01 6.4415872e-03 3.5849065e-02 1.3940324e-02 -4.5112602e-02 -1.3412974e-01 -2.6879786e-01 -4.5162830e-01
-1.6825000e+00 -1.1284083e+00 -4.9298926e-01 -1.6022875e-01 -1.3697470e-02 2.0629229e-02 2.0060213e-03 -5.4739656e-02 -1.4206813e-01 -2.7547046e-01 -4.5731195e-01
-1.6750000e+00 -1.2097717e+00 -5.3922561e-01 -1.9067138e-01 -3.5505223e-02 4.1933608e-03 -1.0859019e-02 -6.5104916e-02 -1.5060777e-01 -2.8264380e-01 -4.6341908e-01
-1.6675000e+00 -1.3015457e+00 -5.9011044e-01 -2.2383822e-01 -5.9142959e-02 -1.3567762e-02 -2.4734374e-02 -7.6269349e-02 -1.5979708e-01 -2.9035745e-01 -4.6998265e-01
-1.6600000e+00 -1.4058811e+00 -6.4629350e-01 -2.6003565e-01 -8.4792084e-02 -3.2775398e-02 -3.9707660e-02 -8.8299702e-02 -1.6968886e-01 -2.9865443e-01 -4.7703843e-01
-1.6525000e+00 -1.5256236e+00 -7.0856326e-01 -2.9961844e-01 -1.1265759e-01 -5.3564601e-02 -5.5875569e-02 -1.0126918e-01 -1.8034074e-01 -3.0758155e-01 -4.8462524e-01
-1.6450000e+00 -1.6645912e+00 -7.7789070e-01 -3.4300088e-01 -1.4297232e-01 -7.6086330e-02 -7.3345088e-02 -1.1525824e-01 -1.9181577e-01 -3.1718983e-01 -4.9278528e-01
-1.6375000e+00 -1.8278788e+00 -8.5549173e-01 -3.9067124e-01 -1.7600231e-01 -1.0050999e-01 -9.2234938e-02 -1.3035548e-01 -2.0418303e-01 -3.2753497e-01 -5.0156447e-01
-1.6300000e+00 -2.0217915e+00 -9.4291842e-01 -4.4321124e-01 -2.1205354e-01 -1.2702652e-01 -1.1267727e-01 -1.4665874e-01 -2.1751833e-01 -3.3867783e-01 -5.1101287e-01
-1.6225000e+00 -2.2511793e+00 -1.0421956e+00 -5.0132236e-01 -2.5148049e-01 -1.5585222e-01 -1.3481972e-01 -1.6427628e-01 -2.3190506e-01 -3.5068506e-01 -5.2118506e-01
-1.6150000e+00 -2.5033871e+00 -1.1560300e+00 -5.6586252e-01 -2.9469734e-01 -1.8723340e-01 -1.5882783e-01 -1.8332831e-01 -2.4743515e-01 -3.6362975e-01 -5.3214070e-01
-1.6075000e+00 -2.6906670e+00 -1.2881350e+00 -6.3789800e-01 -3.4219261e-01 -2.2145239e-01 -1.8488808e-01 -2.0394871e-01 -2.6421019e-01 -3.7759225e-01 -5.4394507e-01
-1.6000000e+00 -2.6566164e+00 -1.4437269e+00 -7.1877917e-01 -3.9454880e-01 -2.5883496e-01 -2.1321150e-01 -2.2628711e-01 -2.8234275e-01 -3.9266102e-01 -5.5666977e-01
-1.5925000e+00 -2.4579233e+00 -1.6301887e+00 -8.1025380e-01 -4.5246917e-01 -2.9976005e-01 -2.4403822e-01 -2.5051141e-01 -3.0195796e-01 -4.0893376e-01 -5.7039344e-01
-1.5850000e+00 -2.2457953e+00 -1.8572868e+00 -9.1464213e-01 -5.1681507e-01 -3.4467234e-01 -2.7764318e-01 -2.7681084e-01 -3.2319537e-01 -4.2651862e-01 -5.8520263e-01
-1.5775000e+00 -2.0681124e+00 -2.1320216e+00 -1.0351163e+00 -5.8865909e-01 -3.9409906e-01 -3.1434326e-01 -3.0539973e-01 -3.4621119e-01 -4.4553564e-01 -6.0119289e-01
-1.5700000e+00 -1.9272724e+00 -2.4180175e+00 -1.1761605e+00 -6.6936312e-01 -4.4867255e-01 -3.5450658e-01 -3.3652217e-01 -3.7118099e-01 -4.6611856e-01 -6.1846990e-01
-1.5625000e+00 -1.8179215e+00 -2.5168820e+00 -1.3443403e+00 -7.6069617e-01 -5.0916155e-01 -3.9856453e-01 -3.7045788e-01 -3.9830302e-01 -4.8841685e-01 -6.3715093e-01
-1.5550000e+00 -1.7350764e+00 -2.3207968e+00 -1.5495271e+00 -8.6501870e-01 -5.7651519e-01 -4.4702769e-01 -4.0752964e-01 -4.2780233e-01 -5.1259825e-01 -6.5736649e-01
-1.5475000e+00 -1.6752078e+00 -2.0624970e+00 -1.8060710e+00 -9.8558258e-01 -6.5192682e-01 -5.0050738e-01 -4.4811286e-01 -4.5993580e-01 -5.3885184e-01 -6.7926236e-01
-1.5400000e+00 -1.6360873e+00 -1.8468649e+00 -2.1262702e+00 -1.1270402e+00 -7.3692913e-01 -5.5974521e-01 -4.9264809e-01 -4.9499859e-01 -5.6739180e-01 -7.0300197e-01
-1.5325000e+00 -1.6165245e+00 -1.6790301e+00 -2.4424082e+00 -1.2963442e+00 -8.3354102e-01 -6.2565470e-01 -5.4165765e-01 -5.3333234e-01 -5.9846210e-01 -7.2876940e-01
-1.5250000e+00 -1.6161869e+00 -1.5498680e+00 -2.4268800e+00 -1.5043662e+00 -9.4450346e-01 -6.9938143e-01 -5.9576809e-01 -5.7533578e-01 -6.3234237e-01 -7.5677292e-01
-1.5175000e+00 -1.6355164e+00 -1.4516138e+00 -2.1285720e+00 -1.7684530e+00 -1.0736759e+00 -7.8239247e-01 -6.5574123e-01 -6.2147865e-01 -6.6935533e-01 -7.8724946e-01
-1.5100000e+00 -1.6757374e+00 -1.3790418e+00 -1.8502387e+00 -2.1112248e+00 -1.2267376e+00 -8.7661406e-01 -7.2251800e-01 -6.7232043e-01 -7.0987646e-01 -8.2047023e-01
-1.5025000e+00 -1.7389514e+00 -1.3288815e+00 -1.6369980e+00 -2.4886938e+00 -1.4124988e+00 -9.8465242e-01 -7.9728218e-01 -7.2853575e-01 -7.5434651e-01 -8.5674778e-01
-1.4950000e+00 -1.8283114e+00 -1.2992705e+00 -1.4755067e+00 -2.4882381e+00 -1.6454373e+00 -1.1101647e+00 -8.8155570e-01 -7.9094991e-01 -8.0328826e-01 -8.9644507e-01
-1.4875000e+00 -1.9482122e+00 -1.2894146e+00 -1.3528620e+00 -2.1379925e+00 -1.9500587e+00 -1.2585179e+00 -9.7734670e-01 -8.6058960e-01 -8.5732908e-01 -9.3998735e-01
-1.4800000e+00 -2.1041185e+00 -1.2994182e+00 -1.2606627e+00 -1.8328207e+00 -2.3558841e+00 -1.4380377e+00 -1.0873891e+00 -9.3875750e-01 -9.1723225e-01 -9.8787787e-01
-1.4725000e+00 -2.3001865e+00 -1.3302482e+00 -1.1937289e+00 -1.6071215e+00 -2.7011541e+00 -1.6625349e+00 -1.2155506e+00 -1.0271456e+00 -9.8394129e-01 -1.0407190e+00
-1.4650000e+00 -2.5264952e+00 -1.3838203e+00 -1.1489837e+00 -1.4389031e+00 -2.4411532e+00 -1.9565243e+00 -1.3675707e+00 -1.1280146e+00 -1.0586444e+00 -1.0992415e+00
-1.4575000e+00 -2.7146106e+00 -1.4632237e+00 -1.1247906e+00 -1.3120883e+00 -2.0555891e+00 -2.3611516e+00 -1.5524948e+00 -1.2444900e+00 -1.1428712e+00 -1.1643454e+00
-1.4500000e+00 -2.7252929e+00 -1.5731110e+00 -1.1206026e+00 -1.2170078e+00 -1.7729120e+00 -2.8213421e+00 -1.7856990e+00 -1.3810813e+00 -1.2386438e+00 -1.2371597e+00
-1.4425000e+00 -2.5720107e+00 -1.7202187e+00 -1.1368141e+00 -1.1479085e+00 -1.5679800e+00 -2.6483162e+00 -2.0956353e+00 -1.5446540e+00 -1.3487226e+00 -1.3191310e+00
-1.4350000e+00 -2.3959858e+00 -1.9134072e+00 -1.1747683e+00 -1.1014271e+00 -1.4155629e+00 -2.2101239e+00 -2.5340530e+00 -1.7464079e+00 -1.4770279e+00 -1.4121608e+00
-1.4275000e+00 -2.2593028e+00 -2.1589157e+00 -1.2369191e+00 -1.0757756e+00 -1.3010778e+00 -1.8954657e+00 -3.0208831e+00 -2.0063100e+00 -1.6294134e+00 -1.5188272e+00
-1.4200000e+00 -2.1720840e+00 -2.4264610e+00 -1.3271955e+00 -1.0703276e+00 -1.2161508e+00 -1.6724875e+00 -2.7261130e+00 -2.3636747e+00 -1.8152018e+00 -1.6427614e+00
-1.4125000e+00 -2.1331944e+00 -2.5472781e+00 -1.4516648e+00 -1.0854456e+00 -1.1559020e+00 -1.5085448e+00 -2.2709022e+00 -2.8866031e+00 -2.0505567e+00 -1.7893308e+00
-1.4050000e+00 -2.1413132e+00 -2.3944268e+00 -1.6195995e+00 -1.1224840e+00 -1.1175715e+00 -1.3858528e+00 -1.9608291e+00 -3.1951644e+00 -2.3667718e+00 -1.9669757e+00
-1.3975000e+00 -2.1969470e+00 -2.1680153e+00 -1.8444277e+00 -1.1839662e+00 -1.0998299e+00 -1.2945444e+00 -1.7427376e+00 -2.6703169e+00 -2.8302088e+00 -2.1901101e+00
-1.3900000e+00 -2.3019626e+00 -1.9878873e+00 -2.1378234e+00 -1.2739975e+00 -1.1024511e+00 -1.2289576e+00 -1.5826647e+00 -2.2598469e+00 -3.4252286e+00 -2.4862452e+00
-1.3825000e+00 -2.4560982e+00 -1.8683196e+00 -2.4437152e+00 -1.3990647e+00 -1.1262087e+00 -1.1858732e+00 -1.4630661e+00 -1.9853855e+00 -3.0634771e+00 -2.9153629e+00
-1.3750000e+00 -2.6431944e+00 -1.8046229e+00 -2.4661724e+00 -1.5695035e+00 -1.1729534e+00 -1.1636595e+00 -1.3743519e+00 -1.7899865e+00 -2.5593825e+00 -3.5635330e+00
-1.3675000e+00 -2.7956793e+00 -1.7930305e+00 -2.2006092e+00 -1.8017975e+00 -1.2458985e+00 -1.1618625e+00 -1.3110616e+00 -1.6455948e+00 -2.2355924e+00 -3.4354827e+00
-1.3600000e+00 -2.8067900e+00 -1.8332830e+00 -1.9486621e+00 -2.1175439e+00 -1.3502274e+00 -1.1810555e+00 -1.2701236e+00 -1.5378127e+00 -2.0119445e+00 -2.8579508e+00
-1.3525000e+00 -2.6977363e+00 -1.9285804e+00 -1.7724131e+00 -2.4827391e+00 -1.4942907e+00 -1.2228815e+00 -1.2500246e+00 -1.4587027e+00 -1.8489826e+00 -2.4967886e+00
-1.3450000e+00 -2.5809486e+00 -2.0841613e+00 -1.6639640e+00 -2.5240227e+00 -1.6919448e+00 -1.2903039e+00 -1.2504214e+00 -1.4037548e+00 -1.7276121e+00 -2.2533881e+00
-1.3375000e+00 -2.5126616e+00 -2.2984293e+00 -1.6141039e+00 -2.2021514e+00 -1.9665636e+00 -1.3881693e+00 -1.2720084e+00 -1.3705084e+00 -1.6376747e+00 -2.0781067e+00
-1.3300000e+00 -2.5066183e+00 -2.5199084e+00 -1.6190342e+00 -1.9193771e+00 -2.3472910e+00 -1.5243488e+00 -1.3165851e+00 -1.3578997e+00 -1.5734619e+00 -1.9480508e+00
-1.3225000e+00 -2.5639535e+00 -2.5817417e+00 -1.6801677e+00 -1.7286249e+00 -2.7033066e+00 -1.7120841e+00 -1.3873453e+00 -1.3659738e+00 -1.5317808e+00 -1.8513888e+00
-1.3150000e+00 -2.6789321e+00 -2.4405431e+00 -1.8040039e+00 -1.6122777e+00 -2.4915937e+00 -1.9748251e+00 -1.4895190e+00 -1.3958275e+00 -1.5110546e+00 -1.7815565e+00
-1.3075000e+00 -2.8267249e+00 -2.2754722e+00 -2.0012584e+00 -1.5576686e+00 -2.1226591e+00 -2.3520999e+00 -1.6316923e+00 -1.4497561e+00 -1.5109079e+00 -1.7348627e+00
-1.3000000e+00 -2.9381062e+00 -2.1744676e+00 -2.2731126e+00 -1.5598965e+00 -1.8646624e+00 -2.8085965e+00 -1.8286260e+00 -1.5316642e+00 -1.5320246e+00 -1.7093994e+00
-1.2925000e+00 -2.9357452e+00 -2.1519726e+00 -2.5171704e+00 -1.6204424e+00 -1.7004133e+00 -2.6948918e+00 -2.1075247e+00 -1.6479391e+00 -1.5762143e+00 -1.7045350e+00
-1.2850000e+00 -2.8549413e+00 -2.2081870e+00 -2.4590573e+00 -1.7472082e+00 -1.6074606e+00 -2.2706473e+00 -2.5180517e+00 -1.8092893e+00 -1.6467133e+00 -1.7207176e+00
-1.2775000e+00 -2.7871226e+00 -2.3388181e+00 -2.2248265e+00 -1.9555103e+00 -1.5749984e+00 -1.9760302e+00 -3.0099264e+00 -2.0348791e+00 -1.7488582e+00 -1.7594952e+00
-1.2700000e+00 -2.7819590e+00 -2.5168858e+00 -2.0456954e+00 -2.2602813e+00 -1.6005438e+00 -1.7895066e+00 -2.7769747e+00 -2.3621600e+00 -1.8915044e+00 -1.8237610e+00
-1.2625000e+00 -2.8559578e+00 -2.6456634e+00 -1.9609066e+00 -2.5684772e+00 -1.6885949e+00 -1.6806224e+00 -2.3305110e+00 -2.8579615e+00 -2.0901759e+00 -1.9183338e+00
-1.2550000e+00 -2.9981861e+00 -2.6184861e+00 -1.9690668e+00 -2.4891396e+00 -1.8518316e+00 -1.6349527e+00 -2.0409999e+00 -3.2190058e+00 -2.3747715e+00 -2.0511850e+00
-1.2475000e+00 -3.1249642e+00 -2.5139582e+00 -2.0705200e+00 -2.1970766e+00 -2.1138734e+00 -1.6481351e+00 -1.8608944e+00 -2.7244211e+00 -2.8083024e+00 -2.2361475e+00
-1.2400000e+00 -3.1014697e+00 -2.4482236e+00 -2.2643183e+00 -1.9905018e+00 -2.4904186e+00 -1.7234285e+00 -1.7579860e+00 -2.3228520e+00 -3.4046337e+00 -2.4995471e+00
-1.2325000e+00 -2.9962422e+00 -2.4586915e+00 -2.4990870e+00 -1.8941255e+00 -2.7241036e+00 -1.8726601e+00 -1.7182449e+00 -2.0747014e+00 -3.1175619e+00 -2.8981475e+00
-1.2250000e+00 -2.9630401e+00 -2.5420693e+00 -2.5670434e+00 -1.8997458e+00 -2.4328448e+00 -2.1206949e+00 -1.7380065e+00 -1.9238982e+00 -2.6154537e+00 -3.5244766e+00
-1.2175000e+00 -3.0583727e+00 -2.6653265e+00 -2.4140970e+00 -2.0087938e+00 -2.1298609e+00 -2.5050478e+00 -1.8215936e+00 -1.8445279e+00 -2.3102948e+00 -3.4899064e+00
-1.2100000e+00 -3.2365564e+00 -2.7548889e+00 -2.2722780e+00 -2.2299104e+00 -1.9574521e+00 -2.8781692e+00 -1.9829127e+00 -1.8265220e+00 -2.1237275e+00 -2.9116860e+00
-1.2025000e+00 -3.2743303e+00 -2.7506639e+00 -2.2344973e+00 -2.5251282e+00 -1.8997012e+00 -2.6102356e+00 -2.2519333e+00 -1.8692019e+00 -2.0173412e+00 -2.5641359e+00
-1.1950000e+00 -3.1532195e+00 -2.6959385e+00 -2.3091165e+00 -2.6030400e+00 -1.9488373e+00 -2.2489052e+00 -2.6786619e+00 -1.9803526e+00 -1.9754533e+00 -2.3534194e+00
-1.1875000e+00 -3.1258269e+00 -2.6696038e+00 -2.4724054e+00 -2.3784754e+00 -2.1139691e+00 -2.0393069e+00 -3.0542573e+00 -2.1798846e+00 -1.9939339e+00 -2.2300062e+00
-1.1800000e+00 -3.2568038e+00 -2.7155098e+00 -2.6187376e+00 -2.1985161e+00 -2.4119020e+00 -1.9553240e+00 -2.6778566e+00 -2.5108198e+00 -2.0772238e+00 -2.1738481e+00
-1.1725000e+00 -3.3914222e+00 -2.8346713e+00 -2.6006714e+00 -2.1533917e+00 -2.7301606e+00 -1.9824502e+00 -2.3084527e+00 -3.0288646e+00 -2.2402272e+00 -2.1785090e+00
-1.1650000e+00 -3.3226817e+00 -2.9366391e+00 -2.5062568e+00 -2.2463957e+00 -2.5998588e+00 -2.1279327e+00 -2.1070713e+00 -3.1370384e+00 -2.5170823e+00 -2.2465457e+00
-1.1575000e+00 -3.2682606e+00 -2.8911395e+00 -2.4760495e+00 -2.4617660e+00 -2.3138047e+00 -2.4190503e+00 -2.0334929e+00 -2.6398832e+00 -2.9803807e+00 -2.3903690e+00
-1.1500000e+00 -3.3620845e+00 -2.8129875e+00 -2.5374455e+00 -2.6556274e+00 -2.1703298e+00 -2.8227820e+00 -2.0736374e+00 -2.3260679e+00 -3.4658219e+00 -2.6395801e+00
-1.1425000e+00 -3.4777541e+00 -2.8626911e+00 -2.6478636e+00 -2.5734682e+00 -2.1834764e+00 -2.7795353e+00 -2.2387139e+00 -2.1718838e+00 -2.9890052e+00 -3.0627052e+00
-1.1350000e+00 -3.4341138e+00 -3.0371091e+00 -2.7189131e+00 -2.4187419e+00 -2.3537738e+00 -2.4278378e+00 -2.5663691e+00 -2.1398300e+00 -2.5785970e+00 -3.6821357e+00
-1.1275000e+00 -3.4012551e+00 -3.0680023e+00 -2.7086625e+00 -2.3888850e+00 -2.6516192e+00 -2.2345520e+00 -3.0168195e+00 -2.2249976e+00 -2.3642757e+00 -3.3343947e+00
-1.1200000e+00 -3.5148466e+00 -2.9426200e+00 -2.6751881e+00 -2.5008553e+00 -2.7563465e+00 -2.2135220e+00 -2.8666903e+00 -2.4509145e+00 -2.2852377e+00 -2.8493243e+00
-1.1125000e+00 -3.5816970e+00 -2.9805241e+00 -2.6854204e+00 -2.6696908e+00 -2.5273785e+00 -2.3625240e+00 -2.4844685e+00 -2.8730607e+00 -2.3237458e+00 -2.5933895e+00
-1.1050000e+00 -3.4936315e+00 -3.1689543e+00 -2.7707149e+00 -2.6940811e+00 -2.3844653e+00 -2.6875162e+00 -2.3004314e+00 -3.2504803e+00 -2.4926107e+00 -2.4851328e+00
-1.0975000e+00 -3.5826674e+00 -3.1367717e+00 -2.8745880e+00 -2.6086783e+00 -2.4265564e+00 -2.9172712e+00 -2.2972743e+00 -2.8308885e+00 -2.8426284e+00 -2.4969000e+00
-1.0900000e+00 -3.6763120e+00 -3.0528902e+00 -2.8475602e+00 -2.5967826e+00 -2.6352284e+00 -2.6486160e+00 -2.4762109e+00 -2.4990502e+00 -3.3968680e+00 -2.6350190e+00
-1.0825000e+00 -3.5802967e+00 -3.1801108e+00 -2.7847676e+00 -2.6787329e+00 -2.8104724e+00 -2.4391904e+00 -2.8564303e+00 -2.3798272e+00 -3.2017420e+00 -2.9434673e+00
-1.0750000e+00 -3.7022035e+00 -3.2565694e+00 -2.8749342e+00 -2.7639797e+00 -2.6874788e+00 -2.4427527e+00 -3.0607282e+00 -2.4436093e+00 -2.7510505e+00 -3.5080383e+00
-1.0675000e+00 -3.7200661e+00 -3.1765703e+00 -3.0251428e+00 -2.7815715e+00 -2.5758478e+00 -2.6573248e+00 -2.7069277e+00 -2.7110256e+00 -2.5480586e+00 -3.5622229e+00
-1.0600000e+00 -3.6901829e+00 -3.2411045e+00 -2.9282921e+00 -2.7696156e+00 -2.6402768e+00 -2.9360839e+00 -2.4992326e+00 -3.1783145e+00 -2.5402287e+00 -3.0275694e+00
-1.0525000e+00 -3.8105839e+00 -3.3300654e+00 -2.9004094e+00 -2.7750365e+00 -2.8090436e+00 -2.8046098e+00 -2.5287684e+00 -3.0887968e+00 -2.7283707e+00 -2.7667682e+00
-1.0450000e+00 -3.7631387e+00 -3.2897183e+00 -3.0938287e+00 -2.8394158e+00 -2.8359094e+00 -2.6166034e+00 -2.7953627e+00 -2.7058747e+00 -3.1672370e+00 -2.7156177e+00
-1.0375000e+00 -3.8318218e+00 -3.3229830e+00 -3.0627249e+00 -2.9301935e+00 -2.7588086e+00 -2.6535010e+00 -3.1061326e+00 -2.5786573e+00 -3.4496870e+00 -2.8588459e+00
-1.0300000e+00 -3.8609256e+00 -3.4249403e+00 -2.9876752e+00 -2.8939849e+00 -2.7827402e+00 -2.8822261e+00 -2.8720684e+00 -2.7031393e+00 -2.9808139e+00 -3.2525379e+00
-1.0225000e+00 -3.8629945e+00 -3.3575846e+00 -3.1700610e+00 -2.8693414e+00 -2.8749918e+00 -2.9590684e+00 -2.6718753e+00 -3.0849244e+00 -2.7382269e+00 -3.7457267e+00
-1.0150000e+00 -3.9365157e+00 -3.4585694e+00 -3.1342206e+00 -3.0190155e+00 -2.9140573e+00 -2.8014541e+00 -2.7455762e+00 -3.2313469e+00 -2.7649999e+00 -3.2816743e+00
-1.0075000e+00 -3.9220099e+00 -3.4662799e+00 -3.1071087e+00 -3.0280542e+00 -2.9147799e+00 -2.8016773e+00 -3.0434005e+00 -2.8706189e+00 -3.0705021e+00 -2.9569955e+00
-1.0000000e+00 -3.9867118e+00 -3.4678738e+00 -3.2510284e+00 -2.9392092e+00 -2.9191180e+00 -2.9648365e+00 -3.0684605e+00 -2.7571644e+00 -3.5009988e+00 -2.9231601e+00
-9.9250000e-01 -3.9952061e+00 -3.5625969e+00 -3.1915501e+00 -3.1172363e+00 -2.9691407e+00 -3.0013433e+00 -2.8509575e+00 -2.9518153e+00 -3.1540725e+00 -3.1711828e+00
-9.8500000e-01 -4.0335605e+00 -3.5137213e+00 -3.2439978e+00 -3.1013432e+00 -3.0557009e+00 -2.9317687e+00 -2.8832858e+00 -3.2981895e+00 -2.8999832e+00 -3.6959611e+00
-9.7750000e-01 -4.0705596e+00 -3.6225467e+00 -3.3049764e+00 -3.0383833e+00 -3.0100920e+00 -2.9829387e+00 -3.1195568e+00 -3.0887742e+00 -2.9808892e+00 -3.4678341e+00
-9.7000000e-01 -4.0673415e+00 -3.5815642e+00 -3.2809282e+00 -3.2422939e+00 -3.0294490e+00 -3.0601249e+00 -3.0969193e+00 -2.9132164e+00 -3.3782985e+00 -3.1133656e+00
-9.6250000e-01 -4.1640335e+00 -3.6724086e+00 -3.3620268e+00 -3.1174552e+00 -3.1799702e+00 -3.0719938e+00 -2.9802233e+00 -3.0739049e+00 -3.4011020e+00 -3.1181723e+00
-9.5500000e-01 -4.1264844e+00 -3.6446924e+00 -3.3566887e+00 -3.2161754e+00 -3.0737029e+00 -3.0808005e+00 -3.0935812e+00 -3.3322798e+00 -3.0756098e+00 -3.4834346e+00
-9.4750000e-01 -4.1751698e+00 -3.7372397e+00 -3.4043424e+00 -3.2527571e+00 -3.1498247e+00 -3.1046902e+00 -3.1951464e+00 -3.1314056e+00 -3.1103822e+00 -3.7231435e+00
-9.4000000e-01 -4.2394542e+00 -3.7024945e+00 -3.4249858e+00 -3.2262511e+00 -3.2551286e+00 -3.1921838e+00 -3.1236242e+00 -3.0813772e+00 -3.4690335e+00 -3.3085905e+00
-9.3250000e-01 -4.2217052e+00 -3.7755170e+00 -3.4696393e+00 -3.3327131e+00 -3.1314566e+00 -3.1689798e+00 -3.1697862e+00 -3.3082945e+00 -3.3935453e+00 -3.2493110e+00
-9.2500000e-01 -4.2595722e+00 -3.8142789e+00 -3.4664671e+00 -3.2914394e+00 -3.3466467e+00 -3.1822191e+00 -3.2379283e+00 -3.2932478e+00 -3.1841808e+00 -3.5979002e+00
-9.1750000e-01 -4.3321710e+00 -3.7850332e+00 -3.5577476e+00 -3.3731747e+00 -3.2118142e+00 -3.3176168e+00 -3.2471936e+00 -3.1984723e+00 -3.3683695e+00 -3.6984999e+00
-9.1000000e-01 -4.3530247e+00 -3.8761263e+00 -3.5077150e+00 -3.3714492e+00 -3.3513651e+00 -3.2038496e+00 -3.2636514e+00 -3.3462130e+00 -3.5468601e+00 -3.3763803e+00
-9.0250000e-01 -4.3497912e+00 -3.8872794e+00 -3.6167113e+00 -3.4168895e+00 -3.3129770e+00 -3.3625915e+00 -3.3010352e+00 -3.3630110e+00 -3.3274244e+00 -3.4842830e+00
-8.9500000e-01 -4.3710390e+00 -3.8944430e+00 -3.5890235e+00 -3.4343720e+00 -3.3774894e+00 -3.3103482e+00 -3.3698017e+00 -3.3305916e+00 -3.4258590e+00 -3.8118731e+00
-8.8750000e-01 -4.4147964e+00 -3.9655662e+00 -3.6492641e+00 -3.4937620e+00 -3.3879266e+00 -3.3559203e+00 -3.3168739e+00 -3.4171123e+00 -3.5831922e+00 -3.5440590e+00
-8.8000000e-01 -4.4609839e+00 -3.9906026e+00 -3.6663742e+00 -3.4615169e+00 -3.4342391e+00 -3.4236648e+00 -3.4506786e+00 -3.4297645e+00 -3.4393869e+00 -3.5520148e+00
-8.7250000e-01 -4.4986782e+00 -3.9796274e+00 -3.6789331e+00 -3.5915927e+00 -3.4461714e+00 -3.3844824e+00 -3.3900746e+00 -3.4554103e+00 -3.5538288e+00 -3.8331202e+00
-8.6500000e-01 -4.5306037e+00 -4.0037059e+00 -3.7657482e+00 -3.5233546e+00 -3.4926249e+00 -3.4964018e+00 -3.4725010e+00 -3.4754683e+00 -3.5946657e+00 -3.6372609e+00
-8.5750000e-01 -4.5638275e+00 -4.0579722e+00 -3.7690706e+00 -3.5863553e+00 -3.5161036e+00 -3.4520037e+00 -3.4872888e+00 -3.5517246e+00 -3.5646379e+00 -3.6963020e+00
-8.5000000e-01 -4.5961390e+00 -4.1079513e+00 -3.7517726e+00 -3.6665105e+00 -3.5394230e+00 -3.5292321e+00 -3.5030263e+00 -3.5030279e+00 -3.6515318e+00 -3.8468201e+00
-8.4250000e-01 -4.6184309e+00 -4.1403382e+00 -3.8027117e+00 -3.6251307e+00 -3.5733086e+00 -3.5487348e+00 -3.5601647e+00 -3.6377451e+00 -3.6481118e+00 -3.7170957e+00
-8.3500000e-01 -4.6393406e+00 -4.1645030e+00 -3.8676830e+00 -3.6732252e+00 -3.6363088e+00 -3.5493626e+00 -3.5704671e+00 -3.5517923e+00 -3.6922977e+00 -3.8654136e+00
-8.2750000e-01 -4.6587107e+00 -4.1908079e+00 -3.8926279e+00 -3.7258684e+00 -3.5900762e+00 -3.6365665e+00 -3.5914617e+00 -3.7076121e+00 -3.7105324e+00 -3.8303157e+00
-8.2000000e-01 -4.6723123e+00 -4.2203126e+00 -3.8988181e+00 -3.7294235e+00 -3.6805280e+00 -3.6098936e+00 -3.6786247e+00 -3.6019130e+00 -3.7629854e+00 -3.8799381e+00
-8.1250000e-01 -4.7159627e+00 -4.2475140e+00 -3.9155936e+00 -3.7669536e+00 -3.7455541e+00 -3.6739121e+00 -3.6049257e+00 -3.7887228e+00 -3.7558776e+00 -3.9053721e+00
-8.0500000e-01 -4.7649656e+00 -4.2742524e+00 -3.9450402e+00 -3.8315424e+00 -3.6914867e+00 -3.6821223e+00 -3.7740108e+00 -3.6449258e+00 -3.8350859e+00 -3.9466179e+00
-7.9750000e-01 -4.7883007e+00 -4.3149365e+00 -3.9787262e+00 -3.8684212e+00 -3.7203207e+00 -3.7437891e+00 -3.6794843e+00 -3.8609234e+00 -3.8156831e+00 -3.9470784e+00
-7.9000000e-01 -4.7983259e+00 -4.3572908e+00 -4.0121962e+00 -3.8756820e+00 -3.8061480e+00 -3.7561106e+00 -3.7601818e+00 -3.7235463e+00 -3.8755860e+00 -4.0310323e+00
-7.8250000e-01 -4.8539220e+00 -4.3702594e+00 -4.0474118e+00 -3.8838340e+00 -3.8424939e+00 -3.7408810e+00 -3.8126251e+00 -3.8378730e+00 -3.9193767e+00 -3.9863462e+00
-7.7500000e-01 -4.8626027e+00 -4.3874901e+00 -4.0848599e+00 -3.9060908e+00 -3.8454828e+00 -3.8206144e+00 -3.7968622e+00 -3.8930611e+00 -3.8724306e+00 -4.1076412e+00
-7.6750000e-01 -4.9092543e+00 -4.4055159e+00 -4.1130180e+00 -3.9390702e+00 -3.8684572e+00 -3.9024859e+00 -3.8492331e+00 -3.8098933e+00 -4.0582420e+00 -4.0482561e+00
-7.6000000e-01 -4.9251009e+00 -4.4643648e+00 -4.1267424e+00 -3.9743536e+00 -3.9133891e+00 -3.8925039e+00 -3.8662861e+00 -3.9489211e+00 -3.9112340e+00 -4.1323643e+00
-7.5250000e-01 -4.9765567e+00 -4.4872304e+00 -4.1603165e+00 -4.0029427e+00 -3.9619165e+00 -3.8710679e+00 -3.8961687e+00 -3.9652466e+00 -4.0417095e+00 -4.1790212e+00
-7.4500000e-01 -4.9820697e+00 -4.5018406e+00 -4.2190671e+00 -4.0210552e+00 -4.0033621e+00 -3.8920168e+00 -3.9682973e+00 -3.9326832e+00 -4.1114222e+00 -4.1051781e+00
-7.3750000e-01 -5.0194467e+00 -4.5576070e+00 -4.2495179e+00 -4.0418203e+00 -4.0365379e+00 -3.9400779e+00 -4.0023236e+00 -3.9935184e+00 -4.0067187e+00 -4.3045510e+00
-7.3000000e-01 -5.0625024e+00 -4.5574456e+00 -4.2758176e+00 -4.0876476e+00 -4.0613716e+00 -3.9888297e+00 -3.9870617e+00 -4.0371367e+00 -4.1050711e+00 -4.2135805e+00
-7.2250000e-01 -5.0900043e+00 -4.6126448e+00 -4.2780396e+00 -4.1432917e+00 -4.0771109e+00 -4.0277564e+00 -3.9810033e+00 -4.0526261e+00 -4.2047308e+00 -4.2021518e+00
-7.1500000e-01 -5.1130766e+00 -4.6200381e+00 -4.3478206e+00 -4.1701335e+00 -4.0906944e+00 -4.0611422e+00 -4.0044848e+00 -4.0955281e+00 -4.1663524e+00 -4.3820583e+00
-7.0750000e-01 -5.1371764e+00 -4.6735264e+00 -4.3515744e+00 -4.2039653e+00 -4.1180171e+00 -4.0975150e+00 -4.0452269e+00 -4.1514616e+00 -4.1636732e+00 -4.3607878e+00
-7.0000000e-01 -5.1712324e+00 -4.6976733e+00 -4.3846929e+00 -4.2095202e+00 -4.1533182e+00 -4.1414454e+00 -4.0880726e+00 -4.1859725e+00 -4.2150951e+00 -4.2913895e+00
-6.5000000e-01 -5.3782184e+00 -4.8843412e+00 -4.5902661e+00 -4.4362880e+00 -4.3433293e+00 -4.2978334e+00 -4.3196782e+00 -4.3292482e+00 -4.4854740e+00 -4.5527120e+00
-6.0000000e-01 -5.5648338e+00 -5.0969650e+00 -4.7799253e+00 -4.6336573e+00 -4.5312207e+00 -4.5118504e+00 -4.5413908e+00 -4.5141004e+00 -4.6298816e+00 -4.8098610e+00
-5.5000000e-01 -5.7773377e+00 -5.2958272e+00 -4.9941639e+00 -4.8102537e+00 -4.7565444e+00 -4.6983724e+00 -4.7321507e+00 -4.7361611e+00 -4.8483147e+00 -4.9273310e+00
-5.0000000e-01 -5.9687386e+00 -5.4931734e+00 -5.1948510e+00 -5.0131937e+00 -4.9507538e+00 -4.9211858e+00 -4.9135467e+00 -4.9289247e+00 -5.0389465e+00 -5.1501366e+00
-4.0000000e-01 -6.3311973e+00 -5.8889962e+00 -5.5884062e+00 -5.4243578e+00 -5.3455443e+00 -5.3082946e+00 -5.3243842e+00 -5.3494770e+00 -5.4176978e+00 -5.5642108e+00
-2.0000000e-01 -7.2780035e+00 -6.6453391e+00 -6.3507023e+00 -6.2227976e+00 -6.1430124e+00 -6.1125142e+00 -6.1150712e+00 -6.1539548e+00 -6.2274755e+00 -6.3501388e+00
0.0000000e+00 -7.9537860e+00 -7.4508247e+00 -7.1726967e+00 -6.9982686e+00 -6.9231369e+00 -6.9326800e+00 -6.9212938e+00 -6.9482483e+00 -7.0289289e+00 -7.1568083e+00
2.0000000e-01 -8.7143239e+00 -8.3086643e+00 -7.9889442e+00 -7.8109115e+00 -7.7298768e+00 -7.7666445e+00 -7.7464339e+00 -7.7248703e+00 -7.8465766e+00 -7.9623957e+00
4.0000000e-01 -9.6313604e+00 -9.0576615e+00 -8.8235239e+00 -8.6186429e+00 -8.5405965e+00 -8.5496032e+00 -8.5074770e+00 -8.5531680e+00 -8.6277136e+00 -8.7509122e+00
6.0000000e-01 -1.0390165e+01 -9.8994818e+00 -9.5532193e+00 -9.4112872e+00 -9.3039237e+00 -9.3386542e+00 -9.2921609e+00 -9.2932025e+00 -9.4465956e+00 -9.5421968e+00
8.0000000e-01 -1.1133411e+01 -1.0675605e+01 -1.0402951e+01 -1.0226656e+01 -1.0107642e+01 -1.0113022e+01 -1.0088405e+01 -1.0204504e+01 -1.0199384e+01 -1.0310590e+01
1.0000000e+00 -1.1978360e+01 -1.1491439e+01 -1.1208273e+01 -1.1046222e+01 -1.0899581e+01 -1.0971072e+01 -1.0889432e+01 -1.0924745e+01 -1.1065976e+01 -1.1192682e+01
1.2000000e+00 -1.2735982e+01 -1.2353480e+01 -1.1994203e+01 -1.1792508e+01 -1.1781355e+01 -1.1716650e+01 -1.1739593e+01 -1.1759437e+01 -1.1862749e+01 -1.1962226e+01
1.4000000e+00 -1.3561651e+01 -1.3100308e+01 -1.2757878e+01 -1.2578330e+01 -1.2545924e+01 -1.2472930e+01 -1.2549463e+01 -1.2535934e+01 -1.2605594e+01 -1.2780969e+01
1.6000000e+00 -1.4368528e+01 -1.3898118e+01 -1.3601849e+01 -1.3376450e+01 -1.3343277e+01 -1.3321760e+01 -1.3326009e+01 -1.3306374e+01 -1.3466203e+01 -1.3597384e+01
1.8000000e+00 -1.5222096e+01 -1.4705285e+01 -1.4377824e+01 -1.4235817e+01 -1.4123203e+01 -1.4149703e+01 -1.4138320e+01 -1.4163011e+01 -1.4266532e+01 -1.4373148e+01
2.0000000e+00 -1.6074213e+01 -1.5491502e+01 -1.5271805e+01 -1.5048639e+01 -1.4943317e+01 -1.4888446e+01 -1.4921373e+01 -1.4945903e+01 -1.5005547e+01 -1.5177993e+01