########################################################################
# Reference Counts for Solar Model AGSS09met_old                       #
# Column 1: log10(Axion mass in eV)                                    #
#        n>1: log10(Reference photon counts in energy bin n-1)         #
########################################################################
-3.0000000e+00 -2.4651839e+00 -2.4566951e+00 -2.4376739e+00 -2.4521736e+00 -2.5291836e+00 -2.6034413e+00 -2.7057147e+00 -2.8219885e+00 -2.9243507e+00 -2.8408510e+00
-2.8000000e+00 -2.4652048e+00 -2.4567092e+00 -2.4376840e+00 -2.4521811e+00 -2.5291895e+00 -2.6034460e+00 -2.7057186e+00 -2.8219917e+00 -2.9243534e+00 -2.8408533e+00
-2.6000000e+00 -2.4653367e+00 -2.4567983e+00 -2.4377475e+00 -2.4522289e+00 -2.5292267e+00 -2.6034758e+00 -2.7057429e+00 -2.8220120e+00 -2.9243705e+00 -2.8408682e+00
-2.4000000e+00 -2.4661694e+00 -2.4573607e+00 -2.4381485e+00 -2.4525302e+00 -2.5294615e+00 -2.6036636e+00 -2.7058968e+00 -2.8221402e+00 -2.9244786e+00 -2.8409623e+00
-2.2000000e+00 -2.4714301e+00 -2.4609124e+00 -2.4406802e+00 -2.4544325e+00 -2.5309432e+00 -2.6048493e+00 -2.7068675e+00 -2.8229491e+00 -2.9251609e+00 -2.8415558e+00
-2.1500000e+00 -2.4750935e+00 -2.4633843e+00 -2.4424415e+00 -2.4557557e+00 -2.5319737e+00 -2.6056737e+00 -2.7075425e+00 -2.8235115e+00 -2.9256352e+00 -2.8419684e+00
-2.1000000e+00 -2.4809115e+00 -2.4673076e+00 -2.4452359e+00 -2.4578544e+00 -2.5336079e+00 -2.6069810e+00 -2.7086127e+00 -2.8244032e+00 -2.9263872e+00 -2.8426225e+00
-2.0500000e+00 -2.4901625e+00 -2.4735395e+00 -2.4496718e+00 -2.4611846e+00 -2.5362004e+00 -2.6090545e+00 -2.7103099e+00 -2.8258172e+00 -2.9275795e+00 -2.8436596e+00
-2.0000000e+00 -2.5049007e+00 -2.4834517e+00 -2.4567145e+00 -2.4664730e+00 -2.5403155e+00 -2.6123448e+00 -2.7130024e+00 -2.8280600e+00 -2.9294706e+00 -2.8453042e+00
-1.9500000e+00 -2.5284550e+00 -2.4992516e+00 -2.4679153e+00 -2.4748804e+00 -2.5468533e+00 -2.6175696e+00 -2.7172766e+00 -2.8316194e+00 -2.9324710e+00 -2.8479134e+00
-1.9000000e+00 -2.5662935e+00 -2.5245240e+00 -2.4858269e+00 -2.4882714e+00 -2.5572549e+00 -2.6258761e+00 -2.7240680e+00 -2.8372725e+00 -2.9372349e+00 -2.8520551e+00
-1.8500000e+00 -2.6276060e+00 -2.5651792e+00 -2.5144909e+00 -2.5096639e+00 -2.5738425e+00 -2.6391060e+00 -2.7348750e+00 -2.8462623e+00 -2.9448065e+00 -2.8586354e+00
-1.8475000e+00 -2.6315336e+00 -2.5677707e+00 -2.5163128e+00 -2.5110212e+00 -2.5748938e+00 -2.6399438e+00 -2.7355589e+00 -2.8468309e+00 -2.9452853e+00 -2.8590514e+00
-1.8400000e+00 -2.6439199e+00 -2.5759333e+00 -2.5220470e+00 -2.5152913e+00 -2.5781999e+00 -2.6425780e+00 -2.7377092e+00 -2.8486186e+00 -2.9467903e+00 -2.8603590e+00
-1.8325000e+00 -2.6572706e+00 -2.5847150e+00 -2.5282082e+00 -2.5198761e+00 -2.5817481e+00 -2.6454042e+00 -2.7400156e+00 -2.8505357e+00 -2.9484041e+00 -2.8617610e+00
-1.8250000e+00 -2.6716680e+00 -2.5941633e+00 -2.5348295e+00 -2.5247996e+00 -2.5855566e+00 -2.6484366e+00 -2.7424896e+00 -2.8525919e+00 -2.9501346e+00 -2.8632642e+00
-1.8175000e+00 -2.6872025e+00 -2.6043332e+00 -2.5419470e+00 -2.5300878e+00 -2.5896449e+00 -2.6516906e+00 -2.7451437e+00 -2.8547972e+00 -2.9519905e+00 -2.8648761e+00
-1.8100000e+00 -2.7039788e+00 -2.6152844e+00 -2.5496062e+00 -2.5357685e+00 -2.5940341e+00 -2.6551828e+00 -2.7479913e+00 -2.8571628e+00 -2.9539808e+00 -2.8666047e+00
-1.8025000e+00 -2.7220972e+00 -2.6270814e+00 -2.5578366e+00 -2.5418722e+00 -2.5987473e+00 -2.6589310e+00 -2.7510467e+00 -2.8597005e+00 -2.9561156e+00 -2.8684583e+00
-1.7950000e+00 -2.7416851e+00 -2.6397950e+00 -2.5666910e+00 -2.5484318e+00 -2.6038089e+00 -2.6629545e+00 -2.7543254e+00 -2.8624229e+00 -2.9584053e+00 -2.8704464e+00
-1.7875000e+00 -2.7628784e+00 -2.6535031e+00 -2.5762137e+00 -2.5554829e+00 -2.6092459e+00 -2.6672742e+00 -2.7578442e+00 -2.8653439e+00 -2.9608615e+00 -2.8725786e+00
-1.7800000e+00 -2.7858289e+00 -2.6682912e+00 -2.5864714e+00 -2.5630641e+00 -2.6150870e+00 -2.6719124e+00 -2.7616210e+00 -2.8684782e+00 -2.9634965e+00 -2.8748657e+00
-1.7725000e+00 -2.8107066e+00 -2.6842535e+00 -2.5975182e+00 -2.5712177e+00 -2.6213637e+00 -2.6768935e+00 -2.7656753e+00 -2.8718417e+00 -2.9663235e+00 -2.8773191e+00
-1.7650000e+00 -2.8377027e+00 -2.7014943e+00 -2.6094196e+00 -2.5799880e+00 -2.6281098e+00 -2.6822438e+00 -2.7700281e+00 -2.8754516e+00 -2.9693568e+00 -2.8799510e+00
-1.7575000e+00 -2.8670334e+00 -2.7201288e+00 -2.6222476e+00 -2.5894274e+00 -2.6353622e+00 -2.6879916e+00 -2.7747020e+00 -2.8793264e+00 -2.9726117e+00 -2.8827748e+00
-1.7500000e+00 -2.8989440e+00 -2.7402852e+00 -2.6360811e+00 -2.5995891e+00 -2.6431608e+00 -2.6941677e+00 -2.7797216e+00 -2.8834862e+00 -2.9761050e+00 -2.8858046e+00
-1.7425000e+00 -2.9337150e+00 -2.7621066e+00 -2.6510069e+00 -2.6105324e+00 -2.6515493e+00 -2.7008055e+00 -2.7851133e+00 -2.8879524e+00 -2.9798544e+00 -2.8890559e+00
-1.7350000e+00 -2.9716686e+00 -2.7857526e+00 -2.6671210e+00 -2.6223222e+00 -2.6605749e+00 -2.7079412e+00 -2.7909057e+00 -2.8927484e+00 -2.9838793e+00 -2.8925451e+00
-1.7275000e+00 -3.0132052e+00 -2.8114030e+00 -2.6845291e+00 -2.6350298e+00 -2.6702892e+00 -2.7156140e+00 -2.7971301e+00 -2.8978995e+00 -2.9882004e+00 -2.8962903e+00
-1.7200000e+00 -3.0587066e+00 -2.8392604e+00 -2.7033320e+00 -2.6487334e+00 -2.6807485e+00 -2.7238667e+00 -2.8038199e+00 -2.9034328e+00 -2.9928403e+00 -2.9003106e+00
-1.7125000e+00 -3.1087125e+00 -2.8695546e+00 -2.7236938e+00 -2.6635189e+00 -2.6920144e+00 -2.7327457e+00 -2.8110117e+00 -2.9093779e+00 -2.9978233e+00 -2.9046269e+00
-1.7050000e+00 -3.1638334e+00 -2.9025478e+00 -2.7457436e+00 -2.6794812e+00 -2.7041543e+00 -2.7423017e+00 -2.8187452e+00 -2.9157667e+00 -3.0031756e+00 -2.9092616e+00
-1.6975000e+00 -3.2248036e+00 -2.9385407e+00 -2.7696445e+00 -2.6967252e+00 -2.7172421e+00 -2.7525899e+00 -2.8270635e+00 -2.9226340e+00 -3.0089258e+00 -2.9142390e+00
-1.6900000e+00 -3.2925184e+00 -2.9778810e+00 -2.7955803e+00 -2.7153672e+00 -2.7313538e+00 -2.7636707e+00 -2.8360135e+00 -2.9300173e+00 -3.0151045e+00 -2.9195854e+00
-1.6825000e+00 -3.3680838e+00 -3.0209736e+00 -2.8237585e+00 -2.7355365e+00 -2.7465894e+00 -2.7756102e+00 -2.8456464e+00 -2.9379575e+00 -3.0217453e+00 -2.9253292e+00
-1.6750000e+00 -3.4528928e+00 -3.0682949e+00 -2.8544151e+00 -2.7573773e+00 -2.7630424e+00 -2.7884810e+00 -2.8560180e+00 -2.9464992e+00 -3.0288843e+00 -2.9315011e+00
-1.6675000e+00 -3.5487086e+00 -3.1204109e+00 -2.8878194e+00 -2.7810514e+00 -2.7808222e+00 -2.8023625e+00 -2.8671893e+00 -2.9556907e+00 -3.0365609e+00 -2.9381346e+00
-1.6600000e+00 -3.6578340e+00 -3.1779981e+00 -2.9242814e+00 -2.8067405e+00 -2.8000502e+00 -2.8173425e+00 -2.8792270e+00 -2.9655848e+00 -3.0448178e+00 -2.9452659e+00
-1.6525000e+00 -3.7832887e+00 -3.2418842e+00 -2.9641604e+00 -2.8346502e+00 -2.8208617e+00 -2.8335177e+00 -2.8922045e+00 -2.9762392e+00 -3.0537016e+00 -2.9529342e+00
-1.6450000e+00 -3.9289415e+00 -3.3130899e+00 -3.0078760e+00 -2.8650139e+00 -2.8434079e+00 -2.8509952e+00 -2.9062023e+00 -2.9877170e+00 -3.0632630e+00 -2.9611823e+00
-1.6375000e+00 -4.0999828e+00 -3.3928982e+00 -3.0559232e+00 -2.8980983e+00 -2.8678584e+00 -2.8698937e+00 -2.9213091e+00 -3.0000873e+00 -3.0735574e+00 -2.9700567e+00
-1.6300000e+00 -4.3013872e+00 -3.4829530e+00 -3.1088925e+00 -2.9342101e+00 -2.8944045e+00 -2.8903456e+00 -2.9376227e+00 -3.0134259e+00 -3.0846454e+00 -2.9796081e+00
-1.6225000e+00 -4.5320915e+00 -3.5854096e+00 -3.1674963e+00 -2.9737051e+00 -2.9232628e+00 -2.9124985e+00 -2.9552515e+00 -3.0278161e+00 -3.0965930e+00 -2.9898919e+00
-1.6150000e+00 -4.7581663e+00 -3.7031543e+00 -3.2326072e+00 -3.0169985e+00 -2.9546851e+00 -2.9365181e+00 -2.9743159e+00 -3.0433501e+00 -3.1094730e+00 -3.0009684e+00
-1.6075000e+00 -4.8627731e+00 -3.8401626e+00 -3.3053112e+00 -3.0645805e+00 -2.9889442e+00 -2.9625910e+00 -2.9949497e+00 -3.0601293e+00 -3.1233651e+00 -3.0129040e+00
-1.6000000e+00 -4.7595850e+00 -4.0020048e+00 -3.3869854e+00 -3.1170357e+00 -3.0263715e+00 -2.9909284e+00 -3.0173029e+00 -3.0782665e+00 -3.1383574e+00 -3.0257711e+00
-1.5925000e+00 -4.5617475e+00 -4.1964270e+00 -3.4794156e+00 -3.1750701e+00 -3.0673468e+00 -3.0217706e+00 -3.0415435e+00 -3.0978867e+00 -3.1545467e+00 -3.0396497e+00
-1.5850000e+00 -4.3714903e+00 -4.4328390e+00 -3.5849773e+00 -3.2395483e+00 -3.1123156e+00 -3.0553928e+00 -3.0678608e+00 -3.1191296e+00 -3.1720406e+00 -3.0546275e+00
-1.5775000e+00 -4.2141092e+00 -4.7126517e+00 -3.7069254e+00 -3.3115479e+00 -3.1618016e+00 -3.0921121e+00 -3.0964695e+00 -3.1421514e+00 -3.1909581e+00 -3.0708016e+00
-1.5700000e+00 -4.0893537e+00 -4.9699853e+00 -3.8498713e+00 -3.3924373e+00 -3.2164484e+00 -3.1322970e+00 -3.1276139e+00 -3.1671279e+00 -3.2114321e+00 -3.0882793e+00
-1.5625000e+00 -3.9928264e+00 -4.9860847e+00 -4.0205794e+00 -3.4839951e+00 -3.2770218e+00 -3.1763793e+00 -3.1615740e+00 -3.1942572e+00 -3.2336107e+00 -3.1071799e+00
-1.5550000e+00 -3.9206281e+00 -4.7615274e+00 -4.2292086e+00 -3.5885956e+00 -3.3444736e+00 -3.2248701e+00 -3.1986730e+00 -3.2237646e+00 -3.2576606e+00 -3.1276360e+00
-1.5475000e+00 -3.8700456e+00 -4.5157096e+00 -4.4903003e+00 -3.7095124e+00 -3.4200009e+00 -3.2783814e+00 -3.2392868e+00 -3.2559071e+00 -3.2837691e+00 -3.1497960e+00
-1.5400000e+00 -3.8394038e+00 -4.3151055e+00 -4.8141470e+00 -3.8514328e+00 -3.5051413e+00 -3.3376557e+00 -3.2838565e+00 -3.2909799e+00 -3.3121485e+00 -3.1738264e+00
-1.5325000e+00 -3.8279242e+00 -4.1590509e+00 -5.1160163e+00 -4.0213686e+00 -3.6019211e+00 -3.4036077e+00 -3.3329053e+00 -3.3293249e+00 -3.3430407e+00 -3.1999148e+00
-1.5250000e+00 -3.8355879e+00 -4.0389638e+00 -5.0641510e+00 -4.2302939e+00 -3.7130924e+00 -3.4773846e+00 -3.3870606e+00 -3.3713409e+00 -3.3767225e+00 -3.2282735e+00
-1.5175000e+00 -3.8631260e+00 -3.9480105e+00 -4.7624393e+00 -4.4957194e+00 -3.8425315e+00 -3.5604557e+00 -3.4470855e+00 -3.4174981e+00 -3.4135135e+00 -3.2591445e+00
-1.5100000e+00 -3.9120049e+00 -3.8816235e+00 -4.4904292e+00 -4.8402368e+00 -3.9959459e+00 -3.6547506e+00 -3.5139227e+00 -3.4683561e+00 -3.4537850e+00 -3.2928051e+00
-1.5025000e+00 -3.9845634e+00 -3.8369984e+00 -4.2824640e+00 -5.2161524e+00 -4.1821933e+00 -3.7628804e+00 -3.5887583e+00 -3.5245902e+00 -3.4979728e+00 -3.3295751e+00
-1.4950000e+00 -4.0840466e+00 -3.8125910e+00 -4.1248191e+00 -5.2047349e+00 -4.4158327e+00 -3.8885102e+00 -3.6731174e+00 -3.5870260e+00 -3.5465934e+00 -3.3698267e+00
-1.4875000e+00 -4.2146422e+00 -3.8078583e+00 -4.0050853e+00 -4.8529964e+00 -4.7214671e+00 -4.0370201e+00 -3.7690130e+00 -3.6566911e+00 -3.6002657e+00 -3.4139962e+00
-1.4800000e+00 -4.3803257e+00 -3.8231255e+00 -3.9152250e+00 -4.5493630e+00 -5.1280790e+00 -4.2167595e+00 -3.8791863e+00 -3.7348892e+00 -3.6597425e+00 -3.4626015e+00
-1.4725000e+00 -4.5793139e+00 -3.8595807e+00 -3.8502874e+00 -4.3249139e+00 -5.4671632e+00 -4.4415845e+00 -4.0075167e+00 -3.8233139e+00 -3.7259525e+00 -3.5162639e+00
-1.4650000e+00 -4.7829232e+00 -3.9193900e+00 -3.8073446e+00 -4.1575880e+00 -5.2015544e+00 -4.7360993e+00 -4.1597634e+00 -3.9242280e+00 -3.8000639e+00 -3.5757378e+00
-1.4575000e+00 -4.8975038e+00 -4.0059475e+00 -3.7848662e+00 -4.0314404e+00 -4.8177691e+00 -5.1415292e+00 -4.3450077e+00 -4.0407605e+00 -3.8835780e+00 -3.6419567e+00
-1.4500000e+00 -4.8390925e+00 -4.1242748e+00 -3.7823898e+00 -3.9368920e+00 -4.5365567e+00 -5.6006833e+00 -4.5786967e+00 -4.1774269e+00 -3.9784747e+00 -3.7160950e+00
-1.4425000e+00 -4.6860426e+00 -4.2814343e+00 -3.8003885e+00 -3.8682444e+00 -4.3325512e+00 -5.4231818e+00 -4.8894291e+00 -4.3411025e+00 -4.0874497e+00 -3.7996643e+00
-1.4350000e+00 -4.5386444e+00 -4.4858106e+00 -3.8402905e+00 -3.8221695e+00 -4.1807643e+00 -4.9854686e+00 -5.3290891e+00 -4.5430067e+00 -4.2143185e+00 -3.8946620e+00
-1.4275000e+00 -4.4314255e+00 -4.7381542e+00 -3.9046547e+00 -3.7969039e+00 -4.0667467e+00 -4.6714703e+00 -5.8131857e+00 -4.8031473e+00 -4.3647525e+00 -4.0038142e+00
-1.4200000e+00 -4.3700031e+00 -4.9815103e+00 -3.9975540e+00 -3.7918409e+00 -3.9821944e+00 -4.4489125e+00 -5.5124824e+00 -5.1609300e+00 -4.5477295e+00 -4.1309941e+00
-1.4125000e+00 -4.3538975e+00 -5.0241598e+00 -4.1252634e+00 -3.8073617e+00 -3.9222668e+00 -4.2852526e+00 -5.0586014e+00 -5.6844426e+00 -4.7786818e+00 -4.2819914e+00
-1.4050000e+00 -4.3826366e+00 -4.8385903e+00 -4.2973393e+00 -3.8448409e+00 -3.8842286e+00 -4.1627681e+00 -4.7495203e+00 -5.9899903e+00 -5.0871139e+00 -4.4660571e+00
-1.3975000e+00 -4.4565418e+00 -4.6262906e+00 -4.5273790e+00 -3.9068283e+00 -3.8667677e+00 -4.0716245e+00 -4.5320242e+00 -5.4645298e+00 -5.5347447e+00 -4.6993650e+00
-1.3900000e+00 -4.5748699e+00 -4.4659220e+00 -4.8251766e+00 -3.9974669e+00 -3.8696722e+00 -4.0061778e+00 -4.3723463e+00 -5.0546330e+00 -6.1299856e+00 -5.0139930e+00
-1.3825000e+00 -4.7288673e+00 -4.3638268e+00 -5.1192901e+00 -4.1233037e+00 -3.8937293e+00 -3.9632201e+00 -4.2530369e+00 -4.7805011e+00 -5.8441907e+00 -5.4849556e+00
-1.3750000e+00 -4.8837144e+00 -4.3156592e+00 -5.1056147e+00 -4.2947747e+00 -3.9408052e+00 -3.9411275e+00 -4.1645524e+00 -4.5853035e+00 -5.3311575e+00 -6.2095836e+00
-1.3675000e+00 -4.9652704e+00 -4.3188215e+00 -4.8350383e+00 -4.5285188e+00 -4.0141336e+00 -3.9394523e+00 -4.1014579e+00 -4.4410497e+00 -4.9995842e+00 -5.8381736e+00
-1.3600000e+00 -4.9314824e+00 -4.3740216e+00 -4.5904716e+00 -4.8461211e+00 -4.1189282e+00 -3.9587740e+00 -4.0606975e+00 -4.3333716e+00 -4.7712352e+00 -5.2688674e+00
-1.3525000e+00 -4.8427358e+00 -4.4849030e+00 -4.4211602e+00 -5.2104191e+00 -4.2635879e+00 -4.0007425e+00 -4.0407688e+00 -4.2543465e+00 -4.6051438e+00 -4.9247127e+00
-1.3450000e+00 -4.7697406e+00 -4.6552125e+00 -4.3184608e+00 -5.2412637e+00 -4.4620492e+00 -4.0683306e+00 -4.0413375e+00 -4.1994726e+00 -4.4814773e+00 -4.6918046e+00
-1.3375000e+00 -4.7417738e+00 -4.8735314e+00 -4.2737247e+00 -4.9173843e+00 -4.7377805e+00 -4.1663991e+00 -4.0631069e+00 -4.1662948e+00 -4.3897118e+00 -4.5235161e+00
-1.3300000e+00 -4.7642846e+00 -5.0571073e+00 -4.2836795e+00 -4.6363207e+00 -5.1194651e+00 -4.3028432e+00 -4.1078861e+00 -4.1537533e+00 -4.3239378e+00 -4.3985822e+00
-1.3225000e+00 -4.8320103e+00 -5.0477936e+00 -4.3501937e+00 -4.4471313e+00 -5.4701297e+00 -4.4909493e+00 -4.1788830e+00 -4.1618966e+00 -4.2808377e+00 -4.3059891e+00
-1.3150000e+00 -4.9298346e+00 -4.8936837e+00 -4.4801663e+00 -4.3320499e+00 -5.2520924e+00 -4.7542540e+00 -4.2813483e+00 -4.1918251e+00 -4.2587469e+00 -4.2396242e+00
-1.3075000e+00 -5.0290464e+00 -4.7528094e+00 -4.6842173e+00 -4.2785588e+00 -4.8849981e+00 -5.1323731e+00 -4.4239048e+00 -4.2458386e+00 -4.2572169e+00 -4.1960760e+00
-1.3000000e+00 -5.0925266e+00 -4.6807693e+00 -4.9594154e+00 -4.2818868e+00 -4.6287373e+00 -5.5882243e+00 -4.6213830e+00 -4.3278482e+00 -4.2768593e+00 -4.1736348e+00
-1.2925000e+00 -5.1009948e+00 -4.6856712e+00 -5.1833680e+00 -4.3436358e+00 -4.4656987e+00 -5.4698584e+00 -4.9011291e+00 -4.4442520e+00 -4.3193976e+00 -4.1718334e+00
-1.2850000e+00 -5.0714011e+00 -4.7660191e+00 -5.0953025e+00 -4.4718508e+00 -4.3736893e+00 -5.0460076e+00 -5.3129584e+00 -4.6057777e+00 -4.3879479e+00 -4.1912839e+00
-1.2775000e+00 -5.0386095e+00 -4.9104794e+00 -4.8630790e+00 -4.6820087e+00 -4.3420650e+00 -4.7521529e+00 -5.8028725e+00 -4.8316299e+00 -4.4876554e+00 -4.2337306e+00
-1.2700000e+00 -5.0347488e+00 -5.0703387e+00 -4.6941234e+00 -4.9887021e+00 -4.3684499e+00 -4.5661645e+00 -5.5633676e+00 -5.1593486e+00 -4.6270299e+00 -4.3023424e+00
-1.2625000e+00 -5.0835997e+00 -5.1377745e+00 -4.6193240e+00 -5.2937202e+00 -4.4574374e+00 -4.4576917e+00 -5.1182471e+00 -5.6557877e+00 -4.8208842e+00 -4.4023814e+00
-1.2550000e+00 -5.1913622e+00 -5.0791289e+00 -4.6371263e+00 -5.2053066e+00 -4.6218173e+00 -4.4123843e+00 -4.8298918e+00 -6.0141320e+00 -5.0974141e+00 -4.5426306e+00
-1.2475000e+00 -5.3100248e+00 -4.9999788e+00 -4.7481999e+00 -4.9133173e+00 -4.8852668e+00 -4.4259296e+00 -4.6505478e+00 -5.5185925e+00 -5.5152026e+00 -4.7386348e+00
-1.2400000e+00 -5.3221737e+00 -4.9749521e+00 -4.9492766e+00 -4.7089053e+00 -5.2622663e+00 -4.5016336e+00 -4.5482187e+00 -5.1176609e+00 -6.1047246e+00 -5.0210592e+00
-1.2325000e+00 -5.2350595e+00 -5.0167766e+00 -5.1751870e+00 -4.6145987e+00 -5.4880583e+00 -4.6513886e+00 -4.5089886e+00 -4.8699086e+00 -5.8977524e+00 -5.4606663e+00
-1.2250000e+00 -5.1939933e+00 -5.1036939e+00 -5.2110450e+00 -4.6222464e+00 -5.1939169e+00 -4.9001663e+00 -4.5292657e+00 -4.7193764e+00 -5.3873113e+00 -6.1712181e+00
-1.2175000e+00 -5.2760277e+00 -5.1895158e+00 -5.0523303e+00 -4.7335110e+00 -4.8933271e+00 -5.2854563e+00 -4.6134423e+00 -4.6402237e+00 -5.0731846e+00 -5.8964979e+00
-1.2100000e+00 -5.4464992e+00 -5.2337543e+00 -4.9234610e+00 -4.9570027e+00 -4.7229421e+00 -5.6563821e+00 -4.7755254e+00 -4.6224202e+00 -4.8806603e+00 -5.3212822e+00
-1.2025000e+00 -5.4886804e+00 -5.2393985e+00 -4.9008171e+00 -5.2520759e+00 -4.6668681e+00 -5.3851410e+00 -5.0456607e+00 -4.6653157e+00 -4.7697131e+00 -4.9931594e+00
-1.1950000e+00 -5.3744997e+00 -5.2299274e+00 -4.9885116e+00 -5.3216951e+00 -4.7176321e+00 -5.0246498e+00 -5.4737994e+00 -4.7767276e+00 -4.7237630e+00 -4.7956386e+00
-1.1875000e+00 -5.3540272e+00 -5.2243798e+00 -5.1545228e+00 -5.0949773e+00 -4.8845319e+00 -4.8159218e+00 -5.8444842e+00 -4.9766226e+00 -4.7380827e+00 -4.6823333e+00
-1.1800000e+00 -5.4859008e+00 -5.2510216e+00 -5.2781464e+00 -4.9174866e+00 -5.1838869e+00 -4.7326627e+00 -5.4645587e+00 -5.3081329e+00 -4.8164928e+00 -4.6351783e+00
-1.1725000e+00 -5.5993049e+00 -5.3355107e+00 -5.2403011e+00 -4.8752783e+00 -5.4976865e+00 -4.7605054e+00 -5.0968244e+00 -5.8266824e+00 -4.9728805e+00 -4.6490915e+00
-1.1650000e+00 -5.5324522e+00 -5.4358599e+00 -5.1570529e+00 -4.9712266e+00 -5.3609058e+00 -4.9068383e+00 -4.8967257e+00 -5.9312712e+00 -5.2390769e+00 -4.7280732e+00
-1.1575000e+00 -5.5017284e+00 -5.4256124e+00 -5.1466194e+00 -5.1885830e+00 -5.0772183e+00 -5.1990437e+00 -4.8241795e+00 -5.4342713e+00 -5.6824517e+00 -4.8869976e+00
-1.1500000e+00 -5.5916727e+00 -5.3520290e+00 -5.2182602e+00 -5.3784006e+00 -4.9366280e+00 -5.6025438e+00 -4.8653508e+00 -5.1211258e+00 -6.1917271e+00 -5.1615471e+00
-1.1425000e+00 -5.6782463e+00 -5.3852755e+00 -5.3154190e+00 -5.2908368e+00 -4.9523624e+00 -5.5547433e+00 -5.0316730e+00 -4.9674157e+00 -5.7686706e+00 -5.6404526e+00
-1.1350000e+00 -5.6569004e+00 -5.5484463e+00 -5.3641985e+00 -5.1378046e+00 -5.1250109e+00 -5.2034315e+00 -5.3609730e+00 -4.9357733e+00 -5.3462402e+00 -6.2972796e+00
-1.1275000e+00 -5.6345462e+00 -5.5900348e+00 -5.3611645e+00 -5.1113969e+00 -5.4224864e+00 -5.0113398e+00 -5.8102348e+00 -5.0213903e+00 -5.1220489e+00 -5.7305095e+00
-1.1200000e+00 -5.7254110e+00 -5.4705077e+00 -5.3487757e+00 -5.2261631e+00 -5.5190530e+00 -4.9914508e+00 -5.6532774e+00 -5.2479124e+00 -5.0349196e+00 -5.2658697e+00
-1.1125000e+00 -5.8016372e+00 -5.5095967e+00 -5.3597864e+00 -5.3937220e+00 -5.2901025e+00 -5.1417154e+00 -5.2726318e+00 -5.6708690e+00 -5.0650898e+00 -5.0314760e+00
-1.1050000e+00 -5.7194996e+00 -5.6917275e+00 -5.4270725e+00 -5.4132507e+00 -5.1510274e+00 -5.4678001e+00 -5.0904177e+00 -6.0459458e+00 -5.2230326e+00 -4.9411246e+00
-1.0975000e+00 -5.8022665e+00 -5.6496667e+00 -5.5256735e+00 -5.3284623e+00 -5.1966379e+00 -5.6942750e+00 -5.0889105e+00 -5.6250277e+00 -5.5549082e+00 -4.9715746e+00
-1.0900000e+00 -5.8959366e+00 -5.5820816e+00 -5.5175267e+00 -5.3196979e+00 -5.4067080e+00 -5.4238711e+00 -5.2697068e+00 -5.2940679e+00 -6.0950684e+00 -5.1349373e+00
-1.0825000e+00 -5.8007636e+00 -5.7161306e+00 -5.4547486e+00 -5.4027336e+00 -5.5755544e+00 -5.2158834e+00 -5.6514391e+00 -5.1755681e+00 -5.9803954e+00 -5.4896911e+00
-1.0750000e+00 -5.9301791e+00 -5.7619771e+00 -5.5327877e+00 -5.4855437e+00 -5.4500952e+00 -5.2210904e+00 -5.8491260e+00 -5.2400735e+00 -5.5211873e+00 -6.1501191e+00
-1.0675000e+00 -5.9307273e+00 -5.7036853e+00 -5.6842442e+00 -5.5022339e+00 -5.3430007e+00 -5.4372544e+00 -5.4944130e+00 -5.5084092e+00 -5.3044178e+00 -5.9735887e+00
-1.0600000e+00 -5.9213154e+00 -5.7792234e+00 -5.5964425e+00 -5.4918322e+00 -5.4113100e+00 -5.7145713e+00 -5.2891753e+00 -5.9758299e+00 -5.2834577e+00 -5.4361649e+00
-1.0525000e+00 -6.0224907e+00 -5.8335844e+00 -5.5641692e+00 -5.4973129e+00 -5.5778798e+00 -5.5798826e+00 -5.3211331e+00 -5.8827463e+00 -5.4547065e+00 -5.2049387e+00
-1.0450000e+00 -5.9891228e+00 -5.8241033e+00 -5.7549836e+00 -5.5615235e+00 -5.5987466e+00 -5.3933203e+00 -5.5900629e+00 -5.5006262e+00 -5.8675344e+00 -5.1831418e+00
-1.0375000e+00 -6.0510086e+00 -5.8493295e+00 -5.7260008e+00 -5.6529151e+00 -5.5251416e+00 -5.4323648e+00 -5.8970974e+00 -5.3744832e+00 -6.2004194e+00 -5.3664234e+00
-1.0300000e+00 -6.0817667e+00 -5.9376116e+00 -5.6522062e+00 -5.6148958e+00 -5.5535747e+00 -5.6620357e+00 -5.6592391e+00 -5.5000937e+00 -5.7567299e+00 -5.8409027e+00
-1.0225000e+00 -6.0867637e+00 -5.8922893e+00 -5.8351662e+00 -5.5908783e+00 -5.6426781e+00 -5.7351962e+00 -5.4619532e+00 -5.8828298e+00 -5.4963642e+00 -6.2836451e+00
-1.0150000e+00 -6.1519989e+00 -5.9748971e+00 -5.7937001e+00 -5.7439661e+00 -5.6777508e+00 -5.5776425e+00 -5.5388747e+00 -6.0257329e+00 -5.5035204e+00 -5.6767161e+00
-1.0075000e+00 -6.1518162e+00 -5.9926102e+00 -5.7741571e+00 -5.7481431e+00 -5.6834723e+00 -5.5803919e+00 -5.8375879e+00 -5.6651548e+00 -5.7817444e+00 -5.3875351e+00
-1.0000000e+00 -6.1962382e+00 -5.9947151e+00 -5.9137569e+00 -5.6598830e+00 -5.6886885e+00 -5.7442048e+00 -5.8559004e+00 -5.5531803e+00 -6.2205301e+00 -5.3981963e+00
-9.9250000e-01 -6.2272016e+00 -6.0801393e+00 -5.8519883e+00 -5.8442769e+00 -5.7339956e+00 -5.7773464e+00 -5.6402048e+00 -5.7493836e+00 -5.9324077e+00 -5.7197337e+00
-9.8500000e-01 -6.2486970e+00 -6.0458753e+00 -5.9137953e+00 -5.8195022e+00 -5.8232637e+00 -5.7087750e+00 -5.6765367e+00 -6.0947099e+00 -5.6588091e+00 -6.3222506e+00
-9.7750000e-01 -6.2929080e+00 -6.1355747e+00 -5.9609210e+00 -5.7606137e+00 -5.7792786e+00 -5.7623210e+00 -5.9129180e+00 -5.8827722e+00 -5.7121042e+00 -5.8594911e+00
-9.7000000e-01 -6.2885374e+00 -6.1167443e+00 -5.9508160e+00 -5.9689532e+00 -5.7950762e+00 -5.8374894e+00 -5.8844112e+00 -5.7089571e+00 -6.0787354e+00 -5.5380435e+00
-9.6250000e-01 -6.3839253e+00 -6.1844935e+00 -6.0199330e+00 -5.8342024e+00 -5.9482879e+00 -5.8484248e+00 -5.7709444e+00 -5.8716113e+00 -6.1704986e+00 -5.6078353e+00
-9.5500000e-01 -6.3562747e+00 -6.1776890e+00 -6.0242135e+00 -5.9445658e+00 -5.8414343e+00 -5.8597782e+00 -5.8878235e+00 -6.1281098e+00 -5.8423067e+00 -6.0944406e+00
-9.4750000e-01 -6.3864264e+00 -6.2562728e+00 -6.0649051e+00 -5.9699537e+00 -5.9163799e+00 -5.8822782e+00 -5.9843226e+00 -5.9256234e+00 -5.8436871e+00 -6.1690429e+00
-9.4000000e-01 -6.4554493e+00 -6.2274637e+00 -6.0907986e+00 -5.9505403e+00 -6.0235789e+00 -5.9689595e+00 -5.9131202e+00 -5.8780633e+00 -6.1727881e+00 -5.7119675e+00
-9.3250000e-01 -6.4523190e+00 -6.2998592e+00 -6.1313214e+00 -6.0542088e+00 -5.8981940e+00 -5.9476817e+00 -5.9636765e+00 -6.1058990e+00 -6.1671203e+00 -5.7302591e+00
-9.2500000e-01 -6.4800644e+00 -6.3390993e+00 -6.1316723e+00 -6.0125567e+00 -6.1150904e+00 -5.9594409e+00 -6.0276007e+00 -6.0871533e+00 -5.9423055e+00 -6.2218858e+00
-9.1750000e-01 -6.5458342e+00 -6.3125242e+00 -6.2191443e+00 -6.0970173e+00 -5.9783986e+00 -6.0953092e+00 -6.0371909e+00 -5.9945999e+00 -6.0825183e+00 -6.1135142e+00
-9.1000000e-01 -6.5785686e+00 -6.3910708e+00 -6.1737683e+00 -6.0915829e+00 -6.1200370e+00 -5.9818417e+00 -6.0570163e+00 -6.1439483e+00 -6.2928717e+00 -5.7923265e+00
-9.0250000e-01 -6.5836621e+00 -6.4130403e+00 -6.2764724e+00 -6.1405602e+00 -6.0791106e+00 -6.1399429e+00 -6.0900511e+00 -6.1569569e+00 -6.0962484e+00 -6.0295428e+00
-8.9500000e-01 -6.6009601e+00 -6.4275266e+00 -6.2556420e+00 -6.1554681e+00 -6.1464673e+00 -6.0882186e+00 -6.1618995e+00 -6.1271792e+00 -6.1474224e+00 -6.3504201e+00
-8.8750000e-01 -6.6357197e+00 -6.4891010e+00 -6.3118279e+00 -6.2155813e+00 -6.1536879e+00 -6.1336784e+00 -6.1081262e+00 -6.2140206e+00 -6.3240104e+00 -5.9330285e+00
-8.8000000e-01 -6.6742635e+00 -6.5111668e+00 -6.3284832e+00 -6.1851726e+00 -6.2033998e+00 -6.2011639e+00 -6.2407042e+00 -6.2238515e+00 -6.2069211e+00 -6.0705271e+00
-8.7250000e-01 -6.7077438e+00 -6.5049041e+00 -6.3440012e+00 -6.3091788e+00 -6.2120715e+00 -6.1625121e+00 -6.1822220e+00 -6.2532849e+00 -6.2709493e+00 -6.3879138e+00
-8.6500000e-01 -6.7391412e+00 -6.5284786e+00 -6.4284622e+00 -6.2505740e+00 -6.2610490e+00 -6.2736091e+00 -6.2624332e+00 -6.2701315e+00 -6.3520757e+00 -6.0228958e+00
-8.5750000e-01 -6.7751710e+00 -6.5776869e+00 -6.4335516e+00 -6.3033679e+00 -6.2834276e+00 -6.2302918e+00 -6.2792447e+00 -6.3482630e+00 -6.3163663e+00 -6.2522764e+00
-8.5000000e-01 -6.8090437e+00 -6.6240080e+00 -6.4173522e+00 -6.3888713e+00 -6.3059001e+00 -6.3061472e+00 -6.2934921e+00 -6.2991460e+00 -6.3753076e+00 -6.3128564e+00
-8.4250000e-01 -6.8285618e+00 -6.6568527e+00 -6.4646697e+00 -6.3526819e+00 -6.3421256e+00 -6.3273741e+00 -6.3516045e+00 -6.4329422e+00 -6.4169799e+00 -6.1330982e+00
-8.3500000e-01 -6.8539324e+00 -6.6841813e+00 -6.5265703e+00 -6.3903045e+00 -6.4028192e+00 -6.3262545e+00 -6.3614608e+00 -6.3485657e+00 -6.4161241e+00 -6.4802161e+00
-8.2750000e-01 -6.8825973e+00 -6.7145427e+00 -6.5530945e+00 -6.4440947e+00 -6.3572091e+00 -6.4148597e+00 -6.3823302e+00 -6.5024092e+00 -6.4708032e+00 -6.2068666e+00
-8.2000000e-01 -6.8999005e+00 -6.7471571e+00 -6.5621773e+00 -6.4566502e+00 -6.4485295e+00 -6.3877526e+00 -6.4701836e+00 -6.3986421e+00 -6.4974787e+00 -6.4512076e+00
-8.1250000e-01 -6.9437976e+00 -6.7737184e+00 -6.5801446e+00 -6.4927781e+00 -6.5131124e+00 -6.4507849e+00 -6.3955864e+00 -6.5838941e+00 -6.5062010e+00 -6.3219455e+00
-8.0500000e-01 -6.9777884e+00 -6.7963749e+00 -6.6090891e+00 -6.5504221e+00 -6.4588691e+00 -6.4607141e+00 -6.5652266e+00 -6.4410714e+00 -6.5761141e+00 -6.4543215e+00
-7.9750000e-01 -7.0074804e+00 -6.8356100e+00 -6.6415149e+00 -6.5853277e+00 -6.4872840e+00 -6.5213832e+00 -6.4710832e+00 -6.6572855e+00 -6.5628097e+00 -6.4015664e+00
-7.9000000e-01 -7.0280468e+00 -6.8790752e+00 -6.6739873e+00 -6.5960908e+00 -6.5728922e+00 -6.5331863e+00 -6.5500996e+00 -6.5187732e+00 -6.6176140e+00 -6.5188577e+00
-7.8250000e-01 -7.0672180e+00 -6.8911708e+00 -6.7095489e+00 -6.6079502e+00 -6.6100205e+00 -6.5189425e+00 -6.6044739e+00 -6.6349979e+00 -6.6677697e+00 -6.4378076e+00
-7.7500000e-01 -7.0871707e+00 -6.9141913e+00 -6.7492458e+00 -6.6321614e+00 -6.6137739e+00 -6.5986086e+00 -6.5885337e+00 -6.6881014e+00 -6.6127256e+00 -6.6288575e+00
-7.6750000e-01 -7.1258442e+00 -6.9313711e+00 -6.7796823e+00 -6.6658055e+00 -6.6368370e+00 -6.6799582e+00 -6.6390806e+00 -6.6059014e+00 -6.8124539e+00 -6.4622751e+00
-7.6000000e-01 -7.1504596e+00 -6.9889818e+00 -6.7924513e+00 -6.7011299e+00 -6.6814559e+00 -6.6702177e+00 -6.6572025e+00 -6.7455399e+00 -6.6473567e+00 -6.7095265e+00
-7.5250000e-01 -7.1942904e+00 -7.0074708e+00 -6.8239469e+00 -6.7292245e+00 -6.7296549e+00 -6.6490317e+00 -6.6882789e+00 -6.7607235e+00 -6.7984565e+00 -6.5603092e+00
-7.4500000e-01 -7.2123222e+00 -7.0303673e+00 -6.8826552e+00 -6.7460443e+00 -6.7709406e+00 -6.6698192e+00 -6.7597369e+00 -6.7284762e+00 -6.8497996e+00 -6.6296594e+00
-7.3750000e-01 -7.2574050e+00 -7.0805484e+00 -6.9119097e+00 -6.7649033e+00 -6.8040604e+00 -6.7175380e+00 -6.7928211e+00 -6.7897133e+00 -6.7450508e+00 -6.7909207e+00
-7.3000000e-01 -7.3092486e+00 -7.0812555e+00 -6.9390782e+00 -6.8088239e+00 -6.8287540e+00 -6.7660367e+00 -6.7776654e+00 -6.8331884e+00 -6.8652638e+00 -6.6217375e+00
-7.2250000e-01 -7.3456904e+00 -7.1329938e+00 -6.9428036e+00 -6.8630323e+00 -6.8441646e+00 -6.8048833e+00 -6.7719892e+00 -6.8486445e+00 -6.9478219e+00 -6.7257178e+00
-7.1500000e-01 -7.3096163e+00 -7.1475092e+00 -7.0105485e+00 -6.8907274e+00 -6.8574716e+00 -6.8382994e+00 -6.7955961e+00 -6.8916088e+00 -6.8947289e+00 -6.8910716e+00
-7.0750000e-01 -7.2417456e+00 -7.1975409e+00 -7.0154905e+00 -6.9280459e+00 -6.8850715e+00 -6.8747554e+00 -6.8362335e+00 -6.9473931e+00 -6.9090046e+00 -6.7725897e+00
-7.0000000e-01 -7.4789327e+00 -7.2224345e+00 -7.0477404e+00 -6.9315532e+00 -6.9210754e+00 -6.9188157e+00 -6.8789066e+00 -6.9816139e+00 -6.9758256e+00 -6.7424329e+00
-6.5000000e-01 -7.5532946e+00 -7.4082651e+00 -7.2546276e+00 -7.1576673e+00 -7.1103642e+00 -7.0756306e+00 -7.1109248e+00 -7.1249176e+00 -7.2378146e+00 -7.0427043e+00
-6.0000000e-01 -7.8565726e+00 -7.6335685e+00 -7.4437995e+00 -7.3551945e+00 -7.2985875e+00 -7.2897858e+00 -7.3324715e+00 -7.3101498e+00 -7.3646069e+00 -7.2365764e+00
-5.5000000e-01 -7.9241168e+00 -7.8477558e+00 -7.6570089e+00 -7.5315393e+00 -7.5240099e+00 -7.4761804e+00 -7.5233480e+00 -7.5312400e+00 -7.5961655e+00 -7.3906849e+00
-5.0000000e-01 -8.2122135e+00 -7.9961822e+00 -7.8580223e+00 -7.7368862e+00 -7.7181325e+00 -7.6987751e+00 -7.7044022e+00 -7.7253546e+00 -7.7789053e+00 -7.6436946e+00
-4.0000000e-01 -8.6510064e+00 -8.4437607e+00 -8.2529046e+00 -8.2653459e+00 -8.2981435e+00 -7.9795915e+00 -8.1130166e+00 -8.1454701e+00 -8.1623758e+00 -8.0435658e+00
-2.0000000e-01 -9.3000267e+00 -9.2753789e+00 -9.0300544e+00 -9.0134788e+00 -8.8752136e+00 -8.8863708e+00 -9.0096411e+00 -8.9500856e+00 -8.9771401e+00 -8.8284070e+00
0.0000000e+00 -1.0205599e+01 -1.0015811e+01 -9.8981540e+00 -9.6675866e+00 -9.7990345e+00 -9.6633807e+00 -9.7298821e+00 -9.8091179e+00 -9.8522982e+00 -9.5591557e+00
2.0000000e-01 -1.1010176e+01 -1.0837422e+01 -1.0634210e+01 -1.0490060e+01 -1.0630840e+01 -1.0508127e+01 -1.0486251e+01 -1.0514675e+01 -1.0547139e+01 -1.0499344e+01
4.0000000e-01 -1.1783219e+01 -1.1660176e+01 -1.1417092e+01 -1.1301687e+01 -1.1263110e+01 -1.1259463e+01 -1.1371128e+01 -1.1358458e+01 -1.1477971e+01 -1.1284632e+01
6.0000000e-01 -1.2546072e+01 -1.2507761e+01 -1.2269072e+01 -1.2113365e+01 -1.2100765e+01 -1.2128565e+01 -1.2118892e+01 -1.2135241e+01 -1.2137913e+01 -1.1927550e+01
8.0000000e-01 -1.3368269e+01 -1.3113408e+01 -1.3094548e+01 -1.3049072e+01 -1.2918013e+01 -1.2922486e+01 -1.2956641e+01 -1.2937752e+01 -1.2937361e+01 -1.2920395e+01
1.0000000e+00 -1.4162018e+01 -1.4009026e+01 -1.3806114e+01 -1.3795349e+01 -1.3709340e+01 -1.3630352e+01 -1.3706808e+01 -1.3712383e+01 -1.3830648e+01 -1.3550924e+01
1.2000000e+00 -1.4952866e+01 -1.4863135e+01 -1.4669098e+01 -1.4481544e+01 -1.4508324e+01 -1.4501859e+01 -1.4402396e+01 -1.4492656e+01 -1.4548964e+01 -1.4419966e+01
1.4000000e+00 -1.5911423e+01 -1.5707625e+01 -1.5334606e+01 -1.5335625e+01 -1.5343325e+01 -1.5308949e+01 -1.5244787e+01 -1.5384993e+01 -1.5346889e+01 -1.5191467e+01
1.6000000e+00 -1.6617436e+01 -1.6354229e+01 -1.6194401e+01 -1.6280401e+01 -1.6161515e+01 -1.6143987e+01 -1.6277942e+01 -1.6131641e+01 -1.6136759e+01 -1.5996109e+01
1.8000000e+00 -1.7512603e+01 -1.7262081e+01 -1.7121114e+01 -1.6954165e+01 -1.6884818e+01 -1.7037765e+01 -1.6951873e+01 -1.6922848e+01 -1.7064007e+01 -1.6859641e+01
2.0000000e+00 -1.8286674e+01 -1.8066884e+01 -1.7796848e+01 -1.7686310e+01 -1.7744055e+01 -1.7778943e+01 -1.7749185e+01 -1.7764210e+01 -1.7730030e+01 -1.7570779e+01