########################################################################
# Reference Counts for Solar Model GS98                                #
# Column 1: log10(Axion mass in eV)                                    #
#        n>1: log10(Reference photon counts in energy bin n-1)         #
########################################################################
-3.0000000e+00 -6.9131897e-01 -4.2483533e-01 -3.0906737e-01 -3.2447188e-01 -4.4500279e-01 -5.8042138e-01 -7.2476388e-01 -9.1487181e-01 -1.1905682e+00 -1.5614741e+00
-2.8000000e+00 -6.9133943e-01 -4.2484929e-01 -3.0907735e-01 -3.2447948e-01 -4.4500870e-01 -5.8042611e-01 -7.2476775e-01 -9.1487504e-01 -1.1905710e+00 -1.5614764e+00
-2.6000000e+00 -6.9146853e-01 -4.2493739e-01 -3.0914034e-01 -3.2452740e-01 -4.4504601e-01 -5.8045594e-01 -7.2479216e-01 -9.1489542e-01 -1.1905883e+00 -1.5614913e+00
-2.4000000e+00 -6.9228330e-01 -4.2549336e-01 -3.0953783e-01 -3.2482981e-01 -4.4528142e-01 -5.8064416e-01 -7.2494622e-01 -9.1502402e-01 -1.1906973e+00 -1.5615849e+00
-2.2000000e+00 -6.9743069e-01 -4.2900439e-01 -3.1204744e-01 -3.2673885e-01 -4.4676734e-01 -5.8183213e-01 -7.2591851e-01 -9.1583558e-01 -1.1913857e+00 -1.5621760e+00
-2.1500000e+00 -7.0101513e-01 -4.3144794e-01 -3.1379342e-01 -3.2806670e-01 -4.4780073e-01 -5.8265821e-01 -7.2659456e-01 -9.1639984e-01 -1.1918643e+00 -1.5625870e+00
-2.1000000e+00 -7.0670748e-01 -4.3532613e-01 -3.1656339e-01 -3.3017283e-01 -4.4943952e-01 -5.8396809e-01 -7.2766644e-01 -9.1729442e-01 -1.1926230e+00 -1.5632384e+00
-2.0500000e+00 -7.1575808e-01 -4.4148629e-01 -3.2096055e-01 -3.3351491e-01 -4.5203932e-01 -5.8604571e-01 -7.2936634e-01 -9.1871299e-01 -1.1938260e+00 -1.5642713e+00
-2.0000000e+00 -7.3017563e-01 -4.5128407e-01 -3.2794740e-01 -3.3882211e-01 -4.5616601e-01 -5.8934254e-01 -7.3206320e-01 -9.2096316e-01 -1.1957340e+00 -1.5659094e+00
-1.9500000e+00 -7.5321368e-01 -4.6690058e-01 -3.3906598e-01 -3.4725963e-01 -4.6272226e-01 -5.9457783e-01 -7.3634424e-01 -9.2453418e-01 -1.1987614e+00 -1.5685080e+00
-1.9000000e+00 -7.9021314e-01 -4.9187709e-01 -3.5680301e-01 -3.6069877e-01 -4.7315349e-01 -6.0290091e-01 -7.4314646e-01 -9.3020585e-01 -1.2035681e+00 -1.5726329e+00
-1.8500000e+00 -8.5013930e-01 -5.3204986e-01 -3.8521107e-01 -3.8216871e-01 -4.8978851e-01 -6.1615745e-01 -7.5397088e-01 -9.3922520e-01 -1.2112081e+00 -1.5791865e+00
-1.8475000e+00 -8.5397691e-01 -5.3461035e-01 -3.8701657e-01 -3.8353096e-01 -4.9084275e-01 -6.1699688e-01 -7.5465590e-01 -9.3979573e-01 -1.2116912e+00 -1.5796008e+00
-1.8400000e+00 -8.6607853e-01 -5.4267493e-01 -3.9269915e-01 -3.8781662e-01 -4.9415842e-01 -6.1963644e-01 -7.5680960e-01 -9.4158929e-01 -1.2132098e+00 -1.5809031e+00
-1.8325000e+00 -8.7912081e-01 -5.5134966e-01 -3.9880471e-01 -3.9241820e-01 -4.9771686e-01 -6.2246835e-01 -7.5911970e-01 -9.4351278e-01 -1.2148382e+00 -1.5822993e+00
-1.8250000e+00 -8.9318364e-01 -5.6068358e-01 -4.0536612e-01 -3.9735977e-01 -5.0153629e-01 -6.2550691e-01 -7.6159776e-01 -9.4557572e-01 -1.2165845e+00 -1.5837964e+00
-1.8175000e+00 -9.0835486e-01 -5.7073010e-01 -4.1241901e-01 -4.0266732e-01 -5.0563638e-01 -6.2876752e-01 -7.6425619e-01 -9.4778838e-01 -1.2184571e+00 -1.5854018e+00
-1.8100000e+00 -9.2473131e-01 -5.8154757e-01 -4.2000205e-01 -4.0836899e-01 -5.1003836e-01 -6.3226679e-01 -7.6710838e-01 -9.5016181e-01 -1.2204656e+00 -1.5871232e+00
-1.8025000e+00 -9.4242001e-01 -5.9319975e-01 -4.2815727e-01 -4.1449525e-01 -5.1476516e-01 -6.3602263e-01 -7.7016875e-01 -9.5270788e-01 -1.2226197e+00 -1.5889693e+00
-1.7950000e+00 -9.6153950e-01 -6.0575647e-01 -4.3693040e-01 -4.2107911e-01 -5.1984157e-01 -6.4005436e-01 -7.7345280e-01 -9.5543937e-01 -1.2249303e+00 -1.5909492e+00
-1.7875000e+00 -9.8222152e-01 -6.1929434e-01 -4.4637122e-01 -4.2815638e-01 -5.2529438e-01 -6.4438283e-01 -7.7697730e-01 -9.5837006e-01 -1.2274088e+00 -1.5930727e+00
-1.7800000e+00 -1.0046130e+00 -6.3389758e-01 -4.5653403e-01 -4.3576594e-01 -5.3115261e-01 -6.4903057e-01 -7.8076027e-01 -9.6151478e-01 -1.2300678e+00 -1.5953504e+00
-1.7725000e+00 -1.0288783e+00 -6.4965897e-01 -4.6747812e-01 -4.4395001e-01 -5.3744768e-01 -6.5402191e-01 -7.8482121e-01 -9.6488951e-01 -1.2329206e+00 -1.5977937e+00
-1.7650000e+00 -1.0552020e+00 -6.6668097e-01 -4.7926838e-01 -4.5275457e-01 -5.4421365e-01 -6.5938317e-01 -7.8918112e-01 -9.6851148e-01 -1.2359817e+00 -1.6004148e+00
-1.7575000e+00 -1.0837928e+00 -6.8507705e-01 -4.9197586e-01 -4.6222968e-01 -5.5148747e-01 -6.6514283e-01 -7.9386271e-01 -9.7239929e-01 -1.2392665e+00 -1.6032268e+00
-1.7500000e+00 -1.1148870e+00 -7.0497322e-01 -5.0567861e-01 -4.7242993e-01 -5.5930928e-01 -6.7133175e-01 -7.9889053e-01 -9.7657300e-01 -1.2427918e+00 -1.6062441e+00
-1.7425000e+00 -1.1487543e+00 -7.2650986e-01 -5.2046246e-01 -4.8341499e-01 -5.6772273e-01 -6.7798334e-01 -8.0429112e-01 -9.8105425e-01 -1.2465757e+00 -1.6094819e+00
-1.7350000e+00 -1.1857044e+00 -7.4984398e-01 -5.3642204e-01 -4.9525012e-01 -5.7677532e-01 -6.8513387e-01 -8.1009318e-01 -9.8586646e-01 -1.2506377e+00 -1.6129567e+00
-1.7275000e+00 -1.2260952e+00 -7.7515183e-01 -5.5366198e-01 -5.0800685e-01 -5.8651884e-01 -6.9282273e-01 -8.1632784e-01 -9.9103491e-01 -1.2549987e+00 -1.6166863e+00
-1.7200000e+00 -1.2703435e+00 -8.0263213e-01 -5.7229824e-01 -5.2176374e-01 -5.9700979e-01 -7.0109273e-01 -8.2302880e-01 -9.9658697e-01 -1.2596816e+00 -1.6206898e+00
-1.7125000e+00 -1.3189394e+00 -8.3251013e-01 -5.9245972e-01 -5.3660722e-01 -6.0830997e-01 -7.0999045e-01 -8.3023266e-01 -1.0025523e+00 -1.2647108e+00 -1.6249880e+00
-1.7050000e+00 -1.3724645e+00 -8.6504245e-01 -6.1429024e-01 -5.5263264e-01 -6.2048702e-01 -7.1956667e-01 -8.3797915e-01 -1.0089629e+00 -1.2701129e+00 -1.6296033e+00
-1.6975000e+00 -1.4316170e+00 -9.0052334e-01 -6.3795082e-01 -5.6994543e-01 -6.3361514e-01 -7.2987678e-01 -8.4631147e-01 -1.0158536e+00 -1.2759167e+00 -1.6345598e+00
-1.6900000e+00 -1.4972458e+00 -9.3929252e-01 -6.6362250e-01 -5.8866249e-01 -6.4777590e-01 -7.4098132e-01 -8.5527665e-01 -1.0232623e+00 -1.2821533e+00 -1.6398836e+00
-1.6825000e+00 -1.5703972e+00 -9.8174527e-01 -6.9150980e-01 -6.0891386e-01 -6.6305914e-01 -7.5294657e-01 -8.6492592e-01 -1.0312299e+00 -1.2888564e+00 -1.6456030e+00
-1.6750000e+00 -1.6523819e+00 -1.0283456e+00 -7.2184491e-01 -6.3084469e-01 -6.7956407e-01 -7.6584519e-01 -8.7531524e-01 -1.0398012e+00 -1.2960627e+00 -1.6517487e+00
-1.6675000e+00 -1.7448697e+00 -1.0796438e+00 -7.5489297e-01 -6.5461756e-01 -6.9740053e-01 -7.7975701e-01 -8.8650572e-01 -1.0490246e+00 -1.3038119e+00 -1.6583539e+00
-1.6600000e+00 -1.8500268e+00 -1.1362995e+00 -7.9095874e-01 -6.8041543e-01 -7.1669048e-01 -7.9476996e-01 -8.9856433e-01 -1.0589534e+00 -1.3121473e+00 -1.6654546e+00
-1.6525000e+00 -1.9707111e+00 -1.1991143e+00 -8.3039509e-01 -7.0844511e-01 -7.3756978e-01 -8.1098106e-01 -9.1156447e-01 -1.0696453e+00 -1.3211159e+00 -1.6730898e+00
-1.6450000e+00 -2.1107320e+00 -1.2690766e+00 -8.7361392e-01 -7.3894158e-01 -7.6019033e-01 -8.2849767e-01 -9.2558684e-01 -1.0811636e+00 -1.3307691e+00 -1.6813022e+00
-1.6375000e+00 -2.2751004e+00 -1.3474257e+00 -9.2110062e-01 -7.7217346e-01 -7.8472263e-01 -8.4743897e-01 -9.4072033e-01 -1.0935779e+00 -1.3411629e+00 -1.6901379e+00
-1.6300000e+00 -2.4697693e+00 -1.4357459e+00 -9.7343327e-01 -8.0844983e-01 -8.1135890e-01 -8.6793759e-01 -9.5706306e-01 -1.1069643e+00 -1.3523584e+00 -1.6996474e+00
-1.6225000e+00 -2.6982889e+00 -1.5361079e+00 -1.0313088e+00 -8.4812899e-01 -8.4031692e-01 -8.9014174e-01 -9.7472367e-01 -1.1214066e+00 -1.3644227e+00 -1.7098858e+00
-1.6150000e+00 -2.9437722e+00 -1.6512848e+00 -1.0955792e+00 -8.9162980e-01 -8.7184484e-01 -9.1421767e-01 -9.9382278e-01 -1.1369971e+00 -1.3774294e+00 -1.7209131e+00
-1.6075000e+00 -3.1124535e+00 -1.7850870e+00 -1.1673031e+00 -9.3944669e-01 -9.0622712e-01 -9.4035261e-01 -1.0144947e+00 -1.1538380e+00 -1.3914592e+00 -1.7327952e+00
-1.6000000e+00 -3.0635648e+00 -1.9428717e+00 -1.2478206e+00 -9.9216967e-01 -9.4379218e-01 -9.6875853e-01 -1.0368896e+00 -1.1720425e+00 -1.4066013e+00 -1.7456043e+00
-1.5925000e+00 -2.8674524e+00 -2.1322009e+00 -1.3388658e+00 -1.0505118e+00 -9.8492218e-01 -9.9967668e-01 -1.0611761e+00 -1.1917363e+00 -1.4229538e+00 -1.7594196e+00
-1.5850000e+00 -2.6620665e+00 -2.3628934e+00 -1.4427399e+00 -1.1153472e+00 -1.0300658e+00 -1.0333833e+00 -1.0875440e+00 -1.2130599e+00 -1.4406258e+00 -1.7743284e+00
-1.5775000e+00 -2.4898743e+00 -2.6406595e+00 -1.5625892e+00 -1.1877659e+00 -1.0797555e+00 -1.0701969e+00 -1.1162086e+00 -1.2361703e+00 -1.4597380e+00 -1.7904273e+00
-1.5700000e+00 -2.3530828e+00 -2.9203258e+00 -1.7028631e+00 -1.2691538e+00 -1.1346300e+00 -1.1104876e+00 -1.1474150e+00 -1.2612442e+00 -1.4804252e+00 -1.8078227e+00
-1.5625000e+00 -2.2468035e+00 -2.9915574e+00 -1.8700874e+00 -1.3613145e+00 -1.1954666e+00 -1.1546892e+00 -1.1814442e+00 -1.2884812e+00 -1.5028378e+00 -1.8266331e+00
-1.5550000e+00 -2.1664146e+00 -2.7820968e+00 -2.0741237e+00 -1.4666590e+00 -1.2632260e+00 -1.2033154e+00 -1.2186205e+00 -1.3181077e+00 -1.5271450e+00 -1.8469903e+00
-1.5475000e+00 -2.1086195e+00 -2.5265960e+00 -2.3295622e+00 -1.5885171e+00 -1.3391173e+00 -1.2569815e+00 -1.2593211e+00 -1.3503825e+00 -1.5535372e+00 -1.8690415e+00
-1.5400000e+00 -2.0713388e+00 -2.3156074e+00 -2.6505417e+00 -1.7316656e+00 -1.4246951e+00 -1.3164342e+00 -1.3039889e+00 -1.3856028e+00 -1.5822305e+00 -1.8929519e+00
-1.5325000e+00 -2.0534818e+00 -2.1515767e+00 -2.9784648e+00 -1.9032650e+00 -1.5220107e+00 -1.3825941e+00 -1.3531492e+00 -1.4241131e+00 -1.6134709e+00 -1.9189075e+00
-1.5250000e+00 -2.0547859e+00 -2.0253867e+00 -2.9812011e+00 -2.1145389e+00 -1.6338537e+00 -1.4566161e+00 -1.4074323e+00 -1.4663152e+00 -1.6475405e+00 -1.9471190e+00
-1.5175000e+00 -2.0757444e+00 -1.9295358e+00 -2.6797034e+00 -2.3833464e+00 -1.7641608e+00 -1.5399806e+00 -1.4676049e+00 -1.5126831e+00 -1.6847652e+00 -1.9778261e+00
-1.5100000e+00 -2.1176187e+00 -1.8590075e+00 -2.3955452e+00 -2.7317969e+00 -1.9187401e+00 -1.6346331e+00 -1.5346148e+00 -1.5637815e+00 -1.7255243e+00 -2.0113034e+00
-1.5025000e+00 -2.1825286e+00 -1.8106776e+00 -2.1784738e+00 -3.1006945e+00 -2.1066288e+00 -1.7432088e+00 -1.6096547e+00 -1.6202918e+00 -1.7702633e+00 -2.0478676e+00
-1.4950000e+00 -2.2736084e+00 -1.7827892e+00 -2.0144591e+00 -3.0599916e+00 -2.3427200e+00 -1.8694107e+00 -1.6942596e+00 -1.6830484e+00 -1.8195110e+00 -2.0878868e+00
-1.4875000e+00 -2.3951348e+00 -1.7746318e+00 -1.8900163e+00 -2.7067136e+00 -2.6521705e+00 -2.0186826e+00 -1.7904566e+00 -1.7530902e+00 -1.8739024e+00 -2.1317924e+00
-1.4800000e+00 -2.5521615e+00 -1.7863847e+00 -1.7964307e+00 -2.4079482e+00 -3.0631113e+00 -2.1994868e+00 -1.9010085e+00 -1.8317370e+00 -1.9342112e+00 -2.1800958e+00
-1.4725000e+00 -2.7475336e+00 -1.8190911e+00 -1.7283506e+00 -2.1871247e+00 -3.3859569e+00 -2.4258949e+00 -2.0298297e+00 -1.9207052e+00 -2.0013945e+00 -2.2334094e+00
-1.4650000e+00 -2.9675888e+00 -1.8747556e+00 -1.6825975e+00 -2.0223265e+00 -3.1006866e+00 -2.7229236e+00 -2.1827388e+00 -2.0222919e+00 -2.0766594e+00 -2.2924776e+00
-1.4575000e+00 -3.1388715e+00 -1.9565800e+00 -1.6574691e+00 -1.8980491e+00 -2.7202215e+00 -3.1320475e+00 -2.3689280e+00 -2.1396798e+00 -2.1615625e+00 -2.3582182e+00
-1.4500000e+00 -3.1349032e+00 -2.0693647e+00 -1.6523707e+00 -1.8049840e+00 -2.4427123e+00 -3.5849183e+00 -2.6040676e+00 -2.2774728e+00 -2.2581655e+00 -2.4317851e+00
-1.4425000e+00 -2.9846352e+00 -2.2200171e+00 -1.6676576e+00 -1.7375921e+00 -2.2412113e+00 -3.3863266e+00 -2.9172438e+00 -2.4427035e+00 -2.3692896e+00 -2.5146596e+00
-1.4350000e+00 -2.8173664e+00 -2.4174204e+00 -1.7046365e+00 -1.6926453e+00 -2.0911855e+00 -2.9515374e+00 -3.3610115e+00 -2.6468957e+00 -2.4989539e+00 -2.6087942e+00
-1.4275000e+00 -2.6883381e+00 -2.6665623e+00 -1.7657229e+00 -1.6684497e+00 -1.9785017e+00 -2.6408752e+00 -3.8386341e+00 -2.9107165e+00 -2.6531834e+00 -2.7168448e+00
-1.4200000e+00 -2.6071376e+00 -2.9293271e+00 -1.8548029e+00 -1.6644541e+00 -1.8950340e+00 -2.4204081e+00 -3.5201733e+00 -3.2751121e+00 -2.8416240e+00 -2.8425682e+00
-1.4125000e+00 -2.5730808e+00 -3.0247540e+00 -1.9779017e+00 -1.6810905e+00 -1.8360472e+00 -2.2581471e+00 -3.0692486e+00 -3.8086620e+00 -3.0811216e+00 -2.9915463e+00
-1.4050000e+00 -2.5851393e+00 -2.8569053e+00 -2.1442895e+00 -1.7197896e+00 -1.7988738e+00 -2.1366868e+00 -2.7627221e+00 -4.0703279e+00 -3.4046130e+00 -3.1726206e+00
-1.3975000e+00 -2.6437755e+00 -2.6334183e+00 -2.3676563e+00 -1.7831719e+00 -1.7822517e+00 -2.0463553e+00 -2.5468107e+00 -3.5346077e+00 -3.8822824e+00 -3.4010412e+00
-1.3900000e+00 -2.7502552e+00 -2.4593139e+00 -2.6614809e+00 -1.8754818e+00 -1.7860114e+00 -1.9815984e+00 -2.3882019e+00 -3.1322918e+00 -4.4634447e+00 -3.7063382e+00
-1.3825000e+00 -2.9025649e+00 -2.3453371e+00 -2.9782456e+00 -2.0034229e+00 -1.8109827e+00 -1.9392641e+00 -2.2696827e+00 -2.8627040e+00 -4.0401671e+00 -4.1540561e+00
-1.3750000e+00 -3.0809469e+00 -2.2866947e+00 -3.0198314e+00 -2.1776837e+00 -1.8590827e+00 -1.9177669e+00 -2.1818306e+00 -2.6703334e+00 -3.5481122e+00 -4.8187078e+00
-1.3675000e+00 -3.2170989e+00 -2.2799641e+00 -2.7514239e+00 -2.4152470e+00 -1.9336150e+00 -1.9166905e+00 -2.1192782e+00 -2.5280372e+00 -3.2321279e+00 -4.5697180e+00
-1.3600000e+00 -3.2203854e+00 -2.3252272e+00 -2.4924750e+00 -2.7372876e+00 -2.0399012e+00 -1.9366440e+00 -2.0790117e+00 -2.4218449e+00 -3.0130452e+00 -4.0084247e+00
-1.3525000e+00 -3.1200729e+00 -2.4259292e+00 -2.3112035e+00 -3.0964108e+00 -2.1865232e+00 -1.9793115e+00 -2.0595589e+00 -2.3440379e+00 -2.8530941e+00 -3.6598999e+00
-1.3450000e+00 -3.0152711e+00 -2.5871145e+00 -2.1990828e+00 -3.0979815e+00 -2.3877479e+00 -2.0477109e+00 -2.0606101e+00 -2.2902312e+00 -2.7339248e+00 -3.4235900e+00
-1.3375000e+00 -2.9558044e+00 -2.8047638e+00 -2.1462314e+00 -2.7712203e+00 -2.6675861e+00 -2.1467718e+00 -2.0828934e+00 -2.2580461e+00 -2.6457377e+00 -3.2528409e+00
-1.3300000e+00 -2.9544412e+00 -3.0173901e+00 -2.1484674e+00 -2.4957577e+00 -3.0540950e+00 -2.2845050e+00 -2.1282473e+00 -2.2464792e+00 -2.5830193e+00 -3.1260241e+00
-1.3225000e+00 -3.0116288e+00 -3.0545271e+00 -2.2069964e+00 -2.3112329e+00 -3.3913277e+00 -2.4744098e+00 -2.1999198e+00 -2.2556293e+00 -2.5426965e+00 -3.0318920e+00
-1.3150000e+00 -3.1202669e+00 -2.9048965e+00 -2.3282954e+00 -2.1998488e+00 -3.1515745e+00 -2.7404238e+00 -2.3032250e+00 -2.2866501e+00 -2.5232766e+00 -2.9641880e+00
-1.3075000e+00 -3.2556327e+00 -2.7460638e+00 -2.5236367e+00 -2.1495987e+00 -2.7876900e+00 -3.1224631e+00 -2.4468973e+00 -2.3419083e+00 -2.5244537e+00 -2.9194036e+00
-1.3000000e+00 -3.3579253e+00 -2.6540113e+00 -2.7974459e+00 -2.1561062e+00 -2.5358292e+00 -3.5739996e+00 -2.6459864e+00 -2.4254133e+00 -2.5469804e+00 -2.8957557e+00
-1.2925000e+00 -3.3638033e+00 -2.6404472e+00 -3.0574099e+00 -2.2213202e+00 -2.3761090e+00 -3.4334176e+00 -2.9283080e+00 -2.5437253e+00 -2.5927477e+00 -2.8927119e+00
-1.2850000e+00 -3.2973958e+00 -2.7051093e+00 -3.0131313e+00 -2.3536698e+00 -2.2868003e+00 -3.0121800e+00 -3.3443797e+00 -2.7078749e+00 -2.6651052e+00 -2.9108146e+00
-1.2775000e+00 -3.2352796e+00 -2.8420843e+00 -2.7716844e+00 -2.5689729e+00 -2.2576584e+00 -2.7221888e+00 -3.8300784e+00 -2.9377041e+00 -2.7695698e+00 -2.9517203e+00
-1.2700000e+00 -3.2265651e+00 -3.0179979e+00 -2.5839162e+00 -2.8802331e+00 -2.2866152e+00 -2.5388641e+00 -3.5711968e+00 -3.2722252e+00 -2.9153211e+00 -3.0184689e+00
-1.2625000e+00 -3.2916321e+00 -3.1281925e+00 -2.4925086e+00 -3.1727630e+00 -2.3785886e+00 -2.4324272e+00 -3.1289603e+00 -3.7793183e+00 -3.1185474e+00 -3.1161075e+00
-1.2550000e+00 -3.4256168e+00 -3.0860945e+00 -2.4953924e+00 -3.0592087e+00 -2.5468241e+00 -2.3889064e+00 -2.8435798e+00 -4.0989815e+00 -3.4107140e+00 -3.2530117e+00
-1.2475000e+00 -3.5564159e+00 -2.9864625e+00 -2.5928546e+00 -2.7696392e+00 -2.8155551e+00 -2.4042364e+00 -2.6662721e+00 -3.5884039e+00 -3.8585407e+00 -3.4438302e+00
-1.2400000e+00 -3.5462632e+00 -2.9330340e+00 -2.7861134e+00 -2.5723372e+00 -3.1965560e+00 -2.4819521e+00 -2.5655246e+00 -3.1957913e+00 -4.4492489e+00 -3.7168132e+00
-1.2325000e+00 -3.4415159e+00 -2.9547633e+00 -3.0318876e+00 -2.4845154e+00 -3.4003353e+00 -2.6342566e+00 -2.5277117e+00 -2.9534846e+00 -4.0940949e+00 -4.1339721e+00
-1.2250000e+00 -3.4013523e+00 -3.0428663e+00 -3.1191497e+00 -2.4984509e+00 -3.0939129e+00 -2.8866068e+00 -2.5494396e+00 -2.8067361e+00 -3.6043149e+00 -4.7825027e+00
-1.2175000e+00 -3.4913086e+00 -3.1580076e+00 -2.9617617e+00 -2.6165105e+00 -2.7985198e+00 -3.2761383e+00 -2.6353032e+00 -2.7306579e+00 -3.3081950e+00 -4.6253145e+00
-1.2100000e+00 -3.6722499e+00 -3.2308356e+00 -2.8073554e+00 -2.8468472e+00 -2.6335380e+00 -3.6349659e+00 -2.7996223e+00 -2.7157437e+00 -3.1274288e+00 -4.0619037e+00
-1.2025000e+00 -3.7177133e+00 -3.2239424e+00 -2.7597565e+00 -3.1388886e+00 -2.5823390e+00 -3.3487443e+00 -3.0731436e+00 -2.7617430e+00 -3.0254440e+00 -3.7287431e+00
-1.1950000e+00 -3.5935914e+00 -3.1818195e+00 -2.8292114e+00 -3.1810607e+00 -2.6382006e+00 -2.9928366e+00 -3.5060710e+00 -2.8769604e+00 -2.9874620e+00 -3.5268044e+00
-1.1875000e+00 -3.5625342e+00 -3.1653586e+00 -2.9971705e+00 -2.9503403e+00 -2.8112217e+00 -2.7884851e+00 -3.8640498e+00 -3.0822388e+00 -3.0099321e+00 -3.4097770e+00
-1.1800000e+00 -3.6941040e+00 -3.2101869e+00 -3.1630579e+00 -2.7820658e+00 -3.1171004e+00 -2.7088173e+00 -3.4728559e+00 -3.4225596e+00 -3.0978839e+00 -3.3591003e+00
-1.1725000e+00 -3.8310615e+00 -3.3189654e+00 -3.1511313e+00 -2.7500296e+00 -3.4207809e+00 -2.7401877e+00 -3.1090939e+00 -3.9500200e+00 -3.2671733e+00 -3.3692049e+00
-1.1650000e+00 -3.7611457e+00 -3.4137888e+00 -3.0404903e+00 -2.8560742e+00 -3.2616366e+00 -2.8906642e+00 -2.9123684e+00 -4.0035629e+00 -3.5540429e+00 -3.4434441e+00
-1.1575000e+00 -3.7068765e+00 -3.3766605e+00 -2.9966584e+00 -3.0791121e+00 -2.9819014e+00 -3.1880059e+00 -2.8426448e+00 -3.5072081e+00 -4.0348994e+00 -3.5954295e+00
-1.1500000e+00 -3.8006630e+00 -3.3051641e+00 -3.0579878e+00 -3.2511738e+00 -2.8489754e+00 -3.5892180e+00 -2.8867140e+00 -3.2028348e+00 -4.4810516e+00 -3.8573949e+00
-1.1425000e+00 -3.9146771e+00 -3.3538787e+00 -3.1857273e+00 -3.1456788e+00 -2.8726507e+00 -3.5194224e+00 -3.0566908e+00 -3.0555733e+00 -3.9686556e+00 -4.3046443e+00
-1.1350000e+00 -3.8734495e+00 -3.5216494e+00 -3.2691818e+00 -3.0011333e+00 -3.0539332e+00 -3.1708983e+00 -3.3911898e+00 -3.0296496e+00 -3.5721967e+00 -4.9157439e+00
-1.1275000e+00 -3.8403532e+00 -3.5495397e+00 -3.2406026e+00 -2.9891621e+00 -3.3541318e+00 -2.9848685e+00 -3.8386016e+00 -3.1216363e+00 -3.3676805e+00 -4.4704637e+00
-1.1200000e+00 -3.9513427e+00 -3.4305407e+00 -3.1921264e+00 -3.1152082e+00 -3.4265768e+00 -2.9706386e+00 -3.6616778e+00 -3.3569829e+00 -3.2964954e+00 -4.0062614e+00
-1.1125000e+00 -4.0215837e+00 -3.4731659e+00 -3.2129106e+00 -3.2742308e+00 -3.1929304e+00 -3.1270437e+00 -3.2842998e+00 -3.7925824e+00 -3.3430184e+00 -3.7652095e+00
-1.1050000e+00 -3.9320220e+00 -3.6562110e+00 -3.3174944e+00 -3.2710019e+00 -3.0634386e+00 -3.4579092e+00 -3.1068375e+00 -4.1359643e+00 -3.5222711e+00 -3.6681484e+00
-1.0975000e+00 -4.0202154e+00 -3.6167756e+00 -3.4116256e+00 -3.1915967e+00 -3.1203721e+00 -3.6670862e+00 -3.1099086e+00 -3.6954860e+00 -3.8889975e+00 -3.6907755e+00
-1.0900000e+00 -4.1160909e+00 -3.5429410e+00 -3.3633918e+00 -3.2011070e+00 -3.3384570e+00 -3.3895149e+00 -3.2962095e+00 -3.3755156e+00 -4.4456980e+00 -3.8424245e+00
-1.0825000e+00 -4.0176478e+00 -3.6742547e+00 -3.3145179e+00 -3.2900385e+00 -3.4908895e+00 -3.1890557e+00 -3.6833835e+00 -3.2665846e+00 -4.1791469e+00 -4.1726906e+00
-1.0750000e+00 -4.1419971e+00 -3.7352927e+00 -3.4208945e+00 -3.3530604e+00 -3.3528228e+00 -3.2024409e+00 -3.8633496e+00 -3.3409825e+00 -3.7426195e+00 -4.7660117e+00
-1.0675000e+00 -4.1570671e+00 -3.6641563e+00 -3.5510767e+00 -3.3620000e+00 -3.2562931e+00 -3.4260989e+00 -3.5043978e+00 -3.6224873e+00 -3.5535637e+00 -4.7007037e+00
-1.0600000e+00 -4.1298358e+00 -3.7359244e+00 -3.4487795e+00 -3.3710765e+00 -3.3384661e+00 -3.6947905e+00 -3.3053285e+00 -4.0935361e+00 -3.5584884e+00 -4.1802134e+00
-1.0525000e+00 -4.2475855e+00 -3.8091044e+00 -3.4409636e+00 -3.3820017e+00 -3.5038993e+00 -3.5453663e+00 -3.3440484e+00 -3.9523553e+00 -3.7626615e+00 -3.9401395e+00
-1.0450000e+00 -4.2025924e+00 -3.7793650e+00 -3.6277669e+00 -3.4279725e+00 -3.5043580e+00 -3.3667361e+00 -3.6204119e+00 -3.5791336e+00 -4.2233958e+00 -3.9065831e+00
-1.0375000e+00 -4.2692743e+00 -3.8140203e+00 -3.5823671e+00 -3.5177261e+00 -3.4353343e+00 -3.4164447e+00 -3.9186461e+00 -3.4665565e+00 -4.4435675e+00 -4.0708200e+00
-1.0300000e+00 -4.3001123e+00 -3.9057824e+00 -3.5261842e+00 -3.4984059e+00 -3.4796267e+00 -3.6497227e+00 -3.6685966e+00 -3.6071827e+00 -3.9663649e+00 -4.4979938e+00
-1.0225000e+00 -4.3009472e+00 -3.8493546e+00 -3.7016814e+00 -3.4662130e+00 -3.5653567e+00 -3.7041279e+00 -3.4782883e+00 -4.0040450e+00 -3.7428780e+00 -4.9400323e+00
-1.0150000e+00 -4.3749753e+00 -3.9445652e+00 -3.6585435e+00 -3.6074777e+00 -3.5840950e+00 -3.5483818e+00 -3.5643620e+00 -4.1023575e+00 -3.7887833e+00 -4.4244075e+00
-1.0075000e+00 -4.3609202e+00 -3.9521351e+00 -3.6455326e+00 -3.6272503e+00 -3.5996417e+00 -3.5639305e+00 -3.8673984e+00 -3.7417655e+00 -4.1190957e+00 -4.1273492e+00
-1.0000000e+00 -4.4242057e+00 -3.9591008e+00 -3.7767963e+00 -3.5365257e+00 -3.6145737e+00 -3.7296279e+00 -3.8669300e+00 -3.6474930e+00 -4.5238150e+00 -4.1195783e+00
-9.9250000e-01 -4.4341921e+00 -4.0446373e+00 -3.7236720e+00 -3.7104903e+00 -3.6465487e+00 -3.7459166e+00 -3.6542269e+00 -3.8637788e+00 -4.1360717e+00 -4.4018473e+00
-9.8500000e-01 -4.4724808e+00 -4.0064544e+00 -3.7771497e+00 -3.6967617e+00 -3.7354310e+00 -3.6838796e+00 -3.7016269e+00 -4.1981664e+00 -3.9050312e+00 -4.9355607e+00
-9.7750000e-01 -4.5075659e+00 -4.1035722e+00 -3.8332921e+00 -3.6359729e+00 -3.7029429e+00 -3.7488744e+00 -3.9405478e+00 -3.9547217e+00 -4.0127783e+00 -4.6062051e+00
-9.7000000e-01 -4.5064908e+00 -4.0750351e+00 -3.8146379e+00 -3.8370404e+00 -3.7097822e+00 -3.8124206e+00 -3.8951700e+00 -3.7998297e+00 -4.4319689e+00 -4.2822409e+00
-9.6250000e-01 -4.6030087e+00 -4.1531426e+00 -3.8915665e+00 -3.7114088e+00 -3.8622488e+00 -3.8202983e+00 -3.7885331e+00 -3.9862838e+00 -4.3836859e+00 -4.3233525e+00
-9.5500000e-01 -4.5647323e+00 -4.1378309e+00 -3.8887117e+00 -3.8172610e+00 -3.7621167e+00 -3.8446695e+00 -3.9164823e+00 -4.2232356e+00 -4.0735464e+00 -4.7338460e+00
-9.4750000e-01 -4.6130775e+00 -4.2198415e+00 -3.9357115e+00 -3.8416880e+00 -3.8311624e+00 -3.8584688e+00 -4.0006291e+00 -4.0009923e+00 -4.1416782e+00 -4.8789782e+00
-9.4000000e-01 -4.6771751e+00 -4.1926764e+00 -3.9557658e+00 -3.8284785e+00 -3.9404197e+00 -3.9425074e+00 -3.9274726e+00 -3.9791314e+00 -4.5167966e+00 -4.4656660e+00
-9.3250000e-01 -4.6602198e+00 -4.2617607e+00 -4.0015753e+00 -3.9216512e+00 -3.8164706e+00 -3.9310117e+00 -3.9907899e+00 -4.2191681e+00 -4.3757154e+00 -4.4515544e+00
-9.2500000e-01 -4.6985348e+00 -4.3016227e+00 -3.9976275e+00 -3.8925946e+00 -4.0305711e+00 -3.9338760e+00 -4.0452907e+00 -4.1618986e+00 -4.1927161e+00 -4.8487148e+00
-9.1750000e-01 -4.7711079e+00 -4.2750890e+00 -4.0882131e+00 -3.9635004e+00 -3.8954868e+00 -4.0739537e+00 -4.0526091e+00 -4.0891466e+00 -4.4165002e+00 -4.8452316e+00
-9.1000000e-01 -4.7920585e+00 -4.3586904e+00 -4.0406941e+00 -3.9725025e+00 -4.0386493e+00 -3.9608717e+00 -4.0831894e+00 -4.2564495e+00 -4.5457715e+00 -4.5454312e+00
-9.0250000e-01 -4.7890300e+00 -4.3764015e+00 -4.1455950e+00 -4.0072125e+00 -3.9936753e+00 -4.1154902e+00 -4.1054307e+00 -4.2341418e+00 -4.3252364e+00 -4.7136241e+00
-8.9500000e-01 -4.8102980e+00 -4.3859926e+00 -4.1216478e+00 -4.0355178e+00 -4.0671722e+00 -4.0675751e+00 -4.1824580e+00 -4.2253394e+00 -4.4694279e+00 -5.0082655e+00
-8.8750000e-01 -4.8538284e+00 -4.4505158e+00 -4.1808182e+00 -4.0849825e+00 -4.0667852e+00 -4.1107640e+00 -4.1298537e+00 -4.3178880e+00 -4.5868929e+00 -4.6977024e+00
-8.8000000e-01 -4.8995617e+00 -4.4756749e+00 -4.1967504e+00 -4.0597937e+00 -4.1247586e+00 -4.1789273e+00 -4.2564909e+00 -4.3033984e+00 -4.4400417e+00 -4.7717030e+00
-8.7250000e-01 -4.9366861e+00 -4.4691486e+00 -4.2104299e+00 -4.1862095e+00 -4.1254983e+00 -4.1410941e+00 -4.2051387e+00 -4.3610501e+00 -4.5988622e+00 -5.0365898e+00
-8.6500000e-01 -4.9683365e+00 -4.4931823e+00 -4.2972801e+00 -4.1200816e+00 -4.1806256e+00 -4.2498099e+00 -4.2794874e+00 -4.3572697e+00 -4.5871566e+00 -4.7929191e+00
-8.5750000e-01 -5.0020403e+00 -4.5441999e+00 -4.3008357e+00 -4.1804423e+00 -4.2001146e+00 -4.2101768e+00 -4.3006166e+00 -4.4441303e+00 -4.5851083e+00 -4.9269768e+00
-8.5000000e-01 -5.0349096e+00 -4.5918404e+00 -4.2831440e+00 -4.2626619e+00 -4.2209788e+00 -4.2810248e+00 -4.3125394e+00 -4.3959624e+00 -4.6757791e+00 -5.0181030e+00
-8.4250000e-01 -5.0566132e+00 -4.6244027e+00 -4.3331865e+00 -4.2246101e+00 -4.2625466e+00 -4.3085492e+00 -4.3713318e+00 -4.5217926e+00 -4.6458761e+00 -4.8957271e+00
-8.3500000e-01 -5.0775405e+00 -4.6501018e+00 -4.3983222e+00 -4.2659767e+00 -4.3170844e+00 -4.3013912e+00 -4.3818360e+00 -4.4474241e+00 -4.7287723e+00 -5.0954559e+00
-8.2750000e-01 -5.0975052e+00 -4.6780232e+00 -4.4245051e+00 -4.3178192e+00 -4.2747476e+00 -4.3939563e+00 -4.4009883e+00 -4.5915164e+00 -4.7061262e+00 -4.9838456e+00
-8.2000000e-01 -5.1104840e+00 -4.7084679e+00 -4.4314683e+00 -4.3279045e+00 -4.3661081e+00 -4.3671324e+00 -4.4913974e+00 -4.4958309e+00 -4.7964745e+00 -5.1085881e+00
-8.1250000e-01 -5.1548822e+00 -4.7352665e+00 -4.4482021e+00 -4.3664903e+00 -4.4296968e+00 -4.4248049e+00 -4.4145578e+00 -4.6755541e+00 -4.7566291e+00 -5.0682103e+00
-8.0500000e-01 -5.2028423e+00 -4.7606419e+00 -4.4772617e+00 -4.4276706e+00 -4.3772359e+00 -4.4413668e+00 -4.5843853e+00 -4.5365356e+00 -4.8640081e+00 -5.1591499e+00
-7.9750000e-01 -5.2268344e+00 -4.8008345e+00 -4.5106134e+00 -4.4630289e+00 -4.4035588e+00 -4.5000450e+00 -4.4931040e+00 -4.7496425e+00 -4.8200292e+00 -5.1224791e+00
-7.9000000e-01 -5.2371017e+00 -4.8432605e+00 -4.5439074e+00 -4.4717876e+00 -4.4869448e+00 -4.5083104e+00 -4.5661576e+00 -4.6155661e+00 -4.8998711e+00 -5.2367427e+00
-7.8250000e-01 -5.2918823e+00 -4.8558747e+00 -4.5789844e+00 -4.4816967e+00 -4.5267180e+00 -4.4970953e+00 -4.6263192e+00 -4.7244459e+00 -4.9275822e+00 -5.1639836e+00
-7.7500000e-01 -5.3008877e+00 -4.8761106e+00 -4.6162707e+00 -4.5048857e+00 -4.5336913e+00 -4.5777283e+00 -4.6102426e+00 -4.7874598e+00 -4.8899226e+00 -5.3163423e+00
-7.6750000e-01 -5.3476852e+00 -4.8945395e+00 -4.6445986e+00 -4.5382705e+00 -4.5571309e+00 -4.6578713e+00 -4.6553046e+00 -4.7001935e+00 -5.0727943e+00 -5.2232971e+00
-7.6000000e-01 -5.3637617e+00 -4.9514734e+00 -4.6589451e+00 -4.5736716e+00 -4.6003691e+00 -4.6484336e+00 -4.6766223e+00 -4.8324482e+00 -4.9262218e+00 -5.3393616e+00
-7.5250000e-01 -5.4150554e+00 -4.9731687e+00 -4.6922922e+00 -4.6017309e+00 -4.6471430e+00 -4.6276951e+00 -4.7108485e+00 -4.8625807e+00 -5.0535274e+00 -5.3584799e+00
-7.4500000e-01 -5.4207319e+00 -4.9914760e+00 -4.7498150e+00 -4.6184112e+00 -4.6877278e+00 -4.6477900e+00 -4.7800871e+00 -4.8258264e+00 -5.1309086e+00 -5.2977125e+00
-7.3750000e-01 -5.4578445e+00 -5.0437260e+00 -4.7807543e+00 -4.6381364e+00 -4.7206130e+00 -4.6942545e+00 -4.8110132e+00 -4.8755983e+00 -5.0232458e+00 -5.4983863e+00
-7.3000000e-01 -5.5005507e+00 -5.0458081e+00 -4.8068654e+00 -4.6849327e+00 -4.7448774e+00 -4.7417999e+00 -4.7967134e+00 -4.9242608e+00 -5.1112028e+00 -5.4030230e+00
-7.2250000e-01 -5.5283732e+00 -5.0985269e+00 -4.8097863e+00 -4.7405027e+00 -4.7593365e+00 -4.7803334e+00 -4.7920763e+00 -4.9493714e+00 -5.2211367e+00 -5.3903243e+00
-7.1500000e-01 -5.5516806e+00 -5.1091318e+00 -4.8788755e+00 -4.7633646e+00 -4.7719237e+00 -4.8139462e+00 -4.8156537e+00 -4.9921084e+00 -5.1925113e+00 -5.5696306e+00
-7.0750000e-01 -5.5754094e+00 -5.1599430e+00 -4.8828818e+00 -4.7990285e+00 -4.8006370e+00 -4.8509886e+00 -4.8555994e+00 -5.0421806e+00 -5.1796702e+00 -5.5611139e+00
-7.0000000e-01 -5.6098744e+00 -5.1849240e+00 -4.9162333e+00 -4.8067989e+00 -4.8393779e+00 -4.8959781e+00 -4.8975412e+00 -5.0729900e+00 -5.2197799e+00 -5.4849109e+00
-6.5000000e-01 -5.8165018e+00 -5.3724303e+00 -5.1216460e+00 -5.0309357e+00 -5.0260470e+00 -5.0532985e+00 -5.1310305e+00 -5.2229668e+00 -5.5004783e+00 -5.7274802e+00
-6.0000000e-01 -6.0031828e+00 -5.5845767e+00 -5.3114119e+00 -5.2295598e+00 -5.2160677e+00 -5.2686291e+00 -5.3517858e+00 -5.4051084e+00 -5.6524847e+00 -6.0022343e+00
-5.5000000e-01 -6.2158164e+00 -5.7826764e+00 -5.5253553e+00 -5.4061595e+00 -5.4411554e+00 -5.4542702e+00 -5.5431781e+00 -5.6267394e+00 -5.8619552e+00 -6.1170502e+00
-5.0000000e-01 -6.4070868e+00 -5.9809323e+00 -5.7260139e+00 -5.6091017e+00 -5.6355622e+00 -5.6761840e+00 -5.7232803e+00 -5.8199811e+00 -6.0572077e+00 -6.3447952e+00
-4.0000000e-01 -6.7657925e+00 -6.3768021e+00 -6.1199843e+00 -6.0202805e+00 -6.0298713e+00 -6.0640662e+00 -6.1351720e+00 -6.2384327e+00 -6.4317633e+00 -6.7550087e+00
-2.0000000e-01 -7.7109969e+00 -7.1342929e+00 -6.8769819e+00 -6.8184024e+00 -6.8274698e+00 -6.8683000e+00 -6.9262082e+00 -7.0441433e+00 -7.2411551e+00 -7.5401922e+00
0.0000000e+00 -8.3911763e+00 -7.9370065e+00 -7.7014474e+00 -7.5962632e+00 -7.6083581e+00 -7.6870314e+00 -7.7324318e+00 -7.8386050e+00 -8.0439200e+00 -8.3472504e+00
2.0000000e-01 -9.1515512e+00 -8.7963139e+00 -8.5218785e+00 -8.4063142e+00 -8.4146051e+00 -8.4604789e+00 -8.5569831e+00 -8.6155390e+00 -8.8612741e+00 -9.1476895e+00
4.0000000e-01 -1.0067064e+01 -9.5468712e+00 -9.3569800e+00 -9.2156513e+00 -9.2271091e+00 -9.3027607e+00 -9.3188651e+00 -9.4408859e+00 -9.6395626e+00 -9.9423747e+00
6.0000000e-01 -1.0829125e+01 -1.0385667e+01 -1.0085306e+01 -1.0009747e+01 -9.9895134e+00 -1.0093632e+01 -1.0102842e+01 -1.0182331e+01 -1.0465062e+01 -1.0735751e+01
8.0000000e-01 -1.1574348e+01 -1.1164450e+01 -1.0934755e+01 -1.0820502e+01 -1.0790365e+01 -1.0869118e+01 -1.0899041e+01 -1.1091221e+01 -1.1215002e+01 -1.1494381e+01
1.0000000e+00 -1.2415556e+01 -1.1982054e+01 -1.1741333e+01 -1.1642245e+01 -1.1581252e+01 -1.1724969e+01 -1.1699999e+01 -1.1813011e+01 -1.2077749e+01 -1.2380596e+01
1.2000000e+00 -1.3175618e+01 -1.2841224e+01 -1.2522094e+01 -1.2387456e+01 -1.2466843e+01 -1.2473381e+01 -1.2549154e+01 -1.2649680e+01 -1.2876466e+01 -1.3154768e+01
1.4000000e+00 -1.4002325e+01 -1.3588041e+01 -1.3291433e+01 -1.3176549e+01 -1.3233016e+01 -1.3226917e+01 -1.3359928e+01 -1.3425664e+01 -1.3620142e+01 -1.3967799e+01
1.6000000e+00 -1.4808684e+01 -1.4350654e+01 -1.4131873e+01 -1.3972922e+01 -1.4028395e+01 -1.4078028e+01 -1.4136023e+01 -1.4200887e+01 -1.4467460e+01 -1.4792354e+01
1.8000000e+00 -1.5659328e+01 -1.5193341e+01 -1.4926733e+01 -1.4831918e+01 -1.4807290e+01 -1.4905330e+01 -1.4949357e+01 -1.4998252e+01 -1.5279974e+01 -1.5566375e+01
2.0000000e+00 -1.6511930e+01 -1.5977077e+01 -1.5806714e+01 -1.5643108e+01 -1.5627026e+01 -1.5642133e+01 -1.5733143e+01 -1.5835261e+01 -1.6018950e+01 -1.6368727e+01