########################################################################
# Reference Counts for Solar Model GS98                                #
# Column 1: log10(Axion mass in eV)                                    #
#        n>1: log10(Reference photon counts in energy bin n-1)         #
########################################################################
-3.0000000e+00 -2.3892422e-01 7.6434649e-02 2.3984170e-01 2.8600327e-01 2.5504631e-01 1.9191269e-01 1.0358921e-01 -6.9142312e-03 -1.5763280e-01 -3.5288987e-01
-2.8000000e+00 -2.3894456e-01 7.6420766e-02 2.3983169e-01 2.8599571e-01 2.5504042e-01 1.9190797e-01 1.0358535e-01 -6.9174500e-03 -1.5763553e-01 -3.5289221e-01
-2.6000000e+00 -2.3907291e-01 7.6333169e-02 2.3976851e-01 2.8594802e-01 2.5500326e-01 1.9187821e-01 1.0356099e-01 -6.9377593e-03 -1.5765274e-01 -3.5290697e-01
-2.4000000e+00 -2.3988292e-01 7.5780387e-02 2.3936981e-01 2.8564707e-01 2.5476873e-01 1.9169044e-01 1.0340727e-01 -7.0659066e-03 -1.5776135e-01 -3.5300007e-01
-2.2000000e+00 -2.4500028e-01 7.2289463e-02 2.3685259e-01 2.8374729e-01 2.5328840e-01 1.9050534e-01 1.0243710e-01 -7.8746341e-03 -1.5844670e-01 -3.5358761e-01
-2.1500000e+00 -2.4856378e-01 6.9859922e-02 2.3510133e-01 2.8242589e-01 2.5225890e-01 1.8968125e-01 1.0176253e-01 -8.4369170e-03 -1.5892319e-01 -3.5399608e-01
-2.1000000e+00 -2.5422284e-01 6.6004015e-02 2.3232295e-01 2.8033000e-01 2.5062629e-01 1.8837453e-01 1.0069298e-01 -9.3283710e-03 -1.5967858e-01 -3.5464361e-01
-2.0500000e+00 -2.6322043e-01 5.9879315e-02 2.2791242e-01 2.7700418e-01 2.4803629e-01 1.8630193e-01 9.8996788e-02 -1.0741974e-02 -1.6087633e-01 -3.5567026e-01
-2.0000000e+00 -2.7755329e-01 5.0138132e-02 2.2090431e-01 2.7172286e-01 2.4392517e-01 1.8301306e-01 9.6305821e-02 -1.2984254e-02 -1.6277597e-01 -3.5729839e-01
-1.9500000e+00 -3.0045540e-01 3.4612369e-02 2.0975177e-01 2.6332660e-01 2.3739373e-01 1.7779045e-01 9.2034145e-02 -1.6542742e-02 -1.6579010e-01 -3.5988130e-01
-1.9000000e+00 -3.3723495e-01 9.7823700e-03 1.9196032e-01 2.4995354e-01 2.2700214e-01 1.6948759e-01 8.5246859e-02 -2.2194467e-02 -1.7057571e-01 -3.6398120e-01
-1.8500000e+00 -3.9680058e-01 -3.0151118e-02 1.6346442e-01 2.2859002e-01 2.1043074e-01 1.5626341e-01 7.4446282e-02 -3.1181978e-02 -1.7818200e-01 -3.7049496e-01
-1.8475000e+00 -4.0061491e-01 -3.2696204e-02 1.6165330e-01 2.2723456e-01 2.0938056e-01 1.5542604e-01 7.3762776e-02 -3.1750494e-02 -1.7866298e-01 -3.7090675e-01
-1.8400000e+00 -4.1264297e-01 -4.0712130e-02 1.5595303e-01 2.2297029e-01 2.0607763e-01 1.5279295e-01 7.1613841e-02 -3.3537706e-02 -1.8017489e-01 -3.7220107e-01
-1.8325000e+00 -4.2560571e-01 -4.9334319e-02 1.4982842e-01 2.1839172e-01 2.0253290e-01 1.4996799e-01 6.9308851e-02 -3.5454373e-02 -1.8179611e-01 -3.7358881e-01
-1.8250000e+00 -4.3958246e-01 -5.8611446e-02 1.4324651e-01 2.1347493e-01 1.9872820e-01 1.4693691e-01 6.6836288e-02 -3.7509999e-02 -1.8353461e-01 -3.7507680e-01
-1.8175000e+00 -4.5466046e-01 -6.8596559e-02 1.3617152e-01 2.0819405e-01 1.9464395e-01 1.4368433e-01 6.4183753e-02 -3.9714809e-02 -1.8539901e-01 -3.7667233e-01
-1.8100000e+00 -4.7093586e-01 -7.9347561e-02 1.2856465e-01 2.0252111e-01 1.9025902e-01 1.4019368e-01 6.1337898e-02 -4.2079800e-02 -1.8739852e-01 -3.7838328e-01
-1.8025000e+00 -4.8851488e-01 -9.0927744e-02 1.2038374e-01 1.9642581e-01 1.8555057e-01 1.3644712e-01 5.8284346e-02 -4.4616806e-02 -1.8954309e-01 -3.8021810e-01
-1.7950000e+00 -5.0751522e-01 -1.0340641e-01 1.1158288e-01 1.8987532e-01 1.8049391e-01 1.3242537e-01 5.5007606e-02 -4.7338566e-02 -1.9184340e-01 -3.8218587e-01
-1.7875000e+00 -5.2806765e-01 -1.1685957e-01 1.0211213e-01 1.8283404e-01 1.7506237e-01 1.2810763e-01 5.1490981e-02 -5.0258799e-02 -1.9431095e-01 -3.8429637e-01
-1.7800000e+00 -5.5031793e-01 -1.3137077e-01 9.1916989e-02 1.7526333e-01 1.6922705e-01 1.2347145e-01 4.7716464e-02 -5.3392279e-02 -1.9695811e-01 -3.8656010e-01
-1.7725000e+00 -5.7442918e-01 -1.4703205e-01 8.0937933e-02 1.6712119e-01 1.6295668e-01 1.1849254e-01 4.3664630e-02 -5.6754931e-02 -1.9979821e-01 -3.8898836e-01
-1.7650000e+00 -6.0058465e-01 -1.6394501e-01 6.9109860e-02 1.5836195e-01 1.5621735e-01 1.1314467e-01 3.9314507e-02 -6.0363923e-02 -2.0284559e-01 -3.9159333e-01
-1.7575000e+00 -6.2899111e-01 -1.8222215e-01 5.6361425e-02 1.4893583e-01 1.4897226e-01 1.0739943e-01 3.4643446e-02 -6.4237769e-02 -2.0611572e-01 -3.9438811e-01
-1.7500000e+00 -6.5988308e-01 -2.0198837e-01 4.2614302e-02 1.3878857e-01 1.4118146e-01 1.0122606e-01 2.9626967e-02 -6.8396451e-02 -2.0962525e-01 -3.9738680e-01
-1.7425000e+00 -6.9352800e-01 -2.2338278e-01 2.7782320e-02 1.2786090e-01 1.3280151e-01 9.4591227e-02 2.4238599e-02 -7.2861542e-02 -2.1339217e-01 -4.0060461e-01
-1.7350000e+00 -7.3023282e-01 -2.4656091e-01 1.1770459e-02 1.1608796e-01 1.2378511e-01 8.7458771e-02 1.8449694e-02 -7.7656349e-02 -2.1743586e-01 -4.0405791e-01
-1.7275000e+00 -7.7035223e-01 -2.7169728e-01 -5.5263167e-03 1.0339869e-01 1.1408074e-01 7.9789423e-02 1.2229222e-02 -8.2806067e-02 -2.2177725e-01 -4.0776438e-01
-1.7200000e+00 -8.1429936e-01 -2.9898864e-01 -2.4224442e-02 8.9715060e-02 1.0363216e-01 7.1540498e-02 5.5435514e-03 -8.8337950e-02 -2.2643895e-01 -4.1174307e-01
-1.7125000e+00 -8.6255966e-01 -3.2865784e-01 -4.4453378e-02 7.4951217e-02 9.2377872e-02 6.2665545e-02 -1.6438093e-03 -9.4281501e-02 -2.3144539e-01 -4.1601455e-01
-1.7050000e+00 -9.1570927e-01 -3.6095868e-01 -6.6357558e-02 5.9012485e-02 8.0250584e-02 5.3113947e-02 -9.3724890e-03 -1.0066869e-01 -2.3682301e-01 -4.2060103e-01
-1.6975000e+00 -9.7443968e-01 -3.9618204e-01 -9.0098722e-02 4.1794192e-02 6.7176464e-02 4.2830477e-02 -1.7685572e-02 -1.0753416e-01 -2.4260039e-01 -4.2552652e-01
-1.6900000e+00 -1.0395914e+00 -4.3466352e-01 -1.1585875e-01 2.3180295e-02 5.3074377e-02 3.1754785e-02 -2.6629954e-02 -1.1491555e-01 -2.4880850e-01 -4.3081698e-01
-1.6825000e+00 -1.1122006e+00 -4.7679337e-01 -1.4384310e-01 3.0417461e-03 3.7854958e-02 1.9820813e-02 -3.6256744e-02 -1.2285373e-01 -2.5548092e-01 -4.3650049e-01
-1.6750000e+00 -1.1935657e+00 -5.2302935e-01 -1.7428511e-01 -1.8765449e-02 2.1419543e-02 6.9561327e-03 -4.6621718e-02 -1.3139314e-01 -2.6265408e-01 -4.4260747e-01
-1.6675000e+00 -1.2853418e+00 -5.7391377e-01 -2.0745127e-01 -4.2402573e-02 3.6589147e-03 -6.9188317e-03 -5.7785841e-02 -1.4058221e-01 -2.7036754e-01 -4.4917088e-01
-1.6600000e+00 -1.3896795e+00 -6.3009636e-01 -2.4364792e-01 -6.8051024e-02 -1.5548180e-02 -2.1891692e-02 -6.9815858e-02 -1.5047371e-01 -2.7866430e-01 -4.5622648e-01
-1.6525000e+00 -1.5094248e+00 -6.9236558e-01 -2.8322986e-01 -9.5915783e-02 -3.6336792e-02 -3.8059138e-02 -8.2784972e-02 -1.6112530e-01 -2.8759118e-01 -4.6381310e-01
-1.6450000e+00 -1.6483958e+00 -7.6169239e-01 -3.2661133e-01 -1.2622969e-01 -5.8857872e-02 -5.5528153e-02 -9.6773634e-02 -1.7260002e-01 -2.9719922e-01 -4.7197293e-01
-1.6375000e+00 -1.8116871e+00 -8.3929266e-01 -3.7428060e-01 -1.5925877e-01 -8.3280818e-02 -7.4417451e-02 -1.1187045e-01 -1.8496694e-01 -3.0754408e-01 -4.8075191e-01
-1.6300000e+00 -2.0056038e+00 -9.2671845e-01 -4.2681935e-01 -1.9530898e-01 -1.0979657e-01 -9.4859182e-02 -1.2817323e-01 -1.9830187e-01 -3.1868665e-01 -4.9020007e-01
-1.6225000e+00 -2.2349930e+00 -1.0259946e+00 -4.8492905e-01 -2.3473479e-01 -1.3862139e-01 -1.1700097e-01 -1.4579026e-01 -2.1268820e-01 -3.3069356e-01 -5.0037200e-01
-1.6150000e+00 -2.4871905e+00 -1.1398276e+00 -5.4946755e-01 -2.7795035e-01 -1.7000161e-01 -1.4100835e-01 -1.6484173e-01 -2.2821785e-01 -3.4363791e-01 -5.1132736e-01
-1.6075000e+00 -2.6744290e+00 -1.2719309e+00 -6.2150109e-01 -3.2544416e-01 -2.0421953e-01 -1.6706780e-01 -1.8546152e-01 -2.4499242e-01 -3.5760002e-01 -5.2313143e-01
-1.6000000e+00 -2.6403345e+00 -1.4275205e+00 -7.0237996e-01 -3.7779869e-01 -2.4160090e-01 -1.9539033e-01 -2.0779925e-01 -2.6312446e-01 -3.7266838e-01 -5.3585580e-01
-1.5925000e+00 -2.4416398e+00 -1.6139793e+00 -7.9385181e-01 -4.3571716e-01 -2.8252464e-01 -2.2621608e-01 -2.3202281e-01 -2.8273910e-01 -3.8894068e-01 -5.4957910e-01
-1.5850000e+00 -2.2295247e+00 -1.8410734e+00 -8.9823673e-01 -5.0006083e-01 -3.2743542e-01 -2.5981994e-01 -2.5832143e-01 -3.0397589e-01 -4.0652505e-01 -5.6438791e-01
-1.5775000e+00 -2.0518538e+00 -2.1158044e+00 -1.0187066e+00 -5.7190226e-01 -3.7686041e-01 -2.9651881e-01 -2.8690942e-01 -3.2699102e-01 -4.2554154e-01 -5.8037774e-01
-1.5700000e+00 -1.9110231e+00 -2.4018043e+00 -1.1597453e+00 -6.5260320e-01 -4.3143192e-01 -3.3668076e-01 -3.1803086e-01 -3.5196007e-01 -4.4612388e-01 -5.9765430e-01
-1.5625000e+00 -1.8016794e+00 -2.5006955e+00 -1.3279177e+00 -7.4393250e-01 -4.9191864e-01 -3.8073717e-01 -3.5196547e-01 -3.7908128e-01 -4.6842153e-01 -6.1633482e-01
-1.5550000e+00 -1.7188401e+00 -2.3046262e+00 -1.5330943e+00 -8.4825041e-01 -5.5926962e-01 -4.2919858e-01 -3.8903599e-01 -4.0857967e-01 -4.9260223e-01 -6.3654983e-01
-1.5475000e+00 -1.6589766e+00 -2.0463250e+00 -1.7896246e+00 -9.6880845e-01 -6.3467811e-01 -4.8267627e-01 -4.2961781e-01 -4.4071212e-01 -5.1885505e-01 -6.5844509e-01
-1.5400000e+00 -1.6198605e+00 -1.8306887e+00 -2.1098113e+00 -1.1102584e+00 -7.1967664e-01 -5.4191179e-01 -4.7415147e-01 -4.7577377e-01 -5.4739415e-01 -6.8218404e-01
-1.5325000e+00 -1.6003020e+00 -1.6628503e+00 -2.4259842e+00 -1.2795521e+00 -8.1628392e-01 -6.0781859e-01 -5.2315925e-01 -5.1410625e-01 -5.7846350e-01 -7.0795074e-01
-1.5250000e+00 -1.5999685e+00 -1.5336854e+00 -2.4105643e+00 -1.4875594e+00 -9.2724059e-01 -6.8154216e-01 -5.7726764e-01 -5.5610825e-01 -6.1234271e-01 -7.3595344e-01
-1.5175000e+00 -1.6193022e+00 -1.4354289e+00 -2.1122715e+00 -1.7516248e+00 -1.0564056e+00 -7.6454940e-01 -6.3723842e-01 -6.0224951e-01 -6.4935449e-01 -7.6642909e-01
-1.5100000e+00 -1.6595277e+00 -1.3628549e+00 -1.8339209e+00 -2.0943702e+00 -1.2094574e+00 -8.5876636e-01 -7.0401243e-01 -6.5308944e-01 -6.8987430e-01 -7.9964886e-01
-1.5025000e+00 -1.7227463e+00 -1.3126928e+00 -1.6206650e+00 -2.4718714e+00 -1.3952047e+00 -9.6679895e-01 -7.7877335e-01 -7.0930264e-01 -7.3434286e-01 -8.3592529e-01
-1.4950000e+00 -1.8121114e+00 -1.2830801e+00 -1.4591626e+00 -2.4716004e+00 -1.6281225e+00 -1.0923038e+00 -8.6304297e-01 -7.7171434e-01 -7.8328290e-01 -8.7562133e-01
-1.4875000e+00 -1.9320175e+00 -1.2732224e+00 -1.3365095e+00 -2.1213742e+00 -1.9327122e+00 -1.2406471e+00 -9.5882918e-01 -8.4135115e-01 -8.3732177e-01 -9.1916221e-01
-1.4800000e+00 -2.0879288e+00 -1.2832243e+00 -1.2443034e+00 -1.8161735e+00 -2.3385024e+00 -1.4201531e+00 -1.0688656e+00 -9.1951561e-01 -8.9722270e-01 -9.6705112e-01
-1.4725000e+00 -2.2839992e+00 -1.3140524e+00 -1.1773638e+00 -1.5904520e+00 -2.6839098e+00 -1.6446298e+00 -1.1970193e+00 -1.0078996e+00 -9.6392910e-01 -1.0198904e+00
-1.4650000e+00 -2.5102992e+00 -1.3676225e+00 -1.1326134e+00 -1.4222180e+00 -2.4240853e+00 -1.9385863e+00 -1.3490290e+00 -1.1087634e+00 -1.0386291e+00 -1.0784108e+00
-1.4575000e+00 -2.6983784e+00 -1.4470234e+00 -1.1084153e+00 -1.2953915e+00 -2.0384895e+00 -2.3431639e+00 -1.5339384e+00 -1.2252323e+00 -1.1228521e+00 -1.1435122e+00
-1.4500000e+00 -2.7090176e+00 -1.5569077e+00 -1.1042224e+00 -1.2003018e+00 -1.7557783e+00 -2.8034225e+00 -1.7671200e+00 -1.3618151e+00 -1.2186202e+00 -1.2163236e+00
-1.4425000e+00 -2.5557329e+00 -1.7040118e+00 -1.1204287e+00 -1.1311947e+00 -1.5508236e+00 -2.6306789e+00 -2.0770190e+00 -1.5253761e+00 -1.3286932e+00 -1.2982915e+00
-1.4350000e+00 -2.3797245e+00 -1.8971956e+00 -1.1583773e+00 -1.0847063e+00 -1.3983907e+00 -2.1924542e+00 -2.5153761e+00 -1.7271128e+00 -1.4569910e+00 -1.3913170e+00
-1.4275000e+00 -2.2430582e+00 -2.1426995e+00 -1.2205217e+00 -1.0590482e+00 -1.2838936e+00 -1.8777536e+00 -3.0023157e+00 -1.9869876e+00 -1.6093664e+00 -1.4979781e+00
-1.4200000e+00 -2.1558534e+00 -2.4102474e+00 -1.3107905e+00 -1.0535936e+00 -1.1989570e+00 -1.6547485e+00 -2.7078276e+00 -2.3443041e+00 -1.7951403e+00 -1.6219055e+00
-1.4125000e+00 -2.1169759e+00 -2.5310889e+00 -1.4352504e+00 -1.0687048e+00 -1.1386999e+00 -1.4907877e+00 -2.2525627e+00 -2.8671624e+00 -2.0304728e+00 -1.7684657e+00
-1.4050000e+00 -2.1251052e+00 -2.3782555e+00 -1.6031730e+00 -1.1057357e+00 -1.1003617e+00 -1.3680824e+00 -1.9424460e+00 -3.1760583e+00 -2.3466490e+00 -1.9460977e+00
-1.3975000e+00 -2.1807483e+00 -2.1518427e+00 -1.8279856e+00 -1.1672092e+00 -1.0826127e+00 -1.2767636e+00 -1.7243280e+00 -2.6512892e+00 -2.8100116e+00 -2.1692123e+00
-1.3900000e+00 -2.2857710e+00 -1.9717093e+00 -2.1213667e+00 -1.2572302e+00 -1.0852264e+00 -1.2111678e+00 -1.5642374e+00 -2.2407563e+00 -3.4051019e+00 -2.4653136e+00
-1.3825000e+00 -2.4399081e+00 -1.8521361e+00 -2.4272862e+00 -1.3822844e+00 -1.1089761e+00 -1.1680754e+00 -1.4446258e+00 -1.9662581e+00 -3.0437010e+00 -2.8943649e+00
-1.3750000e+00 -2.6269911e+00 -1.7884345e+00 -2.4498496e+00 -1.5527060e+00 -1.1557119e+00 -1.1458540e+00 -1.3559013e+00 -1.7708366e+00 -2.5395347e+00 -3.5424769e+00
-1.3675000e+00 -2.7794392e+00 -1.7768372e+00 -2.1843070e+00 -1.7849762e+00 -1.2286466e+00 -1.1440493e+00 -1.2926021e+00 -1.6264294e+00 -2.2156990e+00 -3.4148947e+00
-1.3600000e+00 -2.7905198e+00 -1.8170846e+00 -1.9323399e+00 -2.1006934e+00 -1.3329627e+00 -1.1632341e+00 -1.2516560e+00 -1.5186356e+00 -1.9920246e+00 -2.8372935e+00
-1.3525000e+00 -2.6814753e+00 -1.9123763e+00 -1.7560711e+00 -2.4659099e+00 -1.4770092e+00 -1.2050511e+00 -1.2315494e+00 -1.4395161e+00 -1.8290455e+00 -2.4760783e+00
-1.3450000e+00 -2.5647117e+00 -2.0679509e+00 -1.6476056e+00 -2.5073743e+00 -1.6746399e+00 -1.2724630e+00 -1.2319383e+00 -1.3845598e+00 -1.7076625e+00 -2.2326488e+00
-1.3375000e+00 -2.4964461e+00 -2.2822141e+00 -1.5977307e+00 -2.1855317e+00 -1.9492246e+00 -1.3703156e+00 -1.2535172e+00 -1.3513057e+00 -1.6177151e+00 -2.0573490e+00
-1.3300000e+00 -2.4904178e+00 -2.5036996e+00 -1.6026465e+00 -1.9027247e+00 -2.3299125e+00 -1.5064785e+00 -1.2980846e+00 -1.3386895e+00 -1.5534939e+00 -1.9272801e+00
-1.3225000e+00 -2.5477599e+00 -2.5655583e+00 -1.6637646e+00 -1.7119440e+00 -2.6860415e+00 -1.6941904e+00 -1.3688341e+00 -1.3467558e+00 -1.5118051e+00 -1.8306080e+00
-1.3150000e+00 -2.6627329e+00 -2.4243716e+00 -1.7875828e+00 -1.5955741e+00 -2.4745225e+00 -1.9568960e+00 -1.4709944e+00 -1.3766011e+00 -1.4910716e+00 -1.7607674e+00
-1.3075000e+00 -2.8105027e+00 -2.2592959e+00 -1.9848170e+00 -1.5409452e+00 -2.1055572e+00 -2.3341185e+00 -1.6131501e+00 -1.4305200e+00 -1.4909175e+00 -1.7140660e+00
-1.3000000e+00 -2.9218545e+00 -2.1582826e+00 -2.2566584e+00 -1.5431537e+00 -1.8475201e+00 -2.7906584e+00 -1.8100586e+00 -1.5124167e+00 -1.5120263e+00 -1.6885955e+00
-1.2925000e+00 -2.9194947e+00 -2.1357784e+00 -2.5007671e+00 -1.6036784e+00 -1.6832410e+00 -2.6772483e+00 -2.0889177e+00 -1.6286771e+00 -1.5562073e+00 -1.6837240e+00
-1.2850000e+00 -2.8387174e+00 -2.1919836e+00 -2.4427457e+00 -1.7304190e+00 -1.5902643e+00 -2.2529766e+00 -2.4993818e+00 -1.7900075e+00 -1.6266960e+00 -1.6998991e+00
-1.2775000e+00 -2.7709183e+00 -2.3226068e+00 -2.2085143e+00 -1.9386893e+00 -1.5577802e+00 -1.9583104e+00 -2.9913309e+00 -2.0155676e+00 -1.7288281e+00 -1.7386684e+00
-1.2700000e+00 -2.7657588e+00 -2.5006742e+00 -2.0293553e+00 -2.2434293e+00 -1.5833032e+00 -1.7717526e+00 -2.7586875e+00 -2.3427987e+00 -1.8714572e+00 -1.8029247e+00
-1.2625000e+00 -2.8397479e+00 -2.6294699e+00 -1.9445381e+00 -2.5516882e+00 -1.6713286e+00 -1.6628422e+00 -2.3121701e+00 -2.8385251e+00 -2.0701039e+00 -1.8974857e+00
-1.2550000e+00 -2.9819576e+00 -2.6023116e+00 -1.9526707e+00 -2.4725119e+00 -1.8345326e+00 -1.6171494e+00 -2.0226083e+00 -3.1998642e+00 -2.3546588e+00 -2.0303214e+00
-1.2475000e+00 -3.1087254e+00 -2.4977815e+00 -2.0540958e+00 -2.1804419e+00 -2.0965303e+00 -1.6303088e+00 -1.8424689e+00 -2.7053957e+00 -2.7881147e+00 -2.2152619e+00
-1.2400000e+00 -3.0852468e+00 -2.4320343e+00 -2.2478709e+00 -1.9738252e+00 -2.4730431e+00 -1.7055762e+00 -1.7395345e+00 -2.3037575e+00 -3.3844736e+00 -2.4786259e+00
-1.2325000e+00 -2.9800325e+00 -2.4424890e+00 -2.4826577e+00 -1.8774099e+00 -2.7069166e+00 -1.8547748e+00 -1.6997703e+00 -2.0555630e+00 -3.0977867e+00 -2.8771596e+00
-1.2250000e+00 -2.9468307e+00 -2.5258592e+00 -2.5507060e+00 -1.8829925e+00 -2.4157683e+00 -2.1027629e+00 -1.7195086e+00 -1.9047297e+00 -2.5956052e+00 -3.5034112e+00
-1.2175000e+00 -3.0421574e+00 -2.6491227e+00 -2.3977845e+00 -1.9919997e+00 -2.1127357e+00 -2.4870579e+00 -1.8030688e+00 -1.8253353e+00 -2.2903934e+00 -3.4693131e+00
-1.2100000e+00 -3.2203323e+00 -2.7387051e+00 -2.2559314e+00 -2.2130737e+00 -1.9402780e+00 -2.8603207e+00 -1.9643527e+00 -1.8073069e+00 -2.1037928e+00 -2.8910298e+00
-1.2025000e+00 -3.2581044e+00 -2.7344876e+00 -2.2181081e+00 -2.5082995e+00 -1.8824839e+00 -2.5925952e+00 -2.2333213e+00 -1.8499630e+00 -1.9973814e+00 -2.5434196e+00
-1.1950000e+00 -3.1370019e+00 -2.6797487e+00 -2.2926887e+00 -2.5863726e+00 -1.9315759e+00 -2.2312097e+00 -2.6599801e+00 -1.9610847e+00 -1.9554716e+00 -2.3326673e+00
-1.1875000e+00 -3.1096165e+00 -2.6534000e+00 -2.4559639e+00 -2.3618441e+00 -2.0966559e+00 -2.0215556e+00 -3.0357839e+00 -2.1605763e+00 -1.9739299e+00 -2.2092284e+00
-1.1800000e+00 -3.2405927e+00 -2.6993043e+00 -2.6023535e+00 -2.1818328e+00 -2.3945351e+00 -1.9375265e+00 -2.6595589e+00 -2.4914470e+00 -2.0571940e+00 -2.1530487e+00
-1.1725000e+00 -3.3751943e+00 -2.8184787e+00 -2.5843515e+00 -2.1366490e+00 -2.7128793e+00 -1.9646071e+00 -2.2900847e+00 -3.0094307e+00 -2.2201630e+00 -2.1576883e+00
-1.1650000e+00 -3.3064567e+00 -2.9204597e+00 -2.4899127e+00 -2.2295934e+00 -2.5827757e+00 -2.1100359e+00 -2.0886465e+00 -3.1179964e+00 -2.4969643e+00 -2.2257010e+00
-1.1575000e+00 -3.2520523e+00 -2.8749495e+00 -2.4596505e+00 -2.4449256e+00 -2.2966839e+00 -2.4010853e+00 -2.0150219e+00 -2.6208316e+00 -2.9601709e+00 -2.3694932e+00
-1.1500000e+00 -3.3458736e+00 -2.7967856e+00 -2.5210122e+00 -2.6388778e+00 -2.1531398e+00 -2.8048342e+00 -2.0551199e+00 -2.3069443e+00 -3.4458198e+00 -2.6186569e+00
-1.1425000e+00 -3.4615224e+00 -2.8464902e+00 -2.6314576e+00 -2.5568335e+00 -2.1662172e+00 -2.7618767e+00 -2.2201391e+00 -2.1527089e+00 -2.9692115e+00 -3.0416959e+00
-1.1350000e+00 -3.4178967e+00 -3.0209208e+00 -2.7025735e+00 -2.4020651e+00 -2.3364420e+00 -2.4101523e+00 -2.5477159e+00 -2.1206104e+00 -2.5587208e+00 -3.6611531e+00
-1.1275000e+00 -3.3850475e+00 -3.0518168e+00 -2.6923151e+00 -2.3721271e+00 -2.6342657e+00 -2.2167895e+00 -2.9982047e+00 -2.2057292e+00 -2.3443428e+00 -3.3137991e+00
-1.1200000e+00 -3.4986229e+00 -2.9264223e+00 -2.6587824e+00 -2.4840309e+00 -2.7392019e+00 -2.1956866e+00 -2.8483937e+00 -2.4315802e+00 -2.2652602e+00 -2.8286399e+00
-1.1125000e+00 -3.5654761e+00 -2.9643230e+00 -2.6690011e+00 -2.6529020e+00 -2.5102747e+00 -2.3446087e+00 -2.4661102e+00 -2.8536362e+00 -2.3037237e+00 -2.5726438e+00
-1.1050000e+00 -3.4774201e+00 -3.1527638e+00 -2.7543393e+00 -2.6774225e+00 -2.3672745e+00 -2.6695331e+00 -2.2819930e+00 -3.2312983e+00 -2.4725318e+00 -2.4643422e+00
-1.0975000e+00 -3.5664490e+00 -3.1205844e+00 -2.8582415e+00 -2.5920004e+00 -2.4092679e+00 -2.8994989e+00 -2.2787617e+00 -2.8118580e+00 -2.8224609e+00 -2.4760670e+00
-1.0900000e+00 -3.6600911e+00 -3.0366910e+00 -2.8311677e+00 -2.5800072e+00 -2.6178739e+00 -2.6309530e+00 -2.4576124e+00 -2.4799287e+00 -3.3766863e+00 -2.6141346e+00
-1.0825000e+00 -3.5640825e+00 -3.1639112e+00 -2.7683602e+00 -2.6619184e+00 -2.7932583e+00 -2.4214340e+00 -2.8377539e+00 -2.3606295e+00 -3.1819615e+00 -2.9225030e+00
-1.0750000e+00 -3.6859877e+00 -3.2403843e+00 -2.8585548e+00 -2.7472613e+00 -2.6703759e+00 -2.4248910e+00 -3.0423402e+00 -2.4243355e+00 -2.7311862e+00 -3.4869734e+00
-1.0675000e+00 -3.7038432e+00 -3.1603741e+00 -3.0087798e+00 -2.7649041e+00 -2.5586488e+00 -2.6393625e+00 -2.6885985e+00 -2.6916543e+00 -2.5281138e+00 -3.5416158e+00
-1.0600000e+00 -3.6739734e+00 -3.2249032e+00 -2.9118996e+00 -2.7528545e+00 -2.6229597e+00 -2.9182161e+00 -2.4807976e+00 -3.1589217e+00 -2.5202123e+00 -3.0069031e+00
-1.0525000e+00 -3.7943582e+00 -3.3138797e+00 -2.8840134e+00 -2.7582407e+00 -2.7917375e+00 -2.7869468e+00 -2.5102242e+00 -3.0697758e+00 -2.7082670e+00 -2.7460163e+00
-1.0450000e+00 -3.7469273e+00 -3.2735209e+00 -3.0774521e+00 -2.8227015e+00 -2.8187809e+00 -2.5988456e+00 -2.7767067e+00 -2.6867770e+00 -3.1470188e+00 -2.6947961e+00
-1.0375000e+00 -3.8156010e+00 -3.3067849e+00 -3.0463499e+00 -2.9134966e+00 -2.7416365e+00 -2.6356053e+00 -3.0876267e+00 -2.5594509e+00 -3.4298073e+00 -2.8379445e+00
-1.0300000e+00 -3.8447105e+00 -3.4087531e+00 -2.9712779e+00 -2.8772065e+00 -2.7654323e+00 -2.8642715e+00 -2.8537513e+00 -2.6838184e+00 -2.9609852e+00 -3.2315166e+00
-1.0225000e+00 -3.8467774e+00 -3.3413846e+00 -3.1536739e+00 -2.8525884e+00 -2.8577143e+00 -2.9413518e+00 -2.6534360e+00 -3.0655034e+00 -2.7182871e+00 -3.7248886e+00
-1.0150000e+00 -3.9202972e+00 -3.4423775e+00 -3.1178528e+00 -3.0023106e+00 -2.8969211e+00 -2.7837313e+00 -2.7269909e+00 -3.2122708e+00 -2.7449532e+00 -3.2610501e+00
-1.0075000e+00 -3.9057959e+00 -3.4500859e+00 -3.0907043e+00 -3.0113014e+00 -2.8975550e+00 -2.7837905e+00 -3.0247587e+00 -2.8515369e+00 -3.0503231e+00 -2.9362559e+00
-1.0000000e+00 -3.9704906e+00 -3.4516761e+00 -3.2346543e+00 -2.9224552e+00 -2.9018131e+00 -2.9469090e+00 -3.0501216e+00 -2.7379400e+00 -3.4809549e+00 -2.9023176e+00
-9.9250000e-01 -3.9789924e+00 -3.5464071e+00 -3.1751697e+00 -3.1005096e+00 -2.9519502e+00 -2.9836352e+00 -2.8325559e+00 -2.9324403e+00 -3.1342649e+00 -3.1502136e+00
-9.8500000e-01 -4.0173433e+00 -3.4975218e+00 -3.2275941e+00 -3.0846049e+00 -3.0385102e+00 -2.9139934e+00 -2.8647052e+00 -3.2789034e+00 -2.8800413e+00 -3.6749579e+00
-9.7750000e-01 -4.0543396e+00 -3.6063578e+00 -3.2886152e+00 -3.0216296e+00 -2.9928058e+00 -2.9650078e+00 -3.1009502e+00 -3.0697326e+00 -2.9607987e+00 -3.4472285e+00
-9.7000000e-01 -4.0511280e+00 -3.5653643e+00 -3.2645215e+00 -3.2255619e+00 -3.0122394e+00 -3.0423278e+00 -3.0785820e+00 -2.8940183e+00 -3.3580926e+00 -3.0926322e+00
-9.6250000e-01 -4.1478139e+00 -3.6562198e+00 -3.3456603e+00 -3.1007198e+00 -3.1627632e+00 -3.0542585e+00 -2.9617601e+00 -3.0545271e+00 -3.3812901e+00 -3.0972967e+00
-9.5500000e-01 -4.1102698e+00 -3.6284927e+00 -3.3402898e+00 -3.1994101e+00 -3.0564430e+00 -3.0628945e+00 -3.0749495e+00 -3.3130579e+00 -3.0557088e+00 -3.4623963e+00
-9.4750000e-01 -4.1589516e+00 -3.7210497e+00 -3.3879658e+00 -3.2360473e+00 -3.1326125e+00 -3.0868775e+00 -3.1767234e+00 -3.1123349e+00 -3.0902949e+00 -3.7024611e+00
-9.4000000e-01 -4.2232330e+00 -3.6862971e+00 -3.4085946e+00 -3.2094795e+00 -3.2378990e+00 -3.1744284e+00 -3.1052148e+00 -3.0620989e+00 -3.4488576e+00 -3.2879058e+00
-9.3250000e-01 -4.2054907e+00 -3.7593234e+00 -3.4532558e+00 -3.3160031e+00 -3.1142169e+00 -3.1510892e+00 -3.1511754e+00 -3.2889308e+00 -3.3737364e+00 -3.2284468e+00
-9.2500000e-01 -4.2433577e+00 -3.7980851e+00 -3.4500813e+00 -3.2746735e+00 -3.3294257e+00 -3.1644329e+00 -3.2194828e+00 -3.2741864e+00 -3.1642194e+00 -3.5768603e+00
-9.1750000e-01 -4.3159524e+00 -3.7688357e+00 -3.5413617e+00 -3.3564571e+00 -3.1945859e+00 -3.2997998e+00 -3.2287647e+00 -3.1792436e+00 -3.3481929e+00 -3.6778568e+00
-9.1000000e-01 -4.3368074e+00 -3.8599357e+00 -3.4913258e+00 -3.3546848e+00 -3.3341171e+00 -3.1860046e+00 -3.2450589e+00 -3.3268531e+00 -3.5269514e+00 -3.3556466e+00
-9.0250000e-01 -4.3335773e+00 -3.8710836e+00 -3.6003375e+00 -3.4001714e+00 -3.2957710e+00 -3.3448053e+00 -3.2826239e+00 -3.3439308e+00 -3.3075245e+00 -3.4633191e+00
-8.9500000e-01 -4.3548258e+00 -3.8782449e+00 -3.5726225e+00 -3.4176066e+00 -3.3602239e+00 -3.2925074e+00 -3.3512855e+00 -3.3113333e+00 -3.4057064e+00 -3.7910273e+00
-8.8750000e-01 -4.3985814e+00 -3.9493740e+00 -3.6328889e+00 -3.4770416e+00 -3.3707336e+00 -3.3381056e+00 -3.2983610e+00 -3.3978197e+00 -3.5632559e+00 -3.5233889e+00
-8.8000000e-01 -4.4447664e+00 -3.9744100e+00 -3.6499924e+00 -3.4447618e+00 -3.4169677e+00 -3.4058496e+00 -3.4322453e+00 -3.4106620e+00 -3.4194707e+00 -3.5310862e+00
-8.7250000e-01 -4.4824587e+00 -3.9634307e+00 -3.6625364e+00 -3.5748600e+00 -3.4289758e+00 -3.3666468e+00 -3.3715349e+00 -3.4360785e+00 -3.5336681e+00 -3.8122477e+00
-8.6500000e-01 -4.5143832e+00 -3.9875093e+00 -3.7493676e+00 -3.5066062e+00 -3.4753689e+00 -3.4786068e+00 -3.4540567e+00 -3.4563106e+00 -3.5747951e+00 -3.6165824e+00
-8.5750000e-01 -4.5476080e+00 -4.0417786e+00 -3.7526871e+00 -3.5696213e+00 -3.4988780e+00 -3.4341526e+00 -3.4687676e+00 -3.5324820e+00 -3.5446104e+00 -3.6753338e+00
-8.5000000e-01 -4.5799207e+00 -4.0917598e+00 -3.7353812e+00 -3.6497688e+00 -3.5222094e+00 -3.5114519e+00 -3.4845528e+00 -3.4837908e+00 -3.6314806e+00 -3.8260737e+00
-8.4250000e-01 -4.6022114e+00 -4.1241464e+00 -3.7863289e+00 -3.6083710e+00 -3.5560465e+00 -3.5308687e+00 -3.5416686e+00 -3.6185622e+00 -3.6282125e+00 -3.6963241e+00
-8.3500000e-01 -4.6231221e+00 -4.1483098e+00 -3.8513088e+00 -3.6564973e+00 -3.6191056e+00 -3.5315780e+00 -3.5519713e+00 -3.5325356e+00 -3.6721817e+00 -3.8444454e+00
-8.2750000e-01 -4.6424952e+00 -4.1746133e+00 -3.8762479e+00 -3.7091442e+00 -3.5728403e+00 -3.6187265e+00 -3.5729860e+00 -3.6884307e+00 -3.6906448e+00 -3.8096455e+00
-8.2000000e-01 -4.6560965e+00 -4.2041173e+00 -3.8824287e+00 -3.7126682e+00 -3.6632906e+00 -3.5920547e+00 -3.6601111e+00 -3.5826682e+00 -3.7428861e+00 -3.8589772e+00
-8.1250000e-01 -4.6997475e+00 -4.2313190e+00 -3.8992007e+00 -3.7501949e+00 -3.7283294e+00 -3.6561401e+00 -3.5864500e+00 -3.7695198e+00 -3.7359596e+00 -3.8846612e+00
-8.0500000e-01 -4.7487462e+00 -4.2580584e+00 -3.9286490e+00 -3.8148012e+00 -3.6742457e+00 -3.6642608e+00 -3.7555242e+00 -3.6256973e+00 -3.8150113e+00 -3.9257167e+00
-7.9750000e-01 -4.7720835e+00 -4.2987434e+00 -3.9623387e+00 -3.8516869e+00 -3.7030956e+00 -3.7259637e+00 -3.6609619e+00 -3.8417076e+00 -3.7957445e+00 -3.9263158e+00
-7.9000000e-01 -4.7821111e+00 -4.3410981e+00 -3.9958114e+00 -3.8589393e+00 -3.7889419e+00 -3.7383241e+00 -3.7417482e+00 -3.7043130e+00 -3.8555361e+00 -4.0101568e+00
-7.8250000e-01 -4.8377029e+00 -4.3540666e+00 -4.0310265e+00 -3.8670823e+00 -3.8252657e+00 -3.7230492e+00 -3.7941012e+00 -3.8186779e+00 -3.8994169e+00 -3.9655747e+00
-7.7500000e-01 -4.8463862e+00 -4.3712945e+00 -4.0684707e+00 -3.8893346e+00 -3.8282275e+00 -3.8027786e+00 -3.7783416e+00 -3.8738062e+00 -3.8524174e+00 -4.0867543e+00
-7.6750000e-01 -4.8930368e+00 -4.3893194e+00 -4.0966258e+00 -3.9223125e+00 -3.8511989e+00 -3.8846711e+00 -3.8307983e+00 -3.7906729e+00 -4.0382472e+00 -4.0274956e+00
-7.6000000e-01 -4.9088852e+00 -4.4481708e+00 -4.1103523e+00 -3.9575956e+00 -3.8961430e+00 -3.8746785e+00 -3.8478024e+00 -3.9297475e+00 -3.8912349e+00 -4.1114821e+00
-7.5250000e-01 -4.9603390e+00 -4.4710372e+00 -4.1439269e+00 -3.9861869e+00 -3.9446828e+00 -3.8532322e+00 -3.8776336e+00 -3.9459717e+00 -4.0217289e+00 -4.1582451e+00
-7.4500000e-01 -4.9658543e+00 -4.4856438e+00 -4.2026792e+00 -4.0043052e+00 -3.9861345e+00 -3.8741912e+00 -3.9497940e+00 -3.9134408e+00 -4.0913991e+00 -4.0843487e+00
-7.3750000e-01 -5.0032298e+00 -4.5414140e+00 -4.2331401e+00 -4.0250744e+00 -4.0193122e+00 -3.9222713e+00 -3.9838569e+00 -3.9743568e+00 -3.9867114e+00 -4.2837205e+00
-7.3000000e-01 -5.0462835e+00 -4.5412496e+00 -4.2594305e+00 -4.0708982e+00 -4.0441490e+00 -3.9710373e+00 -3.9685853e+00 -4.0179373e+00 -4.0851227e+00 -4.1927637e+00
-7.2250000e-01 -5.0737866e+00 -4.5964518e+00 -4.2616508e+00 -4.1265438e+00 -4.0598958e+00 -4.0099686e+00 -3.9625111e+00 -4.0333568e+00 -4.1847243e+00 -4.1813400e+00
-7.1500000e-01 -5.0968602e+00 -4.6038418e+00 -4.3314364e+00 -4.1534036e+00 -4.0734850e+00 -4.0433519e+00 -3.9859917e+00 -4.0762596e+00 -4.1462921e+00 -4.3612513e+00
-7.0750000e-01 -5.1209595e+00 -4.6573328e+00 -4.3351893e+00 -4.1872276e+00 -4.1007989e+00 -4.0797179e+00 -4.0267429e+00 -4.1322348e+00 -4.1436695e+00 -4.3399302e+00
-7.0000000e-01 -5.1550161e+00 -4.6814790e+00 -4.3683067e+00 -4.1927709e+00 -4.1360780e+00 -4.1236380e+00 -4.0695989e+00 -4.1667728e+00 -4.1951556e+00 -4.2705570e+00
-6.5000000e-01 -5.3620006e+00 -4.8681458e+00 -4.5738785e+00 -4.4195520e+00 -4.3261098e+00 -4.2800114e+00 -4.3011815e+00 -4.3100011e+00 -4.4654767e+00 -4.5319532e+00
-6.0000000e-01 -5.5486173e+00 -5.0807703e+00 -4.7635371e+00 -4.6169156e+00 -4.5139865e+00 -4.4940158e+00 -4.5229046e+00 -4.4948734e+00 -4.6098418e+00 -4.7890336e+00
-5.5000000e-01 -5.7611206e+00 -5.2796331e+00 -4.9777812e+00 -4.7935108e+00 -4.7393133e+00 -4.6805462e+00 -4.7136575e+00 -4.7169370e+00 -4.8283241e+00 -4.9065130e+00
-5.0000000e-01 -5.9525218e+00 -5.4769786e+00 -5.1784669e+00 -4.9964509e+00 -4.9335210e+00 -4.9033712e+00 -4.8950692e+00 -4.9096969e+00 -5.0189301e+00 -5.1292999e+00
-4.0000000e-01 -6.3149728e+00 -5.8728012e+00 -5.5720193e+00 -5.4076155e+00 -5.3283143e+00 -5.2904705e+00 -5.3058938e+00 -5.3302643e+00 -5.3977042e+00 -5.5433897e+00
-2.0000000e-01 -7.2617764e+00 -6.6291429e+00 -6.3343014e+00 -6.2060567e+00 -6.1257813e+00 -6.0946904e+00 -6.0965770e+00 -6.1347329e+00 -6.2074842e+00 -6.3293204e+00
0.0000000e+00 -7.9375657e+00 -7.4346323e+00 -7.1563074e+00 -6.9815176e+00 -6.9058999e+00 -6.9148720e+00 -6.9027988e+00 -6.9290254e+00 -7.0089304e+00 -7.1359885e+00
2.0000000e-01 -8.6981052e+00 -8.2924691e+00 -7.9725554e+00 -7.7941717e+00 -7.7126438e+00 -7.7488188e+00 -7.7279468e+00 -7.7056449e+00 -7.8265799e+00 -7.9415960e+00
4.0000000e-01 -9.6151371e+00 -9.0414650e+00 -8.8071424e+00 -8.6018968e+00 -8.5233517e+00 -8.5318080e+00 -8.4889794e+00 -8.5339638e+00 -8.6077327e+00 -8.7300884e+00
6.0000000e-01 -1.0373946e+01 -9.8832880e+00 -9.5368356e+00 -9.3945339e+00 -9.2866856e+00 -9.3208385e+00 -9.2736721e+00 -9.2739883e+00 -9.4265780e+00 -9.5213652e+00
8.0000000e-01 -1.1117199e+01 -1.0659409e+01 -1.0386574e+01 -1.0209924e+01 -1.0090422e+01 -1.0095194e+01 -1.0069916e+01 -1.0185308e+01 -1.0179382e+01 -1.0289796e+01
1.0000000e+00 -1.1962139e+01 -1.1475241e+01 -1.1191892e+01 -1.1029478e+01 -1.0882369e+01 -1.0953269e+01 -1.0870945e+01 -1.0905537e+01 -1.1045996e+01 -1.1171872e+01
1.2000000e+00 -1.2719768e+01 -1.2337285e+01 -1.1977808e+01 -1.1775771e+01 -1.1764118e+01 -1.1698817e+01 -1.1721117e+01 -1.1740215e+01 -1.1842758e+01 -1.1941397e+01
1.4000000e+00 -1.3545440e+01 -1.3084114e+01 -1.2741490e+01 -1.2561578e+01 -1.2528676e+01 -1.2455127e+01 -1.2530977e+01 -1.2516715e+01 -1.2585598e+01 -1.2760164e+01
1.6000000e+00 -1.4352313e+01 -1.3881924e+01 -1.3585467e+01 -1.3359707e+01 -1.3326041e+01 -1.3303932e+01 -1.3307528e+01 -1.3287121e+01 -1.3446183e+01 -1.3576547e+01
1.8000000e+00 -1.5205876e+01 -1.4689089e+01 -1.4361454e+01 -1.4219074e+01 -1.4105975e+01 -1.4131882e+01 -1.4119827e+01 -1.4143789e+01 -1.4246542e+01 -1.4352317e+01
2.0000000e+00 -1.6057995e+01 -1.5475309e+01 -1.5255434e+01 -1.5031905e+01 -1.4926091e+01 -1.4870646e+01 -1.4902871e+01 -1.4926687e+01 -1.4985557e+01 -1.5157173e+01