########################################################################
# Reference Counts for Solar Model AGSS09met                           #
# Column 1: log10(Axion mass in eV)                                   #
#        n>1: Reference photon counts in energy bin n-1                #
########################################################################
-3.0000000e+00 -4.8224578e-01 -2.2608003e-01 -5.7784427e-02 4.1418199e-02 5.0031771e-02 -8.2725327e-02 -3.1486254e-02 -4.0818684e-04 6.6362093e-03 7.7592430e-03 -3.1677334e-03 -2.6241190e-02 -6.0578051e-02 -1.0228471e-01 -1.5311811e-01 -2.1002774e-01 -2.7193496e-01 -3.4214901e-01 -4.2052938e-01 -5.0750033e-01
-2.8000000e+00 -4.8236135e-01 -2.2614744e-01 -5.7828423e-02 4.1387200e-02 5.0008585e-02 -8.2742916e-02 -3.1500280e-02 -4.1958063e-04 6.6267657e-03 7.7512883e-03 -3.1745267e-03 -2.6247060e-02 -6.0583171e-02 -1.0228922e-01 -1.5312211e-01 -2.1003131e-01 -2.7193816e-01 -3.4215191e-01 -4.2053200e-01 -5.0750272e-01
-2.6000000e+00 -4.8309065e-01 -2.2657281e-01 -5.8106039e-02 4.1191601e-02 4.9862281e-02 -8.2853895e-02 -3.1588782e-02 -4.9147197e-04 6.5671795e-03 7.7010970e-03 -3.2173900e-03 -2.6284092e-02 -6.0615481e-02 -1.0231766e-01 -1.5314733e-01 -2.1005382e-01 -2.7195839e-01 -3.4217018e-01 -4.2054859e-01 -5.0751785e-01
-2.4000000e+00 -4.8769711e-01 -2.2925849e-01 -5.9858452e-02 3.9957065e-02 4.8938946e-02 -8.3554253e-02 -3.2147270e-02 -9.4512983e-04 6.1911785e-03 7.3843849e-03 -3.4878583e-03 -2.6517764e-02 -6.0819350e-02 -1.0249708e-01 -1.5330646e-01 -2.1019590e-01 -2.7208603e-01 -3.4228548e-01 -4.2065326e-01 -5.0761329e-01
-2.2000000e+00 -5.1695944e-01 -2.4627520e-01 -7.0946571e-02 3.2151993e-02 4.3104230e-02 -8.7978335e-02 -3.5674356e-02 -3.8096781e-03 3.8172859e-03 5.3850100e-03 -5.1951694e-03 -2.7992711e-02 -6.2106114e-02 -1.0362950e-01 -1.5431077e-01 -2.1109256e-01 -2.7289155e-01 -3.4301313e-01 -4.2131381e-01 -5.0821559e-01
-2.1500000e+00 -5.3750339e-01 -2.5817607e-01 -7.8685328e-02 2.6711028e-02 3.9039746e-02 -9.1058521e-02 -3.8129193e-02 -5.8028888e-03 2.1657931e-03 3.9942653e-03 -6.3826241e-03 -2.9018462e-02 -6.3000929e-02 -1.0441693e-01 -1.5500909e-01 -2.1171600e-01 -2.7345161e-01 -3.4351903e-01 -4.2177304e-01 -5.0863432e-01
-2.1000000e+00 -5.7041926e-01 -2.7716340e-01 -9.1004802e-02 1.8060485e-02 3.2582649e-02 -9.5949106e-02 -4.2025463e-02 -8.9656276e-03 -4.5419930e-04 1.7882710e-03 -8.2659357e-03 -3.0645155e-02 -6.4419867e-02 -1.0566552e-01 -1.5611632e-01 -2.1270445e-01 -2.7433953e-01 -3.4432106e-01 -4.2250106e-01 -5.0929812e-01
-2.0500000e+00 -6.2351956e-01 -3.0758020e-01 -1.1066874e-01 4.2811674e-03 2.2310006e-02 -1.0372246e-01 -4.8214823e-02 -1.3987598e-02 -4.6130434e-03 -1.7125615e-03 -1.1254115e-02 -3.3225778e-02 -6.6670626e-02 -1.0764585e-01 -1.5787230e-01 -2.1427196e-01 -2.7574754e-01 -3.4559281e-01 -4.2365541e-01 -5.1035059e-01
-2.0000000e+00 -7.1018484e-01 -3.5663516e-01 -1.4219236e-01 -1.7734565e-02 5.9300093e-03 -1.1609904e-01 -5.8060244e-02 -2.1970579e-02 -1.1220628e-02 -7.2725354e-03 -1.5998462e-02 -3.7322057e-02 -7.0242607e-02 -1.1078817e-01 -1.6065826e-01 -2.1675860e-01 -2.7798094e-01 -3.4760991e-01 -4.2548618e-01 -5.1201968e-01
-1.9500000e+00 -8.5459418e-01 -4.3665845e-01 -1.9309432e-01 -5.3085562e-02 -2.0284868e-02 -1.3585933e-01 -7.3755732e-02 -3.4682943e-02 -2.1734172e-02 -1.6113686e-02 -2.3538995e-02 -4.3830062e-02 -7.5915859e-02 -1.1577773e-01 -1.6508102e-01 -2.2070551e-01 -2.8152536e-01 -3.5081064e-01 -4.2839092e-01 -5.1466765e-01
-1.9000000e+00 -1.1049818e+00 -5.6988068e-01 -2.7630585e-01 -1.1032339e-01 -6.2495615e-02 -1.6755115e-01 -9.8881928e-02 -5.4984610e-02 -3.8502120e-02 -3.0200195e-02 -3.5543878e-02 -5.4184705e-02 -8.4937850e-02 -1.2370922e-01 -1.7210914e-01 -2.2697568e-01 -2.8715476e-01 -3.5589315e-01 -4.3300259e-01 -5.1887101e-01
-1.8500000e+00 -1.5778268e+00 -8.0050449e-01 -4.1537439e-01 -2.0433967e-01 -1.3116431e-01 -2.1876182e-01 -1.3929189e-01 -8.7558549e-02 -6.5341935e-02 -5.2716026e-02 -5.4708163e-02 -7.0698055e-02 -9.9314319e-02 -1.3633967e-01 -1.8329494e-01 -2.3695058e-01 -2.9610686e-01 -3.6397289e-01 -4.4033177e-01 -5.2554965e-01
-1.8475000e+00 -1.6118042e+00 -8.1600942e-01 -4.2447999e-01 -2.1041939e-01 -1.3557512e-01 -2.2203610e-01 -1.4186841e-01 -8.9631305e-02 -6.7047717e-02 -5.4145124e-02 -5.5923513e-02 -7.1744596e-02 -1.0022495e-01 -1.3713936e-01 -1.8400290e-01 -2.3758171e-01 -2.9667313e-01 -3.6448388e-01 -4.4079520e-01 -5.2597188e-01
-1.8400000e+00 -1.7224012e+00 -8.6556226e-01 -4.5336383e-01 -2.2964027e-01 -1.4949519e-01 -2.3235710e-01 -1.4998420e-01 -9.6156982e-02 -7.2416087e-02 -5.8641491e-02 -5.9746565e-02 -7.5036092e-02 -1.0308861e-01 -1.3965386e-01 -1.8622881e-01 -2.3956591e-01 -2.9845331e-01 -3.6609015e-01 -4.4225193e-01 -5.2729904e-01
-1.8325000e+00 -1.8476579e+00 -9.2014716e-01 -4.8479074e-01 -2.5044003e-01 -1.6451606e-01 -2.4347311e-01 -1.5871526e-01 -1.0317175e-01 -7.8183471e-02 -6.3469970e-02 -6.3850634e-02 -7.8568610e-02 -1.0616132e-01 -1.4235147e-01 -1.8861646e-01 -2.4169405e-01 -3.0036244e-01 -3.6781264e-01 -4.4381393e-01 -5.2872203e-01
-1.8250000e+00 -1.9896087e+00 -9.8047651e-01 -5.1903772e-01 -2.7296863e-01 -1.8073455e-01 -2.5545041e-01 -1.6811123e-01 -1.1071416e-01 -8.4380775e-02 -6.8655952e-02 -6.8256989e-02 -8.2360249e-02 -1.0945868e-01 -1.4524577e-01 -1.9117783e-01 -2.4397673e-01 -3.0240999e-01 -3.6965984e-01 -4.4548890e-01 -5.3024782e-01
-1.8175000e+00 -2.1490405e+00 -1.0474151e+00 -5.5642343e-01 -2.9739422e-01 -1.9825776e-01 -2.6836167e-01 -1.7822625e-01 -1.1882607e-01 -9.1041495e-02 -7.4226906e-02 -7.2988608e-02 -8.6430540e-02 -1.1299751e-01 -1.4835141e-01 -1.9392577e-01 -2.4642535e-01 -3.0460614e-01 -3.7164091e-01 -4.4728511e-01 -5.3188394e-01
-1.8100000e+00 -2.3218218e+00 -1.1220266e+00 -5.9731715e-01 -3.2390610e-01 -2.1720452e-01 -2.8228671e-01 -1.8911947e-01 -1.2755307e-01 -9.8201975e-02 -8.0212570e-02 -7.8070329e-02 -9.0800566e-02 -1.1679594e-01 -1.5168417e-01 -1.9687415e-01 -2.4905220e-01 -3.0696185e-01 -3.7376569e-01 -4.4921144e-01 -5.3363845e-01
-1.8025000e+00 -2.4894789e+00 -1.2056384e+00 -6.4215040e-01 -3.5271849e-01 -2.3770707e-01 -2.9731343e-01 -2.0085559e-01 -1.3694479e-01 -1.0590168e-01 -8.6645167e-02 -8.3529014e-02 -9.5493101e-02 -1.2087354e-01 -1.5526105e-01 -2.0003791e-01 -2.5187049e-01 -3.0948891e-01 -3.7604477e-01 -4.5127746e-01 -5.3552003e-01
-1.7950000e+00 -2.6061524e+00 -1.2999312e+00 -6.9143211e-01 -3.8407499e-01 -2.5991307e-01 -3.1353881e-01 -2.1350554e-01 -1.4705538e-01 -1.1418352e-01 -9.3559641e-02 -8.9393741e-02 -1.0053276e-01 -1.2525143e-01 -1.5910040e-01 -2.0343313e-01 -2.5489445e-01 -3.1220000e-01 -3.7848953e-01 -4.5349344e-01 -5.3753800e-01
-1.7875000e+00 -2.6175231e+00 -1.4070625e+00 -7.4576888e-01 -4.1825438e-01 -2.8398807e-01 -3.3107017e-01 -2.2714718e-01 -1.5794398e-01 -1.2309420e-01 -1.0099392e-01 -9.5696010e-02 -1.0594616e-01 -1.2995245e-01 -1.6322202e-01 -2.0707717e-01 -2.5813944e-01 -3.1510880e-01 -3.8111223e-01 -4.5587045e-01 -5.3970240e-01
-1.7800000e+00 -2.5288291e+00 -1.5298271e+00 -8.0589244e-01 -4.5557779e-01 -3.1011846e-01 -3.5002656e-01 -2.4186622e-01 -1.6967533e-01 -1.3268460e-01 -1.0898922e-01 -1.0246997e-01 -1.1176212e-01 -1.3500124e-01 -1.6764728e-01 -2.1098874e-01 -2.6162197e-01 -3.1823002e-01 -3.8392606e-01 -4.5842038e-01 -5.4202402e-01
-1.7725000e+00 -2.3974627e+00 -1.6718208e+00 -8.7269756e-01 -4.9641794e-01 -3.3851508e-01 -3.7054053e-01 -2.5775718e-01 -1.8232036e-01 -1.4301027e-01 -1.1759038e-01 -1.0975269e-01 -1.1801185e-01 -1.4042449e-01 -1.7239927e-01 -2.1518804e-01 -2.6535989e-01 -3.2157953e-01 -3.8694524e-01 -4.6115605e-01 -5.4451447e-01
-1.7650000e+00 -2.2663331e+00 -1.8374190e+00 -9.4729540e-01 -5.4121117e-01 -3.6941773e-01 -3.9276011e-01 -2.7492457e-01 -1.9595697e-01 -1.5413191e-01 -1.2684583e-01 -1.1758441e-01 -1.2472918e-01 -1.4625108e-01 -1.7750296e-01 -2.1969689e-01 -2.6937242e-01 -3.2517443e-01 -3.9018509e-01 -4.6409125e-01 -5.4718624e-01
-1.7575000e+00 -2.1520733e+00 -2.0307054e+00 -1.0310902e+00 -5.9047324e-01 -4.0310078e-01 -4.1685130e-01 -2.9348428e-01 -2.1067090e-01 -1.6611597e-01 -1.3680961e-01 -1.2600893e-01 -1.3195082e-01 -1.5251227e-01 -1.8298533e-01 -2.2453886e-01 -2.7368033e-01 -3.2903317e-01 -3.9366211e-01 -4.6724085e-01 -5.5005280e-01
-1.7500000e+00 -2.0586067e+00 -2.2497469e+00 -1.1258921e+00 -6.4482059e-01 -4.3988026e-01 -4.4300104e-01 -3.1356521e-01 -2.2655672e-01 -1.7903534e-01 -1.4753950e-01 -1.3507391e-01 -1.3971666e-01 -1.5924199e-01 -1.8887563e-01 -2.2973941e-01 -2.7830605e-01 -3.3317565e-01 -3.9739410e-01 -4.7062086e-01 -5.5312863e-01
-1.7425000e+00 -1.9856902e+00 -2.4643531e+00 -1.2340851e+00 -7.0499931e-01 -4.8012297e-01 -4.7142088e-01 -3.3531125e-01 -2.4371900e-01 -1.9297010e-01 -1.5909912e-01 -1.4483131e-01 -1.4807005e-01 -1.6647701e-01 -1.9520550e-01 -2.3532613e-01 -2.8327381e-01 -3.3762338e-01 -4.0140026e-01 -4.7424855e-01 -5.5642937e-01
-1.7350000e+00 -1.9321404e+00 -2.5760597e+00 -1.3588811e+00 -7.7192560e-01 -5.2425832e-01 -5.0235152e-01 -3.5888356e-01 -2.6227374e-01 -2.0800845e-01 -1.7155819e-01 -1.5533787e-01 -1.5705820e-01 -1.7425732e-01 -2.0200928e-01 -2.4132885e-01 -2.8860983e-01 -3.4239956e-01 -4.0570133e-01 -4.7814256e-01 -5.5997184e-01
-1.7275000e+00 -1.8968685e+00 -2.5001332e+00 -1.5046926e+00 -8.4674345e-01 -5.7279399e-01 -5.3606843e-01 -3.8446349e-01 -2.8234995e-01 -2.2424776e-01 -1.8499325e-01 -1.6665562e-01 -1.6672916e-01 -1.8262636e-01 -2.0932424e-01 -2.4777992e-01 -2.9434246e-01 -3.4752930e-01 -4.1031969e-01 -4.8232299e-01 -5.6377421e-01
-1.7200000e+00 -1.8791710e+00 -2.3209647e+00 -1.6776066e+00 -9.3090904e-01 -6.2633687e-01 -5.7288912e-01 -4.1225602e-01 -3.0409164e-01 -2.4179579e-01 -1.9948851e-01 -1.7885251e-01 -1.7714591e-01 -1.9163146e-01 -2.1719084e-01 -2.5471443e-01 -3.0050244e-01 -3.5303976e-01 -4.1527954e-01 -4.8681154e-01 -5.6785608e-01
-1.7125000e+00 -1.8787874e+00 -2.1382823e+00 -1.8855329e+00 -1.0263176e+00 -6.8562187e-01 -6.1318228e-01 -4.4249410e-01 -3.2766019e-01 -2.6077215e-01 -2.1513683e-01 -1.9200310e-01 -1.8836645e-01 -2.0132419e-01 -2.2565311e-01 -2.6217044e-01 -3.0712305e-01 -3.5896034e-01 -4.2060705e-01 -4.9163167e-01 -5.7223859e-01
-1.7050000e+00 -1.8958934e+00 -1.9834185e+00 -2.1350975e+00 -1.1355001e+00 -7.5155221e-01 -6.5737987e-01 -4.7544396e-01 -3.5323720e-01 -2.8131007e-01 -2.3204084e-01 -2.0618934e-01 -2.0045801e-01 -2.1176086e-01 -2.3475900e-01 -2.7018934e-01 -3.1424042e-01 -3.6532288e-01 -4.2633053e-01 -4.9680874e-01 -5.7694460e-01
-1.6975000e+00 -1.9310747e+00 -1.8591923e+00 -2.4087661e+00 -1.2619358e+00 -8.2525715e-01 -7.0599290e-01 -5.1141200e-01 -3.8102796e-01 -3.0355840e-01 -2.5031433e-01 -2.2150159e-01 -2.1349436e-01 -2.2300303e-01 -2.4456078e-01 -2.7881615e-01 -3.2189380e-01 -3.7216193e-01 -4.3248065e-01 -5.0237019e-01 -5.8199881e-01
-1.6900000e+00 -1.9852801e+00 -1.7623762e+00 -2.5796585e+00 -1.4105604e+00 -9.0817724e-01 -7.5963292e-01 -5.5075341e-01 -4.1126584e-01 -3.2768417e-01 -2.7008381e-01 -2.3803963e-01 -2.2755661e-01 -2.3511810e-01 -2.5511550e-01 -2.8809992e-01 -3.3012582e-01 -3.7951497e-01 -4.3909065e-01 -5.0834571e-01 -5.8742793e-01
-1.6825000e+00 -2.0596988e+00 -1.6895130e+00 -2.4765457e+00 -1.5885755e+00 -1.0021939e+00 -8.1904130e-01 -5.9388347e-01 -4.4421765e-01 -3.5387560e-01 -2.9149044e-01 -2.5591399e-01 -2.4273409e-01 -2.4818005e-01 -2.6648560e-01 -2.9809413e-01 -3.3898292e-01 -3.8742273e-01 -4.4619661e-01 -5.1476749e-01 -5.9326090e-01
-1.6750000e+00 -2.1554182e+00 -1.6380313e+00 -2.2394464e+00 -1.8065084e+00 -1.1098341e+00 -8.8513051e-01 -6.4129247e-01 -4.8019051e-01 -3.8234581e-01 -3.1469228e-01 -2.7524747e-01 -2.5912548e-01 -2.6227018e-01 -2.7873944e-01 -3.0885721e-01 -3.4851568e-01 -3.9592951e-01 -4.5383767e-01 -5.2167043e-01 -5.9952902e-01
-1.6675000e+00 -2.2724808e+00 -1.6063054e+00 -2.0188108e+00 -2.0776191e+00 -1.2346051e+00 -9.5904346e-01 -6.9356567e-01 -5.1954061e-01 -4.1333753e-01 -3.3986710e-01 -2.9617696e-01 -2.7684004e-01 -2.7747810e-01 -2.9195206e-01 -3.2045310e-01 -3.5877932e-01 -4.0508356e-01 -4.6205643e-01 -5.2909243e-01 -6.0626627e-01
-1.6600000e+00 -2.4074493e+00 -1.5935360e+00 -1.8419945e+00 -2.3983700e+00 -1.3815694e+00 -1.0422415e+00 -7.5141060e-01 -5.6268456e-01 -4.4712880e-01 -3.6721572e-01 -3.1885557e-01 -2.9599911e-01 -2.9390275e-01 -3.0620598e-01 -3.3295185e-01 -3.6983418e-01 -4.1493750e-01 -4.7089922e-01 -5.3707466e-01 -6.1350951e-01
-1.6525000e+00 -2.5479923e+00 -1.5996507e+00 -1.7043426e+00 -2.6231467e+00 -1.5583636e+00 -1.1366392e+00 -8.1569533e-01 -6.1011449e-01 -4.8404043e-01 -3.9696624e-01 -3.4345531e-01 -3.1673790e-01 -3.1165374e-01 -3.2158655e-01 -3.4643041e-01 -3.8174633e-01 -4.2554878e-01 -4.8041655e-01 -5.4566191e-01 -6.2129877e-01
-1.6450000e+00 -2.6654422e+00 -1.6252591e+00 -1.5986221e+00 -2.4819177e+00 -1.7770108e+00 -1.2448183e+00 -8.8750322e-01 -6.6241820e-01 -5.2444542e-01 -4.2937923e-01 -3.7017026e-01 -3.3921101e-01 -3.3084571e-01 -3.3820551e-01 -3.6097342e-01 -3.9458822e-01 -4.3698024e-01 -4.9066353e-01 -5.5490297e-01 -6.2967759e-01
-1.6375000e+00 -2.7201700e+00 -1.6716671e+00 -1.5194042e+00 -2.1922880e+00 -2.0564378e+00 -1.3703845e+00 -9.6821385e-01 -7.2030684e-01 -5.6878142e-01 -4.6475431e-01 -3.9922053e-01 -3.6358144e-01 -3.5163551e-01 -3.5616859e-01 -3.7667428e-01 -4.0843946e-01 -4.4930073e-01 -5.0170039e-01 -5.6485106e-01 -6.3869337e-01
-1.6300000e+00 -2.6977222e+00 -1.7409341e+00 -1.4631188e+00 -1.9451301e+00 -2.4164213e+00 -1.5185874e+00 -1.0596262e+00 -7.8465375e-01 -6.1756710e-01 -5.0343861e-01 -4.3085716e-01 -3.9004404e-01 -3.7415367e-01 -3.7559956e-01 -3.9363623e-01 -4.2338776e-01 -4.6258583e-01 -5.1359308e-01 -5.7556430e-01 -6.4839780e-01
-1.6225000e+00 -2.6281341e+00 -1.8359244e+00 -1.4276218e+00 -1.7551796e+00 -2.7561897e+00 -1.6974616e+00 -1.1641541e+00 -8.5655014e-01 -6.7142447e-01 -5.4583765e-01 -4.6536830e-01 -4.1881584e-01 -3.9857763e-01 -3.9663640e-01 -4.1197376e-01 -4.3952989e-01 -4.7691867e-01 -5.2641392e-01 -5.8710627e-01 -6.5884729e-01
-1.6150000e+00 -2.5510730e+00 -1.9601495e+00 -1.4118572e+00 -1.6102468e+00 -2.6322889e+00 -1.9199887e+00 -1.2851492e+00 -9.3738770e-01 -7.3110950e-01 -5.9242977e-01 -5.0308709e-01 -4.5014424e-01 -4.2509957e-01 -4.1943353e-01 -4.3181420e-01 -4.5697302e-01 -4.9239091e-01 -5.4024238e-01 -5.9954667e-01 -6.7010353e-01
-1.6075000e+00 -2.4900153e+00 -2.1166298e+00 -1.4156638e+00 -1.5000228e+00 -2.2788775e+00 -2.2078188e+00 -1.4274658e+00 -1.0289849e+00 -7.9755560e-01 -6.4378542e-01 -5.4440183e-01 -4.8431299e-01 -4.5393737e-01 -4.4416449e-01 -4.5329969e-01 -4.7583606e-01 -5.0910384e-01 -5.5516598e-01 -6.1296201e-01 -6.8223410e-01
-1.6000000e+00 -2.4545032e+00 -2.3029392e+00 -1.4397051e+00 -1.4177621e+00 -1.9941286e+00 -2.5895021e+00 -1.5985053e+00 -1.1337881e+00 -8.7193650e-01 -7.0059359e-01 -5.8976934e-01 -5.2164990e-01 -4.8533945e-01 -4.7102518e-01 -4.7658944e-01 -4.9625147e-01 -5.2716973e-01 -5.7128132e-01 -6.2743648e-01 -6.9531312e-01
-1.5925000e+00 -2.4474526e+00 -2.4942637e+00 -1.4855085e+00 -1.3592838e+00 -1.7836148e+00 -2.9711161e+00 -1.8102730e+00 -1.2552078e+00 -9.5576062e-01 -7.6369867e-01 -6.3973276e-01 -5.6253676e-01 -5.1959084e-01 -5.0023791e-01 -5.0186262e-01 -5.1836726e-01 -5.4671336e-01 -5.8869535e-01 -6.4306293e-01 -7.0942213e-01
-1.5850000e+00 -2.4691927e+00 -2.6140546e+00 -1.5556147e+00 -1.3221461e+00 -1.6260674e+00 -2.8154614e+00 -2.0835227e+00 -1.3982116e+00 -1.0510173e+00 -8.3415341e-01 -6.9494581e-01 -6.0742226e-01 -5.5702088e-01 -5.3205634e-01 -5.2932171e-01 -5.4234952e-01 -5.6787393e-01 -6.0752675e-01 -6.5994400e-01 -7.2465093e-01
-1.5775000e+00 -2.5189074e+00 -2.5835867e+00 -1.6538480e+00 -1.3051538e+00 -1.5072039e+00 -2.4285142e+00 -2.4534592e+00 -1.5704430e+00 -1.1604140e+00 -9.1329706e-01 -7.5620648e-01 -6.5683929e-01 -5.9801327e-01 -5.6677754e-01 -5.5919847e-01 -5.6838669e-01 -5.9080728e-01 -6.2790771e-01 -6.7819352e-01 -7.4109877e-01
-1.5700000e+00 -2.5945489e+00 -2.4529474e+00 -1.7856565e+00 -1.3081041e+00 -1.4184655e+00 -2.1328548e+00 -2.9156121e+00 -1.7845007e+00 -1.2877799e+00 -1.0028747e+00 -8.2450502e-01 -7.1142844e-01 -6.4301916e-01 -6.0472733e-01 -5.9175274e-01 -5.9668820e-01 -6.1568859e-01 -6.4998593e-01 -6.9793806e-01 -7.5887556e-01
-1.5625000e+00 -2.6912938e+00 -2.3148178e+00 -1.9580792e+00 -1.3316995e+00 -1.3547582e+00 -1.9182436e+00 -2.9269814e+00 -2.0628947e+00 -1.4387986e+00 -1.1052270e+00 -9.0109433e-01 -7.7197051e-01 -6.9257458e-01 -6.4630468e-01 -6.2728724e-01 -6.2749670e-01 -6.4271571e-01 -6.7392716e-01 -7.1931886e-01 -7.7810340e-01
-1.5550000e+00 -2.7979022e+00 -2.2095368e+00 -2.1767043e+00 -1.3776022e+00 -1.3131367e+00 -1.7588324e+00 -2.4958792e+00 -2.4475292e+00 -1.6224395e+00 -1.2236066e+00 -9.8759641e-01 -8.3943283e-01 -7.4732421e-01 -6.9197279e-01 -6.6615624e-01 -6.6108880e-01 -6.7211327e-01 -6.9991813e-01 -7.4249414e-01 -7.9891839e-01
-1.5475000e+00 -2.8917721e+00 -2.1463681e+00 -2.4261249e+00 -1.4486414e+00 -1.2921060e+00 -1.6389940e+00 -2.1595198e+00 -2.9595791e+00 -1.8540141e+00 -1.3627366e+00 -1.0861700e+00 -9.1503685e-01 -8.0805438e-01 -7.4228306e-01 -7.0876865e-01 -6.9778364e-01 -7.0413777e-01 -7.2817037e-01 -7.6764188e-01 -8.2147279e-01
-1.5400000e+00 -2.9416709e+00 -2.1260842e+00 -2.6004478e+00 -1.5492248e+00 -1.2912742e+00 -1.5496947e+00 -1.9212314e+00 -2.9673971e+00 -2.1622655e+00 -1.5298713e+00 -1.1997868e+00 -1.0003603e+00 -8.7573994e-01 -7.9790009e-01 -7.5560926e-01 -7.3795238e-01 -7.3908400e-01 -7.5892470e-01 -7.9496322e-01 -8.4593763e-01
-1.5325000e+00 -2.9314966e+00 -2.1482994e+00 -2.5385683e+00 -1.6860279e+00 -1.3112235e+00 -1.4856474e+00 -1.7467307e+00 -2.4868826e+00 -2.6032220e+00 -1.7369929e+00 -1.3327127e+00 -1.0974972e+00 -9.5161296e-01 -8.5963650e-01 -8.0725707e-01 -7.8202929e-01 -7.7729222e-01 -7.9245706e-01 -8.2468670e-01 -8.7250587e-01
-1.5250000e+00 -2.8812332e+00 -2.2128297e+00 -2.3393362e+00 -1.8688660e+00 -1.3535502e+00 -1.4438221e+00 -1.6162256e+00 -2.1366004e+00 -3.1386241e+00 -2.0058692e+00 -1.4914067e+00 -1.2093210e+00 -1.0372667e+00 -9.2850278e-01 -8.6441250e-01 -8.3053340e-01 -8.1916317e-01 -8.2908581e-01 -8.5707350e-01 -9.0139636e-01
-1.5175000e+00 -2.8286457e+00 -2.3183204e+00 -2.1546040e+00 -2.1099523e+00 -1.4210874e+00 -1.4226891e+00 -1.5186987e+00 -1.8935043e+00 -2.8559700e+00 -2.3806632e+00 -1.6863506e+00 -1.3399408e+00 -1.1348187e+00 -1.0057806e+00 -9.2793575e-01 -8.8408297e-01 -8.6516663e-01 -8.6918120e-01 -8.9242408e-01 -9.3285871e-01
-1.5100000e+00 -2.8040607e+00 -2.4569620e+00 -2.0230403e+00 -2.4066772e+00 -1.5183859e+00 -1.4218495e+00 -1.4478229e+00 -1.7168495e+00 -2.3755016e+00 -2.9387824e+00 -1.9362053e+00 -1.4955493e+00 -1.2471800e+00 -1.0931341e+00 -9.9890192e-01 -9.4343144e-01 -9.1586039e-01 -9.1318306e-01 -9.3108676e-01 -9.6717942e-01
-1.5025000e+00 -2.8258675e+00 -2.6017149e+00 -1.9456564e+00 -2.6351400e+00 -1.6526294e+00 -1.4419012e+00 -1.3999613e+00 -1.5851904e+00 -2.0549388e+00 -3.1634781e+00 -2.2784885e+00 -1.6861424e+00 -1.3785235e+00 -1.1927872e+00 -1.0786829e+00 -1.0095098e+00 -9.7192127e-01 -9.6159560e-01 -9.7346871e-01 -1.0046897e+00
-1.4950000e+00 -2.9030449e+00 -2.6952126e+00 -1.9192277e+00 -2.5353064e+00 -1.8352811e+00 -1.4844839e+00 -1.3731872e+00 -1.4869630e+00 -1.8316099e+00 -2.5968724e+00 -2.7948190e+00 -1.9294195e+00 -1.5351595e+00 -1.3078166e+00 -1.1690734e+00 -1.0834903e+00 -1.0341768e+00 -1.0150420e+00 -1.0200544e+00 -1.0457758e+00
-1.4875000e+00 -3.0293354e+00 -2.6919638e+00 -1.9426142e+00 -2.2758020e+00 -2.0843385e+00 -1.5525182e+00 -1.3667913e+00 -1.4156230e+00 -1.6683841e+00 -2.1970041e+00 -3.3221545e+00 -2.2609442e+00 -1.7273255e+00 -1.4426696e+00 -1.2724928e+00 -1.1668814e+00 -1.1036580e+00 -1.0742735e+00 -1.0714101e+00 -1.0908917e+00
-1.4800000e+00 -3.1578423e+00 -2.6246580e+00 -2.0174229e+00 -2.0594713e+00 -2.4190545e+00 -1.6507313e+00 -1.3811623e+00 -1.3674375e+00 -1.5466177e+00 -1.9304083e+00 -2.7753138e+00 -2.7623552e+00 -1.9732993e+00 -1.6041466e+00 -1.3923267e+00 -1.2616777e+00 -1.1816752e+00 -1.1402129e+00 -1.1282334e+00 -1.1405779e+00
-1.4725000e+00 -3.1941587e+00 -2.5559897e+00 -2.1469091e+00 -1.9125333e+00 -2.7562692e+00 -1.7866876e+00 -1.4176304e+00 -1.3404359e+00 -1.4562565e+00 -1.7402307e+00 -2.3087423e+00 -3.4019854e+00 -2.3103937e+00 -1.8034501e+00 -1.5335395e+00 -1.3706029e+00 -1.2699351e+00 -1.2140393e+00 -1.1913760e+00 -1.1954909e+00
-1.4650000e+00 -3.1253491e+00 -2.5202609e+00 -2.3301212e+00 -1.8274332e+00 -2.6764429e+00 -1.9727725e+00 -1.4788178e+00 -1.3339081e+00 -1.3916115e+00 -1.5995775e+00 -2.0089821e+00 -2.8854649e+00 -2.8277846e+00 -2.0610373e+00 -1.7038684e+00 -1.4975304e+00 -1.3707256e+00 -1.2972509e+00 -1.2619016e+00 -1.2564118e+00
-1.4575000e+00 -3.0528313e+00 -2.5275343e+00 -2.5367263e+00 -1.7977808e+00 -2.3466361e+00 -2.2295961e+00 -1.5690260e+00 -1.3481991e+00 -1.3494829e+00 -1.4946931e+00 -1.7996177e+00 -2.3794433e+00 -3.4990535e+00 -2.4201924e+00 -1.9164004e+00 -1.6482607e+00 -1.4872265e+00 -1.3918354e+00 -1.3411630e+00 -1.3243328e+00
-1.4500000e+00 -3.0466507e+00 -2.5768785e+00 -2.6540861e+00 -1.8218402e+00 -2.0867753e+00 -2.5848659e+00 -1.6951953e+00 -1.3847089e+00 -1.3282766e+00 -1.4179937e+00 -1.6461910e+00 -2.0625830e+00 -2.9169245e+00 -2.9897271e+00 -2.1959810e+00 -1.8320908e+00 -1.6240614e+00 -1.5005069e+00 -1.4309410e+00 -1.4005018e+00
-1.4425000e+00 -3.1218297e+00 -2.6606826e+00 -2.5851827e+00 -1.9024443e+00 -1.9150436e+00 -2.9660119e+00 -1.8688061e+00 -1.4460972e+00 -1.3275911e+00 -1.3651822e+00 -1.5318549e+00 -1.8440311e+00 -2.4071563e+00 -3.5822956e+00 -2.5984414e+00 -2.0653809e+00 -1.7883584e+00 -1.6271253e+00 -1.5336206e+00 -1.4865296e+00
-1.4350000e+00 -3.2482350e+00 -2.7620817e+00 -2.4397249e+00 -2.0466365e+00 -1.8138827e+00 -2.8628951e+00 -2.1097115e+00 -1.5367757e+00 -1.3480728e+00 -1.3339423e+00 -1.4475505e+00 -1.6847562e+00 -2.0913934e+00 -2.8712412e+00 -3.2706107e+00 -2.3810797e+00 -1.9920056e+00 -1.7774720e+00 -1.6525416e+00 -1.5845847e+00
-1.4275000e+00 -3.3366693e+00 -2.8493695e+00 -2.3298787e+00 -2.2618718e+00 -1.7726543e+00 -2.4953696e+00 -2.4515497e+00 -1.6639246e+00 -1.3914738e+00 -1.3233225e+00 -1.3881746e+00 -1.5662248e+00 -1.8739437e+00 -2.3942480e+00 -3.5074919e+00 -2.8602889e+00 -2.2571539e+00 -1.9608203e+00 -1.7925983e+00 -1.6976348e+00
-1.4200000e+00 -3.3208828e+00 -2.8833826e+00 -2.2874544e+00 -2.5261341e+00 -1.7880444e+00 -2.2221587e+00 -2.8985646e+00 -1.8396096e+00 -1.4609351e+00 -1.3334703e+00 -1.3509110e+00 -1.4786235e+00 -1.7155453e+00 -2.0959221e+00 -2.7751800e+00 -3.6804941e+00 -2.6325316e+00 -2.1935175e+00 -1.9614158e+00 -1.8299666e+00
-1.4125000e+00 -3.2685745e+00 -2.8553291e+00 -2.3163666e+00 -2.6745413e+00 -1.8629565e+00 -2.0451674e+00 -2.9644173e+00 -2.0853859e+00 -1.5616205e+00 -1.3655985e+00 -1.3344512e+00 -1.4164564e+00 -1.5977228e+00 -1.8886389e+00 -2.3557946e+00 -3.2710913e+00 -3.2538856e+00 -2.5086595e+00 -2.1719028e+00 -1.9881131e+00
-1.4050000e+00 -3.2599767e+00 -2.8051166e+00 -2.4125584e+00 -2.5400947e+00 -2.0068945e+00 -1.9415589e+00 -2.5549758e+00 -2.4412100e+00 -1.7020337e+00 -1.4221523e+00 -1.3386447e+00 -1.3766741e+00 -1.5107237e+00 -1.7370237e+00 -2.0857982e+00 -2.6587276e+00 -3.8479545e+00 -2.9893433e+00 -2.4486750e+00 -2.1828067e+00
-1.3975000e+00 -3.3192695e+00 -2.7841424e+00 -2.5572846e+00 -2.3334316e+00 -2.2365429e+00 -1.8991934e+00 -2.2361581e+00 -2.9359711e+00 -1.8968675e+00 -1.5072639e+00 -1.3644019e+00 -1.3578101e+00 -1.4490969e+00 -1.6242231e+00 -1.8951521e+00 -2.3043381e+00 -3.0145448e+00 -3.8594480e+00 -2.8481192e+00 -2.4336399e+00
-1.3900000e+00 -3.4264434e+00 -2.8268427e+00 -2.6913089e+00 -2.1959756e+00 -2.5591605e+00 -1.9143974e+00 -2.0306057e+00 -3.0082330e+00 -2.1735900e+00 -1.6277107e+00 -1.4138055e+00 -1.3595882e+00 -1.4098265e+00 -1.5412642e+00 -1.7547750e+00 -2.0672794e+00 -2.5426287e+00 -3.4443308e+00 -3.5401371e+00 -2.7825573e+00
-1.3825000e+00 -3.4940505e+00 -2.9415518e+00 -2.7259787e+00 -2.1470878e+00 -2.8105840e+00 -1.9903253e+00 -1.9067413e+00 -2.5441496e+00 -2.5856552e+00 -1.7949593e+00 -1.4904772e+00 -1.3827995e+00 -1.3914743e+00 -1.4831247e+00 -1.6503928e+00 -1.8967598e+00 -2.2497256e+00 -2.8049690e+00 -3.9426596e+00 -3.3458096e+00
-1.3750000e+00 -3.4510539e+00 -3.0749427e+00 -2.6671773e+00 -2.1862702e+00 -2.6371964e+00 -2.1376283e+00 -1.8478019e+00 -2.2092360e+00 -3.1210122e+00 -2.0298790e+00 -1.6003761e+00 -1.4293912e+00 -1.3937917e+00 -1.4470566e+00 -1.5742803e+00 -1.7704012e+00 -2.0461655e+00 -2.4440201e+00 -3.0924229e+00 -4.2772513e+00
-1.3675000e+00 -3.4083131e+00 -3.0915133e+00 -2.6045935e+00 -2.3132454e+00 -2.3565003e+00 -2.3767137e+00 -1.8476639e+00 -1.9981355e+00 -2.9080027e+00 -2.3744379e+00 -1.7534964e+00 -1.5028030e+00 -1.4176022e+00 -1.4318149e+00 -1.5221090e+00 -1.6767819e+00 -1.8972437e+00 -2.2041847e+00 -2.6481230e+00 -3.4057422e+00
-1.3600000e+00 -3.4777834e+00 -2.9986642e+00 -2.5902049e+00 -2.5143055e+00 -2.1772852e+00 -2.7268632e+00 -1.9078413e+00 -1.8718283e+00 -2.4337494e+00 -2.9051794e+00 -1.9677465e+00 -1.6087149e+00 -1.4648963e+00 -1.4373103e+00 -1.4915713e+00 -1.6096073e+00 -1.7865403e+00 -2.0321178e+00 -2.3687119e+00 -2.8599743e+00
-1.3525000e+00 -3.6087273e+00 -2.9541925e+00 -2.6324896e+00 -2.6962418e+00 -2.1058398e+00 -3.0214920e+00 -2.0376501e+00 -1.8117341e+00 -2.1321064e+00 -3.1989758e+00 -2.2788443e+00 -1.7566393e+00 -1.5391817e+00 -1.4645533e+00 -1.4817465e+00 -1.5653721e+00 -1.7053308e+00 -1.9047422e+00 -2.1731106e+00 -2.5380710e+00
-1.3450000e+00 -3.6019662e+00 -3.0311863e+00 -2.7177744e+00 -2.6810563e+00 -2.1356437e+00 -2.8093193e+00 -2.2574253e+00 -1.8112621e+00 -1.9455363e+00 -2.6514650e+00 -2.7643480e+00 -1.9635627e+00 -1.6462563e+00 -1.5157270e+00 -1.4928352e+00 -1.5423122e+00 -1.6487455e+00 -1.8103734e+00 -2.0295894e+00 -2.3189698e+00
-1.3375000e+00 -3.5428454e+00 -3.1901069e+00 -2.8139781e+00 -2.5397330e+00 -2.2707621e+00 -2.4955856e+00 -2.6003750e+00 -1.8720140e+00 -1.8382918e+00 -2.2609205e+00 -3.3257507e+00 -2.2633632e+00 -1.7958683e+00 -1.5946478e+00 -1.5261311e+00 -1.5399258e+00 -1.6141413e+00 -1.7425960e+00 -1.9229471e+00 -2.1600727e+00
-1.3300000e+00 -3.6013584e+00 -3.2390896e+00 -2.8720995e+00 -2.4448346e+00 -2.5176403e+00 -2.3036061e+00 -3.0071692e+00 -2.0040296e+00 -1.7950963e+00 -2.0220519e+00 -2.8305312e+00 -2.7330619e+00 -2.0055555e+00 -1.7076154e+00 -1.5842150e+00 -1.5588020e+00 -1.6003566e+00 -1.6978403e+00 -1.8450516e+00 -2.0421448e+00
-1.3225000e+00 -3.7067332e+00 -3.1478620e+00 -2.8608062e+00 -2.4472540e+00 -2.7977347e+00 -2.2269425e+00 -2.8933120e+00 -2.2301331e+00 -1.8117240e+00 -1.8781971e+00 -2.3667398e+00 -3.3868870e+00 -2.3108237e+00 -1.8653243e+00 -1.6714597e+00 -1.6006632e+00 -1.6073869e+00 -1.6743038e+00 -1.7913642e+00 -1.9552051e+00
-1.3150000e+00 -3.7050344e+00 -3.1260035e+00 -2.8149406e+00 -2.5440468e+00 -2.7761927e+00 -2.2557451e+00 -2.5210507e+00 -2.5933590e+00 -1.8921813e+00 -1.8047137e+00 -2.0891183e+00 -2.9421867e+00 -2.7955064e+00 -2.0873904e+00 -1.7951155e+00 -1.6686693e+00 -1.6363151e+00 -1.6714582e+00 -1.7594539e+00 -1.8937245e+00
-1.3075000e+00 -3.6725498e+00 -3.2263637e+00 -2.8051511e+00 -2.6917359e+00 -2.5409241e+00 -2.3955322e+00 -2.2833251e+00 -3.0604668e+00 -2.0502303e+00 -1.7924201e+00 -1.9205655e+00 -2.4350860e+00 -3.4859952e+00 -2.4148789e+00 -1.9677138e+00 -1.7680779e+00 -1.6894619e+00 -1.6898705e+00 -1.7483170e+00 -1.8546632e+00
-1.3000000e+00 -3.7424408e+00 -3.3305642e+00 -2.8794668e+00 -2.7795627e+00 -2.3932133e+00 -2.6615950e+00 -2.1742437e+00 -2.9138785e+00 -2.3164412e+00 -1.8414367e+00 -1.8280538e+00 -2.1377952e+00 -2.9743241e+00 -2.9498084e+00 -2.2130320e+00 -1.9076995e+00 -1.7708246e+00 -1.7312535e+00 -1.7580893e+00 -1.8365832e+00
-1.2925000e+00 -3.8319161e+00 -3.3126932e+00 -3.0173948e+00 -2.7460253e+00 -2.3831163e+00 -2.9911817e+00 -2.1760454e+00 -2.4974350e+00 -2.7485893e+00 -1.9606685e+00 -1.7986237e+00 -1.9577716e+00 -2.4622203e+00 -3.5999917e+00 -2.5837533e+00 -2.1032249e+00 -1.8870314e+00 -1.7987266e+00 -1.7900047e+00 -1.8392530e+00
-1.2850000e+00 -3.7725901e+00 -3.2788469e+00 -3.0625904e+00 -2.6895879e+00 -2.5104970e+00 -2.9649264e+00 -2.2908610e+00 -2.2468434e+00 -3.1855756e+00 -2.1723130e+00 -1.8299633e+00 -1.8569308e+00 -2.1662415e+00 -2.9271758e+00 -3.2182226e+00 -2.3860529e+00 -2.0494416e+00 -1.8975416e+00 -1.8465820e+00 -1.8635306e+00
-1.2775000e+00 -3.8193634e+00 -3.3239449e+00 -2.9675107e+00 -2.6888312e+00 -2.7439621e+00 -2.6823833e+00 -2.5396089e+00 -2.1334847e+00 -2.7968872e+00 -2.5253746e+00 -1.9284582e+00 -1.8203420e+00 -1.9877271e+00 -2.4502477e+00 -3.5675132e+00 -2.8320813e+00 -2.2792730e+00 -2.0364762e+00 -1.9320988e+00 -1.9114741e+00
-1.2700000e+00 -3.9165576e+00 -3.4247805e+00 -2.9395722e+00 -2.7475807e+00 -2.8779298e+00 -2.5125794e+00 -2.9201767e+00 -2.1347797e+00 -2.4029180e+00 -3.0802146e+00 -2.1123071e+00 -1.8446042e+00 -1.8883105e+00 -2.1745110e+00 -2.8283666e+00 -3.6240650e+00 -2.6226019e+00 -2.2312053e+00 -2.0536963e+00 -1.9866824e+00
-1.2625000e+00 -3.8649538e+00 -3.4439641e+00 -3.0709310e+00 -2.8324395e+00 -2.7428210e+00 -2.4950203e+00 -3.0310466e+00 -2.2533069e+00 -2.1897360e+00 -3.0848948e+00 -2.4233079e+00 -1.9351556e+00 -1.8531802e+00 -2.0090145e+00 -2.4151114e+00 -3.3361670e+00 -3.2053765e+00 -2.5132547e+00 -2.2237216e+00 -2.0951889e+00
-1.2550000e+00 -3.9228846e+00 -3.3892572e+00 -3.2094227e+00 -2.8970603e+00 -2.6136582e+00 -2.6289275e+00 -2.7020871e+00 -2.5163075e+00 -2.1086501e+00 -2.5711093e+00 -2.9487722e+00 -2.1088954e+00 -1.8791322e+00 -1.9196866e+00 -2.1727200e+00 -2.7107915e+00 -3.8908731e+00 -2.9602248e+00 -2.4657221e+00 -2.2472097e+00
-1.2475000e+00 -3.9895347e+00 -3.4660154e+00 -3.1149446e+00 -2.9034231e+00 -2.6255464e+00 -2.8989156e+00 -2.4745671e+00 -2.9460714e+00 -2.1428282e+00 -2.2700185e+00 -3.2858258e+00 -2.4054824e+00 -1.9719390e+00 -1.8937329e+00 -2.0289785e+00 -2.3707222e+00 -3.0699578e+00 -3.7924148e+00 -2.8328134e+00 -2.4615219e+00
-1.2400000e+00 -3.9501770e+00 -3.5705004e+00 -3.0649061e+00 -2.8679766e+00 -2.7696124e+00 -3.0792461e+00 -2.4160837e+00 -3.0732959e+00 -2.3028582e+00 -2.1269892e+00 -2.7153999e+00 -2.9175039e+00 -2.1492544e+00 -1.9293232e+00 -1.9568717e+00 -2.1681042e+00 -2.5979174e+00 -3.5129453e+00 -3.4816483e+00 -2.7778874e+00
-1.2325000e+00 -4.0441188e+00 -3.4875285e+00 -3.2038194e+00 -2.8721149e+00 -2.9158881e+00 -2.8999011e+00 -2.5211133e+00 -2.6792325e+00 -2.6299501e+00 -2.1056467e+00 -2.3464253e+00 -3.4035489e+00 -2.4530782e+00 -2.0337973e+00 -1.9469106e+00 -2.0517789e+00 -2.3286581e+00 -2.8563707e+00 -4.0151793e+00 -3.3038568e+00
-1.2250000e+00 -4.0374934e+00 -3.5481112e+00 -3.2927593e+00 -2.9743232e+00 -2.8829559e+00 -2.7294549e+00 -2.7958178e+00 -2.4309396e+00 -3.1199084e+00 -2.2036223e+00 -2.1616024e+00 -2.8071184e+00 -2.9866867e+00 -2.2276961e+00 -1.9996396e+00 -2.0024235e+00 -2.1681815e+00 -2.5088690e+00 -3.1459486e+00 -4.2557377e+00
-1.2175000e+00 -4.0703572e+00 -3.6473245e+00 -3.2005758e+00 -3.0823344e+00 -2.8079558e+00 -2.7281961e+00 -3.0886640e+00 -2.3681096e+00 -2.9953280e+00 -2.4491805e+00 -2.1066945e+00 -2.4007334e+00 -3.4837104e+00 -2.5606655e+00 -2.1253155e+00 -2.0145004e+00 -2.0831721e+00 -2.3029611e+00 -2.7045285e+00 -3.4667324e+00
-1.2100000e+00 -4.1237159e+00 -3.5824895e+00 -3.2333637e+00 -3.0156097e+00 -2.8356758e+00 -2.8946280e+00 -2.9215884e+00 -2.4797227e+00 -2.5791269e+00 -2.9077625e+00 -2.1703059e+00 -2.1961041e+00 -2.8349019e+00 -3.1590829e+00 -2.3502092e+00 -2.0918382e+00 -2.0614793e+00 -2.1846175e+00 -2.4511903e+00 -2.9120591e+00
-1.2025000e+00 -4.1131987e+00 -3.6559868e+00 -3.3505876e+00 -2.9667813e+00 -2.9339364e+00 -3.1028063e+00 -2.6835625e+00 -2.7853394e+00 -2.3779157e+00 -3.2433355e+00 -2.3725183e+00 -2.1267829e+00 -2.4273492e+00 -3.4889120e+00 -2.7399965e+00 -2.2493930e+00 -2.1019082e+00 -2.1337413e+00 -2.3011735e+00 -2.6092531e+00
-1.1950000e+00 -4.1973562e+00 -3.7089864e+00 -3.3394163e+00 -3.1065119e+00 -2.9859932e+00 -3.0548477e+00 -2.6375891e+00 -3.1429907e+00 -2.3641837e+00 -2.7614978e+00 -2.7783821e+00 -2.1767854e+00 -2.2248760e+00 -2.8006135e+00 -3.4552157e+00 -2.5238695e+00 -2.2127713e+00 -2.1444944e+00 -2.2245170e+00 -2.4291303e+00
-1.1875000e+00 -4.1645397e+00 -3.6795938e+00 -3.3244610e+00 -3.2126844e+00 -2.9832000e+00 -2.9204685e+00 -2.7940791e+00 -2.9140217e+00 -2.5366660e+00 -2.4424816e+00 -3.3309934e+00 -2.3631503e+00 -2.1582195e+00 -2.4271121e+00 -3.3578978e+00 -3.0133050e+00 -2.4168184e+00 -2.2205566e+00 -2.2106621e+00 -2.3295719e+00
-1.1800000e+00 -4.2589734e+00 -3.7639368e+00 -3.4026312e+00 -3.0805115e+00 -2.9934748e+00 -2.9308442e+00 -3.0721020e+00 -2.6345144e+00 -2.9286407e+00 -2.3389027e+00 -2.9248339e+00 -2.7500696e+00 -2.2117803e+00 -2.2465917e+00 -2.7292925e+00 -3.8022971e+00 -2.7710188e+00 -2.3768233e+00 -2.2596030e+00 -2.2950488e+00
-1.1725000e+00 -4.2334376e+00 -3.7701160e+00 -3.4552454e+00 -3.1241102e+00 -3.0171768e+00 -3.0771563e+00 -3.0597995e+00 -2.5826213e+00 -3.1960495e+00 -2.4212171e+00 -2.5159849e+00 -3.3744606e+00 -2.4042272e+00 -2.1980249e+00 -2.4145465e+00 -3.1465672e+00 -3.4406911e+00 -2.6502419e+00 -2.3811945e+00 -2.3223689e+00
-1.1650000e+00 -4.3043607e+00 -3.7867651e+00 -3.4056397e+00 -3.3070762e+00 -3.0713841e+00 -3.1759800e+00 -2.8608116e+00 -2.7608728e+00 -2.8087954e+00 -2.7181768e+00 -2.3533113e+00 -3.0306935e+00 -2.8062094e+00 -2.2710189e+00 -2.2711499e+00 -2.6477128e+00 -3.6912555e+00 -3.1424611e+00 -2.6014117e+00 -2.4178261e+00
-1.1575000e+00 -4.3027452e+00 -3.8581708e+00 -3.5072588e+00 -3.2038601e+00 -3.1393220e+00 -3.1135842e+00 -2.8391979e+00 -3.1078335e+00 -2.5739917e+00 -3.2177004e+00 -2.3833609e+00 -2.5702635e+00 -3.4718597e+00 -2.4908586e+00 -2.2541147e+00 -2.4026467e+00 -2.9421981e+00 -4.0137219e+00 -2.9873316e+00 -2.6007364e+00
-1.1500000e+00 -4.3478695e+00 -3.8346375e+00 -3.5249747e+00 -3.2112482e+00 -3.1117148e+00 -3.0811884e+00 -3.0143843e+00 -3.0674587e+00 -2.5892249e+00 -3.0293402e+00 -2.6207348e+00 -2.3797017e+00 -3.0624414e+00 -2.9456429e+00 -2.3622239e+00 -2.3066238e+00 -2.5767396e+00 -3.3072683e+00 -3.7486812e+00 -2.9195102e+00
-1.1425000e+00 -4.3957832e+00 -3.9187754e+00 -3.4982856e+00 -3.3684773e+00 -3.1138215e+00 -3.1559744e+00 -3.1613957e+00 -2.8051756e+00 -2.8567154e+00 -2.6455604e+00 -3.1289817e+00 -2.3882366e+00 -2.5952740e+00 -3.6101331e+00 -2.6337942e+00 -2.3330753e+00 -2.4044326e+00 -2.7879833e+00 -3.7486851e+00 -3.5203685e+00
-1.1350000e+00 -4.3840561e+00 -3.8991898e+00 -3.6335116e+00 -3.2932348e+00 -3.2467618e+00 -3.2559571e+00 -3.0510021e+00 -2.7791429e+00 -3.2266460e+00 -2.5377896e+00 -3.2174127e+00 -2.6035015e+00 -2.4076422e+00 -3.0172768e+00 -3.1917973e+00 -2.4936042e+00 -2.3640773e+00 -2.5365704e+00 -3.0306795e+00 -4.2040241e+00
-1.1275000e+00 -4.4537017e+00 -3.9766355e+00 -3.5494100e+00 -3.3326122e+00 -3.2241326e+00 -3.2523932e+00 -3.0005704e+00 -3.0051766e+00 -2.9796549e+00 -2.6898199e+00 -2.7333305e+00 -3.1068801e+00 -2.4212991e+00 -2.5918236e+00 -3.6308322e+00 -2.8503633e+00 -2.4474259e+00 -2.4370965e+00 -2.6934018e+00 -3.3005910e+00
-1.1200000e+00 -4.4681600e+00 -3.9546350e+00 -3.6760464e+00 -3.4204411e+00 -3.1861525e+00 -3.2086071e+00 -3.1132331e+00 -3.1997527e+00 -2.7421889e+00 -3.1145841e+00 -2.5428016e+00 -3.3400022e+00 -2.6466685e+00 -2.4354844e+00 -2.9239082e+00 -3.5771767e+00 -2.6848784e+00 -2.4610204e+00 -2.5390124e+00 -2.8680183e+00
-1.1125000e+00 -4.4728083e+00 -4.0410694e+00 -3.6342701e+00 -3.3885351e+00 -3.3509857e+00 -3.2814426e+00 -3.2071162e+00 -3.0031226e+00 -2.8002900e+00 -3.1958624e+00 -2.6231970e+00 -2.7970394e+00 -3.1809208e+00 -2.4791237e+00 -2.5780579e+00 -3.4207035e+00 -3.1865353e+00 -2.6195033e+00 -2.5141602e+00 -2.6614191e+00
-1.1050000e+00 -4.5335250e+00 -4.0277068e+00 -3.7047323e+00 -3.4372093e+00 -3.2911457e+00 -3.3981727e+00 -3.1671696e+00 -2.9312214e+00 -3.1254039e+00 -2.8094872e+00 -3.0013891e+00 -2.5657782e+00 -3.3971697e+00 -2.7471650e+00 -2.4758262e+00 -2.8206534e+00 -3.9214684e+00 -2.9760641e+00 -2.6152822e+00 -2.5951500e+00
-1.0975000e+00 -4.5716963e+00 -4.0633309e+00 -3.7199729e+00 -3.5011436e+00 -3.3010529e+00 -3.3142035e+00 -3.1667208e+00 -3.1073148e+00 -3.1927025e+00 -2.7173676e+00 -3.3498210e+00 -2.6167144e+00 -2.8205647e+00 -3.3599306e+00 -2.5735122e+00 -2.5723313e+00 -3.1574552e+00 -3.7356567e+00 -2.8803734e+00 -2.6522759e+00
-1.0900000e+00 -4.5750787e+00 -4.1237575e+00 -3.7437856e+00 -3.4605530e+00 -3.4392586e+00 -3.3377325e+00 -3.2323689e+00 -3.2297382e+00 -2.9255679e+00 -2.9497168e+00 -2.9033600e+00 -2.9743695e+00 -2.5916424e+00 -3.3621614e+00 -2.9230148e+00 -2.5417436e+00 -2.7382379e+00 -3.5991544e+00 -3.4477237e+00 -2.8549408e+00
-1.0825000e+00 -4.5970149e+00 -4.1119689e+00 -3.7900491e+00 -3.5820665e+00 -3.3406434e+00 -3.5117004e+00 -3.2954634e+00 -3.0980216e+00 -2.9349148e+00 -3.3127056e+00 -2.7074407e+00 -3.4457194e+00 -2.6510258e+00 -2.8043854e+00 -3.6402633e+00 -2.7199034e+00 -2.5940362e+00 -2.9614561e+00 -4.0845248e+00 -3.2953393e+00
-1.0750000e+00 -4.6440500e+00 -4.1816164e+00 -3.8119809e+00 -3.5156576e+00 -3.4695331e+00 -3.3862279e+00 -3.2896900e+00 -3.1142993e+00 -3.2094043e+00 -3.0309149e+00 -2.8578486e+00 -2.9730486e+00 -3.0317627e+00 -2.6190865e+00 -3.2347599e+00 -3.2072000e+00 -2.6533154e+00 -2.7037636e+00 -3.2339192e+00 -4.2160218e+00
-1.0675000e+00 -4.6921454e+00 -4.1937254e+00 -3.8212335e+00 -3.6425954e+00 -3.4409155e+00 -3.4577274e+00 -3.2789640e+00 -3.2585078e+00 -3.2097753e+00 -2.8661420e+00 -3.3128155e+00 -2.7242225e+00 -3.5297517e+00 -2.7237267e+00 -2.7728514e+00 -3.7931043e+00 -2.9514036e+00 -2.6684702e+00 -2.8533388e+00 -3.5507645e+00
-1.0600000e+00 -4.7257246e+00 -4.1932964e+00 -3.9100079e+00 -3.5745833e+00 -3.4908108e+00 -3.5821306e+00 -3.3998105e+00 -3.2483721e+00 -3.0389209e+00 -3.0663289e+00 -3.1587412e+00 -2.8400042e+00 -2.9963969e+00 -3.1787985e+00 -2.6650080e+00 -3.0752672e+00 -3.6652925e+00 -2.8438680e+00 -2.7355566e+00 -3.0311873e+00
-1.0525000e+00 -4.7486804e+00 -4.2563533e+00 -3.8675499e+00 -3.7048985e+00 -3.5202810e+00 -3.4449093e+00 -3.3882658e+00 -3.2228050e+00 -3.1538638e+00 -3.3344706e+00 -2.8686873e+00 -3.3215249e+00 -2.7480714e+00 -3.5652273e+00 -2.8529950e+00 -2.7535758e+00 -3.5236175e+00 -3.3369770e+00 -2.8223244e+00 -2.8375196e+00
-1.0450000e+00 -4.7744331e+00 -4.2994670e+00 -3.9470849e+00 -3.6365507e+00 -3.5468789e+00 -3.6516106e+00 -3.3526951e+00 -3.2944181e+00 -3.3138671e+00 -3.0761934e+00 -2.9797915e+00 -3.2528076e+00 -2.8779509e+00 -2.9716016e+00 -3.4423715e+00 -2.7498259e+00 -2.9444269e+00 -4.0153733e+00 -3.1660504e+00 -2.8552353e+00
-1.0375000e+00 -4.8043502e+00 -4.3016524e+00 -3.9602258e+00 -3.7506504e+00 -3.5749315e+00 -3.5427208e+00 -3.5375770e+00 -3.3505321e+00 -3.1914789e+00 -3.0423979e+00 -3.3784979e+00 -2.8916238e+00 -3.4044636e+00 -2.7779761e+00 -3.4667075e+00 -3.0683852e+00 -2.7750860e+00 -3.2221303e+00 -3.9900119e+00 -3.0998809e+00
-1.0300000e+00 -4.8307740e+00 -4.3197559e+00 -3.9808065e+00 -3.7182256e+00 -3.6137339e+00 -3.6421455e+00 -3.4107295e+00 -3.3346980e+00 -3.2249748e+00 -3.3146363e+00 -3.1612102e+00 -2.9614421e+00 -3.2882655e+00 -2.9725303e+00 -2.9276579e+00 -3.7942381e+00 -2.9060868e+00 -2.8836313e+00 -3.5802416e+00 -3.7429688e+00
-1.0225000e+00 -4.8663957e+00 -4.3638300e+00 -4.0505007e+00 -3.7868555e+00 -3.6344865e+00 -3.6526369e+00 -3.5243048e+00 -3.3589744e+00 -3.3508114e+00 -3.2570331e+00 -3.0013236e+00 -3.4111366e+00 -2.9113304e+00 -3.5709620e+00 -2.8355289e+00 -3.2756667e+00 -3.4343226e+00 -2.8733925e+00 -3.0496119e+00 -4.0039969e+00
-1.0150000e+00 -4.8988079e+00 -4.4106473e+00 -4.0443289e+00 -3.7864090e+00 -3.6611076e+00 -3.6679052e+00 -3.5566665e+00 -3.4662654e+00 -3.3092428e+00 -3.1481450e+00 -3.2647374e+00 -3.2326592e+00 -2.9969541e+00 -3.2499389e+00 -3.1508717e+00 -2.9015796e+00 -3.7849530e+00 -3.1918569e+00 -2.9184581e+00 -3.2571430e+00
-1.0075000e+00 -4.9310373e+00 -4.4468045e+00 -4.0490903e+00 -3.8393600e+00 -3.7227065e+00 -3.7289548e+00 -3.5077429e+00 -3.3923168e+00 -3.3305073e+00 -3.3395608e+00 -3.3585171e+00 -3.0021042e+00 -3.4974639e+00 -2.9270004e+00 -3.7364963e+00 -2.9500780e+00 -3.1066656e+00 -3.9919781e+00 -3.0936183e+00 -3.0135390e+00
-1.0000000e+00 -4.9495890e+00 -4.4766843e+00 -4.1100944e+00 -3.8847071e+00 -3.6901310e+00 -3.7238556e+00 -3.6760687e+00 -3.4975282e+00 -3.4052908e+00 -3.3373220e+00 -3.1282931e+00 -3.2536215e+00 -3.2595171e+00 -3.0899868e+00 -3.1638271e+00 -3.4576937e+00 -2.9324382e+00 -3.4297959e+00 -3.7184621e+00 -3.0827686e+00
-9.9250000e-01 -4.9684539e+00 -4.5063026e+00 -4.1603250e+00 -3.8531910e+00 -3.7973674e+00 -3.7891354e+00 -3.5464355e+00 -3.5109596e+00 -3.4178254e+00 -3.2770285e+00 -3.2979267e+00 -3.4453527e+00 -3.0220515e+00 -3.6380124e+00 -2.9659249e+00 -3.6451999e+00 -3.1717551e+00 -3.0293182e+00 -3.8554961e+00 -3.5274560e+00
-9.8500000e-01 -4.9978984e+00 -4.5328927e+00 -4.1722630e+00 -3.9191783e+00 -3.7768219e+00 -3.7812676e+00 -3.7403261e+00 -3.4909298e+00 -3.4108202e+00 -3.4107398e+00 -3.4130585e+00 -3.1385318e+00 -3.3104266e+00 -3.2295723e+00 -3.2724996e+00 -3.0852228e+00 -3.8981881e+00 -3.0703061e+00 -3.2040540e+00 -4.2663983e+00
-9.7750000e-01 -5.0447773e+00 -4.5568327e+00 -4.1809526e+00 -3.9892294e+00 -3.7982088e+00 -3.8562748e+00 -3.6161910e+00 -3.6307469e+00 -3.5202044e+00 -3.3964644e+00 -3.2474123e+00 -3.2882805e+00 -3.5005539e+00 -3.0620566e+00 -3.7150986e+00 -3.0661969e+00 -3.3863851e+00 -3.5941892e+00 -3.0807366e+00 -3.4357100e+00
-9.7000000e-01 -5.0675936e+00 -4.5924361e+00 -4.2060531e+00 -3.9815351e+00 -3.8702196e+00 -3.8391171e+00 -3.7728251e+00 -3.5202250e+00 -3.4645151e+00 -3.4052865e+00 -3.4143660e+00 -3.4896609e+00 -3.1529192e+00 -3.4521334e+00 -3.1738022e+00 -3.5898565e+00 -3.0712351e+00 -3.8362617e+00 -3.3894177e+00 -3.1605573e+00
-9.6250000e-01 -5.0876149e+00 -4.6299166e+00 -4.2425533e+00 -3.9945238e+00 -3.8779667e+00 -3.8942453e+00 -3.7058057e+00 -3.7104620e+00 -3.5580656e+00 -3.4772453e+00 -3.4222588e+00 -3.2482333e+00 -3.3361997e+00 -3.4886806e+00 -3.1545077e+00 -3.5688536e+00 -3.2884562e+00 -3.2150934e+00 -4.1732488e+00 -3.3146409e+00
-9.5500000e-01 -5.1381015e+00 -4.6523466e+00 -4.2824353e+00 -4.0483595e+00 -3.9082163e+00 -3.9565546e+00 -3.7893792e+00 -3.5797703e+00 -3.5546815e+00 -3.4869412e+00 -3.3816556e+00 -3.4282641e+00 -3.5487027e+00 -3.1703056e+00 -3.6872685e+00 -3.1477404e+00 -3.9525145e+00 -3.1840190e+00 -3.4600451e+00 -4.0418562e+00
-9.4750000e-01 -5.1468068e+00 -4.6785186e+00 -4.3232289e+00 -4.0943263e+00 -3.9352602e+00 -3.8961518e+00 -3.8009292e+00 -3.7520528e+00 -3.5886716e+00 -3.4948102e+00 -3.5063372e+00 -3.4709365e+00 -3.2602661e+00 -3.4606982e+00 -3.4026095e+00 -3.3500838e+00 -3.3583708e+00 -3.7355505e+00 -3.2086557e+00 -3.7847180e+00
-9.4000000e-01 -5.1964647e+00 -4.6871692e+00 -4.3617736e+00 -4.1137443e+00 -3.9463364e+00 -4.0101599e+00 -3.8276695e+00 -3.6695070e+00 -3.6304484e+00 -3.5920070e+00 -3.4693691e+00 -3.3717489e+00 -3.4883127e+00 -3.5511744e+00 -3.2271536e+00 -3.8431601e+00 -3.2165665e+00 -3.7402049e+00 -3.5107014e+00 -3.3141870e+00
-9.3250000e-01 -5.2067248e+00 -4.7265317e+00 -4.3880762e+00 -4.1262353e+00 -3.9874928e+00 -4.0499287e+00 -3.8657209e+00 -3.7528574e+00 -3.6516395e+00 -3.5236148e+00 -3.5174012e+00 -3.5625359e+00 -3.5059551e+00 -3.2836903e+00 -3.6810680e+00 -3.3104184e+00 -3.7254589e+00 -3.2686228e+00 -4.1567896e+00 -3.4254979e+00
-9.2500000e-01 -5.2489503e+00 -4.7726538e+00 -4.4034081e+00 -4.1473692e+00 -4.0482979e+00 -3.9999055e+00 -3.8786940e+00 -3.7944638e+00 -3.6658258e+00 -3.6809536e+00 -3.5678210e+00 -3.4662219e+00 -3.3901465e+00 -3.6166204e+00 -3.4782623e+00 -3.3806155e+00 -3.6436078e+00 -3.4693030e+00 -3.4448916e+00 -4.1884564e+00
-9.1750000e-01 -5.2846672e+00 -4.7898289e+00 -4.4302043e+00 -4.1777872e+00 -4.0903174e+00 -4.0549102e+00 -3.9589463e+00 -3.7579581e+00 -3.7598192e+00 -3.5665552e+00 -3.5547921e+00 -3.5554905e+00 -3.6371144e+00 -3.4950777e+00 -3.3590920e+00 -3.8686588e+00 -3.3073961e+00 -4.0571129e+00 -3.3823492e+00 -3.7110465e+00
-9.1000000e-01 -5.2996961e+00 -4.8150297e+00 -4.4591754e+00 -4.2103668e+00 -4.1095182e+00 -4.1283115e+00 -3.9254358e+00 -3.8750263e+00 -3.6749655e+00 -3.7592512e+00 -3.6408746e+00 -3.5728611e+00 -3.4739644e+00 -3.4521953e+00 -3.7859724e+00 -3.3974672e+00 -3.7139503e+00 -3.4356959e+00 -4.0240019e+00 -3.4131602e+00
-9.0250000e-01 -5.3296485e+00 -4.8660951e+00 -4.4880868e+00 -4.2366049e+00 -4.1253686e+00 -4.1364439e+00 -3.9503134e+00 -3.8429090e+00 -3.8685010e+00 -3.6220428e+00 -3.6055680e+00 -3.5875111e+00 -3.6173757e+00 -3.7063780e+00 -3.4556665e+00 -3.5502021e+00 -3.7123512e+00 -3.4952115e+00 -3.7097051e+00 -3.8186692e+00
-8.9500000e-01 -5.3627612e+00 -4.8716306e+00 -4.5468764e+00 -4.2574094e+00 -4.1477799e+00 -4.1437079e+00 -4.0616653e+00 -3.8915371e+00 -3.7422598e+00 -3.7982467e+00 -3.7178131e+00 -3.6437927e+00 -3.5915126e+00 -3.4875511e+00 -3.6006087e+00 -3.7961631e+00 -3.4205214e+00 -4.0807726e+00 -3.4519744e+00 -4.0822760e+00
-8.8750000e-01 -5.3978307e+00 -4.9226747e+00 -4.5667015e+00 -4.2905967e+00 -4.1742290e+00 -4.1870237e+00 -4.0803575e+00 -3.9254006e+00 -3.8425609e+00 -3.7322093e+00 -3.6427599e+00 -3.6448065e+00 -3.6321945e+00 -3.7203457e+00 -3.6982010e+00 -3.4632607e+00 -3.9064396e+00 -3.5177734e+00 -3.9981507e+00 -3.5307640e+00
-8.8000000e-01 -5.4275640e+00 -4.9333856e+00 -4.5826973e+00 -4.3422396e+00 -4.1984641e+00 -4.2449133e+00 -4.0428193e+00 -3.9309002e+00 -3.9073974e+00 -3.7550217e+00 -3.8147362e+00 -3.7086203e+00 -3.6734964e+00 -3.5954932e+00 -3.5492387e+00 -3.8519431e+00 -3.6202152e+00 -3.6701439e+00 -3.7811460e+00 -3.8125253e+00
-8.7250000e-01 -5.4533839e+00 -4.9741975e+00 -4.6215424e+00 -4.3797869e+00 -4.2185055e+00 -4.2925066e+00 -4.0588439e+00 -4.0052113e+00 -3.8504064e+00 -3.9095253e+00 -3.6841438e+00 -3.6908089e+00 -3.6839826e+00 -3.7188622e+00 -3.8206048e+00 -3.6134188e+00 -3.6269572e+00 -3.9830075e+00 -3.5755177e+00 -4.1470782e+00
-8.6500000e-01 -5.4792355e+00 -5.0128407e+00 -4.6550278e+00 -4.4137670e+00 -4.2428959e+00 -4.3255231e+00 -4.1178286e+00 -4.0449087e+00 -3.9261685e+00 -3.7752866e+00 -3.8534027e+00 -3.7998529e+00 -3.7376773e+00 -3.6892031e+00 -3.6121554e+00 -3.7276501e+00 -3.9395973e+00 -3.5698739e+00 -4.1848236e+00 -3.6236311e+00
-8.5750000e-01 -5.5136583e+00 -5.0278193e+00 -4.6726561e+00 -4.4387052e+00 -4.2842627e+00 -4.3505968e+00 -4.1728559e+00 -4.0181247e+00 -3.9704955e+00 -3.8828855e+00 -3.8211030e+00 -3.7173676e+00 -3.7355780e+00 -3.7553037e+00 -3.8434063e+00 -3.7865699e+00 -3.6081904e+00 -4.0296297e+00 -3.7037442e+00 -4.0386401e+00
-8.5000000e-01 -5.5538959e+00 -5.0508676e+00 -4.7262839e+00 -4.4404907e+00 -4.3311962e+00 -4.3717737e+00 -4.2042925e+00 -4.0192939e+00 -3.9705549e+00 -3.9756355e+00 -3.7823929e+00 -3.8857840e+00 -3.8177992e+00 -3.7627773e+00 -3.6999680e+00 -3.7203301e+00 -4.0067075e+00 -3.7351333e+00 -3.8411735e+00 -3.9723239e+00
-8.4250000e-01 -5.5728000e+00 -5.0885965e+00 -4.7344874e+00 -4.5020125e+00 -4.3562126e+00 -4.3903325e+00 -4.2221815e+00 -4.0705741e+00 -4.0211221e+00 -3.9005065e+00 -3.9784145e+00 -3.8044303e+00 -3.7704643e+00 -3.8014884e+00 -3.8650170e+00 -3.8791471e+00 -3.7025365e+00 -3.8544626e+00 -4.0454048e+00 -3.7629150e+00
-8.3500000e-01 -5.6087204e+00 -5.1196025e+00 -4.7745027e+00 -4.5271755e+00 -4.3942093e+00 -4.4129062e+00 -4.2398442e+00 -4.1381675e+00 -4.0707398e+00 -3.9360736e+00 -3.9012241e+00 -3.8359444e+00 -3.8967189e+00 -3.8407425e+00 -3.7857690e+00 -3.7820660e+00 -3.9808863e+00 -3.9377272e+00 -3.7543304e+00 -4.3391063e+00
-8.2750000e-01 -5.6329662e+00 -5.1518226e+00 -4.8089997e+00 -4.5350328e+00 -4.4323028e+00 -4.4498682e+00 -4.2646286e+00 -4.1906960e+00 -4.0725976e+00 -4.0216066e+00 -3.8680023e+00 -4.0021132e+00 -3.8539431e+00 -3.8429234e+00 -3.8915798e+00 -3.9137633e+00 -3.7987874e+00 -3.8296438e+00 -4.2289820e+00 -3.8124504e+00
-8.2000000e-01 -5.6720338e+00 -5.1752227e+00 -4.8237212e+00 -4.6006887e+00 -4.4281999e+00 -4.4857549e+00 -4.3016381e+00 -4.2226291e+00 -4.0656394e+00 -4.0413347e+00 -4.0055138e+00 -3.8785321e+00 -3.8671845e+00 -3.9047505e+00 -3.8741755e+00 -3.8738131e+00 -4.0064010e+00 -4.0479490e+00 -3.8135420e+00 -4.2236009e+00
-8.1250000e-01 -5.6959667e+00 -5.2042173e+00 -4.8591382e+00 -4.6016526e+00 -4.4874934e+00 -4.4830732e+00 -4.3525530e+00 -4.2433299e+00 -4.0814226e+00 -4.0467674e+00 -4.0633071e+00 -3.9039862e+00 -4.0284069e+00 -3.9362979e+00 -3.9269350e+00 -3.9312630e+00 -3.8680837e+00 -3.8873214e+00 -4.2319699e+00 -3.9622386e+00
-8.0500000e-01 -5.7215311e+00 -5.2422479e+00 -4.8965229e+00 -4.6497707e+00 -4.5080226e+00 -4.4926712e+00 -4.4033511e+00 -4.2618494e+00 -4.1162876e+00 -4.0865173e+00 -4.0177272e+00 -4.0737881e+00 -3.9252357e+00 -3.8983595e+00 -3.9370162e+00 -3.9684710e+00 -4.0593666e+00 -4.0764024e+00 -3.8990046e+00 -4.1425026e+00
-7.9750000e-01 -5.7509497e+00 -5.2808549e+00 -4.9268219e+00 -4.6622712e+00 -4.5312770e+00 -4.5606157e+00 -4.4265656e+00 -4.2855644e+00 -4.1561817e+00 -4.1426690e+00 -4.0217628e+00 -4.0702327e+00 -3.9310709e+00 -4.0438006e+00 -4.0108650e+00 -3.9740379e+00 -3.9397373e+00 -3.9889344e+00 -4.2480916e+00 -4.0787473e+00
-7.9000000e-01 -5.7810743e+00 -5.2976980e+00 -4.9630540e+00 -4.6890141e+00 -4.5827431e+00 -4.5909985e+00 -4.4348295e+00 -4.3227593e+00 -4.1922744e+00 -4.1891268e+00 -4.0758479e+00 -3.9984937e+00 -4.1035912e+00 -4.0260573e+00 -3.9776784e+00 -4.0221421e+00 -4.0810983e+00 -4.0642237e+00 -3.9738152e+00 -4.1781801e+00
-7.8250000e-01 -5.8148416e+00 -5.3373379e+00 -4.9874820e+00 -4.7364210e+00 -4.5822452e+00 -4.6090607e+00 -4.4623080e+00 -4.3728828e+00 -4.2243601e+00 -4.2220906e+00 -4.1276943e+00 -4.0209498e+00 -4.1238724e+00 -3.9624065e+00 -4.0311634e+00 -4.0478395e+00 -4.0465708e+00 -4.1217013e+00 -4.2734638e+00 -4.1235719e+00
-7.7500000e-01 -5.8505902e+00 -5.3547778e+00 -5.0184991e+00 -4.7663290e+00 -4.6312560e+00 -4.6292003e+00 -4.4740281e+00 -4.4035740e+00 -4.2582120e+00 -4.2515420e+00 -4.1555016e+00 -4.1014686e+00 -4.0357161e+00 -4.0853534e+00 -4.1392154e+00 -4.0942190e+00 -4.0885880e+00 -4.0670841e+00 -4.0685296e+00 -4.2901434e+00
-7.6750000e-01 -5.8759466e+00 -5.3980837e+00 -5.0343946e+00 -4.7918547e+00 -4.6526932e+00 -4.6886716e+00 -4.5224945e+00 -4.3888564e+00 -4.2980577e+00 -4.2851351e+00 -4.1706089e+00 -4.1689700e+00 -4.0384849e+00 -4.2063933e+00 -4.0691401e+00 -4.0702158e+00 -4.1265540e+00 -4.2036262e+00 -4.2357925e+00 -4.1359286e+00
-7.6000000e-01 -5.9070378e+00 -5.4236772e+00 -5.0634065e+00 -4.8185661e+00 -4.6915648e+00 -4.6906076e+00 -4.5743163e+00 -4.3995548e+00 -4.3345443e+00 -4.3214129e+00 -4.1862712e+00 -4.1995463e+00 -4.1191867e+00 -4.1458547e+00 -4.0619969e+00 -4.1467488e+00 -4.1571898e+00 -4.1572574e+00 -4.2256430e+00 -4.4018503e+00
-7.5250000e-01 -5.9333195e+00 -5.4489626e+00 -5.1097522e+00 -4.8403969e+00 -4.7318427e+00 -4.7328138e+00 -4.5567612e+00 -4.4723806e+00 -4.3541841e+00 -4.3482855e+00 -4.2079823e+00 -4.2127365e+00 -4.2069861e+00 -4.0888796e+00 -4.1930115e+00 -4.2307715e+00 -4.1958994e+00 -4.2036159e+00 -4.1975197e+00 -4.2052355e+00
-7.4500000e-01 -5.9699865e+00 -5.4756636e+00 -5.1298002e+00 -4.8788131e+00 -4.7530407e+00 -4.7565500e+00 -4.6298326e+00 -4.5003766e+00 -4.3889884e+00 -4.3535003e+00 -4.2397714e+00 -4.2257810e+00 -4.2580717e+00 -4.1156861e+00 -4.2933530e+00 -4.1738911e+00 -4.1777958e+00 -4.2435039e+00 -4.3244425e+00 -4.3590259e+00
-7.3750000e-01 -6.0008331e+00 -5.5061889e+00 -5.1666473e+00 -4.9118739e+00 -4.7707619e+00 -4.7863691e+00 -4.6362282e+00 -4.5201652e+00 -4.4673565e+00 -4.3512319e+00 -4.2884839e+00 -4.2420518e+00 -4.2796156e+00 -4.1911785e+00 -4.2562504e+00 -4.1544247e+00 -4.2342904e+00 -4.2712698e+00 -4.2975183e+00 -4.3877987e+00
-7.3000000e-01 -6.0298672e+00 -5.5402591e+00 -5.1852849e+00 -4.9538706e+00 -4.7941076e+00 -4.8432494e+00 -4.6752750e+00 -4.5359484e+00 -4.4678844e+00 -4.3739901e+00 -4.3560985e+00 -4.2607672e+00 -4.2929116e+00 -4.2673468e+00 -4.2037275e+00 -4.2417745e+00 -4.3368969e+00 -4.3211593e+00 -4.3218607e+00 -4.3275594e+00
-7.2250000e-01 -6.0594631e+00 -5.5760466e+00 -5.2245742e+00 -4.9674314e+00 -4.8311282e+00 -4.8630471e+00 -4.6831243e+00 -4.6070336e+00 -4.4610274e+00 -4.4090728e+00 -4.4144921e+00 -4.2866499e+00 -4.3071902e+00 -4.3198377e+00 -4.2002230e+00 -4.3627565e+00 -4.3386154e+00 -4.3118033e+00 -4.3662571e+00 -4.4317998e+00
-7.1500000e-01 -6.0842078e+00 -5.5998325e+00 -5.2567513e+00 -4.9930146e+00 -4.8659937e+00 -4.8768303e+00 -4.7540545e+00 -4.5867290e+00 -4.5525898e+00 -4.4350606e+00 -4.4141984e+00 -4.3335565e+00 -4.3232790e+00 -4.3506685e+00 -4.2334212e+00 -4.4219281e+00 -4.2877080e+00 -4.3136875e+00 -4.3868066e+00 -4.4633129e+00
-7.0750000e-01 -6.1179788e+00 -5.6339001e+00 -5.2792920e+00 -5.0394716e+00 -4.8903694e+00 -4.9001800e+00 -4.7735775e+00 -4.6518493e+00 -4.5386273e+00 -4.5057132e+00 -4.3946487e+00 -4.4095974e+00 -4.3441446e+00 -4.3699564e+00 -4.2786793e+00 -4.4177771e+00 -4.2841150e+00 -4.3867065e+00 -4.4445529e+00 -4.4651532e+00
-7.0000000e-01 -6.1426929e+00 -5.6585379e+00 -5.3111273e+00 -5.0557459e+00 -4.9381136e+00 -4.9245898e+00 -4.7851330e+00 -4.6776622e+00 -4.5829123e+00 -4.4933045e+00 -4.4369382e+00 -4.4683915e+00 -4.3813994e+00 -4.3855448e+00 -4.3205102e+00 -4.4050311e+00 -4.3334464e+00 -4.4835943e+00 -4.4932334e+00 -4.5032883e+00
-6.5000000e-01 -6.3354218e+00 -5.8082225e+00 -5.5069545e+00 -5.2659020e+00 -5.1223355e+00 -5.1459737e+00 -4.9938383e+00 -4.8677313e+00 -4.7808950e+00 -4.6906891e+00 -4.6852772e+00 -4.5993013e+00 -4.6046018e+00 -4.5353581e+00 -4.5514911e+00 -4.5915265e+00 -4.6573957e+00 -4.5415083e+00 -4.7602689e+00 -4.6593839e+00
-6.0000000e-01 -6.6689587e+00 -6.0598267e+00 -5.7146489e+00 -5.4646972e+00 -5.3231401e+00 -5.3482937e+00 -5.1786405e+00 -5.0865250e+00 -4.9644600e+00 -4.9169451e+00 -4.8465885e+00 -4.8183601e+00 -4.7635599e+00 -4.7695767e+00 -4.7795515e+00 -4.7713846e+00 -4.8214229e+00 -4.8053267e+00 -4.8188449e+00 -4.9891522e+00
-5.5000000e-01 -6.7406301e+00 -6.2188110e+00 -5.9546576e+00 -5.6579858e+00 -5.5312103e+00 -5.5370609e+00 -5.3870528e+00 -5.2850228e+00 -5.1864171e+00 -5.0940800e+00 -5.0424660e+00 -5.0115340e+00 -4.9809551e+00 -4.9645171e+00 -4.9921713e+00 -4.9773963e+00 -4.9625552e+00 -5.0742086e+00 -5.0525275e+00 -5.0993451e+00
-5.0000000e-01 -6.9683687e+00 -6.4883127e+00 -6.1124312e+00 -5.8632424e+00 -5.7238138e+00 -5.7468736e+00 -5.5952637e+00 -5.4730678e+00 -5.3851069e+00 -5.2914410e+00 -5.2527357e+00 -5.2236030e+00 -5.1720684e+00 -5.1892925e+00 -5.1515723e+00 -5.1996270e+00 -5.1559129e+00 -5.2173994e+00 -5.2731276e+00 -5.3246186e+00
-4.0000000e-01 -7.3966961e+00 -6.8265328e+00 -6.5051286e+00 -6.2629322e+00 -6.1258414e+00 -6.1450528e+00 -5.9882810e+00 -5.8737314e+00 -5.7785507e+00 -5.7159433e+00 -5.6390931e+00 -5.6150030e+00 -5.5879721e+00 -5.5600713e+00 -5.5865239e+00 -5.5788445e+00 -5.5695870e+00 -5.6284389e+00 -5.6543402e+00 -5.7042535e+00
-2.0000000e-01 -8.1743564e+00 -7.6598037e+00 -7.2849605e+00 -7.0839848e+00 -6.8727479e+00 -6.9518050e+00 -6.7902583e+00 -6.6709744e+00 -6.5840191e+00 -6.5030750e+00 -6.4534655e+00 -6.4100347e+00 -6.3793528e+00 -6.3706499e+00 -6.3731297e+00 -6.3765972e+00 -6.3942648e+00 -6.4237900e+00 -6.4553110e+00 -6.5003037e+00
0.0000000e+00 -8.9262850e+00 -8.5086587e+00 -8.0720750e+00 -7.8393188e+00 -7.6975877e+00 -7.7177078e+00 -7.5796970e+00 -7.4619582e+00 -7.3583550e+00 -7.3362461e+00 -7.2762741e+00 -7.1584748e+00 -7.2039046e+00 -7.1716558e+00 -7.1694798e+00 -7.1779966e+00 -7.1919750e+00 -7.2160077e+00 -7.2578602e+00 -7.2996655e+00
2.0000000e-01 -9.7961070e+00 -9.2992029e+00 -8.9047379e+00 -8.6946984e+00 -8.5051283e+00 -8.5627936e+00 -8.3577284e+00 -8.3105918e+00 -8.1778033e+00 -8.1261051e+00 -8.0411582e+00 -8.0034184e+00 -8.0307384e+00 -7.9826923e+00 -8.0125287e+00 -7.9605903e+00 -7.9318821e+00 -8.0148653e+00 -8.1103582e+00 -8.0727235e+00
4.0000000e-01 -1.0452409e+01 -1.0082791e+01 -9.7343018e+00 -9.4961974e+00 -9.3218583e+00 -9.2947351e+00 -9.2386009e+00 -9.1498502e+00 -8.9513650e+00 -8.9117956e+00 -8.8820681e+00 -8.8053183e+00 -8.7049506e+00 -8.8011642e+00 -8.7101230e+00 -8.7748737e+00 -8.8174302e+00 -8.7425417e+00 -8.8698039e+00 -8.9547876e+00
6.0000000e-01 -1.1320562e+01 -1.0843398e+01 -1.0446327e+01 -1.0241422e+01 -1.0125031e+01 -1.0068406e+01 -9.9791552e+00 -9.8577304e+00 -9.7817225e+00 -9.6482198e+00 -9.6603657e+00 -9.5660843e+00 -9.6374344e+00 -9.6280449e+00 -9.5441301e+00 -9.6420561e+00 -9.5681827e+00 -9.6218535e+00 -9.6857864e+00 -9.6980864e+00
8.0000000e-01 -1.2150213e+01 -1.1712047e+01 -1.1320912e+01 -1.1046064e+01 -1.0895818e+01 -1.0944446e+01 -1.0789016e+01 -1.0655854e+01 -1.0527820e+01 -1.0475586e+01 -1.0410419e+01 -1.0391384e+01 -1.0382565e+01 -1.0362326e+01 -1.0383569e+01 -1.0374391e+01 -1.0327363e+01 -1.0399451e+01 -1.0493564e+01 -1.0560542e+01
1.0000000e+00 -1.2950332e+01 -1.2510940e+01 -1.2146965e+01 -1.1938332e+01 -1.1708609e+01 -1.1771300e+01 -1.1594924e+01 -1.1437075e+01 -1.1407095e+01 -1.1235950e+01 -1.1254905e+01 -1.1216277e+01 -1.1188635e+01 -1.1179893e+01 -1.1236643e+01 -1.1157770e+01 -1.1239542e+01 -1.1175561e+01 -1.1253546e+01 -1.1302603e+01
1.2000000e+00 -1.3729568e+01 -1.3249501e+01 -1.2860831e+01 -1.2657328e+01 -1.2501178e+01 -1.2545224e+01 -1.2380832e+01 -1.2248077e+01 -1.2189030e+01 -1.2094346e+01 -1.2094412e+01 -1.1948716e+01 -1.2077607e+01 -1.1983370e+01 -1.1996466e+01 -1.2024894e+01 -1.1931717e+01 -1.1979874e+01 -1.2025868e+01 -1.2056379e+01
1.4000000e+00 -1.4564384e+01 -1.4063852e+01 -1.3729749e+01 -1.3446111e+01 -1.3348088e+01 -1.3361674e+01 -1.3208518e+01 -1.3089674e+01 -1.2974897e+01 -1.2898252e+01 -1.2831656e+01 -1.2805368e+01 -1.2801464e+01 -1.2884876e+01 -1.2763284e+01 -1.2845700e+01 -1.2833267e+01 -1.2823772e+01 -1.2858478e+01 -1.2959540e+01
1.6000000e+00 -1.5352196e+01 -1.4883852e+01 -1.4593897e+01 -1.4245000e+01 -1.4151655e+01 -1.4126990e+01 -1.3985054e+01 -1.3943540e+01 -1.3754291e+01 -1.3661954e+01 -1.3600585e+01 -1.3674408e+01 -1.3617409e+01 -1.3537432e+01 -1.3552928e+01 -1.3582515e+01 -1.3576292e+01 -1.3649025e+01 -1.3711300e+01 -1.3686589e+01
1.8000000e+00 -1.6130989e+01 -1.5688767e+01 -1.5304680e+01 -1.5029919e+01 -1.4897958e+01 -1.4966480e+01 -1.4805161e+01 -1.4679363e+01 -1.4516237e+01 -1.4498266e+01 -1.4504088e+01 -1.4421155e+01 -1.4439314e+01 -1.4378673e+01 -1.4373567e+01 -1.4381871e+01 -1.4362216e+01 -1.4379528e+01 -1.4425597e+01 -1.4524579e+01
2.0000000e+00 -1.6952419e+01 -1.6503262e+01 -1.6153464e+01 -1.5892911e+01 -1.5740151e+01 -1.5749670e+01 -1.5578529e+01 -1.5469336e+01 -1.5399267e+01 -1.5325217e+01 -1.5257980e+01 -1.5189512e+01 -1.5164132e+01 -1.5175064e+01 -1.5165747e+01 -1.5186935e+01 -1.5132417e+01 -1.5230083e+01 -1.5259820e+01 -1.5328663e+01