########################################################################
# Reference Counts for Solar Model GS98                                #
# Column 1: log10(Axion mass in eV)                                    #
#        n>1: Reference photon counts in energy bin n-1                #
########################################################################
-3.0000000e+00 -1.7440267e+00 -1.7571149e+00 -1.7979463e+00 -1.8417246e+00 -1.9859337e+00 -2.2143203e+00 -2.2871555e+00 -2.3387302e+00 -2.4172040e+00 -2.4834295e+00 -2.5388412e+00 -2.6305004e+00 -2.7064730e+00 -2.7860405e+00 -2.8698449e+00 -2.9516349e+00 -3.0309157e+00 -3.1113293e+00 -3.1474851e+00 -2.9341046e+00
-2.8000000e+00 -1.7441462e+00 -1.7571838e+00 -1.7979910e+00 -1.8417559e+00 -1.9859571e+00 -2.2143380e+00 -2.2871696e+00 -2.3387416e+00 -2.4172135e+00 -2.4834375e+00 -2.5388480e+00 -2.6305062e+00 -2.7064781e+00 -2.7860451e+00 -2.8698489e+00 -2.9516384e+00 -3.0309189e+00 -3.1113322e+00 -3.1474877e+00 -2.9341070e+00
-2.6000000e+00 -1.7449008e+00 -1.7576182e+00 -1.7982726e+00 -1.8419530e+00 -1.9861044e+00 -2.2144495e+00 -2.2872586e+00 -2.3388137e+00 -2.4172733e+00 -2.4834878e+00 -2.5388910e+00 -2.6305433e+00 -2.7065105e+00 -2.7860735e+00 -2.8698741e+00 -2.9516610e+00 -3.0309392e+00 -3.1113505e+00 -3.1475043e+00 -2.9341222e+00
-2.4000000e+00 -1.7496669e+00 -1.7603656e+00 -1.8000501e+00 -1.8431976e+00 -1.9870343e+00 -2.2151533e+00 -2.2878197e+00 -2.3392684e+00 -2.4176503e+00 -2.4838050e+00 -2.5391622e+00 -2.6307773e+00 -2.7067145e+00 -2.7862531e+00 -2.8700334e+00 -2.9518031e+00 -3.0310669e+00 -3.1114658e+00 -3.1476087e+00 -2.9342177e+00
-2.2000000e+00 -1.7799504e+00 -1.7777469e+00 -1.8112984e+00 -1.8510659e+00 -1.9929106e+00 -2.2195990e+00 -2.2913635e+00 -2.3421395e+00 -2.4200306e+00 -2.4858079e+00 -2.5408740e+00 -2.6322542e+00 -2.7080025e+00 -2.7873865e+00 -2.8710384e+00 -2.9527001e+00 -3.0318728e+00 -3.1121933e+00 -3.1482677e+00 -2.9348206e+00
-2.1500000e+00 -1.8012184e+00 -1.7899000e+00 -1.8191491e+00 -1.8565511e+00 -1.9970042e+00 -2.2226943e+00 -2.2938300e+00 -2.3441373e+00 -2.4216865e+00 -2.4872010e+00 -2.5420646e+00 -2.6332813e+00 -2.7088982e+00 -2.7881746e+00 -2.8717372e+00 -2.9533237e+00 -3.0324332e+00 -3.1126991e+00 -3.1487259e+00 -2.9352397e+00
-2.1000000e+00 -1.8353069e+00 -1.8092996e+00 -1.8316474e+00 -1.8652723e+00 -2.0035075e+00 -2.2276089e+00 -2.2977448e+00 -2.3473073e+00 -2.4243136e+00 -2.4894109e+00 -2.5439530e+00 -2.6349101e+00 -2.7103185e+00 -2.7894243e+00 -2.8728451e+00 -2.9543125e+00 -3.0333216e+00 -3.1135010e+00 -3.1494522e+00 -2.9359042e+00
-2.0500000e+00 -1.8903322e+00 -1.8403836e+00 -1.8515989e+00 -1.8791647e+00 -2.0138540e+00 -2.2354206e+00 -2.3039636e+00 -2.3523408e+00 -2.4284837e+00 -2.4929178e+00 -2.5469491e+00 -2.6374941e+00 -2.7125714e+00 -2.7914063e+00 -2.8746023e+00 -2.9558805e+00 -3.0347303e+00 -3.1147725e+00 -3.1506039e+00 -2.9369577e+00
-2.0000000e+00 -1.9802327e+00 -1.8905346e+00 -1.8835888e+00 -1.9013628e+00 -2.0303525e+00 -2.2478586e+00 -2.3138561e+00 -2.3603422e+00 -2.4351092e+00 -2.4984875e+00 -2.5517061e+00 -2.6415958e+00 -2.7161469e+00 -2.7945513e+00 -2.8773901e+00 -2.9583680e+00 -3.0369649e+00 -3.1167892e+00 -3.1524304e+00 -2.9386285e+00
-1.9500000e+00 -2.1303078e+00 -1.9724002e+00 -1.9352613e+00 -1.9370104e+00 -2.0567590e+00 -2.2677177e+00 -2.3296270e+00 -2.3730841e+00 -2.4456514e+00 -2.5073441e+00 -2.5592668e+00 -2.6481123e+00 -2.7218256e+00 -2.7995452e+00 -2.8818159e+00 -2.9623163e+00 -3.0405113e+00 -3.1199893e+00 -3.1553283e+00 -2.9412791e+00
-1.9000000e+00 -2.3914258e+00 -2.1088540e+00 -2.0197730e+00 -1.9947418e+00 -2.0992835e+00 -2.2995704e+00 -2.3548597e+00 -2.3934333e+00 -2.4624653e+00 -2.5214553e+00 -2.5713039e+00 -2.6584806e+00 -2.7308563e+00 -2.8074835e+00 -2.8888488e+00 -2.9685886e+00 -3.0461437e+00 -3.1250708e+00 -3.1599292e+00 -2.9454868e+00
-1.8500000e+00 -2.8877136e+00 -2.3456344e+00 -2.1611428e+00 -2.0896070e+00 -2.1684765e+00 -2.3510479e+00 -2.3954688e+00 -2.4260845e+00 -2.4893854e+00 -2.5440111e+00 -2.5905201e+00 -2.6750159e+00 -2.7452468e+00 -2.8201249e+00 -2.9000422e+00 -2.9785670e+00 -3.0551006e+00 -3.1331489e+00 -3.1672412e+00 -2.9521722e+00
-1.8475000e+00 -2.9234791e+00 -2.3615819e+00 -2.1704054e+00 -2.0957432e+00 -2.1729217e+00 -2.3543394e+00 -2.3980582e+00 -2.4281622e+00 -2.4910959e+00 -2.5454427e+00 -2.5917388e+00 -2.6760639e+00 -2.7461583e+00 -2.8209253e+00 -2.9007507e+00 -2.9791983e+00 -3.0556672e+00 -3.1336598e+00 -3.1677036e+00 -2.9525948e+00
-1.8400000e+00 -3.0398518e+00 -2.4125760e+00 -2.1997929e+00 -2.1151440e+00 -2.1869506e+00 -2.3647152e+00 -2.4062145e+00 -2.4347035e+00 -2.4964793e+00 -2.5499471e+00 -2.5955723e+00 -2.6793598e+00 -2.7490248e+00 -2.8234420e+00 -2.9029781e+00 -2.9811832e+00 -3.0574483e+00 -3.1352658e+00 -3.1691569e+00 -2.9539233e+00
-1.8325000e+00 -3.1713094e+00 -2.4687997e+00 -2.2317777e+00 -2.1361407e+00 -2.2020899e+00 -2.3758905e+00 -2.4149893e+00 -2.4417352e+00 -2.5022628e+00 -2.5547843e+00 -2.5996875e+00 -2.6828970e+00 -2.7521005e+00 -2.8261420e+00 -2.9053674e+00 -2.9833121e+00 -3.0593585e+00 -3.1369879e+00 -3.1707152e+00 -2.9553478e+00
-1.8250000e+00 -3.3191069e+00 -2.5309982e+00 -2.2666441e+00 -2.1588872e+00 -2.2184373e+00 -2.3879322e+00 -2.4244326e+00 -2.4492958e+00 -2.5084776e+00 -2.5599795e+00 -2.6041059e+00 -2.6866938e+00 -2.7554011e+00 -2.8290388e+00 -2.9079305e+00 -2.9855955e+00 -3.0614072e+00 -3.1388348e+00 -3.1723862e+00 -2.9568751e+00
-1.8175000e+00 -3.4816954e+00 -2.6000924e+00 -2.3047234e+00 -2.1835508e+00 -2.2361011e+00 -2.4009134e+00 -2.4345988e+00 -2.4574274e+00 -2.5151570e+00 -2.5655605e+00 -2.6088505e+00 -2.6907695e+00 -2.7589434e+00 -2.8321472e+00 -2.9106803e+00 -2.9880450e+00 -3.0636045e+00 -3.1408154e+00 -3.1741782e+00 -2.9585129e+00
-1.8100000e+00 -3.6489095e+00 -2.6772037e+00 -2.3463908e+00 -2.2103252e+00 -2.2552009e+00 -2.4149153e+00 -2.4455474e+00 -2.4661756e+00 -2.5223378e+00 -2.5715570e+00 -2.6139462e+00 -2.6951454e+00 -2.7627456e+00 -2.8354829e+00 -2.9136307e+00 -2.9906728e+00 -3.0659615e+00 -3.1429398e+00 -3.1761000e+00 -2.9602692e+00
-1.8025000e+00 -3.7908249e+00 -2.7637467e+00 -2.3920948e+00 -2.2394278e+00 -2.2758714e+00 -2.4300215e+00 -2.4573436e+00 -2.4755903e+00 -2.5300603e+00 -2.5780012e+00 -2.6194200e+00 -2.6998443e+00 -2.7668272e+00 -2.8390629e+00 -2.9167967e+00 -2.9934920e+00 -3.0684899e+00 -3.1452184e+00 -3.1781611e+00 -2.9621527e+00
-1.7950000e+00 -3.8560285e+00 -2.8615107e+00 -2.4423627e+00 -2.2711082e+00 -2.2982612e+00 -2.4463371e+00 -2.4700586e+00 -2.4857257e+00 -2.5383657e+00 -2.5849282e+00 -2.6253009e+00 -2.7048908e+00 -2.7712094e+00 -2.8429056e+00 -2.9201942e+00 -2.9965171e+00 -3.0712025e+00 -3.1476627e+00 -3.1803719e+00 -2.9641728e+00
-1.7875000e+00 -3.8166574e+00 -2.9728148e+00 -2.4978240e+00 -2.3056468e+00 -2.3225387e+00 -2.4639671e+00 -2.4837745e+00 -2.4966412e+00 -2.5473019e+00 -2.5923761e+00 -2.6316206e+00 -2.7103115e+00 -2.7759151e+00 -2.8470309e+00 -2.9238408e+00 -2.9997632e+00 -3.0741129e+00 -3.1502849e+00 -3.1827433e+00 -2.9663394e+00
-1.7800000e+00 -3.7077501e+00 -3.1005740e+00 -2.5592392e+00 -2.3433721e+00 -2.3488918e+00 -2.4830313e+00 -2.4985704e+00 -2.5084018e+00 -2.5569199e+00 -2.6003860e+00 -2.6384134e+00 -2.7161354e+00 -2.7809689e+00 -2.8514600e+00 -2.9277551e+00 -3.0032469e+00 -3.0772358e+00 -3.1530981e+00 -3.1852872e+00 -2.9686634e+00
-1.7725000e+00 -3.5800647e+00 -3.2485404e+00 -2.6275911e+00 -2.3846640e+00 -2.3775346e+00 -2.5036635e+00 -2.5145449e+00 -2.5210784e+00 -2.5672754e+00 -2.6090029e+00 -2.6457165e+00 -2.7223936e+00 -2.7863976e+00 -2.8562162e+00 -2.9319573e+00 -3.0069862e+00 -3.0805872e+00 -3.1561167e+00 -3.1880163e+00 -2.9711564e+00
-1.7650000e+00 -3.4611958e+00 -3.4209630e+00 -2.7039164e+00 -2.4299649e+00 -2.4087097e+00 -2.5260129e+00 -2.5318034e+00 -2.5347494e+00 -2.5784294e+00 -2.6182759e+00 -2.6535702e+00 -2.7291201e+00 -2.7922300e+00 -2.8613244e+00 -2.9364693e+00 -3.0110001e+00 -3.0841840e+00 -3.1593559e+00 -3.1909446e+00 -2.9738309e+00
-1.7575000e+00 -3.3604956e+00 -3.6206111e+00 -2.7897945e+00 -2.4798081e+00 -2.4426956e+00 -2.5502470e+00 -2.5504626e+00 -2.5495007e+00 -2.5904485e+00 -2.6282581e+00 -2.6620184e+00 -2.7363517e+00 -2.7984974e+00 -2.8668117e+00 -2.9413146e+00 -3.0153095e+00 -3.0880449e+00 -3.1628322e+00 -3.1940867e+00 -2.9767005e+00
-1.7500000e+00 -3.2797585e+00 -3.8397251e+00 -2.8871088e+00 -2.5348244e+00 -2.4798125e+00 -2.5765544e+00 -2.5706522e+00 -2.5654272e+00 -2.6034059e+00 -2.6390089e+00 -2.6711090e+00 -2.7441282e+00 -2.8052339e+00 -2.8727073e+00 -2.9465188e+00 -3.0199369e+00 -3.0921896e+00 -3.1665635e+00 -3.1974586e+00 -2.9797795e+00
-1.7425000e+00 -3.2184407e+00 -4.0308093e+00 -2.9983686e+00 -2.5957733e+00 -2.5204342e+00 -2.6051489e+00 -2.5925173e+00 -2.5826338e+00 -2.6173820e+00 -2.6505902e+00 -2.6808941e+00 -2.7524932e+00 -2.8124762e+00 -2.8790428e+00 -2.9521094e+00 -3.0249064e+00 -3.0966398e+00 -3.1705688e+00 -3.2010777e+00 -2.9830837e+00
-1.7350000e+00 -3.1755697e+00 -4.0848492e+00 -3.1269853e+00 -2.6635994e+00 -2.5649967e+00 -2.6362754e+00 -2.6162203e+00 -2.6012370e+00 -2.6324652e+00 -2.6630728e+00 -2.6914307e+00 -2.7614938e+00 -2.8202644e+00 -2.8858527e+00 -2.9581163e+00 -3.0302443e+00 -3.1014186e+00 -3.1748690e+00 -3.2049624e+00 -2.9866298e+00
-1.7275000e+00 -3.1503647e+00 -3.9679271e+00 -3.2776383e+00 -2.7394814e+00 -2.6140168e+00 -2.6702086e+00 -2.6419441e+00 -2.6213662e+00 -2.6487535e+00 -2.6765333e+00 -2.7027810e+00 -2.7711817e+00 -2.8286420e+00 -2.8931742e+00 -2.9645719e+00 -3.0359790e+00 -3.1065512e+00 -3.1794865e+00 -3.2091328e+00 -2.9904362e+00
-1.7200000e+00 -3.1424124e+00 -3.7859590e+00 -3.4567246e+00 -2.8249566e+00 -2.6681122e+00 -2.7072715e+00 -2.6698953e+00 -2.6431659e+00 -2.6663549e+00 -2.6910563e+00 -2.7150131e+00 -2.7816130e+00 -2.8376563e+00 -2.9010480e+00 -2.9715113e+00 -3.0421411e+00 -3.1120647e+00 -3.1844453e+00 -3.2136106e+00 -2.9945223e+00
-1.7125000e+00 -3.1516961e+00 -3.6137661e+00 -3.6721768e+00 -2.9219248e+00 -2.7280296e+00 -2.7478373e+00 -2.7003090e+00 -2.6667982e+00 -2.6853895e+00 -2.7067348e+00 -2.7282020e+00 -2.7928494e+00 -2.8473589e+00 -2.9095179e+00 -2.9789726e+00 -3.0487641e+00 -3.1179886e+00 -3.1897717e+00 -3.2184191e+00 -2.9989095e+00
-1.7050000e+00 -3.1785775e+00 -3.4704014e+00 -3.9283371e+00 -3.0330506e+00 -2.7947012e+00 -2.7923435e+00 -2.7334538e+00 -2.6924454e+00 -2.7059912e+00 -2.7236717e+00 -2.7424298e+00 -2.8049581e+00 -2.8578064e+00 -2.9186321e+00 -2.9869972e+00 -3.0558840e+00 -3.1243547e+00 -3.1954940e+00 -3.2235837e+00 -3.0036204e+00
-1.6975000e+00 -3.2237462e+00 -3.3561842e+00 -4.1936346e+00 -3.1619806e+00 -2.8692787e+00 -2.8412783e+00 -2.7696391e+00 -2.7203137e+00 -2.7283085e+00 -2.7419605e+00 -2.7577873e+00 -2.8180131e+00 -2.8690602e+00 -2.9284429e+00 -2.9956302e+00 -3.0635401e+00 -3.1311976e+00 -3.2016429e+00 -3.2291317e+00 -3.0086800e+00
-1.6900000e+00 -3.2881056e+00 -3.2678449e+00 -4.3120631e+00 -3.3138933e+00 -2.9532398e+00 -2.8953223e+00 -2.8092238e+00 -2.7506375e+00 -2.7525112e+00 -2.7617692e+00 -2.7743747e+00 -2.8320956e+00 -2.8811879e+00 -2.9390073e+00 -3.0049207e+00 -3.0717751e+00 -3.1385548e+00 -3.2082516e+00 -3.2350927e+00 -3.0141149e+00
-1.6825000e+00 -3.3724888e+00 -3.2023930e+00 -4.1642444e+00 -3.4964144e+00 -3.0485220e+00 -2.9551951e+00 -2.8526277e+00 -2.7836847e+00 -2.7787873e+00 -2.7832188e+00 -2.7923029e+00 -2.8472951e+00 -2.8942636e+00 -2.9503880e+00 -3.0149221e+00 -3.0806354e+00 -3.1464670e+00 -3.2153560e+00 -3.2414988e+00 -3.0199541e+00
-1.6750000e+00 -3.4769468e+00 -3.1576180e+00 -3.9267289e+00 -3.7207170e+00 -3.1577324e+00 -3.0218326e+00 -2.9003467e+00 -2.8197662e+00 -2.8073511e+00 -2.8064678e+00 -2.8116952e+00 -2.8637105e+00 -2.9083686e+00 -2.9626532e+00 -3.0256930e+00 -3.0901717e+00 -3.1549786e+00 -3.2229955e+00 -3.2483849e+00 -3.0262290e+00
-1.6675000e+00 -3.5990289e+00 -3.1322084e+00 -3.7164405e+00 -4.0003095e+00 -3.2844963e+00 -3.0963961e+00 -2.9529732e+00 -2.8592357e+00 -2.8384466e+00 -2.8316945e+00 -2.8326891e+00 -2.8814512e+00 -2.9235928e+00 -2.9758783e+00 -3.0372973e+00 -3.1004391e+00 -3.1641379e+00 -3.2312126e+00 -3.2557887e+00 -3.0329735e+00
-1.6600000e+00 -3.7300945e+00 -3.1256280e+00 -3.5492090e+00 -4.3256883e+00 -3.4340936e+00 -3.1803784e+00 -3.0111841e+00 -2.9025142e+00 -2.8723533e+00 -2.8591004e+00 -2.8554385e+00 -2.9006388e+00 -2.9400351e+00 -2.9901457e+00 -3.0498052e+00 -3.1114980e+00 -3.1739974e+00 -3.2400535e+00 -3.2637513e+00 -3.0402246e+00
-1.6525000e+00 -3.8497525e+00 -3.1380325e+00 -3.4192335e+00 -4.5181578e+00 -3.6145004e+00 -3.2757398e+00 -3.0759401e+00 -2.9501062e+00 -2.9093939e+00 -2.8889142e+00 -2.8801160e+00 -2.9214089e+00 -2.9578053e+00 -3.0055465e+00 -3.0632938e+00 -3.1234145e+00 -3.1846148e+00 -3.2495689e+00 -3.2723173e+00 -3.0480224e+00
-1.6450000e+00 -3.9259460e+00 -3.1702650e+00 -3.3197292e+00 -4.3360823e+00 -3.8382803e+00 -3.3851325e+00 -3.1483011e+00 -3.0025842e+00 -2.9499436e+00 -2.9214183e+00 -2.9069167e+00 -2.9439129e+00 -2.9770254e+00 -3.0221815e+00 -3.0778476e+00 -3.1362612e+00 -3.1960529e+00 -3.2598137e+00 -3.2815355e+00 -3.0564104e+00
-1.6375000e+00 -3.9361664e+00 -3.2237914e+00 -3.2457641e+00 -4.0443199e+00 -4.1250352e+00 -3.5123014e+00 -3.2296699e+00 -3.0606736e+00 -2.9944429e+00 -2.9568718e+00 -2.9360619e+00 -2.9683211e+00 -2.9978313e+00 -3.0401620e+00 -3.0935602e+00 -3.1501176e+00 -3.2083805e+00 -3.2708482e+00 -3.2914587e+00 -3.0654362e+00
-1.6300000e+00 -3.8929049e+00 -3.3008874e+00 -3.1941402e+00 -3.8032425e+00 -4.4918840e+00 -3.6626312e+00 -3.3218789e+00 -3.1252539e+00 -3.0434141e+00 -2.9956438e+00 -2.9678039e+00 -2.9948253e+00 -3.0203747e+00 -3.0596121e+00 -3.1105350e+00 -3.1650716e+00 -3.2216734e+00 -3.2827384e+00 -3.3021451e+00 -3.0751615e+00
-1.6225000e+00 -3.8297931e+00 -3.4045248e+00 -3.1629855e+00 -3.6188374e+00 -4.8039504e+00 -3.8445298e+00 -3.4273913e+00 -3.1974250e+00 -3.0974837e+00 -3.0381417e+00 -3.0024324e+00 -3.0236423e+00 -3.0448547e+00 -3.0806698e+00 -3.1288866e+00 -3.1812198e+00 -3.2360147e+00 -3.2955565e+00 -3.3136579e+00 -3.0856228e+00
-1.6150000e+00 -3.7735491e+00 -3.5379662e+00 -3.1514561e+00 -3.4782740e+00 -4.6304650e+00 -4.0716544e+00 -3.5496356e+00 -3.2785906e+00 -3.1574141e+00 -3.0848456e+00 -3.0402825e+00 -3.0550216e+00 -3.0714073e+00 -3.1034899e+00 -3.1487424e+00 -3.1986697e+00 -3.2514962e+00 -3.3093819e+00 -3.3260667e+00 -3.0968918e+00
-1.6075000e+00 -3.7374230e+00 -3.7026898e+00 -3.1595745e+00 -3.3715577e+00 -4.2804952e+00 -4.3670015e+00 -3.6935909e+00 -3.3705865e+00 -3.2241460e+00 -3.1363287e+00 -3.0817449e+00 -3.0892471e+00 -3.1002791e+00 -3.1282460e+00 -3.1702447e+00 -3.2175400e+00 -3.2682191e+00 -3.3243023e+00 -3.3394477e+00 -3.1090363e+00
-1.6000000e+00 -3.7260646e+00 -3.8905345e+00 -3.1881842e+00 -3.2922438e+00 -4.0048414e+00 -4.7602825e+00 -3.8668736e+00 -3.4758852e+00 -3.2988643e+00 -3.1932834e+00 -3.1272795e+00 -3.1266474e+00 -3.1317188e+00 -3.1551740e+00 -3.1935529e+00 -3.2379422e+00 -3.2862960e+00 -3.3404141e+00 -3.3538848e+00 -3.1221305e+00
-1.5925000e+00 -3.7398386e+00 -4.0617806e+00 -3.2390107e+00 -3.2363833e+00 -3.8008717e+00 -5.1319826e+00 -4.0818784e+00 -3.5979381e+00 -3.3830935e+00 -3.2565583e+00 -3.1774331e+00 -3.1676055e+00 -3.1660121e+00 -3.1844175e+00 -3.2188464e+00 -3.2600667e+00 -3.3058516e+00 -3.3578243e+00 -3.3694706e+00 -3.1362561e+00
-1.5850000e+00 -3.7768091e+00 -4.1304625e+00 -3.3148329e+00 -3.2016901e+00 -3.6479638e+00 -4.9275034e+00 -4.3600525e+00 -3.7417808e+00 -3.4788455e+00 -3.3272125e+00 -3.2328644e+00 -3.2125714e+00 -3.2034890e+00 -3.2162701e+00 -3.2463279e+00 -3.2840586e+00 -3.3270253e+00 -3.3766514e+00 -3.3863074e+00 -3.1515029e+00
-1.5775000e+00 -3.8333667e+00 -4.0587983e+00 -3.4197656e+00 -3.1870959e+00 -3.5325980e+00 -4.5382050e+00 -4.7369917e+00 -3.9151785e+00 -3.5888621e+00 -3.4065935e+00 -3.2943780e+00 -3.2620799e+00 -3.2445341e+00 -3.2510237e+00 -3.2762279e+00 -3.3101051e+00 -3.3499730e+00 -3.3970278e+00 -3.4045086e+00 -3.1679706e+00
-1.5700000e+00 -3.9043327e+00 -3.9247050e+00 -3.5595544e+00 -3.1925078e+00 -3.4466813e+00 -4.2475465e+00 -5.1926502e+00 -4.1309640e+00 -3.7170283e+00 -3.4964376e+00 -3.3629727e+00 -3.3167738e+00 -3.2895995e+00 -3.2890161e+00 -3.3088097e+00 -3.3384184e+00 -3.3748701e+00 -3.4191009e+00 -3.4242002e+00 -3.1857691e+00
-1.5625000e+00 -3.9829472e+00 -3.8010107e+00 -3.7411816e+00 -3.2187542e+00 -3.3853989e+00 -4.0369400e+00 -5.1512322e+00 -4.4121329e+00 -3.8691220e+00 -3.5991452e+00 -3.4399138e+00 -3.3774370e+00 -3.3392226e+00 -3.3306413e+00 -3.3443766e+00 -3.3692398e+00 -3.4019147e+00 -3.4430366e+00 -3.4455230e+00 -3.2050207e+00
-1.5550000e+00 -4.0606766e+00 -3.7137313e+00 -3.9678659e+00 -3.2676446e+00 -3.3459806e+00 -3.8804800e+00 -4.7230266e+00 -4.8014283e+00 -4.0542856e+00 -3.7179764e+00 -3.5268405e+00 -3.4450410e+00 -3.3940499e+00 -3.3763636e+00 -3.3832800e+00 -3.4028464e+00 -3.4313316e+00 -3.4690214e+00 -3.4686346e+00 -3.2258620e+00
-1.5475000e+00 -4.1266169e+00 -3.6683229e+00 -4.2112308e+00 -3.3421802e+00 -3.3270530e+00 -3.7629193e+00 -4.3955813e+00 -5.3142770e+00 -4.2881792e+00 -3.8577009e+00 -3.6259374e+00 -3.5208127e+00 -3.4548699e+00 -3.4267356e+00 -3.4259312e+00 -3.4395573e+00 -3.4633776e+00 -3.4972669e+00 -3.4937122e+00 -3.2484454e+00
-1.5400000e+00 -4.1678371e+00 -3.6651045e+00 -4.3383637e+00 -3.4470482e+00 -3.3283555e+00 -3.6754882e+00 -4.1628872e+00 -5.2908077e+00 -4.6003020e+00 -4.0256558e+00 -3.7402162e+00 -3.6063378e+00 -3.5226606e+00 -3.4824235e+00 -3.4728158e+00 -3.4797441e+00 -3.4983477e+00 -3.5280137e+00 -3.5209561e+00 -3.2729423e+00
-1.5325000e+00 -4.1747565e+00 -3.7037113e+00 -4.2301725e+00 -3.5893768e+00 -3.3505584e+00 -3.6130683e+00 -3.9920432e+00 -4.8112951e+00 -5.0478013e+00 -4.2339839e+00 -3.8740084e+00 -3.7037224e+00 -3.5986583e+00 -3.5442419e+00 -3.5245138e+00 -3.5238427e+00 -3.5365838e+00 -3.5615376e+00 -3.5505938e+00 -3.2995462e+00
-1.5250000e+00 -4.1512113e+00 -3.7832610e+00 -4.0294677e+00 -3.7796067e+00 -3.3953842e+00 -3.5727434e+00 -3.8641570e+00 -4.4654092e+00 -5.5726910e+00 -4.5047986e+00 -4.0338882e+00 -3.8158580e+00 -3.6844621e+00 -3.6132044e+00 -3.5817270e+00 -3.5723700e+00 -3.5784848e+00 -3.5981570e+00 -3.5828477e+00 -3.3284765e+00
-1.5175000e+00 -4.1171008e+00 -3.8995217e+00 -3.8579085e+00 -4.0302230e+00 -3.4657955e+00 -3.5530692e+00 -3.7686675e+00 -4.2250209e+00 -5.2575735e+00 -4.8830405e+00 -4.2305596e+00 -3.9468833e+00 -3.7821988e+00 -3.6905965e+00 -3.6453173e+00 -3.6259460e+00 -3.6245213e+00 -3.6382419e+00 -3.6180920e+00 -3.3599834e+00
-1.5100000e+00 -4.0984985e+00 -4.0370642e+00 -3.7402505e+00 -4.3332682e+00 -3.5665670e+00 -3.5536919e+00 -3.6994943e+00 -4.0501271e+00 -4.7840995e+00 -5.4453108e+00 -4.4831647e+00 -4.1030425e+00 -3.8947931e+00 -3.7780882e+00 -3.7163624e+00 -3.6853250e+00 -3.6752539e+00 -3.6822264e+00 -3.6566355e+00 -3.3943541e+00
-1.5025000e+00 -4.1173749e+00 -4.1568532e+00 -3.6756844e+00 -4.5341595e+00 -3.7052481e+00 -3.5753460e+00 -3.6531481e+00 -3.9197280e+00 -4.4684831e+00 -5.6414530e+00 -4.8304131e+00 -4.2944295e+00 -4.0264405e+00 -3.8779118e+00 -3.7962375e+00 -3.7514389e+00 -3.7313594e+00 -3.7306255e+00 -3.6988832e+00 -3.4319210e+00
-1.4950000e+00 -4.1866690e+00 -4.2054822e+00 -3.6614773e+00 -4.3915282e+00 -3.8938491e+00 -3.6197638e+00 -3.6278013e+00 -3.8224811e+00 -4.2480590e+00 -5.0753261e+00 -5.3563203e+00 -4.5389522e+00 -4.1834909e+00 -3.9931572e+00 -3.8867423e+00 -3.8254613e+00 -3.7936667e+00 -3.7840564e+00 -3.7453129e+00 -3.4730713e+00
-1.4875000e+00 -4.3020651e+00 -4.1748494e+00 -3.6972029e+00 -4.1283165e+00 -4.1510157e+00 -3.6899368e+00 -3.6228367e+00 -3.7519615e+00 -4.0867410e+00 -4.6800675e+00 -5.8559240e+00 -4.8726870e+00 -4.3762582e+00 -4.1282940e+00 -3.9903038e+00 -3.9089028e+00 -3.8632086e+00 -3.8432700e+00 -3.7964949e+00 -3.5182610e+00
-1.4800000e+00 -4.4185654e+00 -4.1150241e+00 -3.7849420e+00 -3.9193441e+00 -4.4936853e+00 -3.7908261e+00 -3.6386653e+00 -3.7045073e+00 -3.9663622e+00 -4.4159678e+00 -5.2889760e+00 -5.3784820e+00 -4.6231858e+00 -4.2901613e+00 -4.1103192e+00 -4.0037605e+00 -3.9412981e+00 -3.9091938e+00 -3.8531182e+00 -3.5680321e+00
-1.4725000e+00 -4.4497380e+00 -4.0719656e+00 -3.9274175e+00 -3.7801537e+00 -4.8079469e+00 -3.9303506e+00 -3.6767396e+00 -3.6781959e+00 -3.8770991e+00 -4.2273095e+00 -4.8305567e+00 -6.0086971e+00 -4.9620102e+00 -4.4900383e+00 -4.2517732e+00 -4.1127626e+00 -4.0296455e+00 -3.9829954e+00 -3.9160281e+00 -3.6230376e+00
-1.4650000e+00 -4.3878234e+00 -4.0643314e+00 -4.1189822e+00 -3.7021900e+00 -4.6767259e+00 -4.1215691e+00 -3.7397613e+00 -3.6723549e+00 -3.8133871e+00 -4.0877009e+00 -4.5352282e+00 -5.4772944e+00 -5.4830643e+00 -4.7485540e+00 -4.4224390e+00 -4.2397893e+00 -4.1305442e+00 -4.0661773e+00 -3.9862800e+00 -3.6840751e+00
-1.4575000e+00 -4.3275145e+00 -4.0931974e+00 -4.3118760e+00 -3.6794909e+00 -4.3492325e+00 -4.3864152e+00 -3.8321703e+00 -3.6873635e+00 -3.7721028e+00 -3.9836072e+00 -4.3284637e+00 -4.9762889e+00 -6.1470372e+00 -5.1094515e+00 -4.6354780e+00 -4.3906531e+00 -4.2471827e+00 -4.1607253e+00 -4.0652182e+00 -3.7521353e+00
-1.4500000e+00 -4.3338154e+00 -4.1502346e+00 -4.3788982e+00 -3.7109345e+00 -4.1000268e+00 -4.7539298e+00 -3.9611292e+00 -3.7246600e+00 -3.7517045e+00 -3.9075558e+00 -4.1767743e+00 -4.6619333e+00 -5.5537120e+00 -5.6828199e+00 -4.9159095e+00 -4.5746736e+00 -4.3841989e+00 -4.2693508e+00 -4.1545987e+00 -3.8284732e+00
-1.4425000e+00 -4.4161417e+00 -4.2219635e+00 -4.2780866e+00 -3.8000640e+00 -3.9368390e+00 -5.1298871e+00 -4.1385056e+00 -3.7869538e+00 -3.7518336e+00 -3.8553123e+00 -4.0637247e+00 -4.4447840e+00 -5.0476870e+00 -6.2619731e+00 -5.3200662e+00 -4.8082579e+00 -4.5487471e+00 -4.3959094e+00 -4.2567840e+00 -3.9147163e+00
-1.4350000e+00 -4.5319055e+00 -4.2940951e+00 -4.1406103e+00 -3.9546824e+00 -3.8426101e+00 -4.9764686e+00 -4.3848258e+00 -3.8787306e+00 -3.7731776e+00 -3.8246007e+00 -3.9804553e+00 -4.2864211e+00 -4.7337400e+00 -5.5473116e+00 -5.9959076e+00 -5.1244726e+00 -4.7527671e+00 -4.5461751e+00 -4.3750721e+00 -4.0130361e+00
-1.4275000e+00 -4.5923963e+00 -4.3542738e+00 -4.0516579e+00 -4.1818536e+00 -3.8076042e+00 -4.6047351e+00 -4.7341703e+00 -4.0072947e+00 -3.8175367e+00 -3.8144996e+00 -3.9219726e+00 -4.1685525e+00 -4.5173069e+00 -5.0735071e+00 -6.2159117e+00 -5.6047703e+00 -5.0185296e+00 -4.7294064e+00 -4.5142868e+00 -4.1264330e+00
-1.4200000e+00 -4.5720045e+00 -4.3894658e+00 -4.0317701e+00 -4.4491185e+00 -3.8292672e+00 -4.3373639e+00 -5.1776477e+00 -4.1849426e+00 -3.8881165e+00 -3.8251839e+00 -3.8855287e+00 -4.0814769e+00 -4.3595711e+00 -4.7766787e+00 -5.4866218e+00 -6.4251933e+00 -5.3951043e+00 -4.9619193e+00 -4.6819237e+00 -4.2592380e+00
-1.4125000e+00 -4.5435509e+00 -4.3884268e+00 -4.0820061e+00 -4.5605695e+00 -3.9111661e+00 -4.1656854e+00 -5.1908556e+00 -4.4336971e+00 -3.9901815e+00 -3.8578934e+00 -3.8698645e+00 -4.0197584e+00 -4.2422313e+00 -4.5702476e+00 -5.0693279e+00 -6.0082501e+00 -6.0194111e+00 -5.2767262e+00 -4.8906255e+00 -4.4180689e+00
-1.4050000e+00 -4.5542026e+00 -4.3605230e+00 -4.1941152e+00 -4.3939099e+00 -4.0635770e+00 -4.0666252e+00 -4.7823461e+00 -4.7943358e+00 -4.1324107e+00 -3.9151091e+00 -3.8748713e+00 -3.9803837e+00 -4.1556160e+00 -4.4191961e+00 -4.8003409e+00 -5.3980446e+00 -6.6014486e+00 -5.7566283e+00 -5.1643655e+00 -4.6138378e+00
-1.3975000e+00 -4.6075211e+00 -4.3422238e+00 -4.3369548e+00 -4.1895630e+00 -4.3036211e+00 -4.0285407e+00 -4.4736687e+00 -5.2913325e+00 -4.3298377e+00 -4.0010148e+00 -3.9015019e+00 -3.9619116e+00 -4.0943173e+00 -4.3068113e+00 -4.6102918e+00 -5.0445038e+00 -5.7686812e+00 -6.6249764e+00 -5.5575357e+00 -4.8665931e+00
-1.3900000e+00 -4.6909769e+00 -4.3738237e+00 -4.4360629e+00 -4.0633785e+00 -4.6323054e+00 -4.0482632e+00 -4.2750844e+00 -5.3329413e+00 -4.6106567e+00 -4.1224732e+00 -3.9518908e+00 -3.9640868e+00 -4.0553456e+00 -4.2241865e+00 -4.4703212e+00 -4.8078762e+00 -5.2988284e+00 -6.2157771e+00 -6.2314444e+00 -5.2198121e+00
-1.3825000e+00 -4.7522362e+00 -4.4733983e+00 -4.4312517e+00 -4.0274203e+00 -4.8454536e+00 -4.1295502e+00 -4.1563576e+00 -4.8685814e+00 -5.0294695e+00 -4.2911100e+00 -4.0297338e+00 -3.9877209e+00 -4.0372813e+00 -4.1663352e+00 -4.3662456e+00 -4.6376229e+00 -5.0068461e+00 -5.5754018e+00 -6.6961865e+00 -5.7986027e+00
-1.3750000e+00 -4.7271734e+00 -4.5987575e+00 -4.3732663e+00 -4.0809064e+00 -4.6369732e+00 -4.2840037e+00 -4.1017625e+00 -4.5386296e+00 -5.5582268e+00 -4.5281276e+00 -4.1411104e+00 -4.0347854e+00 -4.0398912e+00 -4.1305318e+00 -4.2903843e+00 -4.5114516e+00 -4.8038077e+00 -5.2140030e+00 -5.8384225e+00 -6.8278870e+00
-1.3675000e+00 -4.6930621e+00 -4.6234287e+00 -4.3384257e+00 -4.2236781e+00 -4.3655092e+00 -4.5336768e+00 -4.1058064e+00 -4.3308720e+00 -5.3096774e+00 -4.8762375e+00 -4.2962363e+00 -4.1087539e+00 -4.0640138e+00 -4.1155471e+00 -4.2384332e+00 -4.4179775e+00 -4.6552317e+00 -4.9739321e+00 -5.3864070e+00 -5.8329789e+00
-1.3600000e+00 -4.7603197e+00 -4.5400902e+00 -4.3535669e+00 -4.4361036e+00 -4.1995430e+00 -4.8976407e+00 -4.1705148e+00 -4.2070214e+00 -4.8424800e+00 -5.4116682e+00 -4.5134861e+00 -4.2153604e+00 -4.1116581e+00 -4.1213112e+00 -4.2081008e+00 -4.3509244e+00 -4.5447841e+00 -4.8017173e+00 -5.1033812e+00 -5.2831936e+00
-1.3525000e+00 -4.8786003e+00 -4.4999372e+00 -4.4093014e+00 -4.5989128e+00 -4.1401811e+00 -5.1716784e+00 -4.3058016e+00 -4.1490126e+00 -4.5465729e+00 -5.6787728e+00 -4.8297106e+00 -4.3642149e+00 -4.1863571e+00 -4.1488313e+00 -4.1984782e+00 -4.3067978e+00 -4.4637809e+00 -4.6742368e+00 -4.9056688e+00 -4.9616074e+00
-1.3450000e+00 -4.8641362e+00 -4.5791930e+00 -4.4795761e+00 -4.5427438e+00 -4.1819986e+00 -4.9185618e+00 -4.5328103e+00 -4.1505679e+00 -4.3636901e+00 -5.1297461e+00 -5.3248840e+00 -4.5725060e+00 -4.2939505e+00 -4.2003246e+00 -4.2097764e+00 -4.2838409e+00 -4.4073741e+00 -4.5797862e+00 -4.7607203e+00 -4.7430306e+00
-1.3375000e+00 -4.8229452e+00 -4.7314197e+00 -4.5414975e+00 -4.3953971e+00 -4.3302693e+00 -4.6066995e+00 -4.8841818e+00 -4.2135557e+00 -4.2592170e+00 -4.7443570e+00 -5.8651993e+00 -4.8745974e+00 -4.4442620e+00 -4.2796263e+00 -4.2433004e+00 -4.2815576e+00 -4.3729344e+00 -4.5119399e+00 -4.6530063e+00 -4.5845891e+00
-1.3300000e+00 -4.8923540e+00 -4.7638910e+00 -4.5849663e+00 -4.3153536e+00 -4.5888054e+00 -4.4226725e+00 -5.2745732e+00 -4.3483646e+00 -4.2184494e+00 -4.5084938e+00 -5.3436745e+00 -5.3486812e+00 -4.6549893e+00 -4.3930764e+00 -4.3016456e+00 -4.3005410e+00 -4.3593101e+00 -4.4671224e+00 -4.5742366e+00 -4.4670451e+00
-1.3225000e+00 -4.9706481e+00 -4.6787991e+00 -4.5984016e+00 -4.3388043e+00 -4.8512926e+00 -4.3541955e+00 -5.1166953e+00 -4.5784246e+00 -4.2375166e+00 -4.3666807e+00 -4.8887669e+00 -5.9965608e+00 -4.9620380e+00 -4.5514450e+00 -4.3892066e+00 -4.3425233e+00 -4.3665049e+00 -4.4435269e+00 -4.5197846e+00 -4.3804399e+00
-1.3150000e+00 -4.9698747e+00 -4.6760144e+00 -4.5789316e+00 -4.4561641e+00 -4.7821306e+00 -4.3920861e+00 -4.7534235e+00 -4.9474723e+00 -4.3207615e+00 -4.2948449e+00 -4.6163703e+00 -5.5337129e+00 -5.4503411e+00 -4.7745130e+00 -4.5132705e+00 -4.4106687e+00 -4.3956107e+00 -4.4406221e+00 -4.4871633e+00 -4.3192652e+00
-1.3075000e+00 -4.9623775e+00 -4.7809315e+00 -4.5676453e+00 -4.6065462e+00 -4.5498615e+00 -4.5435932e+00 -4.5269783e+00 -5.4104001e+00 -4.4824392e+00 -4.2840948e+00 -4.4512006e+00 -5.0320391e+00 -6.1365304e+00 -5.1037761e+00 -4.6864412e+00 -4.5102488e+00 -4.4489592e+00 -4.4589717e+00 -4.4753276e+00 -4.2804984e+00
-1.3000000e+00 -5.0181285e+00 -4.8571773e+00 -4.6221108e+00 -4.6606919e+00 -4.4198541e+00 -4.8255856e+00 -4.4267852e+00 -5.2363499e+00 -4.7540508e+00 -4.3347650e+00 -4.3613131e+00 -4.7376584e+00 -5.6108554e+00 -5.6424776e+00 -4.9326620e+00 -4.6500965e+00 -4.5305632e+00 -4.5002795e+00 -4.4843762e+00 -4.2627174e+00
-1.2925000e+00 -5.0959178e+00 -4.8375614e+00 -4.7446238e+00 -4.6026450e+00 -4.4282683e+00 -5.1565744e+00 -4.4367871e+00 -4.8241654e+00 -5.1939163e+00 -4.4560170e+00 -4.3342647e+00 -4.5594171e+00 -5.1028250e+00 -6.2822498e+00 -5.3050828e+00 -4.8459484e+00 -4.6470779e+00 -4.5676762e+00 -4.5155033e+00 -4.2657075e+00
-1.2850000e+00 -5.0529026e+00 -4.8309502e+00 -4.8031441e+00 -4.5582977e+00 -4.5734229e+00 -5.0809556e+00 -4.5605622e+00 -4.5789719e+00 -5.6087341e+00 -4.6705021e+00 -4.3680905e+00 -4.4599097e+00 -4.8089574e+00 -5.6030142e+00 -5.9432344e+00 -5.1293146e+00 -4.8099134e+00 -4.6663895e+00 -4.5711733e+00 -4.2903468e+00
-1.2775000e+00 -5.1022737e+00 -4.8732838e+00 -4.7220702e+00 -4.5851019e+00 -4.8105199e+00 -4.7912880e+00 -4.8196637e+00 -4.4698388e+00 -5.2001697e+00 -5.0281149e+00 -4.4695572e+00 -4.4244972e+00 -4.6317373e+00 -5.1296196e+00 -6.2765070e+00 -5.5764189e+00 -5.0404018e+00 -4.8051878e+00 -4.6555985e+00 -4.3387161e+00
-1.2700000e+00 -5.1797800e+00 -4.9498534e+00 -4.6912901e+00 -4.6602022e+00 -4.9027049e+00 -4.6320237e+00 -5.1998863e+00 -4.4751044e+00 -4.8147298e+00 -5.5852643e+00 -4.6575211e+00 -4.4499575e+00 -4.5332932e+00 -4.8556402e+00 -5.5396957e+00 -6.3692809e+00 -5.3849373e+00 -4.9997157e+00 -4.7757777e+00 -4.4144798e+00
-1.2625000e+00 -5.1454578e+00 -4.9816369e+00 -4.8155323e+00 -4.7271818e+00 -4.7505951e+00 -4.6283395e+00 -5.2616911e+00 -4.5981978e+00 -4.6077887e+00 -5.5606155e+00 -4.9752919e+00 -4.5419069e+00 -4.4990260e+00 -4.6912460e+00 -5.1287936e+00 -6.0731363e+00 -5.9705625e+00 -5.2814206e+00 -4.9438022e+00 -4.5237360e+00
-1.2550000e+00 -5.2037300e+00 -4.9377887e+00 -4.9482253e+00 -4.7602372e+00 -4.6408068e+00 -4.7799939e+00 -4.9325473e+00 -4.8673130e+00 -4.5316223e+00 -5.0515911e+00 -5.5118008e+00 -4.7175331e+00 -4.5258631e+00 -4.6027656e+00 -4.8876095e+00 -5.4501140e+00 -6.6460554e+00 -5.7276336e+00 -5.1826103e+00 -4.6768802e+00
-1.2475000e+00 -5.2536317e+00 -5.0045405e+00 -4.8574313e+00 -4.7712638e+00 -4.6772806e+00 -5.0675293e+00 -4.7200531e+00 -5.3010518e+00 -4.5706585e+00 -4.7556511e+00 -5.8062692e+00 -5.0171454e+00 -4.6197122e+00 -4.5775800e+00 -4.7446656e+00 -5.1110154e+00 -5.8239345e+00 -6.5579143e+00 -5.5434782e+00 -4.8931196e+00
-1.2400000e+00 -5.2360199e+00 -5.1044577e+00 -4.8162264e+00 -4.7660553e+00 -4.8353833e+00 -5.2182066e+00 -4.6750438e+00 -5.4002885e+00 -4.7366253e+00 -4.6161516e+00 -5.2315838e+00 -5.5344712e+00 -4.7984548e+00 -4.6139739e+00 -4.6731990e+00 -4.9089284e+00 -5.3542017e+00 -6.2844646e+00 -6.1752455e+00 -5.2136197e+00
-1.2325000e+00 -5.3137299e+00 -5.0280529e+00 -4.9578114e+00 -4.7775062e+00 -4.9547243e+00 -5.0069167e+00 -4.7934138e+00 -5.0048180e+00 -5.0720230e+00 -4.5978830e+00 -4.8715044e+00 -6.0017030e+00 -5.1046336e+00 -4.7194154e+00 -4.6638404e+00 -4.7929756e+00 -5.0860254e+00 -5.6268153e+00 -6.7636825e+00 -5.7536231e+00
-1.2250000e+00 -5.3130231e+00 -5.0957142e+00 -5.0271464e+00 -4.8556619e+00 -4.8947106e+00 -4.8458501e+00 -5.0786958e+00 -4.7636487e+00 -5.5592844e+00 -4.6992457e+00 -4.6925125e+00 -5.4005833e+00 -5.6427627e+00 -4.9146768e+00 -4.7172231e+00 -4.7439345e+00 -4.9262268e+00 -5.2787996e+00 -5.8925255e+00 -6.8080933e+00
-1.2175000e+00 -5.3517921e+00 -5.1770136e+00 -4.9421587e+00 -4.9448036e+00 -4.8378479e+00 -4.8652515e+00 -5.3434151e+00 -4.7072297e+00 -5.3978675e+00 -4.9494182e+00 -4.6424059e+00 -4.9993666e+00 -6.1245900e+00 -5.2499938e+00 -4.8437174e+00 -4.7563200e+00 -4.8417418e+00 -5.0726006e+00 -5.4424561e+00 -5.8944705e+00
-1.2100000e+00 -5.3905896e+00 -5.1244456e+00 -4.9936833e+00 -4.9048568e+00 -4.8925052e+00 -5.0561039e+00 -5.1488301e+00 -4.8257068e+00 -4.9897679e+00 -5.4137886e+00 -4.7110972e+00 -4.7978196e+00 -5.4729210e+00 -5.8529829e+00 -5.0698241e+00 -4.8340066e+00 -4.8205281e+00 -4.9540489e+00 -5.1848277e+00 -5.3347085e+00
-1.2025000e+00 -5.3978978e+00 -5.2031865e+00 -5.0910461e+00 -4.8693916e+00 -4.9878689e+00 -5.2571848e+00 -4.9275641e+00 -5.1390345e+00 -4.7974083e+00 -5.7256730e+00 -4.9201548e+00 -4.7308864e+00 -5.0691682e+00 -6.1639380e+00 -5.4618641e+00 -4.9920182e+00 -4.8614632e+00 -4.9029943e+00 -5.0320196e+00 -5.0323306e+00
-1.1950000e+00 -5.4650950e+00 -5.2360269e+00 -5.0747408e+00 -4.9894729e+00 -5.0082756e+00 -5.1644108e+00 -4.9006720e+00 -5.4853774e+00 -4.7915017e+00 -5.2402998e+00 -5.3371869e+00 -4.7832992e+00 -4.8689341e+00 -5.4778738e+00 -6.1806200e+00 -5.2672116e+00 -4.9729438e+00 -4.9135692e+00 -4.9531404e+00 -4.8529711e+00
-1.1875000e+00 -5.4457097e+00 -5.2308695e+00 -5.0849505e+00 -5.0778118e+00 -5.0094164e+00 -5.0344576e+00 -5.0734578e+00 -5.2378917e+00 -4.9729313e+00 -4.9282422e+00 -5.8757971e+00 -4.9727805e+00 -4.8040256e+00 -5.1075864e+00 -6.0662599e+00 -5.7580576e+00 -5.1778800e+00 -4.9894259e+00 -4.9372024e+00 -4.7542002e+00
-1.1800000e+00 -5.5287390e+00 -5.2957199e+00 -5.1430470e+00 -4.9748591e+00 -5.0464401e+00 -5.0734617e+00 -5.3408077e+00 -4.9661847e+00 -5.3738642e+00 -4.8299483e+00 -5.4378099e+00 -5.3647423e+00 -4.8593750e+00 -4.9289768e+00 -5.4416752e+00 -6.5441157e+00 -5.5336863e+00 -5.1454154e+00 -4.9838833e+00 -4.7205288e+00
-1.1725000e+00 -5.5164336e+00 -5.3128127e+00 -5.1950037e+00 -5.0234772e+00 -5.0640881e+00 -5.2411685e+00 -5.2893749e+00 -4.9233755e+00 -5.6088237e+00 -4.9175378e+00 -5.0402273e+00 -5.9865169e+00 -5.0541907e+00 -4.8819557e+00 -5.1291121e+00 -5.8844296e+00 -6.2069870e+00 -5.4183760e+00 -5.1026312e+00 -4.7488841e+00
-1.1650000e+00 -5.5730805e+00 -5.3285398e+00 -5.1618602e+00 -5.1730558e+00 -5.0971831e+00 -5.3037035e+00 -5.1048955e+00 -5.1111163e+00 -5.2158517e+00 -5.2211880e+00 -4.8861286e+00 -5.6222432e+00 -5.4602406e+00 -4.9565919e+00 -4.9871031e+00 -5.3875592e+00 -6.4427784e+00 -5.9095557e+00 -5.3185722e+00 -4.8457956e+00
-1.1575000e+00 -5.5809151e+00 -5.3925208e+00 -5.2454807e+00 -5.0887464e+00 -5.1770721e+00 -5.2200507e+00 -5.1076180e+00 -5.4576633e+00 -4.9930837e+00 -5.7179379e+00 -4.9242692e+00 -5.1683838e+00 -6.1244675e+00 -5.1787082e+00 -4.9712720e+00 -5.1434392e+00 -5.6971581e+00 -6.7804468e+00 -5.6961323e+00 -5.0311656e+00
-1.1500000e+00 -5.6241128e+00 -5.3823020e+00 -5.2725240e+00 -5.1148938e+00 -5.1603506e+00 -5.2189994e+00 -5.2934391e+00 -5.3926326e+00 -5.0198331e+00 -5.5055749e+00 -5.1722582e+00 -4.9822772e+00 -5.6989260e+00 -5.6376285e+00 -5.0807516e+00 -5.0480734e+00 -5.3337323e+00 -6.0784461e+00 -6.4344403e+00 -5.3554885e+00
-1.1425000e+00 -5.6702845e+00 -5.4480517e+00 -5.2481504e+00 -5.2355030e+00 -5.1487510e+00 -5.3168991e+00 -5.4049181e+00 -5.1365038e+00 -5.2994093e+00 -5.1299018e+00 -5.6919481e+00 -4.9946801e+00 -5.2367113e+00 -6.2951146e+00 -5.3543823e+00 -5.0751427e+00 -5.1626055e+00 -5.5581793e+00 -6.5060541e+00 -5.9791059e+00
-1.1350000e+00 -5.6663473e+00 -5.4498648e+00 -5.3731609e+00 -5.1812743e+00 -5.2828802e+00 -5.3784781e+00 -5.2892824e+00 -5.1222413e+00 -5.6536835e+00 -5.0298261e+00 -5.7306010e+00 -5.2147440e+00 -5.0523239e+00 -5.6931137e+00 -5.9163536e+00 -5.2364308e+00 -5.1232139e+00 -5.3062560e+00 -5.7736043e+00 -6.7103373e+00
-1.1275000e+00 -5.7235762e+00 -5.5062881e+00 -5.3002411e+00 -5.2331046e+00 -5.2667216e+00 -5.3623713e+00 -5.2671851e+00 -5.3575235e+00 -5.3848872e+00 -5.1897282e+00 -5.2539655e+00 -5.7243541e+00 -5.0688401e+00 -5.2721032e+00 -6.3408938e+00 -5.5944296e+00 -5.2076067e+00 -5.2064140e+00 -5.4284888e+00 -5.7240934e+00
-1.1200000e+00 -5.7423980e+00 -5.5008111e+00 -5.4188297e+00 -5.2854299e+00 -5.2239947e+00 -5.3602231e+00 -5.3883460e+00 -5.5341619e+00 -5.1616868e+00 -5.6195255e+00 -5.0758726e+00 -5.9325946e+00 -5.2978955e+00 -5.1185677e+00 -5.6354132e+00 -6.3226725e+00 -5.4465615e+00 -5.2299796e+00 -5.2692531e+00 -5.2898030e+00
-1.1125000e+00 -5.7528185e+00 -5.5775032e+00 -5.3819918e+00 -5.2919748e+00 -5.3916550e+00 -5.4267790e+00 -5.4484830e+00 -5.3314733e+00 -5.2352925e+00 -5.6733023e+00 -5.1686928e+00 -5.3931231e+00 -5.8376297e+00 -5.1648077e+00 -5.2926672e+00 -6.1575631e+00 -5.9512376e+00 -5.3880000e+00 -5.2402353e+00 -5.0842616e+00
-1.1050000e+00 -5.8049870e+00 -5.5704845e+00 -5.4502493e+00 -5.3147843e+00 -5.3270750e+00 -5.5015431e+00 -5.4148040e+00 -5.2729666e+00 -5.5677562e+00 -5.2928959e+00 -5.5624309e+00 -5.1683519e+00 -6.0338676e+00 -5.4364258e+00 -5.1925214e+00 -5.5602542e+00 -6.6788219e+00 -5.7437258e+00 -5.3365977e+00 -5.0195421e+00
-1.0975000e+00 -5.8412965e+00 -5.6007380e+00 -5.4673950e+00 -5.3895197e+00 -5.3437559e+00 -5.4567553e+00 -5.4408736e+00 -5.4581127e+00 -5.5994642e+00 -5.2111017e+00 -5.8749313e+00 -5.2250970e+00 -5.4604935e+00 -6.0540836e+00 -5.2923521e+00 -5.3132995e+00 -5.9114414e+00 -6.5012728e+00 -5.5943173e+00 -5.0789392e+00
-1.0900000e+00 -5.8523390e+00 -5.6606733e+00 -5.4880465e+00 -5.3508239e+00 -5.4762069e+00 -5.4865148e+00 -5.4885935e+00 -5.5619223e+00 -5.3407919e+00 -5.4533760e+00 -5.4211931e+00 -5.5900443e+00 -5.2363164e+00 -6.0361168e+00 -5.6451526e+00 -5.2837372e+00 -5.4951468e+00 -6.3707233e+00 -6.1443908e+00 -5.2859208e+00
-1.0825000e+00 -5.8773910e+00 -5.6606604e+00 -5.5391181e+00 -5.4618325e+00 -5.3776492e+00 -5.6149704e+00 -5.5384617e+00 -5.4302088e+00 -5.3695358e+00 -5.8033528e+00 -5.2417065e+00 -6.0470264e+00 -5.3000319e+00 -5.4835159e+00 -6.3634064e+00 -5.4630789e+00 -5.3526881e+00 -5.7318154e+00 -6.8250065e+00 -5.7395761e+00
-1.0750000e+00 -5.9217722e+00 -5.7172254e+00 -5.5561867e+00 -5.4082258e+00 -5.5157671e+00 -5.5317193e+00 -5.5595395e+00 -5.4612308e+00 -5.6482576e+00 -5.5105100e+00 -5.4097681e+00 -5.5675673e+00 -5.6867085e+00 -5.3023526e+00 -5.9442253e+00 -5.9523066e+00 -5.4136173e+00 -5.4733905e+00 -5.9804433e+00 -6.7609038e+00
-1.0675000e+00 -5.9665251e+00 -5.7309455e+00 -5.5683812e+00 -5.5236314e+00 -5.4711411e+00 -5.5980260e+00 -5.5366208e+00 -5.6003802e+00 -5.6163255e+00 -5.3585227e+00 -5.8690132e+00 -5.3272223e+00 -6.1731930e+00 -5.4109978e+00 -5.4868625e+00 -6.5311555e+00 -5.7141178e+00 -5.4375127e+00 -5.5886877e+00 -5.9775030e+00
-1.0600000e+00 -5.9982188e+00 -5.7366600e+00 -5.6545934e+00 -5.4641794e+00 -5.5405508e+00 -5.6918797e+00 -5.6475844e+00 -5.5785320e+00 -5.4608778e+00 -5.5702415e+00 -5.6711076e+00 -5.4511070e+00 -5.6351229e+00 -5.8718688e+00 -5.3821062e+00 -5.8140417e+00 -6.4319514e+00 -5.6121816e+00 -5.4636561e+00 -5.4515873e+00
-1.0525000e+00 -6.0204685e+00 -5.7922459e+00 -5.6189813e+00 -5.5902985e+00 -5.5488372e+00 -5.5983132e+00 -5.6554314e+00 -5.5667385e+00 -5.5949222e+00 -5.8205070e+00 -5.3990805e+00 -5.9374543e+00 -5.3930491e+00 -6.2418322e+00 -5.5735097e+00 -5.4944597e+00 -6.2755694e+00 -6.1038038e+00 -5.5429622e+00 -5.2594472e+00
-1.0450000e+00 -6.0481737e+00 -5.8330773e+00 -5.6855856e+00 -5.5233011e+00 -5.5960806e+00 -5.7640912e+00 -5.6064883e+00 -5.6366618e+00 -5.7303893e+00 -5.5588263e+00 -5.5324859e+00 -5.8445152e+00 -5.5290770e+00 -5.6497938e+00 -6.1675886e+00 -5.4922414e+00 -5.7006543e+00 -6.7849398e+00 -5.8744068e+00 -5.2804350e+00
-1.0375000e+00 -6.0805654e+00 -5.8425280e+00 -5.7077476e+00 -5.6373228e+00 -5.6048911e+00 -5.6843478e+00 -5.7949540e+00 -5.6828519e+00 -5.6071508e+00 -5.5407089e+00 -5.9270187e+00 -5.4925976e+00 -6.0602882e+00 -5.4617394e+00 -6.1752496e+00 -5.8127327e+00 -5.5339089e+00 -5.9929450e+00 -6.6732013e+00 -5.5326699e+00
-1.0300000e+00 -6.1054718e+00 -5.8635657e+00 -5.7333451e+00 -5.6062517e+00 -5.6610267e+00 -5.7757137e+00 -5.6701956e+00 -5.6785115e+00 -5.6639191e+00 -5.8139010e+00 -5.6756711e+00 -5.5727130e+00 -5.9245779e+00 -5.6620779e+00 -5.6412309e+00 -6.5372368e+00 -5.6674966e+00 -5.6533531e+00 -6.3346948e+00 -6.2129711e+00
-1.0225000e+00 -6.1421699e+00 -5.9041605e+00 -5.7937688e+00 -5.6709187e+00 -5.6675051e+00 -5.7806868e+00 -5.7803300e+00 -5.6978761e+00 -5.7700250e+00 -5.7362930e+00 -5.5403066e+00 -6.0242703e+00 -5.5548031e+00 -6.2621185e+00 -5.5533360e+00 -6.0137000e+00 -6.2000527e+00 -5.6422329e+00 -5.7875815e+00 -6.4620327e+00
-1.0150000e+00 -6.1724060e+00 -5.9463738e+00 -5.7896827e+00 -5.6756355e+00 -5.7033673e+00 -5.8104778e+00 -5.8143431e+00 -5.8029010e+00 -5.7269037e+00 -5.6436092e+00 -5.8255407e+00 -5.8255702e+00 -5.6482231e+00 -5.9253605e+00 -5.8737278e+00 -5.6424854e+00 -6.5369948e+00 -5.9593901e+00 -5.6456957e+00 -5.6762017e+00
-1.0075000e+00 -6.2036853e+00 -5.9808990e+00 -5.7962941e+00 -5.7249710e+00 -5.7617468e+00 -5.8527625e+00 -5.7665914e+00 -5.7341432e+00 -5.7683277e+00 -5.8393677e+00 -5.8735512e+00 -5.6069101e+00 -6.1510851e+00 -5.6096614e+00 -6.4520718e+00 -5.6931224e+00 -5.8623234e+00 -6.7581372e+00 -5.8087138e+00 -5.4337072e+00
-1.0000000e+00 -6.2219171e+00 -6.0124758e+00 -5.8520963e+00 -5.7703802e+00 -5.7275303e+00 -5.8657016e+00 -5.9309487e+00 -5.8351712e+00 -5.8195624e+00 -5.8175037e+00 -5.6603479e+00 -5.8696005e+00 -5.8968113e+00 -5.7798979e+00 -5.8753866e+00 -6.2032396e+00 -5.6916436e+00 -6.2009935e+00 -6.4081431e+00 -5.5087415e+00
-9.9250000e-01 -6.2476265e+00 -6.0450298e+00 -5.9005225e+00 -5.7437897e+00 -5.8366954e+00 -5.9178670e+00 -5.8065857e+00 -5.8503636e+00 -5.8460357e+00 -5.7747949e+00 -5.8577700e+00 -6.0398005e+00 -5.6683421e+00 -6.3252931e+00 -5.6831967e+00 -6.3818796e+00 -5.9348214e+00 -5.7990862e+00 -6.6122454e+00 -5.9752537e+00
-9.8500000e-01 -6.2769399e+00 -6.0721779e+00 -5.9171576e+00 -5.8017048e+00 -5.8194720e+00 -5.9147336e+00 -5.9933002e+00 -5.8311797e+00 -5.8390908e+00 -5.9041932e+00 -5.9300318e+00 -5.7399650e+00 -5.9658944e+00 -5.9064197e+00 -5.9958935e+00 -5.8254132e+00 -6.6618160e+00 -5.8388138e+00 -5.9441776e+00 -6.7912012e+00
-9.7750000e-01 -6.3166679e+00 -6.0938874e+00 -5.9296681e+00 -5.8707272e+00 -5.8331337e+00 -5.9969502e+00 -5.8783642e+00 -5.9683255e+00 -5.9371759e+00 -5.8809566e+00 -5.7826765e+00 -5.9033920e+00 -6.1384693e+00 -5.7475680e+00 -6.4269900e+00 -5.8092322e+00 -6.1400065e+00 -6.3604799e+00 -5.8061438e+00 -5.8540035e+00
-9.7000000e-01 -6.3428522e+00 -6.1301908e+00 -5.9548364e+00 -5.8749195e+00 -5.9072438e+00 -5.9625572e+00 -6.0222098e+00 -5.8609499e+00 -5.8971380e+00 -5.9062737e+00 -5.9706831e+00 -6.0856046e+00 -5.7966692e+00 -6.1455009e+00 -5.8868230e+00 -6.3353925e+00 -5.8298185e+00 -6.6076939e+00 -6.0955578e+00 -5.5788706e+00
-9.6250000e-01 -6.3655892e+00 -6.1684381e+00 -5.9892628e+00 -5.8897933e+00 -5.9236453e+00 -6.0389944e+00 -5.9721282e+00 -6.0475799e+00 -5.9752580e+00 -5.9608817e+00 -5.9371458e+00 -5.8509269e+00 -5.9908900e+00 -6.1635075e+00 -5.8745034e+00 -6.3059071e+00 -6.0518809e+00 -5.9853094e+00 -6.8794987e+00 -5.7436836e+00
-9.5500000e-01 -6.4119633e+00 -6.1883716e+00 -6.0272663e+00 -5.9349856e+00 -5.9474539e+00 -6.0858371e+00 -6.0366026e+00 -5.9211130e+00 -5.9856081e+00 -5.9839395e+00 -5.9325895e+00 -6.0431419e+00 -6.1876962e+00 -5.8537788e+00 -6.4102444e+00 -5.8889265e+00 -6.7121809e+00 -5.9526023e+00 -6.2079865e+00 -6.5439861e+00
-9.4750000e-01 -6.4250578e+00 -6.2190737e+00 -6.0678887e+00 -5.9735149e+00 -5.9692153e+00 -6.0264057e+00 -6.0664332e+00 -6.0872003e+00 -6.0092599e+00 -5.9846421e+00 -6.0374455e+00 -6.0650760e+00 -5.9049163e+00 -6.1536813e+00 -6.1130277e+00 -6.0947909e+00 -6.1131304e+00 -6.5015228e+00 -5.9366615e+00 -6.2128858e+00
-9.4000000e-01 -6.4694955e+00 -6.2277275e+00 -6.1076661e+00 -5.9929761e+00 -5.9838304e+00 -6.1493465e+00 -6.0837076e+00 -6.0137824e+00 -6.0587182e+00 -6.0841450e+00 -6.0018668e+00 -5.9813561e+00 -6.1432655e+00 -6.2263879e+00 -5.9458848e+00 -6.5816915e+00 -5.9770767e+00 -6.5117676e+00 -6.2146649e+00 -5.7289728e+00
-9.3250000e-01 -6.4845977e+00 -6.2695301e+00 -6.1343042e+00 -6.0091953e+00 -6.0272152e+00 -6.1859087e+00 -6.1177986e+00 -6.0847410e+00 -6.0746305e+00 -6.0162662e+00 -6.0656120e+00 -6.1669113e+00 -6.1436576e+00 -5.9683093e+00 -6.4045963e+00 -6.0504639e+00 -6.4917614e+00 -6.0383835e+00 -6.8860902e+00 -5.8528297e+00
-9.2500000e-01 -6.5236805e+00 -6.3102371e+00 -6.1493222e+00 -6.0336666e+00 -6.0871626e+00 -6.1306433e+00 -6.1437645e+00 -6.1422103e+00 -6.0917624e+00 -6.1716454e+00 -6.0894580e+00 -6.0674161e+00 -6.0401475e+00 -6.3082974e+00 -6.1886819e+00 -6.1249819e+00 -6.3960157e+00 -6.2367153e+00 -6.1884373e+00 -6.7169014e+00
-9.1750000e-01 -6.5588676e+00 -6.3283725e+00 -6.1788685e+00 -6.0659680e+00 -6.1293838e+00 -6.1843632e+00 -6.2145506e+00 -6.0924361e+00 -6.1847550e+00 -6.0590534e+00 -6.1070402e+00 -6.1672816e+00 -6.2832641e+00 -6.1715673e+00 -6.0791732e+00 -6.6079880e+00 -6.0666823e+00 -6.8263995e+00 -6.1013780e+00 -6.1298515e+00
-9.1000000e-01 -6.5760007e+00 -6.3580794e+00 -6.2084124e+00 -6.0989881e+00 -6.1506596e+00 -6.2635858e+00 -6.1796742e+00 -6.2136488e+00 -6.0998269e+00 -6.2511354e+00 -6.1610024e+00 -6.1699686e+00 -6.1173221e+00 -6.1419355e+00 -6.5041898e+00 -6.1377485e+00 -6.4800493e+00 -6.2061402e+00 -6.7095779e+00 -5.8275452e+00
-9.0250000e-01 -6.6073300e+00 -6.4040259e+00 -6.2349005e+00 -6.1242625e+00 -6.1683219e+00 -6.2774707e+00 -6.2089638e+00 -6.1888988e+00 -6.2924690e+00 -6.1134513e+00 -6.1562727e+00 -6.2000019e+00 -6.2701141e+00 -6.3859261e+00 -6.1689133e+00 -6.2953187e+00 -6.4647116e+00 -6.2629970e+00 -6.4629618e+00 -6.2734275e+00
-8.9500000e-01 -6.6382124e+00 -6.4150318e+00 -6.2930453e+00 -6.1438093e+00 -6.1911747e+00 -6.2822055e+00 -6.3201545e+00 -6.2237730e+00 -6.1699829e+00 -6.2911904e+00 -6.2405701e+00 -6.2410041e+00 -6.2313968e+00 -6.1715078e+00 -6.3243942e+00 -6.5334300e+00 -6.1806691e+00 -6.8493959e+00 -6.1765380e+00 -6.5370039e+00
-8.8750000e-01 -6.6730720e+00 -6.4616422e+00 -6.3091692e+00 -6.1780468e+00 -6.2166534e+00 -6.3185439e+00 -6.3403511e+00 -6.2644754e+00 -6.2627635e+00 -6.2236340e+00 -6.1880653e+00 -6.2563118e+00 -6.2853974e+00 -6.4083798e+00 -6.4080923e+00 -6.2055887e+00 -6.6712588e+00 -6.2881897e+00 -6.6850589e+00 -5.9396694e+00
-8.8000000e-01 -6.7028124e+00 -6.4760010e+00 -6.3327138e+00 -6.2321521e+00 -6.2388397e+00 -6.3705860e+00 -6.3036562e+00 -6.2762939e+00 -6.3352004e+00 -6.2468014e+00 -6.3458859e+00 -6.3071250e+00 -6.3131358e+00 -6.2754785e+00 -6.2696010e+00 -6.5956031e+00 -6.3745108e+00 -6.4372470e+00 -6.5350537e+00 -6.2572558e+00
-8.7250000e-01 -6.7318947e+00 -6.5096162e+00 -6.3673414e+00 -6.2656908e+00 -6.2569466e+00 -6.4162495e+00 -6.3164726e+00 -6.3421114e+00 -6.2785815e+00 -6.4016498e+00 -6.2197829e+00 -6.3002996e+00 -6.3364625e+00 -6.4091584e+00 -6.5346428e+00 -6.3528683e+00 -6.3907936e+00 -6.7540095e+00 -6.2959222e+00 -6.6105211e+00
-8.6500000e-01 -6.7563354e+00 -6.5388697e+00 -6.3984690e+00 -6.2951217e+00 -6.2817935e+00 -6.4500773e+00 -6.3707321e+00 -6.3797572e+00 -6.3454160e+00 -6.2682836e+00 -6.3983057e+00 -6.4010474e+00 -6.3781399e+00 -6.3679523e+00 -6.3295942e+00 -6.4729186e+00 -6.6931270e+00 -6.3392796e+00 -6.8811697e+00 -6.0295452e+00
-8.5750000e-01 -6.7827459e+00 -6.5524838e+00 -6.4223210e+00 -6.3269671e+00 -6.3264855e+00 -6.4761435e+00 -6.4231839e+00 -6.3594489e+00 -6.3943374e+00 -6.3720658e+00 -6.3494631e+00 -6.3230599e+00 -6.3866573e+00 -6.4451005e+00 -6.5610213e+00 -6.5243786e+00 -6.3681384e+00 -6.7957664e+00 -6.4493703e+00 -6.5117813e+00
-8.5000000e-01 -6.8145885e+00 -6.6034827e+00 -6.4715426e+00 -6.3306787e+00 -6.3735002e+00 -6.4971106e+00 -6.4550534e+00 -6.3619441e+00 -6.4010974e+00 -6.4684578e+00 -6.3228902e+00 -6.4920401e+00 -6.4603409e+00 -6.4424465e+00 -6.4163249e+00 -6.4651414e+00 -6.7678193e+00 -6.5061215e+00 -6.5422111e+00 -6.3936765e+00
-8.4250000e-01 -6.8309977e+00 -6.7429726e+00 -6.4820929e+00 -6.3851570e+00 -6.3925584e+00 -6.5146695e+00 -6.4744492e+00 -6.4094035e+00 -6.4481493e+00 -6.3956587e+00 -6.5185612e+00 -6.4071655e+00 -6.4181337e+00 -6.4888683e+00 -6.5825367e+00 -6.6169329e+00 -6.4597078e+00 -6.6212109e+00 -6.7987931e+00 -6.1750098e+00
-8.3500000e-01 -6.8978387e+00 -6.7007793e+00 -6.5200971e+00 -6.4156055e+00 -6.4321767e+00 -6.5376622e+00 -6.4933641e+00 -6.4727231e+00 -6.4922525e+00 -6.4261383e+00 -6.4338098e+00 -6.4422049e+00 -6.5440895e+00 -6.5238075e+00 -6.5032749e+00 -6.5267262e+00 -6.7449133e+00 -6.7091727e+00 -6.4753844e+00 -6.8769464e+00
-8.2750000e-01 -6.9653380e+00 -6.5446321e+00 -6.5544284e+00 -6.4209696e+00 -6.4718993e+00 -6.5792597e+00 -6.5193984e+00 -6.5236578e+00 -6.4943619e+00 -6.5091638e+00 -6.4041272e+00 -6.6068573e+00 -6.4977973e+00 -6.5256465e+00 -6.6064397e+00 -6.6517779e+00 -6.5548297e+00 -6.5973160e+00 -6.9483282e+00 -6.2094633e+00
-8.2000000e-01 -6.8780437e+00 -6.9153481e+00 -6.5724414e+00 -6.4880918e+00 -6.4667041e+00 -6.6225740e+00 -6.5586179e+00 -6.5562257e+00 -6.4899888e+00 -6.5336224e+00 -6.5449699e+00 -6.4832832e+00 -6.5158683e+00 -6.5927635e+00 -6.5947233e+00 -6.6187424e+00 -6.7701780e+00 -6.8189370e+00 -6.5471363e+00 -6.7268391e+00
-8.1250000e-01 -7.0477132e+00 -6.6588266e+00 -6.6071092e+00 -6.4890253e+00 -6.5285336e+00 -6.6204567e+00 -6.6126150e+00 -6.5778114e+00 -6.5070054e+00 -6.5426144e+00 -6.6031290e+00 -6.5082402e+00 -6.6737406e+00 -6.6161921e+00 -6.6392125e+00 -6.6699034e+00 -6.6248450e+00 -6.6552482e+00 -6.9323805e+00 -6.3607666e+00
-8.0500000e-01 -6.9704317e+00 -6.7901461e+00 -6.6413366e+00 -6.5351322e+00 -6.5448922e+00 -6.6254960e+00 -6.6635770e+00 -6.5963762e+00 -6.5415798e+00 -6.5818937e+00 -6.5548753e+00 -6.6776630e+00 -6.5708857e+00 -6.5843208e+00 -6.6580870e+00 -6.7124405e+00 -6.8204482e+00 -6.8473564e+00 -6.6377255e+00 -6.6043121e+00
-7.9750000e-01 -7.0370181e+00 -6.8269518e+00 -6.6696696e+00 -6.5495355e+00 -6.5708855e+00 -6.6949730e+00 -6.6807373e+00 -6.6194314e+00 -6.5805316e+00 -6.6357240e+00 -6.5556584e+00 -6.6771096e+00 -6.5780971e+00 -6.7294401e+00 -6.7262391e+00 -6.7152919e+00 -6.6994315e+00 -6.7563401e+00 -6.9495846e+00 -6.4833484e+00
-7.9000000e-01 -7.0885354e+00 -6.9703366e+00 -6.7085589e+00 -6.5775584e+00 -6.6231406e+00 -6.7243155e+00 -6.6872114e+00 -6.6562771e+00 -6.6158262e+00 -6.6803580e+00 -6.6079707e+00 -6.6052188e+00 -6.7493461e+00 -6.7076975e+00 -6.6929014e+00 -6.7623087e+00 -6.8369827e+00 -6.8355404e+00 -6.7095654e+00 -6.6346187e+00
-7.8250000e-01 -7.1230052e+00 -6.8568379e+00 -6.7319136e+00 -6.6211487e+00 -6.6215868e+00 -6.7415253e+00 -6.7236265e+00 -6.7077199e+00 -6.6478813e+00 -6.7128172e+00 -6.6610359e+00 -6.6248516e+00 -6.7704397e+00 -6.6469476e+00 -6.7514063e+00 -6.7923047e+00 -6.8103872e+00 -6.8883206e+00 -6.9910727e+00 -6.5218277e+00
-7.7500000e-01 -7.1296086e+00 -6.8499578e+00 -6.7641799e+00 -6.6497399e+00 -6.6664016e+00 -6.7661415e+00 -6.7332438e+00 -6.7415341e+00 -6.6830451e+00 -6.7426491e+00 -6.6918496e+00 -6.7027429e+00 -6.6832838e+00 -6.7706871e+00 -6.8552539e+00 -6.8342230e+00 -6.8435386e+00 -6.8378158e+00 -6.7907497e+00 -6.7782885e+00
-7.6750000e-01 -7.1896048e+00 -6.9044144e+00 -6.7812643e+00 -6.6768335e+00 -6.6917401e+00 -6.8178258e+00 -6.7780385e+00 -6.7295750e+00 -6.7255538e+00 -6.7768990e+00 -6.7094872e+00 -6.7701312e+00 -6.6848726e+00 -6.8901936e+00 -6.7842612e+00 -6.8109847e+00 -6.8867788e+00 -6.9720566e+00 -6.9809111e+00 -6.5159116e+00
-7.6000000e-01 -7.1706550e+00 -7.0131767e+00 -6.8105971e+00 -6.7046781e+00 -6.7311656e+00 -6.8295567e+00 -6.8327070e+00 -6.7419311e+00 -6.7638247e+00 -6.8135374e+00 -6.7263853e+00 -6.8026031e+00 -6.7636016e+00 -6.8300405e+00 -6.7798217e+00 -6.8906817e+00 -6.9195483e+00 -6.9252917e+00 -6.9261600e+00 -6.9412744e+00
-7.5250000e-01 -7.1842548e+00 -6.9654901e+00 -6.8548152e+00 -6.7265333e+00 -6.7702372e+00 -6.8624157e+00 -6.8145632e+00 -6.8119607e+00 -6.7809173e+00 -6.8397863e+00 -6.7481370e+00 -6.8175785e+00 -6.8504767e+00 -6.7734858e+00 -6.9113187e+00 -6.9727483e+00 -6.9515112e+00 -6.9747549e+00 -6.9444437e+00 -6.5851144e+00
-7.4500000e-01 -7.2376666e+00 -6.9971006e+00 -6.8773797e+00 -6.7667336e+00 -6.7915928e+00 -6.8897700e+00 -6.8860624e+00 -6.8356228e+00 -6.8119046e+00 -6.8435014e+00 -6.7788266e+00 -6.8314227e+00 -6.9023780e+00 -6.7996116e+00 -7.0102296e+00 -6.9139906e+00 -6.9362680e+00 -7.0115574e+00 -7.0448753e+00 -6.8058674e+00
-7.3750000e-01 -7.2908307e+00 -7.0307937e+00 -6.9134698e+00 -6.7971731e+00 -6.8088426e+00 -6.9245023e+00 -6.8974259e+00 -6.8632110e+00 -6.8915323e+00 -6.8410143e+00 -6.8250901e+00 -6.8475820e+00 -6.9252728e+00 -6.8739416e+00 -6.9729836e+00 -6.8955974e+00 -6.9965630e+00 -7.0391489e+00 -7.0062740e+00 -6.8696052e+00
-7.3000000e-01 -7.3182655e+00 -7.1443752e+00 -6.9332468e+00 -6.8390143e+00 -6.8323190e+00 -6.9762827e+00 -6.9285322e+00 -6.8732857e+00 -6.8930269e+00 -6.8666095e+00 -6.8890433e+00 -6.8655571e+00 -6.9393812e+00 -6.9492980e+00 -6.9209427e+00 -6.9842853e+00 -7.0969587e+00 -7.0918873e+00 -7.0683084e+00 -6.6872640e+00
-7.2250000e-01 -7.3422591e+00 -7.0862732e+00 -6.9694130e+00 -6.8560681e+00 -6.8723822e+00 -6.9955178e+00 -6.9411921e+00 -6.9475646e+00 -6.8865879e+00 -6.9035311e+00 -6.9452368e+00 -6.8905103e+00 -6.9536895e+00 -7.0016214e+00 -6.9174457e+00 -7.1057855e+00 -7.0957000e+00 -7.0816594e+00 -7.0964055e+00 -6.8914281e+00
-7.1500000e-01 -7.3696978e+00 -7.2103559e+00 -7.0020224e+00 -6.8781224e+00 -6.9061455e+00 -7.0107942e+00 -7.0127290e+00 -6.9254016e+00 -6.9777936e+00 -6.9258183e+00 -6.9487873e+00 -6.9370003e+00 -6.9691174e+00 -7.0325228e+00 -6.9502475e+00 -7.1645655e+00 -7.0455253e+00 -7.0816636e+00 -7.0933155e+00 -6.9722025e+00
-7.0750000e-01 -7.3719120e+00 -7.1567433e+00 -7.0254214e+00 -6.9264354e+00 -6.9287886e+00 -7.0342063e+00 -7.0344219e+00 -6.9911981e+00 -6.9626134e+00 -6.9967976e+00 -6.9347009e+00 -7.0137138e+00 -6.9889512e+00 -7.0516762e+00 -6.9950087e+00 -7.1599528e+00 -7.0432329e+00 -7.1546772e+00 -7.1672056e+00 -6.8362220e+00
-7.0000000e-01 -7.4383361e+00 -7.1820613e+00 -7.0584191e+00 -6.9436922e+00 -6.9774878e+00 -7.0582920e+00 -7.0470519e+00 -7.0172376e+00 -7.0089795e+00 -6.9860804e+00 -6.9752837e+00 -7.0731796e+00 -7.0255170e+00 -7.0668912e+00 -7.0364942e+00 -7.1470561e+00 -7.0931006e+00 -7.2529364e+00 -7.2369814e+00 -6.8649029e+00
-6.5000000e-01 -7.6010119e+00 -7.3514549e+00 -7.2531085e+00 -7.1510467e+00 -7.2185834e+00 -7.2792935e+00 -7.2500042e+00 -7.2078121e+00 -7.2059451e+00 -7.1835854e+00 -7.2220407e+00 -7.2029438e+00 -7.2493501e+00 -7.2192603e+00 -7.2698278e+00 -7.3340753e+00 -7.4156170e+00 -7.3102676e+00 -7.4963937e+00 -7.1306203e+00
-6.0000000e-01 -7.7996508e+00 -7.6135162e+00 -7.4628589e+00 -7.3510130e+00 -7.3407304e+00 -7.4824985e+00 -7.4373751e+00 -7.4251194e+00 -7.3897329e+00 -7.4095845e+00 -7.3833393e+00 -7.4230656e+00 -7.4101835e+00 -7.4551247e+00 -7.4976140e+00 -7.5132717e+00 -7.5810191e+00 -7.5747064e+00 -7.5363857e+00 -7.3443892e+00
-5.5000000e-01 -8.0499442e+00 -7.8237704e+00 -7.6653841e+00 -7.5418260e+00 -7.6167534e+00 -7.6721419e+00 -7.6367366e+00 -7.6243698e+00 -7.6098145e+00 -7.5856284e+00 -7.5788704e+00 -7.6174412e+00 -7.6280557e+00 -7.6498722e+00 -7.7095805e+00 -7.7189877e+00 -7.7210573e+00 -7.8437018e+00 -7.7844840e+00 -7.5026458e+00
-5.0000000e-01 -8.2008663e+00 -7.9866738e+00 -7.8443688e+00 -7.6518302e+00 -7.7596230e+00 -7.8804121e+00 -7.6714552e+00 -7.8112248e+00 -7.8092351e+00 -7.7833168e+00 -7.7904949e+00 -7.8282878e+00 -7.8182695e+00 -7.8730025e+00 -7.8682700e+00 -7.9413290e+00 -7.9158660e+00 -7.9860461e+00 -7.9925406e+00 -7.7663162e+00
-4.0000000e-01 -8.6601913e+00 -8.4995738e+00 -8.2244074e+00 -8.1329192e+00 -8.2496095e+00 -8.2275032e+00 -8.2078783e+00 -8.0938614e+00 -8.2041630e+00 -8.3187521e+00 -8.1758776e+00 -8.2203420e+00 -8.2340553e+00 -8.2442973e+00 -8.3034984e+00 -8.3201858e+00 -8.3288039e+00 -8.3971330e+00 -8.3792484e+00 -8.1435896e+00
-2.0000000e-01 -9.4134316e+00 -9.1531297e+00 -9.0400885e+00 -8.9646760e+00 -8.9552929e+00 -9.0389743e+00 -9.0707592e+00 -9.0477980e+00 -9.0541276e+00 -9.0084523e+00 -8.9799731e+00 -8.9657083e+00 -8.9988042e+00 -9.0769554e+00 -9.0839775e+00 -9.1853465e+00 -9.1536443e+00 -9.1932188e+00 -9.1885303e+00 -8.9349759e+00
0.0000000e+00 -1.0242922e+01 -1.0021877e+01 -9.8684321e+00 -9.7089063e+00 -9.9894671e+00 -9.8568728e+00 -9.8421789e+00 -9.7493287e+00 -9.8523390e+00 -9.8283379e+00 -9.8392997e+00 -9.7226176e+00 -9.8453385e+00 -9.8875983e+00 -1.0034044e+01 -9.9699795e+00 -9.9750582e+00 -1.0012776e+01 -1.0120268e+01 -9.7251019e+00
2.0000000e-01 -1.1059609e+01 -1.0795933e+01 -1.0617353e+01 -1.0624791e+01 -1.0710254e+01 -1.0772574e+01 -1.0721380e+01 -1.0569612e+01 -1.0614878e+01 -1.0683097e+01 -1.0518971e+01 -1.0587906e+01 -1.0562947e+01 -1.0654774e+01 -1.0692564e+01 -1.0925718e+01 -1.0742844e+01 -1.0734735e+01 -1.0809499e+01 -1.0503258e+01
4.0000000e-01 -1.1850034e+01 -1.1707812e+01 -1.1498845e+01 -1.1325053e+01 -1.1373287e+01 -1.1592953e+01 -1.1564275e+01 -1.1401516e+01 -1.1341076e+01 -1.1340909e+01 -1.1472554e+01 -1.1508810e+01 -1.1367159e+01 -1.1497979e+01 -1.1367331e+01 -1.1401110e+01 -1.1510708e+01 -1.1478309e+01 -1.1630754e+01 -1.1320941e+01
6.0000000e-01 -1.2648644e+01 -1.2522173e+01 -1.2264519e+01 -1.2125251e+01 -1.2175761e+01 -1.2240989e+01 -1.2381771e+01 -1.2308472e+01 -1.2221462e+01 -1.2228600e+01 -1.2167793e+01 -1.2223479e+01 -1.2213576e+01 -1.2297960e+01 -1.2258209e+01 -1.2203653e+01 -1.2289237e+01 -1.2427483e+01 -1.2471771e+01 -1.2131965e+01
8.0000000e-01 -1.3449658e+01 -1.3087878e+01 -1.3059868e+01 -1.2920067e+01 -1.2989892e+01 -1.3024212e+01 -1.3199303e+01 -1.3039728e+01 -1.2976658e+01 -1.3024200e+01 -1.2944549e+01 -1.2973449e+01 -1.3090295e+01 -1.3000000e+01 -1.3112871e+01 -1.3071514e+01 -1.3077626e+01 -1.3262237e+01 -1.3288264e+01 -1.2927031e+01
1.0000000e+00 -1.4222033e+01 -1.4017296e+01 -1.3879484e+01 -1.3791703e+01 -1.3876812e+01 -1.3863579e+01 -1.3919148e+01 -1.3858956e+01 -1.3827137e+01 -1.3834435e+01 -1.3711694e+01 -1.3809798e+01 -1.3825985e+01 -1.3852562e+01 -1.3794235e+01 -1.3915297e+01 -1.3879171e+01 -1.4001611e+01 -1.3918571e+01 -1.3720006e+01
1.2000000e+00 -1.5051421e+01 -1.4802332e+01 -1.4645202e+01 -1.4592696e+01 -1.4573991e+01 -1.4662546e+01 -1.4660337e+01 -1.4630900e+01 -1.4656787e+01 -1.4594366e+01 -1.4592447e+01 -1.4514683e+01 -1.4574714e+01 -1.4747861e+01 -1.4618767e+01 -1.4580331e+01 -1.4693830e+01 -1.4931221e+01 -1.4725260e+01 -1.4488961e+01
1.4000000e+00 -1.5867225e+01 -1.5599415e+01 -1.5464167e+01 -1.5275909e+01 -1.5474206e+01 -1.5441887e+01 -1.5516637e+01 -1.5367227e+01 -1.5296130e+01 -1.5285062e+01 -1.5321924e+01 -1.5478157e+01 -1.5537031e+01 -1.5430484e+01 -1.5533292e+01 -1.5444658e+01 -1.5623672e+01 -1.5574537e+01 -1.5550987e+01 -1.5273527e+01
1.6000000e+00 -1.6596131e+01 -1.6354721e+01 -1.6282012e+01 -1.6143655e+01 -1.6236950e+01 -1.6231880e+01 -1.6423798e+01 -1.6245121e+01 -1.6139762e+01 -1.6178018e+01 -1.6250305e+01 -1.6206774e+01 -1.6225556e+01 -1.6332060e+01 -1.6264780e+01 -1.6235064e+01 -1.6359985e+01 -1.6347663e+01 -1.6338130e+01 -1.6094719e+01
1.8000000e+00 -1.7413774e+01 -1.7191537e+01 -1.7072313e+01 -1.6889766e+01 -1.6926014e+01 -1.7037998e+01 -1.6966218e+01 -1.6950859e+01 -1.7092168e+01 -1.6950897e+01 -1.7054678e+01 -1.6898696e+01 -1.7009342e+01 -1.7072812e+01 -1.7240056e+01 -1.7030663e+01 -1.7181333e+01 -1.7217002e+01 -1.7013948e+01 -1.6947676e+01
2.0000000e+00 -1.8194436e+01 -1.8113488e+01 -1.7832922e+01 -1.7798011e+01 -1.7711563e+01 -1.7840870e+01 -1.7966579e+01 -1.7824208e+01 -1.7756964e+01 -1.7748513e+01 -1.7795303e+01 -1.7804698e+01 -1.7897760e+01 -1.7946714e+01 -1.7836478e+01 -1.7846020e+01 -1.7912588e+01 -1.7924537e+01 -1.8008145e+01 -1.7689715e+01