########################################################################
# Reference Counts for Solar Model GS98                                #
# Column 1: log10(Axion mass in eV)                                    #
#        n>1: log10(Reference photon counts in energy bin n-1)         #
########################################################################
-3.0000000e+00 -3.7851505e-01 -7.6236912e-02 8.0944191e-02 1.2147259e-01 9.1929973e-02 3.7189537e-02 -4.8120614e-02 -1.6120953e-01 -3.0873236e-01 -4.9262307e-01
-2.8000000e+00 -3.7853543e-01 -7.6250803e-02 8.0934174e-02 1.2146503e-01 9.1924085e-02 3.7184822e-02 -4.8124475e-02 -1.6121275e-01 -3.0873509e-01 -4.9262540e-01
-2.6000000e+00 -3.7866403e-01 -7.6338448e-02 8.0870970e-02 1.2141732e-01 9.1886931e-02 3.7155074e-02 -4.8148839e-02 -1.6123306e-01 -3.0875230e-01 -4.9264015e-01
-2.4000000e+00 -3.7947561e-01 -7.6891533e-02 8.0472139e-02 1.2111630e-01 9.1652489e-02 3.6967366e-02 -4.8302574e-02 -1.6136122e-01 -3.0886087e-01 -4.9273323e-01
-2.2000000e+00 -3.8460285e-01 -8.0384373e-02 7.7954046e-02 1.1921602e-01 9.0172690e-02 3.5782641e-02 -4.9272822e-02 -1.6217001e-01 -3.0954602e-01 -4.9332056e-01
-2.1500000e+00 -3.8817325e-01 -8.2815249e-02 7.6202173e-02 1.1789427e-01 8.9143570e-02 3.4958821e-02 -4.9947447e-02 -1.6273233e-01 -3.1002237e-01 -4.9372888e-01
-2.1000000e+00 -3.9384329e-01 -8.6673278e-02 7.3422828e-02 1.1579783e-01 8.7511542e-02 3.3652522e-02 -5.1017080e-02 -1.6362385e-01 -3.1077754e-01 -4.9437618e-01
-2.0500000e+00 -4.0285837e-01 -9.2801353e-02 6.9010773e-02 1.1247113e-01 8.4922478e-02 3.1580587e-02 -5.2713402e-02 -1.6503756e-01 -3.1197494e-01 -4.9540248e-01
-2.0000000e+00 -4.1721920e-01 -1.0254792e-01 6.2000216e-02 1.0718841e-01 8.0812854e-02 2.8292789e-02 -5.5404581e-02 -1.6728001e-01 -3.1387403e-01 -4.9703004e-01
-1.9500000e+00 -4.4016631e-01 -1.1808232e-01 5.0843777e-02 9.8789924e-02 7.4283787e-02 2.3071873e-02 -5.9676595e-02 -1.7083877e-01 -3.1688727e-01 -4.9961203e-01
-1.9000000e+00 -4.7701889e-01 -1.4292624e-01 3.3046062e-02 8.5413291e-02 6.3895985e-02 1.4771710e-02 -6.6464418e-02 -1.7649093e-01 -3.2167148e-01 -5.0371049e-01
-1.8500000e+00 -5.3670489e-01 -1.8288242e-01 4.5400143e-03 6.4044024e-02 4.7330662e-02 1.5518593e-03 -7.7265855e-02 -1.8547912e-01 -3.2927552e-01 -5.1022195e-01
-1.8475000e+00 -5.4052702e-01 -1.8542897e-01 2.7282458e-03 6.2688201e-02 4.6280864e-02 7.1475779e-04 -7.7949415e-02 -1.8604768e-01 -3.2975636e-01 -5.1063360e-01
-1.8400000e+00 -5.5257975e-01 -1.9344950e-01 -2.9740674e-03 5.8422772e-02 4.2979158e-02 -1.9174666e-03 -8.0098522e-02 -1.8783503e-01 -3.3126783e-01 -5.1192746e-01
-1.8325000e+00 -5.6556921e-01 -2.0207667e-01 -9.1008795e-03 5.3842959e-02 3.9435733e-02 -4.7414934e-03 -8.2403696e-02 -1.8975184e-01 -3.3288856e-01 -5.1331471e-01
-1.8250000e+00 -5.7957492e-01 -2.1135917e-01 -1.5685175e-02 4.8924830e-02 3.5632444e-02 -7.7715807e-03 -8.4876457e-02 -1.9180763e-01 -3.3462656e-01 -5.1480216e-01
-1.8175000e+00 -5.9468433e-01 -2.2135009e-01 -2.2762724e-02 4.3642515e-02 3.1549715e-02 -1.1023090e-02 -8.7529204e-02 -1.9401261e-01 -3.3649040e-01 -5.1639713e-01
-1.8100000e+00 -6.1099385e-01 -2.3210737e-01 -3.0372356e-02 3.7968023e-02 2.7166412e-02 -1.4512580e-02 -9.0375288e-02 -1.9637778e-01 -3.3848932e-01 -5.1810748e-01
-1.8025000e+00 -6.2860998e-01 -2.4369436e-01 -3.8556262e-02 3.1871050e-02 2.2459712e-02 -1.8257903e-02 -9.3429086e-02 -1.9891498e-01 -3.4063325e-01 -5.1994164e-01
-1.7950000e+00 -6.4765072e-01 -2.5618039e-01 -4.7360339e-02 2.5318760e-02 1.7404945e-02 -2.2278322e-02 -9.6706089e-02 -2.0163695e-01 -3.4293288e-01 -5.2190872e-01
-1.7875000e+00 -6.6824720e-01 -2.6964155e-01 -5.6834576e-02 1.8275541e-02 1.1975436e-02 -2.6594625e-02 -1.0022300e-01 -2.0455741e-01 -3.4539970e-01 -5.2401846e-01
-1.7800000e+00 -6.9054559e-01 -2.8416143e-01 -6.7033492e-02 1.0702736e-02 6.1423115e-03 -3.1229268e-02 -1.0399782e-01 -2.0769113e-01 -3.4804607e-01 -5.2628138e-01
-1.7725000e+00 -7.1470949e-01 -2.9983213e-01 -7.8016631e-02 2.5583389e-03 -1.2569620e-04 -3.6206513e-02 -1.0804998e-01 -2.1105404e-01 -3.5088532e-01 -5.2870878e-01
-1.7650000e+00 -7.4092268e-01 -3.1675536e-01 -8.9849128e-02 -6.2033498e-03 -6.8624831e-03 -4.1552598e-02 -1.1240046e-01 -2.1466331e-01 -3.5393179e-01 -5.3131282e-01
-1.7575000e+00 -7.6939257e-01 -3.3504368e-01 -1.0260236e-01 -1.5632106e-02 -1.4104824e-02 -4.7295914e-02 -1.1707190e-01 -2.1853746e-01 -3.5720094e-01 -5.3410660e-01
-1.7500000e+00 -8.0035441e-01 -3.5482210e-01 -1.1635469e-01 -2.5782218e-02 -2.1892660e-02 -5.3467207e-02 -1.2208879e-01 -2.2269646e-01 -3.6070943e-01 -5.3710422e-01
-1.7425000e+00 -8.3407653e-01 -3.7622986e-01 -1.3119233e-01 -3.6712982e-02 -3.0269411e-02 -6.0099800e-02 -1.2747760e-01 -2.2716190e-01 -3.6447521e-01 -5.4032087e-01
-1.7350000e+00 -8.7086690e-01 -3.9942260e-01 -1.4721035e-01 -4.8489271e-02 -3.9282343e-02 -6.7229842e-02 -1.3326698e-01 -2.3195708e-01 -3.6851768e-01 -5.4377293e-01
-1.7275000e+00 -9.1108148e-01 -4.2457502e-01 -1.6451384e-01 -6.1182174e-02 -4.8982967e-02 -7.4896585e-02 -1.3948796e-01 -2.3710721e-01 -3.7285777e-01 -5.4747807e-01
-1.7200000e+00 -9.5513491e-01 -4.5188403e-01 -1.8321929e-01 -7.4869747e-02 -5.9427501e-02 -8.3142696e-02 -1.4617418e-01 -2.4263952e-01 -3.7751806e-01 -5.5145532e-01
-1.7125000e+00 -1.0035145e+00 -4.8157270e-01 -2.0345623e-01 -8.9637876e-02 -7.0677394e-02 -9.2014610e-02 -1.5336214e-01 -2.4858354e-01 -3.8252299e-01 -5.5572525e-01
-1.7050000e+00 -1.0567987e+00 -5.1389509e-01 -2.2536918e-01 -1.0558127e-01 -8.2799921e-02 -1.0156292e-01 -1.6109146e-01 -2.5497123e-01 -3.8789898e-01 -5.6031007e-01
-1.6975000e+00 -1.1156819e+00 -5.4914238e-01 -2.4911997e-01 -1.2280464e-01 -9.5868874e-02 -1.1184283e-01 -1.6940524e-01 -2.6183725e-01 -3.9367459e-01 -5.6523378e-01
-1.6900000e+00 -1.1810083e+00 -5.8765053e-01 -2.7489058e-01 -1.4142409e-01 -1.0996535e-01 -1.2291468e-01 -1.7835037e-01 -2.6921922e-01 -3.9988081e-01 -5.7052231e-01
-1.6825000e+00 -1.2538188e+00 -6.2981023e-01 -3.0288661e-01 -1.6156870e-01 -1.2517866e-01 -1.3484447e-01 -1.8797797e-01 -2.7715803e-01 -4.0655119e-01 -5.7620374e-01
-1.6750000e+00 -1.3354178e+00 -6.7607981e-01 -3.3334154e-01 -1.8338253e-01 -1.4160742e-01 -1.4770462e-01 -1.9834382e-01 -2.8569813e-01 -4.1372215e-01 -5.8230849e-01
-1.6675000e+00 -1.4274686e+00 -7.2700225e-01 -3.6652203e-01 -2.0702694e-01 -1.5936079e-01 -1.6157467e-01 -2.0950890e-01 -2.9488793e-01 -4.2143322e-01 -5.8886949e-01
-1.6600000e+00 -1.5321320e+00 -7.8322815e-01 -4.0273466e-01 -2.3268340e-01 -1.7855995e-01 -1.7654218e-01 -2.2153995e-01 -3.0478024e-01 -4.2972741e-01 -5.9592249e-01
-1.6525000e+00 -1.6522666e+00 -8.4554712e-01 -4.4233446e-01 -2.6055700e-01 -1.9933988e-01 -1.9270380e-01 -2.3451018e-01 -3.1543269e-01 -4.3865152e-01 -6.0350631e-01
-1.6450000e+00 -1.7917033e+00 -9.1493159e-01 -4.8573603e-01 -2.9088068e-01 -2.2185143e-01 -2.1016647e-01 -2.4850006e-01 -3.2690834e-01 -4.4825655e-01 -6.1166311e-01
-1.6375000e+00 -1.9555389e+00 -9.9259941e-01 -5.3342803e-01 -3.2392062e-01 -2.4626390e-01 -2.2904883e-01 -2.6359820e-01 -3.3927628e-01 -4.5859816e-01 -6.2043881e-01
-1.6300000e+00 -2.1500229e+00 -1.0801053e+00 -5.8599266e-01 -3.5998291e-01 -2.7276811e-01 -2.4948297e-01 -2.7990243e-01 -3.5261231e-01 -4.6973721e-01 -6.2988343e-01
-1.6225000e+00 -2.3796947e+00 -1.1794779e+00 -6.4413204e-01 -3.9942225e-01 -3.0158017e-01 -2.7161644e-01 -2.9752104e-01 -3.6699984e-01 -4.8174030e-01 -6.4005153e-01
-1.6150000e+00 -2.6306276e+00 -1.2934291e+00 -7.0870492e-01 -4.4265304e-01 -3.3294623e-01 -2.9561469e-01 -3.1657423e-01 -3.8253080e-01 -4.9468050e-01 -6.5100274e-01
-1.6075000e+00 -2.8124430e+00 -1.4256795e+00 -7.8077870e-01 -4.9016406e-01 -3.6714839e-01 -3.2166407e-01 -3.3719591e-01 -3.9930678e-01 -5.0863811e-01 -6.6280232e-01
-1.6000000e+00 -2.7724421e+00 -1.5814555e+00 -8.6170527e-01 -5.4253819e-01 -4.0451215e-01 -3.4997549e-01 -3.5953571e-01 -4.1744037e-01 -5.2370157e-01 -6.7552181e-01
-1.5925000e+00 -2.5733526e+00 -1.7681503e+00 -9.5323456e-01 -6.0047915e-01 -4.4541612e-01 -3.8078892e-01 -3.8376155e-01 -4.3705670e-01 -5.3996852e-01 -6.8923981e-01
-1.5850000e+00 -2.3628430e+00 -1.9955215e+00 -1.0576899e+00 -6.6484890e-01 -4.9030455e-01 -4.1437909e-01 -4.1006267e-01 -4.5829535e-01 -5.5754707e-01 -7.0404286e-01
-1.5775000e+00 -2.1867033e+00 -2.2704250e+00 -1.1782483e+00 -7.3672086e-01 -5.3970415e-01 -4.5106267e-01 -4.3865344e-01 -4.8131251e-01 -5.7655719e-01 -7.2002642e-01
-1.5700000e+00 -2.0470717e+00 -2.5556714e+00 -1.3194009e+00 -8.1745804e-01 -5.9424658e-01 -4.9120749e-01 -4.6977797e-01 -5.0628379e-01 -5.9713256e-01 -7.3729612e-01
-1.5625000e+00 -1.9386697e+00 -2.6519204e+00 -1.4877246e+00 -9.0883106e-01 -6.5469970e-01 -5.3524457e-01 -5.0371601e-01 -5.3340747e-01 -6.1942257e-01 -7.5596917e-01
-1.5550000e+00 -1.8566016e+00 -2.4547501e+00 -1.6931071e+00 -1.0132028e+00 -7.2201145e-01 -5.8368406e-01 -5.4079037e-01 -5.6290858e-01 -6.4359485e-01 -7.7617600e-01
-1.5475000e+00 -1.7974017e+00 -2.1968651e+00 -1.9499106e+00 -1.1338286e+00 -7.9737354e-01 -6.3713669e-01 -5.8137651e-01 -5.9504406e-01 -6.6983840e-01 -7.9806229e-01
-1.5400000e+00 -1.7588849e+00 -1.9817474e+00 -2.2703295e+00 -1.2753665e+00 -8.8231638e-01 -6.9634333e-01 -6.2591505e-01 -6.3010908e-01 -6.9836725e-01 -8.2179139e-01
-1.5325000e+00 -1.7398924e+00 -1.8143091e+00 -2.5857162e+00 -1.4447786e+00 -9.7885553e-01 -7.6221651e-01 -6.7492838e-01 -6.6844533e-01 -7.2942524e-01 -8.4754723e-01
-1.5250000e+00 -1.7401152e+00 -1.6854475e+00 -2.5680542e+00 -1.6529514e+00 -1.0897269e+00 -8.3590044e-01 -7.2904314e-01 -7.1045157e-01 -7.6329179e-01 -8.7553795e-01
-1.5175000e+00 -1.7600155e+00 -1.5874315e+00 -2.2695002e+00 -1.9172517e+00 -1.2187818e+00 -9.1886029e-01 -7.8902128e-01 -7.5659761e-01 -8.0028942e-01 -9.0600031e-01
-1.5100000e+00 -1.8008355e+00 -1.5150590e+00 -1.9915344e+00 -2.2602625e+00 -1.3716864e+00 -1.0130195e+00 -8.5580391e-01 -8.0744300e-01 -8.4079332e-01 -9.3920531e-01
-1.5025000e+00 -1.8646933e+00 -1.4650753e+00 -1.7786034e+00 -2.6372609e+00 -1.5572267e+00 -1.1209802e+00 -9.3057503e-01 -8.6366246e-01 -8.8524392e-01 -9.7546524e-01
-1.4950000e+00 -1.9547547e+00 -1.4356287e+00 -1.6173374e+00 -2.6348119e+00 -1.7898367e+00 -1.2463929e+00 -1.0148569e+00 -9.2608140e-01 -9.3416353e-01 -1.0151428e+00
-1.4875000e+00 -2.0754096e+00 -1.4259331e+00 -1.4948627e+00 -2.2844741e+00 -2.0939490e+00 -1.3946138e+00 -1.1106582e+00 -9.9572669e-01 -9.8817900e-01 -1.0586628e+00
-1.4800000e+00 -2.2320534e+00 -1.4360999e+00 -1.4027995e+00 -1.9796604e+00 -2.4991842e+00 -1.5739490e+00 -1.2207136e+00 -1.0739012e+00 -1.0480529e+00 -1.1065280e+00
-1.4725000e+00 -2.4285296e+00 -1.4671027e+00 -1.3359815e+00 -1.7542213e+00 -2.8465320e+00 -1.7981728e+00 -1.3488919e+00 -1.1622974e+00 -1.1147276e+00 -1.1593402e+00
-1.4650000e+00 -2.6537919e+00 -1.5208646e+00 -1.2913406e+00 -1.5861815e+00 -2.5893747e+00 -2.0917294e+00 -1.5009349e+00 -1.2631762e+00 -1.1893901e+00 -1.2178293e+00
-1.4575000e+00 -2.8371400e+00 -1.6004833e+00 -1.2672465e+00 -1.4594974e+00 -2.2033571e+00 -2.4957206e+00 -1.6858918e+00 -1.3796639e+00 -1.2735681e+00 -1.2828944e+00
-1.4500000e+00 -2.8419549e+00 -1.7106219e+00 -1.2631570e+00 -1.3645197e+00 -1.9201567e+00 -2.9569313e+00 -1.9191469e+00 -1.5162715e+00 -1.3692809e+00 -1.3556628e+00
-1.4425000e+00 -2.6881087e+00 -1.8580258e+00 -1.2794712e+00 -1.2955070e+00 -1.7148727e+00 -2.7876791e+00 -2.2291707e+00 -1.6798662e+00 -1.4792844e+00 -1.4375792e+00
-1.4350000e+00 -2.5141454e+00 -2.0515430e+00 -1.3175370e+00 -1.2491029e+00 -1.5622094e+00 -2.3489788e+00 -2.6677457e+00 -1.8816518e+00 -1.6074920e+00 -1.5305420e+00
-1.4275000e+00 -2.3796396e+00 -2.2972708e+00 -1.3798144e+00 -1.2235244e+00 -1.4475386e+00 -2.0337228e+00 -3.1544399e+00 -2.1416034e+00 -1.7597452e+00 -1.6371247e+00
-1.4200000e+00 -2.2942916e+00 -2.5641962e+00 -1.4702404e+00 -1.2181487e+00 -1.3624612e+00 -1.8103716e+00 -2.8590039e+00 -2.4990509e+00 -1.9453438e+00 -1.7609512e+00
-1.4125000e+00 -2.2570233e+00 -2.6825822e+00 -1.5948941e+00 -1.2333420e+00 -1.3020824e+00 -1.6461802e+00 -2.4038605e+00 -3.0220687e+00 -2.1804036e+00 -1.9073762e+00
-1.4050000e+00 -2.2665964e+00 -2.5285036e+00 -1.7630640e+00 -1.2704621e+00 -1.2636326e+00 -1.5233066e+00 -2.0938663e+00 -3.3299052e+00 -2.4961037e+00 -2.0848172e+00
-1.3975000e+00 -2.3235381e+00 -2.3025515e+00 -1.9881889e+00 -1.3320371e+00 -1.2457756e+00 -1.4318548e+00 -1.8758257e+00 -2.8050027e+00 -2.9585389e+00 -2.3076406e+00
-1.3900000e+00 -2.4296003e+00 -2.1230887e+00 -2.2818460e+00 -1.4221787e+00 -1.2482794e+00 -1.3661462e+00 -1.7157876e+00 -2.3946810e+00 -3.5543005e+00 -2.6032462e+00
-1.3825000e+00 -2.5840637e+00 -2.0040944e+00 -2.5871295e+00 -1.5473834e+00 -1.2719119e+00 -1.3229521e+00 -1.5962150e+00 -2.1202990e+00 -3.1972463e+00 -3.0313259e+00
-1.3750000e+00 -2.7695252e+00 -1.9408937e+00 -2.6074861e+00 -1.7180021e+00 -1.3185168e+00 -1.3006337e+00 -1.5075217e+00 -1.9249474e+00 -2.6922832e+00 -3.6786257e+00
-1.3675000e+00 -2.9170782e+00 -1.9297607e+00 -2.3415751e+00 -1.9505374e+00 -1.3912980e+00 -1.2987316e+00 -1.4442494e+00 -1.7805876e+00 -2.3679134e+00 -3.5579614e+00
-1.3600000e+00 -2.9239353e+00 -1.9704677e+00 -2.0900532e+00 -2.2665536e+00 -1.4954246e+00 -1.3178138e+00 -1.4033278e+00 -1.6728294e+00 -2.1439277e+00 -2.9792959e+00
-1.3525000e+00 -2.8158580e+00 -2.0662295e+00 -1.9142082e+00 -2.6313954e+00 -1.6392227e+00 -1.3595175e+00 -1.3832447e+00 -1.5937388e+00 -1.9807440e+00 -2.6172876e+00
-1.3450000e+00 -2.7021905e+00 -2.2222476e+00 -1.8060924e+00 -2.6707053e+00 -1.8365053e+00 -1.4267982e+00 -1.3836577e+00 -1.5388077e+00 -1.8592118e+00 -2.3734241e+00
-1.3375000e+00 -2.6368144e+00 -2.4366723e+00 -1.7565275e+00 -2.3486512e+00 -2.1105749e+00 -1.5244906e+00 -1.4052620e+00 -1.5055768e+00 -1.7691462e+00 -2.1978511e+00
-1.3300000e+00 -2.6329178e+00 -2.6571303e+00 -1.7617454e+00 -2.0662871e+00 -2.4906476e+00 -1.6604461e+00 -1.4498581e+00 -1.4929833e+00 -1.7048242e+00 -2.0675888e+00
-1.3225000e+00 -2.6913387e+00 -2.7166538e+00 -1.8231853e+00 -1.8758657e+00 -2.8483611e+00 -1.8478697e+00 -1.5206413e+00 -1.5010728e+00 -1.6630441e+00 -1.9707668e+00
-1.3150000e+00 -2.8057330e+00 -2.5749119e+00 -1.9473694e+00 -1.7597753e+00 -2.6397650e+00 -2.1101434e+00 -1.6228437e+00 -1.5309431e+00 -1.6422228e+00 -1.9008007e+00
-1.3075000e+00 -2.9504800e+00 -2.4106344e+00 -2.1450108e+00 -1.7053874e+00 -2.2703982e+00 -2.4867429e+00 -1.7650555e+00 -1.5848904e+00 -1.6419799e+00 -1.8539873e+00
-1.3000000e+00 -3.0576873e+00 -2.3105657e+00 -2.4170773e+00 -1.7078287e+00 -2.0117808e+00 -2.9439258e+00 -1.9620454e+00 -1.6668207e+00 -1.6629944e+00 -1.8284109e+00
-1.2925000e+00 -3.0551472e+00 -2.2889204e+00 -2.6600649e+00 -1.7686031e+00 -1.8470669e+00 -2.8341772e+00 -2.2410359e+00 -1.7831234e+00 -1.7070700e+00 -1.8234337e+00
-1.2850000e+00 -2.9778496e+00 -2.3458612e+00 -2.6001728e+00 -1.8956358e+00 -1.7537390e+00 -2.4094863e+00 -2.6517240e+00 -1.9445111e+00 -1.7774348e+00 -1.8394977e+00
-1.2775000e+00 -2.9128679e+00 -2.4769265e+00 -2.3660159e+00 -2.1042604e+00 -1.7209344e+00 -2.1141775e+00 -3.1435367e+00 -2.1701554e+00 -1.8794126e+00 -1.8781446e+00
-1.2700000e+00 -2.9084859e+00 -2.6545548e+00 -2.1874681e+00 -2.4093002e+00 -1.7461274e+00 -1.9271797e+00 -2.9098718e+00 -2.4975235e+00 -2.0218359e+00 -1.9422589e+00
-1.2625000e+00 -2.9813135e+00 -2.7814741e+00 -2.1032515e+00 -2.7166712e+00 -1.8337723e+00 -1.8179349e+00 -2.4634676e+00 -2.9934280e+00 -2.2201819e+00 -2.0366457e+00
-1.2550000e+00 -3.1209261e+00 -2.7531316e+00 -2.1119593e+00 -2.6356415e+00 -1.9964884e+00 -1.7719503e+00 -2.1740487e+00 -3.3538105e+00 -2.5042403e+00 -2.1692533e+00
-1.2475000e+00 -3.2459644e+00 -2.6493848e+00 -2.2139565e+00 -2.3437769e+00 -2.2578217e+00 -1.7848197e+00 -1.9940092e+00 -2.8591008e+00 -2.9367639e+00 -2.3538682e+00
-1.2400000e+00 -3.2245377e+00 -2.5849266e+00 -2.4081796e+00 -2.1377087e+00 -2.6338033e+00 -1.8597616e+00 -1.8911529e+00 -2.4576966e+00 -3.5332865e+00 -2.6167096e+00
-1.2325000e+00 -3.1213489e+00 -2.5963542e+00 -2.6425193e+00 -2.0417767e+00 -2.8703913e+00 -2.0085502e+00 -1.8514591e+00 -2.2096410e+00 -3.2513365e+00 -3.0142666e+00
-1.2250000e+00 -3.0883531e+00 -2.6799145e+00 -2.7086523e+00 -2.0478132e+00 -2.5809648e+00 -2.2559677e+00 -1.8712698e+00 -2.0589004e+00 -2.7483494e+00 -3.6394170e+00
-1.2175000e+00 -3.1828692e+00 -2.8021495e+00 -2.5552984e+00 -2.1572942e+00 -2.2772555e+00 -2.6395848e+00 -1.9549147e+00 -1.9795795e+00 -2.4425199e+00 -3.6123045e+00
-1.2100000e+00 -3.3596548e+00 -2.8902074e+00 -2.4142008e+00 -2.3788238e+00 -2.1040885e+00 -3.0147297e+00 -2.1163117e+00 -1.9616187e+00 -2.2555247e+00 -3.0330489e+00
-1.2025000e+00 -3.3971184e+00 -2.8861693e+00 -2.3772721e+00 -2.6738148e+00 -2.0456618e+00 -2.7495311e+00 -2.3854540e+00 -2.0043458e+00 -2.1488156e+00 -2.6845367e+00
-1.1950000e+00 -3.2772764e+00 -2.8328307e+00 -2.4526301e+00 -2.7499269e+00 -2.0941000e+00 -2.3873879e+00 -2.8123737e+00 -2.1155524e+00 -2.1066429e+00 -2.4732502e+00
-1.1875000e+00 -3.2509103e+00 -2.8071927e+00 -2.6161222e+00 -2.5251295e+00 -2.2584036e+00 -2.1770090e+00 -3.1876181e+00 -2.3151597e+00 -2.1248340e+00 -2.3494302e+00
-1.1800000e+00 -3.3817934e+00 -2.8526468e+00 -2.7612587e+00 -2.3458221e+00 -2.5554501e+00 -2.0923908e+00 -2.8107459e+00 -2.6462068e+00 -2.2077875e+00 -2.2929281e+00
-1.1725000e+00 -3.5141181e+00 -2.9707381e+00 -2.7419962e+00 -2.3013727e+00 -2.8749675e+00 -2.1188980e+00 -2.4414507e+00 -3.1643033e+00 -2.3703403e+00 -2.2972519e+00
-1.1650000e+00 -3.4456562e+00 -3.0724842e+00 -2.6481493e+00 -2.3950052e+00 -2.7478629e+00 -2.2636595e+00 -2.2401773e+00 -3.2716783e+00 -2.6464840e+00 -2.3649100e+00
-1.1575000e+00 -3.3935408e+00 -3.0280324e+00 -2.6190335e+00 -2.6106864e+00 -2.4612824e+00 -2.5538879e+00 -2.1666930e+00 -2.7746310e+00 -3.1085387e+00 -2.5082439e+00
-1.1500000e+00 -3.4872217e+00 -2.9501562e+00 -2.6810405e+00 -2.8033972e+00 -2.3167333e+00 -2.9579604e+00 -2.2069367e+00 -2.4609797e+00 -3.5964986e+00 -2.7567100e+00
-1.1425000e+00 -3.5999424e+00 -2.9994510e+00 -2.7908321e+00 -2.7201028e+00 -2.3287852e+00 -2.9186201e+00 -2.3721423e+00 -2.3069044e+00 -3.1225806e+00 -3.1784895e+00
-1.1350000e+00 -3.5580270e+00 -3.1734123e+00 -2.8606118e+00 -2.5659922e+00 -2.4979093e+00 -2.5664559e+00 -2.6999933e+00 -2.2749413e+00 -2.7111491e+00 -3.7983942e+00
-1.1275000e+00 -3.5268032e+00 -3.2045016e+00 -2.8506400e+00 -2.5370662e+00 -2.7953304e+00 -2.3720895e+00 -3.1504621e+00 -2.3602043e+00 -2.4961036e+00 -3.4567421e+00
-1.1200000e+00 -3.6382184e+00 -3.0794459e+00 -2.8183066e+00 -2.6496856e+00 -2.9033382e+00 -2.3500615e+00 -2.9995989e+00 -2.5862423e+00 -2.4164907e+00 -2.9702339e+00
-1.1125000e+00 -3.7050047e+00 -3.1174688e+00 -2.8286984e+00 -2.8179374e+00 -2.6751285e+00 -2.4979930e+00 -2.6174396e+00 -3.0085242e+00 -2.4544179e+00 -2.7133210e+00
-1.1050000e+00 -3.6186820e+00 -3.3055701e+00 -2.9130925e+00 -2.8409301e+00 -2.5308727e+00 -2.8221405e+00 -2.4335552e+00 -3.3853630e+00 -2.6225379e+00 -2.6043521e+00
-1.0975000e+00 -3.7066726e+00 -3.2730415e+00 -3.0165281e+00 -2.7559579e+00 -2.5714016e+00 -3.0548577e+00 -2.4305547e+00 -2.9655821e+00 -2.9713711e+00 -2.6154473e+00
-1.0900000e+00 -3.7997198e+00 -3.1898050e+00 -2.9904327e+00 -2.7451840e+00 -2.7789536e+00 -2.7875648e+00 -2.6096902e+00 -2.6339629e+00 -3.5252590e+00 -2.7527541e+00
-1.0825000e+00 -3.7049937e+00 -3.3172009e+00 -2.9278078e+00 -2.8273908e+00 -2.9563539e+00 -2.5767996e+00 -2.9901451e+00 -2.5149014e+00 -3.3354513e+00 -3.0599489e+00
-1.0750000e+00 -3.8264077e+00 -3.3926035e+00 -3.0174112e+00 -2.9114310e+00 -2.8352484e+00 -2.5789194e+00 -3.1938833e+00 -2.5788345e+00 -2.8837641e+00 -3.6229749e+00
-1.0675000e+00 -3.8434392e+00 -3.3133950e+00 -3.1674466e+00 -2.9286765e+00 -2.7221455e+00 -2.7921784e+00 -2.8398407e+00 -2.8464241e+00 -2.6797442e+00 -3.6844090e+00
-1.0600000e+00 -3.8153454e+00 -3.3782540e+00 -3.0711024e+00 -2.9178977e+00 -2.7846508e+00 -3.0723613e+00 -2.6323375e+00 -3.3136553e+00 -2.6709853e+00 -3.1487690e+00
-1.0525000e+00 -3.9335645e+00 -3.4660737e+00 -3.0432102e+00 -2.9234941e+00 -2.9534791e+00 -2.9435850e+00 -2.6621103e+00 -3.2234267e+00 -2.8579777e+00 -2.8865997e+00
-1.0450000e+00 -3.8880139e+00 -3.4267544e+00 -3.2363490e+00 -2.9868423e+00 -2.9832359e+00 -2.7541798e+00 -2.9289978e+00 -2.8407390e+00 -3.2952689e+00 -2.8343425e+00
-1.0375000e+00 -3.9555448e+00 -3.4597582e+00 -3.2052083e+00 -3.0777018e+00 -2.9055544e+00 -2.7891942e+00 -3.2395528e+00 -2.7137582e+00 -3.5819935e+00 -2.9763111e+00
-1.0300000e+00 -3.9852182e+00 -3.5612719e+00 -3.1305186e+00 -3.0424107e+00 -2.9272580e+00 -3.0172406e+00 -3.0049604e+00 -2.8384619e+00 -3.1139828e+00 -3.3681279e+00
-1.0225000e+00 -3.9872474e+00 -3.4946129e+00 -3.3127742e+00 -3.0172307e+00 -3.0198770e+00 -3.0973831e+00 -2.8049747e+00 -3.2203742e+00 -2.8699902e+00 -3.8642705e+00
-1.0150000e+00 -4.0603568e+00 -3.5950444e+00 -3.2765410e+00 -3.1664832e+00 -3.0613163e+00 -2.9395188e+00 -2.8790102e+00 -3.3660471e+00 -2.8953716e+00 -3.4035564e+00
-1.0075000e+00 -4.0466239e+00 -3.6030232e+00 -3.2501127e+00 -3.1762442e+00 -3.0606891e+00 -2.9374695e+00 -3.1770718e+00 -3.0054501e+00 -3.1990967e+00 -3.0770219e+00
-1.0000000e+00 -4.1102807e+00 -3.6046938e+00 -3.3934773e+00 -3.0871498e+00 -3.0635948e+00 -3.1002257e+00 -3.2014497e+00 -2.8923132e+00 -3.6311424e+00 -3.0415504e+00
-9.9250000e-01 -4.1198045e+00 -3.6990538e+00 -3.3341042e+00 -3.2649315e+00 -3.1154813e+00 -3.1397492e+00 -2.9839655e+00 -3.0872397e+00 -3.2875051e+00 -3.2875787e+00
-9.8500000e-01 -4.1576553e+00 -3.6507066e+00 -3.3869991e+00 -3.2493380e+00 -3.2021814e+00 -3.0690698e+00 -3.0167017e+00 -3.4332978e+00 -3.0317354e+00 -3.8118790e+00
-9.7750000e-01 -4.1943420e+00 -3.7588542e+00 -3.4471635e+00 -3.1863159e+00 -3.1548711e+00 -3.1181707e+00 -3.2531683e+00 -3.2234893e+00 -3.1106929e+00 -3.5900263e+00
-9.7000000e-01 -4.1919735e+00 -3.7186544e+00 -3.4239978e+00 -3.3901212e+00 -3.1755000e+00 -3.1973496e+00 -3.2298619e+00 -3.0483219e+00 -3.5064421e+00 -3.2334886e+00
-9.6250000e-01 -4.2877483e+00 -3.8086657e+00 -3.5043016e+00 -3.2653335e+00 -3.3261842e+00 -3.2098815e+00 -3.1133413e+00 -3.2093435e+00 -3.5343875e+00 -3.2360341e+00
-9.5500000e-01 -4.2510442e+00 -3.7817332e+00 -3.4996201e+00 -3.3642307e+00 -3.2188790e+00 -3.2163280e+00 -3.2271779e+00 -3.4672564e+00 -3.2079050e+00 -3.5987526e+00
-9.4750000e-01 -4.2991519e+00 -3.8737202e+00 -3.5468042e+00 -3.4004031e+00 -3.2959126e+00 -3.2416920e+00 -3.3283387e+00 -3.2662075e+00 -3.2402438e+00 -3.8441491e+00
-9.4000000e-01 -4.3629838e+00 -3.8392478e+00 -3.5677679e+00 -3.3744202e+00 -3.4008608e+00 -3.3297865e+00 -3.2566132e+00 -3.2166618e+00 -3.5975323e+00 -3.4294958e+00
-9.3250000e-01 -4.3462591e+00 -3.9122416e+00 -3.6122426e+00 -3.4802856e+00 -3.2770149e+00 -3.3047456e+00 -3.3033196e+00 -3.4436246e+00 -3.5269291e+00 -3.3673463e+00
-9.2500000e-01 -4.3840842e+00 -3.9509779e+00 -3.6091307e+00 -3.4396166e+00 -3.4926106e+00 -3.3195721e+00 -3.3711652e+00 -3.4279666e+00 -3.3157212e+00 -3.7131928e+00
-9.1750000e-01 -4.4560321e+00 -3.9218388e+00 -3.7004154e+00 -3.5207664e+00 -3.3575171e+00 -3.4543043e+00 -3.3802062e+00 -3.3336703e+00 -3.4969958e+00 -3.8201243e+00
-9.1000000e-01 -4.4770805e+00 -4.0125436e+00 -3.6504321e+00 -3.5196477e+00 -3.4969083e+00 -3.3403381e+00 -3.3971917e+00 -3.4815627e+00 -3.6788192e+00 -3.4964942e+00
-9.0250000e-01 -4.4743785e+00 -4.0240742e+00 -3.7591519e+00 -3.5644772e+00 -3.4590251e+00 -3.4998427e+00 -3.4341265e+00 -3.4977606e+00 -3.4597745e+00 -3.6007406e+00
-8.9500000e-01 -4.4957289e+00 -4.0314193e+00 -3.7319672e+00 -3.5825586e+00 -3.5227405e+00 -3.4467889e+00 -3.5030327e+00 -3.4658667e+00 -3.5548320e+00 -3.9302809e+00
-8.8750000e-01 -4.5392205e+00 -4.1021789e+00 -3.7917348e+00 -3.6414360e+00 -3.5341933e+00 -3.4928554e+00 -3.4502709e+00 -3.5522866e+00 -3.7147895e+00 -3.6652039e+00
-8.8000000e-01 -4.5850448e+00 -4.1271581e+00 -3.8089431e+00 -3.6095032e+00 -3.5793706e+00 -3.5604113e+00 -3.5836871e+00 -3.5646216e+00 -3.5715542e+00 -3.6690173e+00
-8.7250000e-01 -4.6224543e+00 -4.1163975e+00 -3.8217993e+00 -3.7395198e+00 -3.5924407e+00 -3.5211324e+00 -3.5235210e+00 -3.5908111e+00 -3.6826277e+00 -3.9510951e+00
-8.6500000e-01 -4.6542654e+00 -4.1404770e+00 -3.9083371e+00 -3.6712173e+00 -3.6379328e+00 -3.6334316e+00 -3.6055790e+00 -3.6103376e+00 -3.7272249e+00 -3.7582745e+00
-8.5750000e-01 -4.6875980e+00 -4.1945699e+00 -3.9116850e+00 -3.7342331e+00 -3.6619758e+00 -3.5884309e+00 -3.6206694e+00 -3.6869883e+00 -3.6953688e+00 -3.8126729e+00
-8.5000000e-01 -4.7200501e+00 -4.2444203e+00 -3.8945205e+00 -3.8144293e+00 -3.6853520e+00 -3.6664831e+00 -3.6361918e+00 -3.6380840e+00 -3.7816209e+00 -3.9668103e+00
-8.4250000e-01 -4.7422424e+00 -4.2768214e+00 -3.9453093e+00 -3.7731505e+00 -3.7185727e+00 -3.6849559e+00 -3.6934893e+00 -3.7728402e+00 -3.7805191e+00 -3.8365971e+00
-8.3500000e-01 -4.7632929e+00 -4.3010885e+00 -4.0101305e+00 -3.8210349e+00 -3.7825210e+00 -3.6865639e+00 -3.7036687e+00 -3.6869339e+00 -3.8216289e+00 -3.9818173e+00
-8.2750000e-01 -4.7830477e+00 -4.3275129e+00 -4.0351782e+00 -3.8735955e+00 -3.7356556e+00 -3.7731394e+00 -3.7247554e+00 -3.8426632e+00 -3.8429961e+00 -3.9514936e+00
-8.2000000e-01 -4.7966600e+00 -4.3570922e+00 -4.0415358e+00 -3.8773843e+00 -3.8261518e+00 -3.7463779e+00 -3.8118489e+00 -3.7370458e+00 -3.8926180e+00 -3.9964066e+00
-8.1250000e-01 -4.8403695e+00 -4.3842498e+00 -4.0583744e+00 -3.9150252e+00 -3.8914598e+00 -3.8113434e+00 -3.7381916e+00 -3.9238232e+00 -3.8878931e+00 -4.0259296e+00
-8.0500000e-01 -4.8887946e+00 -4.4108637e+00 -4.0877890e+00 -3.9795324e+00 -3.8370538e+00 -3.8183981e+00 -3.9072523e+00 -3.7800085e+00 -3.9650531e+00 -4.0640194e+00
-7.9750000e-01 -4.9123956e+00 -4.4515374e+00 -4.1214073e+00 -4.0163213e+00 -3.8660826e+00 -3.8804068e+00 -3.8127665e+00 -3.9960929e+00 -3.9474564e+00 -4.0668071e+00
-7.9000000e-01 -4.9227918e+00 -4.4939328e+00 -4.1548291e+00 -4.0235867e+00 -3.9522238e+00 -3.8933642e+00 -3.8933670e+00 -3.8586080e+00 -4.0058109e+00 -4.1488411e+00
-7.8250000e-01 -4.9777809e+00 -4.5068261e+00 -4.1900607e+00 -4.0317824e+00 -3.9882697e+00 -3.8775761e+00 -3.9459566e+00 -3.9730050e+00 -4.0509663e+00 -4.1059331e+00
-7.7500000e-01 -4.9868377e+00 -4.5242820e+00 -4.2275931e+00 -4.0540773e+00 -3.9908603e+00 -3.9571286e+00 -3.9301231e+00 -4.0281696e+00 -4.0030740e+00 -4.2252565e+00
-7.6750000e-01 -5.0333228e+00 -4.5422976e+00 -4.2558059e+00 -4.0870853e+00 -4.0137994e+00 -4.0392511e+00 -3.9823798e+00 -3.9450041e+00 -4.1894214e+00 -4.1680318e+00
-7.6000000e-01 -5.0494426e+00 -4.6010559e+00 -4.2694738e+00 -4.1223834e+00 -4.0589269e+00 -4.0292398e+00 -3.9995935e+00 -4.0839737e+00 -4.0421463e+00 -4.2500523e+00
-7.5250000e-01 -5.1005536e+00 -4.6238240e+00 -4.3030360e+00 -4.1509486e+00 -4.1076544e+00 -4.0077047e+00 -4.0295238e+00 -4.1003892e+00 -4.1728444e+00 -4.2985444e+00
-7.4500000e-01 -5.1064463e+00 -4.6386892e+00 -4.3617725e+00 -4.1689860e+00 -4.1491985e+00 -4.0287470e+00 -4.1015042e+00 -4.0678513e+00 -4.2421868e+00 -4.2237675e+00
-7.3750000e-01 -5.1436202e+00 -4.6942333e+00 -4.3920284e+00 -4.1896971e+00 -4.1824000e+00 -4.0770124e+00 -4.1354602e+00 -4.1285547e+00 -4.1375511e+00 -4.4230920e+00
-7.3000000e-01 -5.1863900e+00 -4.6941817e+00 -4.4185100e+00 -4.2355852e+00 -4.2072663e+00 -4.1259305e+00 -4.1202823e+00 -4.1721453e+00 -4.2366119e+00 -4.3324672e+00
-7.2250000e-01 -5.2140453e+00 -4.7492383e+00 -4.4207455e+00 -4.2912615e+00 -4.2230877e+00 -4.1649191e+00 -4.1142999e+00 -4.1877675e+00 -4.3356031e+00 -4.3209879e+00
-7.1500000e-01 -5.2372908e+00 -4.7568314e+00 -4.4904616e+00 -4.3179390e+00 -4.2367309e+00 -4.1982799e+00 -4.1377980e+00 -4.2307579e+00 -4.2965787e+00 -4.5009819e+00
-7.0750000e-01 -5.2613444e+00 -4.8101808e+00 -4.4942153e+00 -4.3518523e+00 -4.2639260e+00 -4.2345610e+00 -4.1785205e+00 -4.2866644e+00 -4.2946125e+00 -4.4790361e+00
-7.0000000e-01 -5.2954828e+00 -4.8343647e+00 -4.5273577e+00 -4.3574648e+00 -4.2989222e+00 -4.2783387e+00 -4.2213384e+00 -4.3210934e+00 -4.3468119e+00 -4.4099484e+00
-6.5000000e-01 -5.5022440e+00 -5.0210677e+00 -4.7329626e+00 -4.5841519e+00 -4.4892210e+00 -4.4346181e+00 -4.4529381e+00 -4.4643739e+00 -4.6165779e+00 -4.6724261e+00
-6.0000000e-01 -5.6890683e+00 -5.2336878e+00 -4.9226267e+00 -4.7815803e+00 -4.6768888e+00 -4.6484474e+00 -4.6746096e+00 -4.6491639e+00 -4.7603473e+00 -4.9284979e+00
-5.5000000e-01 -5.9014498e+00 -5.4324866e+00 -5.1367669e+00 -4.9581439e+00 -4.9022826e+00 -4.8350895e+00 -4.8653942e+00 -4.8712516e+00 -4.9794042e+00 -5.0461658e+00
-5.0000000e-01 -6.0929243e+00 -5.6298979e+00 -5.3374821e+00 -5.1610874e+00 -5.0964570e+00 -5.0580241e+00 -5.0467862e+00 -5.0640175e+00 -5.1697033e+00 -5.2686629e+00
-4.0000000e-01 -6.4542892e+00 -6.0257130e+00 -5.7310893e+00 -5.5722663e+00 -5.4912849e+00 -5.4450293e+00 -5.4576307e+00 -5.4845727e+00 -5.5487044e+00 -5.6829487e+00
-2.0000000e-01 -7.4008645e+00 -6.7821385e+00 -6.4936711e+00 -6.3706908e+00 -6.2887354e+00 -6.2492455e+00 -6.2483309e+00 -6.2890663e+00 -6.3585299e+00 -6.4689244e+00
0.0000000e+00 -8.0774449e+00 -7.5874117e+00 -7.3154299e+00 -7.1462677e+00 -7.0687520e+00 -7.0696067e+00 -7.0545406e+00 -7.0833527e+00 -7.1598946e+00 -7.2755676e+00
2.0000000e-01 -8.8382339e+00 -8.4453403e+00 -8.1316429e+00 -7.9588207e+00 -7.8755658e+00 -7.9033526e+00 -7.8796810e+00 -7.8599982e+00 -7.9775899e+00 -8.0814603e+00
4.0000000e-01 -9.7546603e+00 -9.1945738e+00 -8.9660980e+00 -8.7666481e+00 -8.6861077e+00 -8.6867050e+00 -8.6407313e+00 -8.6882389e+00 -8.7588816e+00 -8.8696094e+00
6.0000000e-01 -1.0513905e+01 -1.0036014e+01 -9.6958350e+00 -9.5593609e+00 -9.4495452e+00 -9.4755084e+00 -9.4254162e+00 -9.4283009e+00 -9.5773197e+00 -9.6607613e+00
8.0000000e-01 -1.1258218e+01 -1.0812436e+01 -1.0545437e+01 -1.0374467e+01 -1.0253531e+01 -1.0249729e+01 -1.0221638e+01 -1.0339540e+01 -1.0330338e+01 -1.0429772e+01
1.0000000e+00 -1.2101983e+01 -1.1628383e+01 -1.1350824e+01 -1.1194127e+01 -1.1045626e+01 -1.1108106e+01 -1.1022701e+01 -1.1059817e+01 -1.1197164e+01 -1.1311591e+01
1.2000000e+00 -1.2860523e+01 -1.2490212e+01 -1.2137059e+01 -1.1940382e+01 -1.1926973e+01 -1.1853237e+01 -1.1872789e+01 -1.1894524e+01 -1.1993814e+01 -1.2080869e+01
1.4000000e+00 -1.3686719e+01 -1.3237061e+01 -1.2900565e+01 -1.2726360e+01 -1.2691396e+01 -1.2609910e+01 -1.2682729e+01 -1.2671047e+01 -1.2736558e+01 -1.2899957e+01
1.6000000e+00 -1.4492926e+01 -1.4034803e+01 -1.3744454e+01 -1.3524423e+01 -1.3488919e+01 -1.3458427e+01 -1.3459241e+01 -1.3441524e+01 -1.3596897e+01 -1.3715861e+01
1.8000000e+00 -1.5345816e+01 -1.4842042e+01 -1.4520201e+01 -1.4383722e+01 -1.4268976e+01 -1.4286445e+01 -1.4271592e+01 -1.4298123e+01 -1.4397624e+01 -1.4491731e+01
2.0000000e+00 -1.6198298e+01 -1.5627995e+01 -1.5414175e+01 -1.5196473e+01 -1.5089110e+01 -1.5025475e+01 -1.5054666e+01 -1.5080998e+01 -1.5136647e+01 -1.5296741e+01