########################################################################
# Reference Counts for Solar Model AGSS09met_old                       #
# Column 1: log10(Axion mass in eV)                                    #
#        n>1: log10(Reference photon counts in energy bin n-1)         #
########################################################################
-3.0000000e+00 -2.3323029e-01 6.9079754e-02 2.2607476e-01 2.6624934e-01 2.3621847e-01 1.8088743e-01 9.4909341e-02 -1.8911694e-02 -1.6721188e-01 -3.5192622e-01
-2.8000000e+00 -2.3325067e-01 6.9065863e-02 2.2606474e-01 2.6624178e-01 2.3621258e-01 1.8088271e-01 9.4905479e-02 -1.8914914e-02 -1.6721461e-01 -3.5192856e-01
-2.6000000e+00 -2.3337927e-01 6.8978217e-02 2.2600153e-01 2.6619408e-01 2.3617543e-01 1.8085297e-01 9.4881114e-02 -1.8935225e-02 -1.6723181e-01 -3.5194331e-01
-2.4000000e+00 -2.3419083e-01 6.8425129e-02 2.2560270e-01 2.6589304e-01 2.3594098e-01 1.8066525e-01 9.4727376e-02 -1.9063385e-02 -1.6734039e-01 -3.5203638e-01
-2.2000000e+00 -2.3931800e-01 6.4932270e-02 2.2308456e-01 2.6399272e-01 2.3446114e-01 1.7948050e-01 9.3757103e-02 -1.9872194e-02 -1.6802556e-01 -3.5262373e-01
-2.1500000e+00 -2.4288835e-01 6.2501381e-02 2.2133266e-01 2.6267095e-01 2.3343200e-01 1.7865666e-01 9.3082460e-02 -2.0434534e-02 -1.6850192e-01 -3.5303206e-01
-2.1000000e+00 -2.4855831e-01 5.8643330e-02 2.1855327e-01 2.6057446e-01 2.3179993e-01 1.7735032e-01 9.2012800e-02 -2.1326078e-02 -1.6925711e-01 -3.5367938e-01
-2.0500000e+00 -2.5757325e-01 5.2515220e-02 2.1414114e-01 2.5724768e-01 2.2921080e-01 1.7527834e-01 9.0316434e-02 -2.2739823e-02 -1.7045453e-01 -3.5470570e-01
-2.0000000e+00 -2.7193388e-01 4.2768595e-02 2.0713047e-01 2.5196485e-01 2.2510108e-01 1.7199045e-01 8.7625186e-02 -2.4982330e-02 -1.7235367e-01 -3.5633330e-01
-1.9500000e+00 -2.9488064e-01 2.7234112e-02 1.9597384e-01 2.4356618e-01 2.1857185e-01 1.6676940e-01 8.3353062e-02 -2.8541178e-02 -1.7536699e-01 -3.5891535e-01
-1.9000000e+00 -3.3173268e-01 2.3900510e-03 1.7817583e-01 2.3018924e-01 2.0818379e-01 1.5846903e-01 7.6565063e-02 -3.4193476e-02 -1.8015131e-01 -3.6301391e-01
-1.8500000e+00 -3.9141777e-01 -3.7566367e-02 1.4966930e-01 2.0881950e-01 1.9161805e-01 1.4524883e-01 6.5763346e-02 -4.3181902e-02 -1.8775555e-01 -3.6952553e-01
-1.8475000e+00 -3.9523984e-01 -4.0112927e-02 1.4785750e-01 2.0746365e-01 1.9056823e-01 1.4441171e-01 6.5079768e-02 -4.3750476e-02 -1.8823640e-01 -3.6993718e-01
-1.8400000e+00 -4.0729239e-01 -4.8133509e-02 1.4215509e-01 2.0319812e-01 1.8726644e-01 1.4177941e-01 6.2930605e-02 -4.5537870e-02 -1.8974790e-01 -3.7123107e-01
-1.8325000e+00 -4.2028165e-01 -5.6760724e-02 1.3602817e-01 1.9861820e-01 1.8372292e-01 1.3895531e-01 6.0625370e-02 -4.7454732e-02 -1.9136868e-01 -3.7261836e-01
-1.8250000e+00 -4.3428714e-01 -6.6043280e-02 1.2944376e-01 1.9369996e-01 1.7991954e-01 1.3592515e-01 5.8152545e-02 -4.9510569e-02 -1.9310671e-01 -3.7410585e-01
-1.8175000e+00 -4.4939632e-01 -7.6034262e-02 1.2236609e-01 1.8841753e-01 1.7583671e-01 1.3267355e-01 5.5499728e-02 -5.1715605e-02 -1.9497060e-01 -3.7570085e-01
-1.8100000e+00 -4.6570558e-01 -8.6791612e-02 1.1475632e-01 1.8274291e-01 1.7145329e-01 1.2918397e-01 5.2653570e-02 -5.4080838e-02 -1.9696957e-01 -3.7741124e-01
-1.8025000e+00 -4.8332143e-01 -9.8378668e-02 1.0657228e-01 1.7664579e-01 1.6674647e-01 1.2543855e-01 4.9599692e-02 -5.6618104e-02 -1.9911356e-01 -3.7924545e-01
-1.7950000e+00 -5.0236187e-01 -1.1086478e-01 9.7768045e-02 1.7009335e-01 1.6169158e-01 1.2141803e-01 4.6322602e-02 -5.9340144e-02 -2.0141324e-01 -3.8121257e-01
-1.7875000e+00 -5.2295801e-01 -1.2432601e-01 8.8293641e-02 1.6304997e-01 1.5626193e-01 1.1710161e-01 4.2805601e-02 -6.2260676e-02 -2.0388012e-01 -3.8332236e-01
-1.7800000e+00 -5.4525605e-01 -1.3884598e-01 7.8094545e-02 1.5547699e-01 1.5042866e-01 1.1246684e-01 3.9030680e-02 -6.5394479e-02 -2.0652656e-01 -3.8558534e-01
-1.7725000e+00 -5.6941955e-01 -1.5451679e-01 6.7111211e-02 1.4733241e-01 1.4416049e-01 1.0748947e-01 3.4978411e-02 -6.8757478e-02 -2.0936588e-01 -3.8801280e-01
-1.7650000e+00 -5.9563231e-01 -1.7144012e-01 5.5278502e-02 1.3857051e-01 1.3742353e-01 1.0214324e-01 3.0627820e-02 -7.2366842e-02 -2.1241243e-01 -3.9061690e-01
-1.7575000e+00 -6.2410172e-01 -1.8972856e-01 4.2525040e-02 1.2914154e-01 1.3018100e-01 9.6399770e-02 2.5956254e-02 -7.6241089e-02 -2.1568166e-01 -3.9341074e-01
-1.7500000e+00 -6.5506304e-01 -2.0950711e-01 2.8772460e-02 1.1899119e-01 1.2239296e-01 9.0228312e-02 2.0939233e-02 -8.0400202e-02 -2.1919023e-01 -3.9640844e-01
-1.7425000e+00 -6.8878458e-01 -2.3091500e-01 1.3934547e-02 1.0806016e-01 1.1401599e-01 8.3595541e-02 1.5550282e-02 -8.4865757e-02 -2.2295611e-01 -3.9962517e-01
-1.7350000e+00 -7.2557432e-01 -2.5410790e-01 -2.0837671e-03 9.6283595e-02 1.0500282e-01 7.6465308e-02 9.7607467e-03 -8.9661064e-02 -2.2699869e-01 -4.0307731e-01
-1.7275000e+00 -7.6578818e-01 -2.7926049e-01 -1.9387575e-02 8.3590388e-02 9.5301945e-02 6.8798358e-02 3.5395967e-03 -9.4811319e-02 -2.3133888e-01 -4.0678254e-01
-1.7200000e+00 -8.0984082e-01 -3.0656968e-01 -3.8093375e-02 6.9902484e-02 8.4857135e-02 6.0552023e-02 -3.1468058e-03 -1.0034378e-01 -2.3599929e-01 -4.1075989e-01
-1.7125000e+00 -8.5821953e-01 -3.3625856e-01 -5.8330701e-02 5.5133997e-02 7.3606943e-02 5.1679867e-02 -1.0334956e-02 -1.0628796e-01 -2.4100435e-01 -4.1502993e-01
-1.7050000e+00 -9.1150273e-01 -3.6858118e-01 -8.0244069e-02 3.9190212e-02 6.1484091e-02 4.2131295e-02 -1.8064488e-02 -1.1267581e-01 -2.4638047e-01 -4.1961486e-01
-1.6975000e+00 -9.7038479e-01 -4.0382872e-01 -1.0399532e-01 2.1966413e-02 4.8414787e-02 3.1851099e-02 -2.6378491e-02 -1.1954201e-01 -2.5215623e-01 -4.2453868e-01
-1.6900000e+00 -1.0357099e+00 -4.4233715e-01 -1.2976644e-01 3.3465067e-03 3.4317933e-02 2.0778952e-02 -3.5323869e-02 -1.2692419e-01 -2.5836261e-01 -4.2982734e-01
-1.6825000e+00 -1.1085189e+00 -4.8449717e-01 -1.5776303e-01 -1.6798611e-02 1.9104206e-02 8.8488234e-03 -4.4951734e-02 -1.3486320e-01 -2.6503316e-01 -4.3550892e-01
-1.6750000e+00 -1.1901162e+00 -5.3076711e-01 -1.8821857e-01 -3.8613001e-02 2.6749921e-03 -4.0116878e-03 -5.5317873e-02 -1.4340353e-01 -2.7220430e-01 -4.4161382e-01
-1.6675000e+00 -1.2821649e+00 -5.8168996e-01 -2.2139975e-01 -6.2258020e-02 -1.5078871e-02 -1.7882124e-02 -6.6483258e-02 -1.5259358e-01 -2.7991557e-01 -4.4817498e-01
-1.6600000e+00 -1.3868259e+00 -6.3791633e-01 -2.5761314e-01 -8.7915158e-02 -3.4278573e-02 -3.2850061e-02 -7.8514643e-02 -1.6248615e-01 -2.8820998e-01 -4.5522816e-01
-1.6525000e+00 -1.5069577e+00 -7.0023585e-01 -2.9721381e-01 -1.1578950e-01 -5.5059090e-02 -4.9012145e-02 -9.1485244e-02 -1.7313889e-01 -2.9713432e-01 -4.6281216e-01
-1.6450000e+00 -1.6463910e+00 -7.6962095e-01 -3.4061634e-01 -1.4611400e-01 -7.7571292e-02 -6.6475314e-02 -1.0547552e-01 -1.8461486e-01 -3.0673960e-01 -4.7096917e-01
-1.6375000e+00 -1.8102227e+00 -8.4728952e-01 -3.8830944e-01 -1.7915485e-01 -1.0198448e-01 -8.5358229e-02 -1.2057409e-01 -1.9698314e-01 -3.1708149e-01 -4.7974510e-01
-1.6300000e+00 -2.0047028e+00 -9.3479635e-01 -4.4087531e-01 -2.1521817e-01 -1.2848946e-01 -1.0579298e-01 -1.3687879e-01 -2.1031954e-01 -3.2822082e-01 -4.8918995e-01
-1.6225000e+00 -2.2343731e+00 -1.0341700e+00 -4.9901612e-01 -2.5465865e-01 -1.5730239e-01 -1.2792710e-01 -1.5449790e-01 -2.2470747e-01 -3.4022423e-01 -4.9935831e-01
-1.6150000e+00 -2.4853168e+00 -1.1481226e+00 -5.6359065e-01 -2.9789071e-01 -1.8866942e-01 -1.5192608e-01 -1.7355166e-01 -2.4023886e-01 -3.5316478e-01 -5.1030980e-01
-1.6075000e+00 -2.6671740e+00 -1.2803747e+00 -6.3566637e-01 -3.4540319e-01 -2.2287265e-01 -1.7797626e-01 -1.9417395e-01 -2.5701532e-01 -3.6712277e-01 -5.2210968e-01
-1.6000000e+00 -2.6272159e+00 -1.4361530e+00 -7.1659525e-01 -3.9777898e-01 -2.6023761e-01 -2.0628857e-01 -2.1651442e-01 -2.7514943e-01 -3.8218664e-01 -5.3482951e-01
-1.5925000e+00 -2.4281278e+00 -1.6228508e+00 -8.0812732e-01 -4.5572185e-01 -3.0114291e-01 -2.3710298e-01 -2.4074100e-01 -2.9476633e-01 -3.9845404e-01 -5.4854787e-01
-1.5850000e+00 -2.2176055e+00 -1.8502260e+00 -9.1258612e-01 -5.2009381e-01 -3.4603286e-01 -2.7069424e-01 -2.6704294e-01 -3.1600560e-01 -4.1603307e-01 -5.6335130e-01
-1.5775000e+00 -2.0414540e+00 -2.1251334e+00 -1.0331488e+00 -5.9196837e-01 -3.9543418e-01 -3.0737904e-01 -2.9563460e-01 -3.3902345e-01 -4.3504373e-01 -5.7933528e-01
-1.5700000e+00 -1.9018134e+00 -2.4103757e+00 -1.1743069e+00 -6.7270865e-01 -4.4997858e-01 -3.4752522e-01 -3.2676013e-01 -3.6399548e-01 -4.5561968e-01 -5.9660545e-01
-1.5625000e+00 -1.7934042e+00 -2.5065982e+00 -1.3426380e+00 -7.6408541e-01 -5.1043397e-01 -3.9156384e-01 -3.6069928e-01 -3.9111998e-01 -4.7791032e-01 -6.1527901e-01
-1.5550000e+00 -1.7113303e+00 -2.3094121e+00 -1.5480307e+00 -8.6846172e-01 -5.7774838e-01 -4.4000508e-01 -3.9777488e-01 -4.2062202e-01 -5.0208331e-01 -6.3548639e-01
-1.5475000e+00 -1.6521253e+00 -2.0515285e+00 -1.8048480e+00 -9.8909338e-01 -6.5311361e-01 -4.9345971e-01 -4.3836241e-01 -4.5275851e-01 -5.2832763e-01 -6.5737329e-01
-1.5400000e+00 -1.6136041e+00 -1.8364148e+00 -2.1252794e+00 -1.1306390e+00 -7.3806022e-01 -5.5266866e-01 -4.8290252e-01 -4.8782467e-01 -5.5685734e-01 -6.8110305e-01
-1.5325000e+00 -1.5946073e+00 -1.6689801e+00 -2.4406309e+00 -1.3000614e+00 -8.3460397e-01 -6.1854452e-01 -5.3191763e-01 -5.2616219e-01 -5.8791627e-01 -7.0685963e-01
-1.5250000e+00 -1.5948260e+00 -1.5401213e+00 -2.4228610e+00 -1.5082489e+00 -9.4548107e-01 -6.9223163e-01 -5.8603444e-01 -5.6816986e-01 -6.2178388e-01 -7.3485116e-01
-1.5175000e+00 -1.6147220e+00 -1.4421076e+00 -2.1242919e+00 -1.7725705e+00 -1.0745434e+00 -7.7519527e-01 -6.4601494e-01 -6.1431752e-01 -6.5878269e-01 -7.6531441e-01
-1.5100000e+00 -1.6555376e+00 -1.3697371e+00 -1.8463433e+00 -2.1156079e+00 -1.2274579e+00 -8.6935914e-01 -7.1280032e-01 -6.6516475e-01 -6.9928792e-01 -7.9852042e-01
-1.5025000e+00 -1.7193908e+00 -1.3197552e+00 -1.6334273e+00 -2.4925737e+00 -1.4130121e+00 -9.7732560e-01 -7.8757471e-01 -7.2138633e-01 -7.4374001e-01 -8.3478147e-01
-1.4950000e+00 -1.8094470e+00 -1.2903102e+00 -1.4721724e+00 -2.4899406e+00 -1.6456425e+00 -1.1027457e+00 -8.7186051e-01 -7.8380773e-01 -7.9266133e-01 -8.7446025e-01
-1.4875000e+00 -1.9300965e+00 -1.2806162e+00 -1.3497060e+00 -2.1395836e+00 -1.9497864e+00 -1.2509764e+00 -9.6766658e-01 -8.5345590e-01 -8.4667874e-01 -9.1798166e-01
-1.4800000e+00 -2.0867353e+00 -1.2907848e+00 -1.2576496e+00 -1.8347986e+00 -2.3550566e+00 -1.4303254e+00 -1.0777279e+00 -9.3163387e-01 -9.0655485e-01 -9.6584849e-01
-1.4725000e+00 -2.2832091e+00 -1.3217894e+00 -1.1908374e+00 -1.6093817e+00 -2.7022684e+00 -1.6545697e+00 -1.2059141e+00 -1.0200342e+00 -9.7323225e-01 -1.0186625e+00
-1.4650000e+00 -2.5084805e+00 -1.3755535e+00 -1.1462017e+00 -1.4413575e+00 -2.4449338e+00 -1.9481590e+00 -1.3579674e+00 -1.1209181e+00 -1.0478979e+00 -1.0771538e+00
-1.4575000e+00 -2.6918651e+00 -1.4551746e+00 -1.1221125e+00 -1.3146850e+00 -2.0589479e+00 -2.3521996e+00 -1.5429392e+00 -1.2374124e+00 -1.1320796e+00 -1.1422213e+00
-1.4500000e+00 -2.6967222e+00 -1.5653162e+00 -1.1180280e+00 -1.2197165e+00 -1.7757818e+00 -2.8133432e+00 -1.7762167e+00 -1.3740284e+00 -1.2277970e+00 -1.2149926e+00
-1.4425000e+00 -2.5428783e+00 -1.7127239e+00 -1.1343474e+00 -1.1507115e+00 -1.5705205e+00 -2.6438077e+00 -2.0862779e+00 -1.5376349e+00 -1.3378062e+00 -1.2969125e+00
-1.4350000e+00 -2.3688988e+00 -1.9062457e+00 -1.1724188e+00 -1.1043144e+00 -1.4178731e+00 -2.2051398e+00 -2.5249135e+00 -1.7394377e+00 -1.4660213e+00 -1.3898796e+00
-1.4275000e+00 -2.2343764e+00 -2.1519780e+00 -1.2347026e+00 -1.0787425e+00 -1.3032142e+00 -1.8899265e+00 -3.0114978e+00 -1.9994165e+00 -1.6182846e+00 -1.4964675e+00
-1.4200000e+00 -2.1490145e+00 -2.4189009e+00 -1.3251362e+00 -1.0733734e+00 -1.2181464e+00 -1.6666024e+00 -2.7157802e+00 -2.3569123e+00 -1.8038976e+00 -1.6203009e+00
-1.4125000e+00 -2.1117342e+00 -2.5372627e+00 -1.4497993e+00 -1.0885736e+00 -1.1577759e+00 -1.5024291e+00 -2.2606910e+00 -2.8800002e+00 -2.0389798e+00 -1.7667350e+00
-1.4050000e+00 -2.1212967e+00 -2.3831663e+00 -1.6179814e+00 -1.1257012e+00 -1.1193338e+00 -1.3795688e+00 -1.9507403e+00 -3.1875018e+00 -2.3547186e+00 -1.9441890e+00
-1.3975000e+00 -2.1782290e+00 -2.1572154e+00 -1.8431218e+00 -1.1872848e+00 -1.1014842e+00 -1.2881275e+00 -1.7327262e+00 -2.6625214e+00 -2.8172277e+00 -2.1670321e+00
-1.3900000e+00 -2.2842841e+00 -1.9777579e+00 -2.1367937e+00 -1.2774367e+00 -1.1039955e+00 -1.2224278e+00 -1.5727058e+00 -2.2522625e+00 -3.4129201e+00 -2.4626714e+00
-1.3825000e+00 -2.4387461e+00 -1.8587689e+00 -2.4420493e+00 -1.4026544e+00 -1.1276359e+00 -1.1792417e+00 -1.4531462e+00 -1.9779172e+00 -3.0555138e+00 -2.8908171e+00
-1.3750000e+00 -2.6242211e+00 -1.7955732e+00 -2.4622999e+00 -1.5732903e+00 -1.1742497e+00 -1.1569310e+00 -1.3644633e+00 -1.7825881e+00 -2.5506229e+00 -3.5381752e+00
-1.3675000e+00 -2.7718111e+00 -1.7844450e+00 -2.1963684e+00 -1.8058495e+00 -1.2470412e+00 -1.1550366e+00 -1.3011997e+00 -1.6382438e+00 -2.2262990e+00 -3.4170415e+00
-1.3600000e+00 -2.7786975e+00 -1.8251572e+00 -1.9448663e+00 -2.1218949e+00 -1.3511806e+00 -1.1741271e+00 -1.2602862e+00 -1.5304973e+00 -2.0023398e+00 -2.8384459e+00
-1.3525000e+00 -2.6706109e+00 -1.9209247e+00 -1.7690410e+00 -2.4867151e+00 -1.4949954e+00 -1.2158398e+00 -1.2402108e+00 -1.4514163e+00 -1.8391734e+00 -2.4764909e+00
-1.3450000e+00 -2.5569197e+00 -2.0769490e+00 -1.6609417e+00 -2.5258446e+00 -1.6923012e+00 -1.2831310e+00 -1.2406315e+00 -1.3964934e+00 -1.7176538e+00 -2.2326568e+00
-1.3375000e+00 -2.4915222e+00 -2.2913786e+00 -1.6113914e+00 -2.2037621e+00 -1.9664049e+00 -1.3808362e+00 -1.2622442e+00 -1.3632703e+00 -1.6275981e+00 -2.0571022e+00
-1.3300000e+00 -2.4876105e+00 -2.5118302e+00 -1.6166238e+00 -1.9214306e+00 -2.3465167e+00 -1.5168083e+00 -1.3068495e+00 -1.3506843e+00 -1.5632846e+00 -1.9268530e+00
-1.3225000e+00 -2.5460246e+00 -2.5713285e+00 -1.6780792e+00 -1.7310375e+00 -2.7041182e+00 -1.7042552e+00 -1.3776434e+00 -1.3587816e+00 -1.5215121e+00 -1.8300411e+00
-1.3150000e+00 -2.6604247e+00 -2.4295747e+00 -1.8022812e+00 -1.6149696e+00 -2.4953274e+00 -1.9665641e+00 -1.4798591e+00 -1.3886604e+00 -1.5006982e+00 -1.7600835e+00
-1.3075000e+00 -2.8051950e+00 -2.2653019e+00 -1.9999431e+00 -1.5606016e+00 -2.1259913e+00 -2.3432158e+00 -1.6220886e+00 -1.4426172e+00 -1.5004628e+00 -1.7132777e+00
-1.3000000e+00 -2.9124314e+00 -2.1652417e+00 -2.2720223e+00 -1.5630623e+00 -1.8674145e+00 -2.8003560e+00 -1.8191036e+00 -1.5245589e+00 -1.5214851e+00 -1.6877085e+00
-1.2925000e+00 -2.9098897e+00 -2.1436056e+00 -2.5149589e+00 -1.6238578e+00 -1.7027306e+00 -2.6903120e+00 -2.0981338e+00 -1.6408762e+00 -1.5655695e+00 -1.6827384e+00
-1.2850000e+00 -2.8325657e+00 -2.2005556e+00 -2.4549754e+00 -1.7509157e+00 -1.6094268e+00 -2.2656482e+00 -2.5088849e+00 -1.8022836e+00 -1.6359446e+00 -1.6988099e+00
-1.2775000e+00 -2.7675644e+00 -2.3316289e+00 -2.2208191e+00 -1.9595721e+00 -1.5766439e+00 -1.9703889e+00 -3.0006228e+00 -2.0279577e+00 -1.7379352e+00 -1.7374651e+00
-1.2700000e+00 -2.7631786e+00 -2.5092575e+00 -2.0422991e+00 -2.2646428e+00 -1.6018593e+00 -1.7834255e+00 -2.7666499e+00 -2.3553756e+00 -1.8803755e+00 -1.8015890e+00
-1.2625000e+00 -2.8360160e+00 -2.6361588e+00 -1.9581107e+00 -2.5719506e+00 -1.6895298e+00 -1.6742070e+00 -2.3202995e+00 -2.8513551e+00 -2.0787463e+00 -1.8959876e+00
-1.2550000e+00 -2.9756472e+00 -2.6077973e+00 -1.9668462e+00 -2.4907603e+00 -1.8522786e+00 -1.6282455e+00 -2.0309312e+00 -3.2114425e+00 -2.3628451e+00 -2.0286106e+00
-1.2475000e+00 -3.1006954e+00 -2.5040527e+00 -2.0688716e+00 -2.1989027e+00 -2.1136556e+00 -1.6411379e+00 -1.8509256e+00 -2.7166172e+00 -2.7954432e+00 -2.2132475e+00
-1.2400000e+00 -3.0792527e+00 -2.4396069e+00 -2.2631179e+00 -1.9928762e+00 -2.4896696e+00 -1.7161058e+00 -1.7480953e+00 -2.3152820e+00 -3.3919392e+00 -2.4761244e+00
-1.2325000e+00 -2.9760510e+00 -2.4510477e+00 -2.4974394e+00 -1.8969831e+00 -2.7260704e+00 -1.8649273e+00 -1.7084245e+00 -2.0672702e+00 -3.1096032e+00 -2.8737478e+00
-1.2250000e+00 -2.9430551e+00 -2.5346157e+00 -2.5634807e+00 -1.9030572e+00 -2.4365325e+00 -2.1123913e+00 -1.7282586e+00 -1.9165597e+00 -2.6066898e+00 -3.4989755e+00
-1.2175000e+00 -3.0375770e+00 -2.6568444e+00 -2.4101021e+00 -2.0125791e+00 -2.1328719e+00 -2.4960661e+00 -1.8119303e+00 -1.8372629e+00 -2.3009134e+00 -3.4713900e+00
-1.2100000e+00 -3.2143712e+00 -2.7448824e+00 -2.2690383e+00 -2.2341513e+00 -1.9597540e+00 -2.8710707e+00 -1.9733625e+00 -1.8193245e+00 -2.1139517e+00 -2.8921978e+00
-1.2025000e+00 -3.2518366e+00 -2.7408367e+00 -2.2321521e+00 -2.5291340e+00 -1.9013704e+00 -2.6056626e+00 -2.2425569e+00 -1.8620756e+00 -2.0072677e+00 -2.5437462e+00
-1.1950000e+00 -3.1319866e+00 -2.6875116e+00 -2.3075487e+00 -2.6050850e+00 -1.9498527e+00 -2.2435748e+00 -2.6695465e+00 -1.9733111e+00 -1.9651170e+00 -2.3324958e+00
-1.1875000e+00 -3.1056132e+00 -2.6618876e+00 -2.4710545e+00 -2.3802519e+00 -2.1142078e+00 -2.0332521e+00 -3.0445820e+00 -2.1729588e+00 -1.9833305e+00 -2.2087015e+00
-1.1800000e+00 -3.2364969e+00 -2.7073433e+00 -2.6161336e+00 -2.2009963e+00 -2.4113077e+00 -1.9486802e+00 -2.6675346e+00 -2.5040704e+00 -2.0663098e+00 -2.1522212e+00
-1.1725000e+00 -3.3688384e+00 -2.8254219e+00 -2.5968071e+00 -2.1566062e+00 -2.7307407e+00 -1.9752330e+00 -2.2983097e+00 -3.0222279e+00 -2.2288968e+00 -2.1565663e+00
-1.1650000e+00 -3.3003737e+00 -2.9271546e+00 -2.5029843e+00 -2.2502983e+00 -2.6034373e+00 -2.1200480e+00 -2.0970930e+00 -3.1292110e+00 -2.5050941e+00 -2.2242484e+00
-1.1575000e+00 -3.2482415e+00 -2.8827135e+00 -2.4739233e+00 -2.4660175e+00 -2.3168944e+00 -2.4103443e+00 -2.0236549e+00 -2.6321736e+00 -2.9672400e+00 -2.3676134e+00
-1.1500000e+00 -3.3419250e+00 -2.8048493e+00 -2.5359647e+00 -2.6586372e+00 -2.1724145e+00 -2.8144002e+00 -2.0639452e+00 -2.3185942e+00 -3.4549941e+00 -2.6161268e+00
-1.1425000e+00 -3.4546665e+00 -2.8541430e+00 -2.6457288e+00 -2.5752286e+00 -2.1845355e+00 -2.7747702e+00 -2.2292081e+00 -2.1645702e+00 -2.9808658e+00 -3.0379919e+00
-1.1350000e+00 -3.4127365e+00 -3.0280916e+00 -2.7154423e+00 -2.4211600e+00 -2.3537319e+00 -2.4226328e+00 -2.5571375e+00 -2.1326517e+00 -2.5695174e+00 -3.6578712e+00
-1.1275000e+00 -3.3815032e+00 -3.0591781e+00 -2.7054783e+00 -2.3923149e+00 -2.6511749e+00 -2.2283437e+00 -3.0075676e+00 -2.2179634e+00 -2.3545288e+00 -3.3158297e+00
-1.1200000e+00 -3.4929347e+00 -2.9341346e+00 -2.6732031e+00 -2.5050007e+00 -2.7589748e+00 -2.2063886e+00 -2.8563864e+00 -2.4440674e+00 -2.2749606e+00 -2.8294113e+00
-1.1125000e+00 -3.5597179e+00 -2.9721610e+00 -2.6836086e+00 -2.6732166e+00 -2.5307234e+00 -2.3543999e+00 -2.4742889e+00 -2.8664395e+00 -2.3129324e+00 -2.5725601e+00
-1.1050000e+00 -3.4733859e+00 -3.1602516e+00 -2.7679589e+00 -2.6960796e+00 -2.3865547e+00 -2.6786150e+00 -2.2904845e+00 -3.2430353e+00 -2.4811090e+00 -2.4636362e+00
-1.0975000e+00 -3.5613835e+00 -3.1277198e+00 -2.8713655e+00 -2.6111269e+00 -2.4271811e+00 -2.9111224e+00 -2.2875583e+00 -2.8231036e+00 -2.8300304e+00 -2.4747740e+00
-1.0900000e+00 -3.6544330e+00 -3.0444953e+00 -2.8453160e+00 -2.6004502e+00 -2.6347990e+00 -2.6437189e+00 -2.4667797e+00 -2.4915754e+00 -3.3839331e+00 -2.6121322e+00
-1.0825000e+00 -3.5597004e+00 -3.1718915e+00 -2.7827060e+00 -2.6826959e+00 -2.8120601e+00 -2.4330477e+00 -2.8473125e+00 -2.3725899e+00 -3.1937233e+00 -2.9194066e+00
-1.0750000e+00 -3.6811158e+00 -3.2472797e+00 -2.8722814e+00 -2.7666399e+00 -2.6908426e+00 -2.4352728e+00 -3.0507618e+00 -2.4365992e+00 -2.7421203e+00 -3.4825327e+00
-1.0675000e+00 -3.6981546e+00 -3.1680822e+00 -3.0223005e+00 -2.7838350e+00 -2.5778355e+00 -2.6486321e+00 -2.6966609e+00 -2.7042862e+00 -2.5381813e+00 -3.5435086e+00
-1.0600000e+00 -3.6700474e+00 -3.2329463e+00 -2.9259856e+00 -2.7731495e+00 -2.6404587e+00 -2.9287214e+00 -2.4892635e+00 -3.1715386e+00 -2.5294940e+00 -3.0079281e+00
-1.0525000e+00 -3.7882826e+00 -3.3207505e+00 -2.8980971e+00 -2.7787804e+00 -2.8092767e+00 -2.7997393e+00 -2.5191454e+00 -3.0809386e+00 -2.7165734e+00 -2.7458449e+00
-1.0450000e+00 -3.7427177e+00 -3.2814428e+00 -3.0912165e+00 -2.8420471e+00 -2.8388561e+00 -2.6104291e+00 -2.7861448e+00 -2.6983277e+00 -3.1539785e+00 -2.6936577e+00
-1.0375000e+00 -3.8102580e+00 -3.3144474e+00 -3.0600740e+00 -2.9328898e+00 -2.7612174e+00 -2.6455816e+00 -3.0965492e+00 -2.5714555e+00 -3.4403662e+00 -2.8357061e+00
-1.0300000e+00 -3.8399257e+00 -3.4159502e+00 -2.9854067e+00 -2.8976798e+00 -2.7830565e+00 -2.8736869e+00 -2.8617685e+00 -2.6962736e+00 -2.9723031e+00 -3.2276422e+00
-1.0225000e+00 -3.8419569e+00 -3.3493039e+00 -3.1676521e+00 -2.8724742e+00 -2.8756462e+00 -2.9535917e+00 -2.6619049e+00 -3.0782859e+00 -2.7284222e+00 -3.7236036e+00
-1.0150000e+00 -3.9150678e+00 -3.4497273e+00 -3.1313996e+00 -3.0216791e+00 -2.9169441e+00 -2.7957330e+00 -2.7360864e+00 -3.2236139e+00 -2.7539106e+00 -3.2626728e+00
-1.0075000e+00 -3.9013303e+00 -3.4577083e+00 -3.1050079e+00 -3.0314879e+00 -2.9164049e+00 -2.7938478e+00 -3.0342044e+00 -2.8630232e+00 -3.0577674e+00 -2.9362547e+00
-1.0000000e+00 -3.9649943e+00 -3.4593826e+00 -3.2483422e+00 -2.9423943e+00 -2.9193909e+00 -2.9566452e+00 -3.0582794e+00 -2.7500285e+00 -3.4896796e+00 -2.9008865e+00
-9.9250000e-01 -3.9745106e+00 -3.5537346e+00 -3.1889754e+00 -3.1201491e+00 -2.9711638e+00 -2.9959490e+00 -2.8408581e+00 -2.9451055e+00 -3.1458042e+00 -3.1470411e+00
-9.8500000e-01 -4.0123650e+00 -3.5053971e+00 -3.2418935e+00 -3.1045671e+00 -3.0578630e+00 -2.9253365e+00 -2.8737734e+00 -3.2910743e+00 -2.8901695e+00 -3.6713761e+00
-9.7750000e-01 -4.0490545e+00 -3.6135341e+00 -3.3020154e+00 -3.0415601e+00 -3.0106483e+00 -2.9745931e+00 -3.1102657e+00 -3.0810220e+00 -2.9692755e+00 -3.4491240e+00
-9.7000000e-01 -4.0466794e+00 -3.5733453e+00 -3.2788954e+00 -3.2453441e+00 -3.0312016e+00 -3.0536391e+00 -3.0866901e+00 -2.9060109e+00 -3.3651398e+00 -3.0927151e+00
-9.6250000e-01 -4.1424603e+00 -3.6633455e+00 -3.3591588e+00 -3.1205595e+00 -3.1818819e+00 -3.0661082e+00 -2.9702955e+00 -3.0672122e+00 -3.3926914e+00 -3.0954032e+00
-9.5500000e-01 -4.1057512e+00 -3.6364239e+00 -3.3545099e+00 -3.2194868e+00 -3.0746303e+00 -3.0727256e+00 -3.0843007e+00 -3.3249687e+00 -3.0662979e+00 -3.4582837e+00
-9.4750000e-01 -4.1538626e+00 -3.7284012e+00 -3.4016715e+00 -3.2556036e+00 -3.1516166e+00 -3.0979970e+00 -3.1852521e+00 -3.1237693e+00 -3.0988231e+00 -3.7033253e+00
-9.4000000e-01 -4.2176975e+00 -3.6939363e+00 -3.4226498e+00 -3.2296825e+00 -3.2565812e+00 -3.1860333e+00 -3.1135137e+00 -3.0744311e+00 -3.4562003e+00 -3.2886732e+00
-9.3250000e-01 -4.2009661e+00 -3.7669263e+00 -3.4671168e+00 -3.3354864e+00 -3.1327464e+00 -3.1611279e+00 -3.1604214e+00 -3.3014788e+00 -3.3852298e+00 -3.2267040e+00
-9.2500000e-01 -4.2387912e+00 -3.8056628e+00 -3.4640073e+00 -3.2948732e+00 -3.3483226e+00 -3.1758505e+00 -3.2281012e+00 -3.2855190e+00 -3.1741746e+00 -3.5727255e+00
-9.1750000e-01 -4.3107431e+00 -3.7765274e+00 -3.5552920e+00 -3.3759748e+00 -3.2132368e+00 -3.3106127e+00 -3.2371263e+00 -3.1913901e+00 -3.3556639e+00 -3.6792604e+00
-9.1000000e-01 -4.3317902e+00 -3.8672252e+00 -3.5053121e+00 -3.3749028e+00 -3.3526477e+00 -3.1966754e+00 -3.2542752e+00 -3.3394131e+00 -3.5372211e+00 -3.3557209e+00
-9.0250000e-01 -4.3290848e+00 -3.8787610e+00 -3.6140165e+00 -3.4196861e+00 -3.3147224e+00 -3.3561204e+00 -3.2910284e+00 -3.3553319e+00 -3.3181662e+00 -3.4601976e+00
-8.9500000e-01 -4.3504345e+00 -3.8861084e+00 -3.5868589e+00 -3.4378146e+00 -3.3784975e+00 -3.3031217e+00 -3.3600402e+00 -3.3236161e+00 -3.4134761e+00 -3.7896217e+00
-8.8750000e-01 -4.3939279e+00 -3.9568622e+00 -3.6466008e+00 -3.4966472e+00 -3.3898776e+00 -3.3491622e+00 -3.3072743e+00 -3.4100695e+00 -3.5732191e+00 -3.5243664e+00
-8.8000000e-01 -4.4397547e+00 -3.9818417e+00 -3.6638157e+00 -3.4647489e+00 -3.4351334e+00 -3.4167182e+00 -3.4406115e+00 -3.4222152e+00 -3.4299621e+00 -3.5284390e+00
-8.7250000e-01 -4.4771663e+00 -3.9710853e+00 -3.6766869e+00 -3.5947434e+00 -3.4481276e+00 -3.3774601e+00 -3.3805516e+00 -3.4486338e+00 -3.5412801e+00 -3.8104625e+00
-8.6500000e-01 -4.5089783e+00 -3.9951646e+00 -3.7632085e+00 -3.5264564e+00 -3.4936802e+00 -3.4897183e+00 -3.4625142e+00 -3.4679860e+00 -3.5855880e+00 -3.6174454e+00
-8.5750000e-01 -4.5423099e+00 -4.0492546e+00 -3.7665592e+00 -3.5894577e+00 -3.5176926e+00 -3.4447740e+00 -3.4776816e+00 -3.5447221e+00 -3.5538880e+00 -3.6721340e+00
-8.5000000e-01 -4.5747608e+00 -4.0991029e+00 -3.7494027e+00 -3.6696617e+00 -3.5410571e+00 -3.5227550e+00 -3.4931560e+00 -3.4958114e+00 -3.6401652e+00 -3.8260510e+00
-8.4250000e-01 -4.5969542e+00 -4.1315042e+00 -3.8001828e+00 -3.6284008e+00 -3.5743261e+00 -3.5413139e+00 -3.5504765e+00 -3.6305143e+00 -3.6389101e+00 -3.6958616e+00
-8.3500000e-01 -4.6180039e+00 -4.1557728e+00 -3.8649955e+00 -3.6762535e+00 -3.6382156e+00 -3.5428403e+00 -3.5606552e+00 -3.5446810e+00 -3.6802372e+00 -3.8412793e+00
-8.2750000e-01 -4.6377557e+00 -4.1821985e+00 -3.8900490e+00 -3.7288105e+00 -3.5913832e+00 -3.6294713e+00 -3.5817221e+00 -3.7003359e+00 -3.7013760e+00 -3.8106564e+00
-8.2000000e-01 -4.6513683e+00 -4.2117785e+00 -3.8964159e+00 -3.7326302e+00 -3.6818804e+00 -3.6027086e+00 -3.6688533e+00 -3.5947809e+00 -3.7512092e+00 -3.8558604e+00
-8.1250000e-01 -4.6950771e+00 -4.2389359e+00 -3.9132581e+00 -3.7702746e+00 -3.7471758e+00 -3.6676073e+00 -3.5951581e+00 -3.7815175e+00 -3.7463038e+00 -3.8851342e+00
-8.0500000e-01 -4.7435064e+00 -4.2655487e+00 -3.9426709e+00 -3.8347643e+00 -3.6927864e+00 -3.6747516e+00 -3.7642299e+00 -3.6377274e+00 -3.8236196e+00 -3.9234135e+00
-7.9750000e-01 -4.7671053e+00 -4.3062216e+00 -3.9762855e+00 -3.8715464e+00 -3.7217991e+00 -3.7367239e+00 -3.6697796e+00 -3.8537998e+00 -3.8058876e+00 -3.9260641e+00
-7.9000000e-01 -4.7774990e+00 -4.3486166e+00 -4.0097047e+00 -3.8788201e+00 -3.8079212e+00 -3.7496426e+00 -3.7502916e+00 -3.7163320e+00 -3.8643530e+00 -4.0082094e+00
-7.8250000e-01 -4.8324925e+00 -4.3615100e+00 -4.0449368e+00 -3.8870248e+00 -3.8439892e+00 -3.7339000e+00 -3.8029713e+00 -3.8306907e+00 -3.9094185e+00 -3.9651989e+00
-7.7500000e-01 -4.8415467e+00 -4.3789687e+00 -4.0824731e+00 -3.9093241e+00 -3.8466070e+00 -3.8134563e+00 -3.7871345e+00 -3.8859156e+00 -3.8615800e+00 -4.0846363e+00
-7.6750000e-01 -4.8880327e+00 -4.3969853e+00 -4.1106888e+00 -3.9423337e+00 -3.8695490e+00 -3.8955576e+00 -3.8393056e+00 -3.8027151e+00 -4.0479078e+00 -4.0272862e+00
-7.6000000e-01 -4.9041507e+00 -4.4557410e+00 -4.1243547e+00 -3.9776321e+00 -3.9146644e+00 -3.8855571e+00 -3.8565680e+00 -3.9416381e+00 -3.9006384e+00 -4.1094281e+00
-7.5250000e-01 -4.9552638e+00 -4.4785083e+00 -4.1579163e+00 -4.0061950e+00 -3.9633794e+00 -3.8640323e+00 -3.8865498e+00 -3.9581550e+00 -4.0313171e+00 -4.1578136e+00
-7.4500000e-01 -4.9611542e+00 -4.4933771e+00 -4.2166511e+00 -4.0242267e+00 -4.0049173e+00 -3.8850646e+00 -3.9584984e+00 -3.9255844e+00 -4.1007021e+00 -4.0830913e+00
-7.3750000e-01 -4.9983296e+00 -4.5489173e+00 -4.2468970e+00 -4.0449336e+00 -4.0381170e+00 -3.9333110e+00 -3.9924179e+00 -3.9862070e+00 -3.9960512e+00 -4.2824153e+00
-7.3000000e-01 -5.0411013e+00 -4.5488688e+00 -4.2733878e+00 -4.0908252e+00 -4.0629801e+00 -3.9822147e+00 -3.9772496e+00 -4.0298356e+00 -4.0950525e+00 -4.1917779e+00
-7.2250000e-01 -5.0687554e+00 -4.6039224e+00 -4.2756251e+00 -4.1465000e+00 -4.0787941e+00 -4.0211988e+00 -3.9712827e+00 -4.0455275e+00 -4.1941018e+00 -4.1802939e+00
-7.1500000e-01 -5.0919997e+00 -4.6115187e+00 -4.3453366e+00 -4.1731597e+00 -4.0924316e+00 -4.0545620e+00 -3.9947818e+00 -4.0885172e+00 -4.1551315e+00 -4.3602820e+00
-7.0750000e-01 -5.1160538e+00 -4.6648655e+00 -4.3490911e+00 -4.2070807e+00 -4.1196356e+00 -4.0908499e+00 -4.0354953e+00 -4.1443820e+00 -4.1531087e+00 -4.3383873e+00
-7.0000000e-01 -5.1501915e+00 -4.6890500e+00 -4.3822347e+00 -4.2127048e+00 -4.1546538e+00 -4.1346379e+00 -4.0783030e+00 -4.1787840e+00 -4.2052436e+00 -4.2692750e+00
-6.5000000e-01 -5.3569543e+00 -4.8757542e+00 -4.5878410e+00 -4.4393786e+00 -4.3449319e+00 -4.2909320e+00 -4.3099258e+00 -4.3221117e+00 -4.4750672e+00 -4.5316784e+00
-6.0000000e-01 -5.5437774e+00 -5.0883735e+00 -4.7775057e+00 -4.6368126e+00 -4.5326144e+00 -4.5047740e+00 -4.5315867e+00 -4.5068816e+00 -4.6188795e+00 -4.7878187e+00
-5.5000000e-01 -5.7561595e+00 -5.2871718e+00 -4.9916403e+00 -4.8133775e+00 -4.7580050e+00 -4.6914076e+00 -4.7223783e+00 -4.7289664e+00 -4.8378872e+00 -4.9054778e+00
-5.0000000e-01 -5.9476335e+00 -5.4845838e+00 -5.1923570e+00 -5.0163209e+00 -4.9521812e+00 -4.9143305e+00 -4.9037546e+00 -4.9217361e+00 -5.0282121e+00 -5.1279935e+00
-4.0000000e-01 -6.3090061e+00 -5.8803990e+00 -5.5859670e+00 -5.4274993e+00 -5.3470064e+00 -5.3013453e+00 -5.3146119e+00 -5.3422762e+00 -5.4071904e+00 -5.5422635e+00
-2.0000000e-01 -7.2555841e+00 -6.6368257e+00 -6.3485628e+00 -6.2259224e+00 -6.1444578e+00 -6.1055612e+00 -6.1053159e+00 -6.1467791e+00 -6.2170136e+00 -6.3282366e+00
0.0000000e+00 -7.9321577e+00 -7.4420951e+00 -7.1703099e+00 -7.0015094e+00 -6.9244805e+00 -6.9259066e+00 -6.9115266e+00 -6.9410664e+00 -7.0183856e+00 -7.1348812e+00
2.0000000e-01 -8.6929451e+00 -8.3000266e+00 -7.9865224e+00 -7.8140512e+00 -7.7312903e+00 -7.7596702e+00 -7.7366589e+00 -7.7177144e+00 -7.8360790e+00 -7.9407536e+00
4.0000000e-01 -9.6093761e+00 -9.0492614e+00 -8.8209703e+00 -8.6218850e+00 -8.5418439e+00 -8.5429920e+00 -8.4977197e+00 -8.5459338e+00 -8.6173550e+00 -8.7289270e+00
6.0000000e-01 -1.0368617e+01 -9.8906989e+00 -9.5507095e+00 -9.4146049e+00 -9.3052747e+00 -9.3318160e+00 -9.2823959e+00 -9.2860058e+00 -9.4358295e+00 -9.5200867e+00
8.0000000e-01 -1.1112923e+01 -1.0667124e+01 -1.0400304e+01 -1.0229690e+01 -1.0109242e+01 -1.0106049e+01 -1.0078618e+01 -1.0197227e+01 -1.0188832e+01 -1.0289059e+01
1.0000000e+00 -1.1956696e+01 -1.1483072e+01 -1.1205696e+01 -1.1049362e+01 -1.0901329e+01 -1.0964401e+01 -1.0879678e+01 -1.0917515e+01 -1.1055637e+01 -1.1170894e+01
1.2000000e+00 -1.2715229e+01 -1.2344897e+01 -1.1991945e+01 -1.1795610e+01 -1.1782702e+01 -1.1709562e+01 -1.1729755e+01 -1.1752237e+01 -1.1852298e+01 -1.1940191e+01
1.4000000e+00 -1.3541422e+01 -1.3091747e+01 -1.2755443e+01 -1.2581603e+01 -1.2547135e+01 -1.2466205e+01 -1.2539706e+01 -1.2528756e+01 -1.2595046e+01 -1.2759256e+01
1.6000000e+00 -1.4347634e+01 -1.3889488e+01 -1.3599327e+01 -1.3379657e+01 -1.3344646e+01 -1.3314746e+01 -1.3316214e+01 -1.3299268e+01 -1.3455410e+01 -1.3575191e+01
1.8000000e+00 -1.5200528e+01 -1.4696729e+01 -1.4375062e+01 -1.4238956e+01 -1.4124696e+01 -1.4142758e+01 -1.4128576e+01 -1.4155836e+01 -1.4256106e+01 -1.4351056e+01
2.0000000e+00 -1.6053009e+01 -1.5482680e+01 -1.5269037e+01 -1.5051698e+01 -1.4944828e+01 -1.4881767e+01 -1.4911659e+01 -1.4938705e+01 -1.4995129e+01 -1.5156056e+01