########################################################################
# Reference Counts for Solar Model GS98                                #
# Column 1: log10(Axion mass in eV)                                    #
#        n>1: log10(Reference photon counts in energy bin n-1)         #
########################################################################
-3.0000000e+00 -4.0068682e-01 -8.5327038e-02 7.8079803e-02 1.2424142e-01 9.3284607e-02 3.0150612e-02 -5.8173091e-02 -1.6867593e-01 -3.1939487e-01 -5.1465137e-01
-2.8000000e+00 -4.0070716e-01 -8.5340921e-02 7.8069789e-02 1.2423387e-01 9.3278716e-02 3.0145896e-02 -5.8176952e-02 -1.6867915e-01 -3.1939760e-01 -5.1465371e-01
-2.6000000e+00 -4.0083551e-01 -8.5428519e-02 7.8006607e-02 1.2418617e-01 9.3241549e-02 3.0116138e-02 -5.8201315e-02 -1.6869946e-01 -3.1941481e-01 -5.1466847e-01
-2.4000000e+00 -4.0164552e-01 -8.5981301e-02 7.7607914e-02 1.2388523e-01 9.3007023e-02 2.9928370e-02 -5.8355037e-02 -1.6882761e-01 -3.1952342e-01 -5.1476157e-01
-2.2000000e+00 -4.0676287e-01 -8.9472225e-02 7.5090692e-02 1.2198545e-01 9.1526689e-02 2.8743262e-02 -5.9325209e-02 -1.6963634e-01 -3.2020877e-01 -5.1534911e-01
-2.1500000e+00 -4.1032637e-01 -9.1901766e-02 7.3339426e-02 1.2066405e-01 9.0497198e-02 2.7919175e-02 -5.9999781e-02 -1.7019862e-01 -3.2068526e-01 -5.1575758e-01
-2.1000000e+00 -4.1598544e-01 -9.5757674e-02 7.0561046e-02 1.1856816e-01 8.8864580e-02 2.6612454e-02 -6.1069329e-02 -1.7109007e-01 -3.2144065e-01 -5.1640511e-01
-2.0500000e+00 -4.2498302e-01 -1.0188237e-01 6.6150523e-02 1.1524234e-01 8.6274580e-02 2.4539850e-02 -6.2765518e-02 -1.7250368e-01 -3.2263840e-01 -5.1743176e-01
-2.0000000e+00 -4.3931588e-01 -1.1162356e-01 5.9142407e-02 1.0996102e-01 8.2163467e-02 2.1250986e-02 -6.5456485e-02 -1.7474596e-01 -3.2453805e-01 -5.1905989e-01
-1.9500000e+00 -4.6221800e-01 -1.2714932e-01 4.7989870e-02 1.0156476e-01 7.5632028e-02 1.6028377e-02 -6.9728162e-02 -1.7830445e-01 -3.2755217e-01 -5.2164280e-01
-1.9000000e+00 -4.9899755e-01 -1.5197932e-01 3.0198419e-02 8.8191697e-02 6.5240437e-02 7.7255123e-03 -7.6515448e-02 -1.8395617e-01 -3.3233778e-01 -5.2574270e-01
-1.8500000e+00 -5.5856317e-01 -1.9191282e-01 1.7025136e-03 6.6828178e-02 4.8669034e-02 -5.4986634e-03 -8.7316025e-02 -1.9294368e-01 -3.3994407e-01 -5.3225646e-01
-1.8475000e+00 -5.6237750e-01 -1.9445790e-01 -1.0860581e-04 6.5472721e-02 4.7618849e-02 -6.3360396e-03 -8.7999530e-02 -1.9351220e-01 -3.4042505e-01 -5.3266825e-01
-1.8400000e+00 -5.7440557e-01 -2.0247383e-01 -5.8088723e-03 6.1208447e-02 4.4315925e-02 -8.9691287e-03 -9.0148466e-02 -1.9529941e-01 -3.4193696e-01 -5.3396257e-01
-1.8325000e+00 -5.8736831e-01 -2.1109602e-01 -1.1933479e-02 5.6629876e-02 4.0771189e-02 -1.1794084e-02 -9.2453456e-02 -1.9721608e-01 -3.4355818e-01 -5.3535031e-01
-1.8250000e+00 -6.0134506e-01 -2.2037315e-01 -1.8515397e-02 5.1713085e-02 3.6966492e-02 -1.4825170e-02 -9.4926019e-02 -1.9927170e-01 -3.4529668e-01 -5.3683830e-01
-1.8175000e+00 -6.1642306e-01 -2.3035826e-01 -2.5590383e-02 4.6432209e-02 3.2882247e-02 -1.8077752e-02 -9.7578554e-02 -2.0147651e-01 -3.4716108e-01 -5.3843383e-01
-1.8100000e+00 -6.3269845e-01 -2.4110927e-01 -3.3197249e-02 4.0759267e-02 2.8497315e-02 -2.1568394e-02 -1.0042441e-01 -2.0384150e-01 -3.4916059e-01 -5.4014478e-01
-1.8025000e+00 -6.5027748e-01 -2.5268945e-01 -4.1378169e-02 3.4663965e-02 2.3788860e-02 -2.5314957e-02 -1.0347796e-01 -2.0637851e-01 -3.5130516e-01 -5.4197960e-01
-1.7950000e+00 -6.6927782e-01 -2.6516812e-01 -5.0179020e-02 2.8113475e-02 1.8732205e-02 -2.9336708e-02 -1.0675470e-01 -2.0910027e-01 -3.5360547e-01 -5.4394737e-01
-1.7875000e+00 -6.8983024e-01 -2.7862128e-01 -5.9649771e-02 2.1072197e-02 1.3300662e-02 -3.3654446e-02 -1.1027133e-01 -2.1202050e-01 -3.5607302e-01 -5.4605787e-01
-1.7800000e+00 -7.1208052e-01 -2.9313248e-01 -6.9844916e-02 1.3501488e-02 7.4653467e-03 -3.8290632e-02 -1.1404584e-01 -2.1515398e-01 -3.5872019e-01 -5.4832160e-01
-1.7725000e+00 -7.3619178e-01 -3.0879376e-01 -8.0823972e-02 5.3593521e-03 1.1949773e-03 -4.3269538e-02 -1.1809768e-01 -2.1851663e-01 -3.6156028e-01 -5.5074986e-01
-1.7650000e+00 -7.6234725e-01 -3.2570673e-01 -9.2652046e-02 -3.3998936e-03 -5.5443563e-03 -4.8617412e-02 -1.2244780e-01 -2.2212563e-01 -3.6460766e-01 -5.5335483e-01
-1.7575000e+00 -7.9075371e-01 -3.4398387e-01 -1.0540048e-01 -1.2826009e-02 -1.2789445e-02 -5.4362654e-02 -1.2711886e-01 -2.2599947e-01 -3.6787779e-01 -5.5614961e-01
-1.7500000e+00 -8.2164567e-01 -3.6375009e-01 -1.1914760e-01 -2.2973265e-02 -2.0580246e-02 -6.0536024e-02 -1.3213534e-01 -2.3015815e-01 -3.7138732e-01 -5.5914830e-01
-1.7425000e+00 -8.5529060e-01 -3.8514450e-01 -1.3397959e-01 -3.3900938e-02 -2.8960201e-02 -6.7170855e-02 -1.3752371e-01 -2.3462324e-01 -3.7515424e-01 -5.6236611e-01
-1.7350000e+00 -8.9199542e-01 -4.0832263e-01 -1.4999145e-01 -4.5673876e-02 -3.7976595e-02 -7.4303311e-02 -1.4331261e-01 -2.3941805e-01 -3.7919793e-01 -5.6581941e-01
-1.7275000e+00 -9.3211482e-01 -4.3345901e-01 -1.6728822e-01 -5.8363146e-02 -4.7680964e-02 -8.1972660e-02 -1.4953309e-01 -2.4456777e-01 -3.8353932e-01 -5.6952588e-01
-1.7200000e+00 -9.7606195e-01 -4.6075037e-01 -1.8598635e-01 -7.2046777e-02 -5.8129551e-02 -9.0221586e-02 -1.5621876e-01 -2.5009965e-01 -3.8820102e-01 -5.7350457e-01
-1.7125000e+00 -1.0243223e+00 -4.9041957e-01 -2.0621529e-01 -8.6810620e-02 -6.9383835e-02 -9.9096540e-02 -1.6340612e-01 -2.5604320e-01 -3.9320747e-01 -5.7777605e-01
-1.7050000e+00 -1.0774719e+00 -5.2272042e-01 -2.2811947e-01 -1.0274935e-01 -8.1511123e-02 -1.0864814e-01 -1.7113480e-01 -2.6243039e-01 -3.9858508e-01 -5.8236253e-01
-1.6975000e+00 -1.1362023e+00 -5.5794379e-01 -2.5186063e-01 -1.1996764e-01 -9.4585243e-02 -1.1893161e-01 -1.7944788e-01 -2.6929586e-01 -4.0436246e-01 -5.8728802e-01
-1.6900000e+00 -1.2013540e+00 -5.9642528e-01 -2.7762066e-01 -1.3858154e-01 -1.0868733e-01 -1.3000730e-01 -1.8839226e-01 -2.7667725e-01 -4.1057057e-01 -5.9257848e-01
-1.6825000e+00 -1.2739632e+00 -6.3855513e-01 -3.0560502e-01 -1.5872009e-01 -1.2390675e-01 -1.4194127e-01 -1.9801905e-01 -2.8461543e-01 -4.1724299e-01 -5.9826199e-01
-1.6750000e+00 -1.3553282e+00 -6.8479112e-01 -3.3604703e-01 -1.8052728e-01 -1.4034216e-01 -1.5480596e-01 -2.0838403e-01 -2.9315484e-01 -4.2441615e-01 -6.0436897e-01
-1.6675000e+00 -1.4471043e+00 -7.3567555e-01 -3.6921318e-01 -2.0416440e-01 -1.5810279e-01 -1.6868092e-01 -2.1954815e-01 -3.0234391e-01 -4.3212961e-01 -6.1093238e-01
-1.6600000e+00 -1.5514420e+00 -7.9185814e-01 -4.0540984e-01 -2.2981285e-01 -1.7730989e-01 -1.8365378e-01 -2.3157817e-01 -3.1223541e-01 -4.4042637e-01 -6.1798798e-01
-1.6525000e+00 -1.6711874e+00 -8.5412737e-01 -4.4499178e-01 -2.5767761e-01 -1.9809850e-01 -1.9982123e-01 -2.4454728e-01 -3.2288700e-01 -4.4935326e-01 -6.2557460e-01
-1.6450000e+00 -1.8101583e+00 -9.2345419e-01 -4.8837325e-01 -2.8799152e-01 -2.2061958e-01 -2.1729025e-01 -2.5853595e-01 -3.3436172e-01 -4.5896129e-01 -6.3373443e-01
-1.6375000e+00 -1.9734497e+00 -1.0010545e+00 -5.3604252e-01 -3.2102060e-01 -2.4504252e-01 -2.3617955e-01 -2.7363276e-01 -3.4672864e-01 -4.6930615e-01 -6.4251341e-01
-1.6300000e+00 -2.1673663e+00 -1.0884803e+00 -5.8858128e-01 -3.5707081e-01 -2.7155827e-01 -2.5662128e-01 -2.8993554e-01 -3.6006357e-01 -4.8044872e-01 -6.5196157e-01
-1.6225000e+00 -2.3967555e+00 -1.1877564e+00 -6.4669097e-01 -3.9649661e-01 -3.0038309e-01 -2.7876307e-01 -3.0755257e-01 -3.7444990e-01 -4.9245563e-01 -6.6213350e-01
-1.6150000e+00 -2.6489529e+00 -1.3015895e+00 -7.1122947e-01 -4.3971218e-01 -3.3176332e-01 -3.0277046e-01 -3.2660405e-01 -3.8997955e-01 -5.0539998e-01 -6.7308885e-01
-1.6075000e+00 -2.8361913e+00 -1.4336928e+00 -7.8326302e-01 -4.8720598e-01 -3.6598123e-01 -3.2882990e-01 -3.4722384e-01 -4.0675412e-01 -5.1936209e-01 -6.8489293e-01
-1.6000000e+00 -2.8020969e+00 -1.5892825e+00 -8.6414189e-01 -5.3956051e-01 -4.0336261e-01 -3.5715244e-01 -3.6956157e-01 -4.2488616e-01 -5.3443045e-01 -6.9761730e-01
-1.5925000e+00 -2.6034023e+00 -1.7757413e+00 -9.5561375e-01 -5.9747897e-01 -4.4428635e-01 -3.8797819e-01 -3.9378513e-01 -4.4450080e-01 -5.5070275e-01 -7.1134060e-01
-1.5850000e+00 -2.3912872e+00 -2.0028356e+00 -1.0599987e+00 -6.6182265e-01 -4.8919712e-01 -4.2158205e-01 -4.2008374e-01 -4.6573759e-01 -5.6828712e-01 -7.2614941e-01
-1.5775000e+00 -2.2136164e+00 -2.2775666e+00 -1.1804686e+00 -7.3366406e-01 -5.3862211e-01 -4.5828092e-01 -4.4867173e-01 -4.8875272e-01 -5.8730362e-01 -7.4213924e-01
-1.5700000e+00 -2.0727857e+00 -2.5635665e+00 -1.3215073e+00 -8.1436500e-01 -5.9319363e-01 -4.9844288e-01 -4.7979318e-01 -5.1372176e-01 -6.0788596e-01 -7.5941579e-01
-1.5625000e+00 -1.9634420e+00 -2.6624572e+00 -1.4896797e+00 -9.0569430e-01 -6.5368034e-01 -5.4249929e-01 -5.1372779e-01 -5.4084297e-01 -6.3018361e-01 -7.7809632e-01
-1.5550000e+00 -1.8806027e+00 -2.4663875e+00 -1.6948563e+00 -1.0100122e+00 -7.2103133e-01 -5.9096071e-01 -5.5079831e-01 -5.7034136e-01 -6.5436430e-01 -7.9831133e-01
-1.5475000e+00 -1.8207392e+00 -2.2080863e+00 -1.9513866e+00 -1.1305702e+00 -7.9643981e-01 -6.4443841e-01 -5.9138013e-01 -6.0247381e-01 -6.8061712e-01 -8.2020659e-01
-1.5400000e+00 -1.7816231e+00 -1.9924501e+00 -2.2715733e+00 -1.2720202e+00 -8.8143834e-01 -7.0367393e-01 -6.3591379e-01 -6.3753547e-01 -7.0915622e-01 -8.4394554e-01
-1.5325000e+00 -1.7620646e+00 -1.8246118e+00 -2.5877463e+00 -1.4413139e+00 -9.7804562e-01 -7.6958074e-01 -6.8492157e-01 -6.7586794e-01 -7.4022558e-01 -8.6971223e-01
-1.5250000e+00 -1.7617312e+00 -1.6954469e+00 -2.5723261e+00 -1.6493211e+00 -1.0890023e+00 -8.4330431e-01 -7.3902997e-01 -7.1786995e-01 -7.7410478e-01 -8.9771494e-01
-1.5175000e+00 -1.7810649e+00 -1.5971904e+00 -2.2740333e+00 -1.9133865e+00 -1.2181673e+00 -9.2631156e-01 -7.9900075e-01 -7.6401120e-01 -8.1111657e-01 -9.2819058e-01
-1.5100000e+00 -1.8212903e+00 -1.5246165e+00 -1.9956827e+00 -2.2561319e+00 -1.3712191e+00 -1.0205285e+00 -8.6577477e-01 -8.1485113e-01 -8.5163637e-01 -9.6141036e-01
-1.5025000e+00 -1.8845089e+00 -1.4744544e+00 -1.7824269e+00 -2.6336331e+00 -1.5569664e+00 -1.1285611e+00 -9.4053569e-01 -8.7106433e-01 -8.9610493e-01 -9.9768679e-01
-1.4950000e+00 -1.9738740e+00 -1.4448417e+00 -1.6209244e+00 -2.6333624e+00 -1.7898841e+00 -1.2540660e+00 -1.0248053e+00 -9.3347603e-01 -9.4504497e-01 -1.0373828e+00
-1.4875000e+00 -2.0937800e+00 -1.4349841e+00 -1.4982713e+00 -2.2831362e+00 -2.0944739e+00 -1.4024093e+00 -1.1205915e+00 -1.0031128e+00 -9.9908384e-01 -1.0809237e+00
-1.4800000e+00 -2.2496914e+00 -1.4449860e+00 -1.4060652e+00 -1.9779355e+00 -2.5002640e+00 -1.5819154e+00 -1.2306279e+00 -1.0812773e+00 -1.0589848e+00 -1.1288126e+00
-1.4725000e+00 -2.4457617e+00 -1.4758142e+00 -1.3391257e+00 -1.7522139e+00 -2.8456714e+00 -1.8063921e+00 -1.3587817e+00 -1.1696613e+00 -1.1256912e+00 -1.1816519e+00
-1.4650000e+00 -2.6720616e+00 -1.5293843e+00 -1.2943753e+00 -1.5839799e+00 -2.5858470e+00 -2.1003487e+00 -1.5107913e+00 -1.2705251e+00 -1.2003911e+00 -1.2401723e+00
-1.4575000e+00 -2.8601408e+00 -1.6087852e+00 -1.2701772e+00 -1.4571534e+00 -2.2002512e+00 -2.5049265e+00 -1.6957007e+00 -1.3869940e+00 -1.2846142e+00 -1.3052737e+00
-1.4500000e+00 -2.8707800e+00 -1.7186696e+00 -1.2659843e+00 -1.3620636e+00 -1.9175400e+00 -2.9651848e+00 -1.9288824e+00 -1.5235768e+00 -1.3803822e+00 -1.3780851e+00
-1.4425000e+00 -2.7174954e+00 -1.8657738e+00 -1.2821907e+00 -1.2929565e+00 -1.7125853e+00 -2.7924404e+00 -2.2387814e+00 -1.6871378e+00 -1.4904552e+00 -1.4600530e+00
-1.4350000e+00 -2.5414871e+00 -2.0589577e+00 -1.3201392e+00 -1.2464682e+00 -1.5601524e+00 -2.3542159e+00 -2.6771386e+00 -1.8888745e+00 -1.6187531e+00 -1.5530785e+00
-1.4275000e+00 -2.4048208e+00 -2.3044618e+00 -1.3822837e+00 -1.2208101e+00 -1.4456553e+00 -2.0395154e+00 -3.1640780e+00 -2.1487492e+00 -1.7711285e+00 -1.6597396e+00
-1.4200000e+00 -2.3176161e+00 -2.5720096e+00 -1.4725525e+00 -1.2153555e+00 -1.3607187e+00 -1.8165104e+00 -2.8695897e+00 -2.5060657e+00 -1.9569024e+00 -1.7836670e+00
-1.4125000e+00 -2.2787385e+00 -2.6928506e+00 -1.5970124e+00 -1.2304666e+00 -1.3004616e+00 -1.6525496e+00 -2.4143248e+00 -3.0289240e+00 -2.1922349e+00 -1.9302272e+00
-1.4050000e+00 -2.2868678e+00 -2.5400168e+00 -1.7649350e+00 -1.2674975e+00 -1.2621235e+00 -1.5298444e+00 -2.1042082e+00 -3.3378201e+00 -2.5084111e+00 -2.1078592e+00
-1.3975000e+00 -2.3425109e+00 -2.3136040e+00 -1.9897476e+00 -1.3289710e+00 -1.2443744e+00 -1.4385256e+00 -1.8860903e+00 -2.8130510e+00 -2.9717737e+00 -2.3309738e+00
-1.3900000e+00 -2.4475336e+00 -2.1334707e+00 -2.2831288e+00 -1.4189920e+00 -1.2469881e+00 -1.3729298e+00 -1.7259996e+00 -2.4025181e+00 -3.5668641e+00 -2.6270751e+00
-1.3825000e+00 -2.6016706e+00 -2.0138976e+00 -2.5890482e+00 -1.5440462e+00 -1.2707378e+00 -1.3298375e+00 -1.6063881e+00 -2.1280199e+00 -3.2054631e+00 -3.0561264e+00
-1.3750000e+00 -2.7887535e+00 -1.9501960e+00 -2.6116114e+00 -1.7144678e+00 -1.3174736e+00 -1.3076161e+00 -1.5176636e+00 -1.9325983e+00 -2.7012968e+00 -3.7042386e+00
-1.3675000e+00 -2.9412015e+00 -1.9385989e+00 -2.3460688e+00 -1.9467379e+00 -1.3904083e+00 -1.3058114e+00 -1.4543644e+00 -1.7881911e+00 -2.3774610e+00 -3.5766564e+00
-1.3600000e+00 -2.9522822e+00 -1.9788464e+00 -2.0941017e+00 -2.2624551e+00 -1.4947244e+00 -1.3249962e+00 -1.4134183e+00 -1.6803973e+00 -2.1537867e+00 -2.9990550e+00
-1.3525000e+00 -2.8432380e+00 -2.0741382e+00 -1.9178330e+00 -2.6276716e+00 -1.6387709e+00 -1.3668132e+00 -1.3933117e+00 -1.6012778e+00 -1.9908076e+00 -2.6378399e+00
-1.3450000e+00 -2.7264744e+00 -2.2297130e+00 -1.8093674e+00 -2.6691363e+00 -1.8364016e+00 -1.4342252e+00 -1.3937007e+00 -1.5463215e+00 -1.8694245e+00 -2.3944103e+00
-1.3375000e+00 -2.6582088e+00 -2.4439763e+00 -1.7594926e+00 -2.3472937e+00 -2.1109863e+00 -1.5320778e+00 -1.4152795e+00 -1.5130674e+00 -1.7794772e+00 -2.2191105e+00
-1.3300000e+00 -2.6521805e+00 -2.6654617e+00 -1.7644084e+00 -2.0644866e+00 -2.4916741e+00 -1.6682407e+00 -1.4598469e+00 -1.5004512e+00 -1.7152560e+00 -2.0890416e+00
-1.3225000e+00 -2.7095225e+00 -2.7273199e+00 -1.8255265e+00 -1.8737059e+00 -2.8478031e+00 -1.8559527e+00 -1.5305964e+00 -1.5085175e+00 -1.6735672e+00 -1.9923695e+00
-1.3150000e+00 -2.8244954e+00 -2.5861328e+00 -1.9493448e+00 -1.7573360e+00 -2.6362842e+00 -2.1186584e+00 -1.6327567e+00 -1.5383628e+00 -1.6528337e+00 -1.9225289e+00
-1.3075000e+00 -2.9722650e+00 -2.4210572e+00 -2.1465790e+00 -1.7027070e+00 -2.2673189e+00 -2.4958810e+00 -1.7749125e+00 -1.5922817e+00 -1.6526795e+00 -1.8758275e+00
-1.3000000e+00 -3.0836169e+00 -2.3200441e+00 -2.4184205e+00 -1.7049155e+00 -2.0092818e+00 -2.9524208e+00 -1.9718210e+00 -1.6741784e+00 -1.6737884e+00 -1.8503570e+00
-1.2925000e+00 -3.0812574e+00 -2.2975401e+00 -2.6625291e+00 -1.7654402e+00 -1.8450027e+00 -2.8390099e+00 -2.2506801e+00 -1.7904388e+00 -1.7179693e+00 -1.8454855e+00
-1.2850000e+00 -3.0004802e+00 -2.3537456e+00 -2.6045075e+00 -1.8921807e+00 -1.7520260e+00 -2.4147383e+00 -2.6611443e+00 -1.9517692e+00 -1.7884580e+00 -1.8616606e+00
-1.2775000e+00 -2.9326811e+00 -2.4843689e+00 -2.3702761e+00 -2.1004510e+00 -1.7195419e+00 -2.1200722e+00 -3.1530932e+00 -2.1773292e+00 -1.8905901e+00 -1.9004299e+00
-1.2700000e+00 -2.9275214e+00 -2.6624364e+00 -2.1911171e+00 -2.4051910e+00 -1.7450649e+00 -1.9335146e+00 -2.9204496e+00 -2.5045603e+00 -2.0332193e+00 -1.9646862e+00
-1.2625000e+00 -3.0015104e+00 -2.7912317e+00 -2.1063000e+00 -2.7134500e+00 -1.8330903e+00 -1.8246042e+00 -2.4739322e+00 -3.0002867e+00 -2.2318660e+00 -2.0592472e+00
-1.2550000e+00 -3.1437200e+00 -2.7640729e+00 -2.1144326e+00 -2.6342739e+00 -1.9962943e+00 -1.7789115e+00 -2.1843705e+00 -3.3616260e+00 -2.5164209e+00 -2.1920829e+00
-1.2475000e+00 -3.2704880e+00 -2.6595427e+00 -2.2158578e+00 -2.3422039e+00 -2.2582920e+00 -1.7920709e+00 -2.0042312e+00 -2.8671575e+00 -2.9498768e+00 -2.3770234e+00
-1.2400000e+00 -3.2470097e+00 -2.5937959e+00 -2.4096329e+00 -2.1355871e+00 -2.6348047e+00 -1.8673384e+00 -1.9012968e+00 -2.4655193e+00 -3.5462357e+00 -2.6403874e+00
-1.2325000e+00 -3.1417952e+00 -2.6042509e+00 -2.6444197e+00 -2.0391718e+00 -2.8686782e+00 -2.0165370e+00 -1.8615326e+00 -2.2173248e+00 -3.2595488e+00 -3.0389211e+00
-1.2250000e+00 -3.1085932e+00 -2.6876214e+00 -2.7124678e+00 -2.0447543e+00 -2.5775300e+00 -2.2645253e+00 -1.8812709e+00 -2.0664914e+00 -2.7573673e+00 -3.6651728e+00
-1.2175000e+00 -3.2039198e+00 -2.8108847e+00 -2.5595462e+00 -2.1537614e+00 -2.2744974e+00 -2.6488204e+00 -1.9648311e+00 -1.9870970e+00 -2.4521555e+00 -3.6310748e+00
-1.2100000e+00 -3.3820949e+00 -2.9004665e+00 -2.4176932e+00 -2.3748354e+00 -2.1020397e+00 -3.0220828e+00 -2.1261151e+00 -1.9690686e+00 -2.2655548e+00 -3.0527914e+00
-1.2025000e+00 -3.4198672e+00 -2.8962487e+00 -2.3798700e+00 -2.6700613e+00 -2.0442457e+00 -2.7543568e+00 -2.3950838e+00 -2.0117247e+00 -2.1591435e+00 -2.7051811e+00
-1.1950000e+00 -3.2987645e+00 -2.8415103e+00 -2.4544507e+00 -2.7481345e+00 -2.0933376e+00 -2.3929715e+00 -2.8217425e+00 -2.1228464e+00 -2.1172336e+00 -2.4944288e+00
-1.1875000e+00 -3.2713790e+00 -2.8151620e+00 -2.6177260e+00 -2.5236061e+00 -2.2584176e+00 -2.1833175e+00 -3.1975460e+00 -2.3223379e+00 -2.1356920e+00 -2.3709899e+00
-1.1800000e+00 -3.4023551e+00 -2.8610664e+00 -2.7641154e+00 -2.3435947e+00 -2.5562967e+00 -2.0992885e+00 -2.8213210e+00 -2.6532086e+00 -2.2189561e+00 -2.3148102e+00
-1.1725000e+00 -3.5369571e+00 -2.9802403e+00 -2.7461133e+00 -2.2984108e+00 -2.8746409e+00 -2.1263693e+00 -2.4518469e+00 -3.1711923e+00 -2.3819250e+00 -2.3194498e+00
-1.1650000e+00 -3.4682194e+00 -3.0822208e+00 -2.6516745e+00 -2.3913552e+00 -2.7445374e+00 -2.2717982e+00 -2.2504088e+00 -3.2797582e+00 -2.6587264e+00 -2.3874624e+00
-1.1575000e+00 -3.4138148e+00 -3.0367111e+00 -2.6214124e+00 -2.6066873e+00 -2.4584456e+00 -2.5628478e+00 -2.1767842e+00 -2.7825934e+00 -3.1219330e+00 -2.5312547e+00
-1.1500000e+00 -3.5076361e+00 -2.9585477e+00 -2.6827742e+00 -2.8006396e+00 -2.3149015e+00 -2.9665966e+00 -2.2168822e+00 -2.4687061e+00 -3.6075819e+00 -2.7804184e+00
-1.1425000e+00 -3.6232852e+00 -3.0082521e+00 -2.7932196e+00 -2.7185955e+00 -2.3279790e+00 -2.9236383e+00 -2.3819015e+00 -2.3144706e+00 -3.1309735e+00 -3.2034574e+00
-1.1350000e+00 -3.5796593e+00 -3.1826821e+00 -2.8643353e+00 -2.5638270e+00 -2.4982037e+00 -2.5719140e+00 -2.7094784e+00 -2.2823721e+00 -2.7204828e+00 -3.8229148e+00
-1.1275000e+00 -3.5468100e+00 -3.2135783e+00 -2.8540769e+00 -2.5338889e+00 -2.7960274e+00 -2.3785515e+00 -3.1599670e+00 -2.3674909e+00 -2.5061048e+00 -3.4755607e+00
-1.1200000e+00 -3.6603855e+00 -3.0881843e+00 -2.8205444e+00 -2.6457927e+00 -2.9009635e+00 -2.3574488e+00 -3.0101557e+00 -2.5933419e+00 -2.4270223e+00 -2.9904014e+00
-1.1125000e+00 -3.7272388e+00 -3.1260848e+00 -2.8307631e+00 -2.8146638e+00 -2.6720364e+00 -2.5063710e+00 -2.6278724e+00 -3.0153978e+00 -2.4654858e+00 -2.7344053e+00
-1.1050000e+00 -3.6391826e+00 -3.3145251e+00 -2.9161012e+00 -2.8391845e+00 -2.5290362e+00 -2.8312957e+00 -2.4437553e+00 -3.3930601e+00 -2.6342939e+00 -2.6261037e+00
-1.0975000e+00 -3.7282115e+00 -3.2823462e+00 -3.0200033e+00 -2.7537623e+00 -2.5710296e+00 -3.0612608e+00 -2.4405240e+00 -2.9736198e+00 -2.9842230e+00 -2.6378285e+00
-1.0900000e+00 -3.8218538e+00 -3.1984529e+00 -2.9929296e+00 -2.7417690e+00 -2.7796355e+00 -2.7927147e+00 -2.6193748e+00 -2.6416904e+00 -3.5384484e+00 -2.7758960e+00
-1.0825000e+00 -3.7258450e+00 -3.3256728e+00 -2.9301222e+00 -2.8236801e+00 -2.9550199e+00 -2.5831959e+00 -2.9995164e+00 -2.5223912e+00 -3.3437236e+00 -3.0842645e+00
-1.0750000e+00 -3.8477503e+00 -3.4021459e+00 -3.0203167e+00 -2.9090232e+00 -2.8321376e+00 -2.5866532e+00 -3.2041023e+00 -2.5860971e+00 -2.8929483e+00 -3.6487350e+00
-1.0675000e+00 -3.8656058e+00 -3.3221361e+00 -3.1705416e+00 -2.9266660e+00 -2.7204106e+00 -2.8011250e+00 -2.8503607e+00 -2.8534159e+00 -2.6898759e+00 -3.7033775e+00
-1.0600000e+00 -3.8357359e+00 -3.3866649e+00 -3.0736615e+00 -2.9146163e+00 -2.7847215e+00 -3.0799783e+00 -2.6425599e+00 -3.3206834e+00 -2.6819744e+00 -3.1686646e+00
-1.0525000e+00 -3.9561209e+00 -3.4756413e+00 -3.0457753e+00 -2.9200025e+00 -2.9534992e+00 -2.9487084e+00 -2.6719866e+00 -3.2315377e+00 -2.8700291e+00 -2.9077777e+00
-1.0450000e+00 -3.9086899e+00 -3.4352828e+00 -3.2392139e+00 -2.9844634e+00 -2.9805425e+00 -2.7606075e+00 -2.9384691e+00 -2.8485388e+00 -3.3087809e+00 -2.8565576e+00
-1.0375000e+00 -3.9773636e+00 -3.4685465e+00 -3.2081118e+00 -3.0752585e+00 -2.9033983e+00 -2.7973676e+00 -3.2493888e+00 -2.7212126e+00 -3.5915694e+00 -2.9997060e+00
-1.0300000e+00 -4.0064731e+00 -3.5705148e+00 -3.1330398e+00 -3.0389682e+00 -2.9271941e+00 -3.0260340e+00 -3.0155133e+00 -2.8455801e+00 -3.1227473e+00 -3.3932782e+00
-1.0225000e+00 -4.0085400e+00 -3.5031464e+00 -3.3154358e+00 -3.0143502e+00 -3.0194759e+00 -3.1031136e+00 -2.8151983e+00 -3.2272650e+00 -2.8800492e+00 -3.8866504e+00
-1.0150000e+00 -4.0820598e+00 -3.6041392e+00 -3.2796147e+00 -3.1640725e+00 -3.0586828e+00 -2.9454931e+00 -2.8887534e+00 -3.3740327e+00 -2.9067153e+00 -3.4228117e+00
-1.0075000e+00 -4.0675585e+00 -3.6118477e+00 -3.2524662e+00 -3.1730632e+00 -3.0593168e+00 -2.9455529e+00 -3.1865211e+00 -3.0132987e+00 -3.2120852e+00 -3.0980174e+00
-1.0000000e+00 -4.1322532e+00 -3.6134378e+00 -3.3964162e+00 -3.0842170e+00 -3.0635748e+00 -3.1086715e+00 -3.2118836e+00 -2.8997017e+00 -3.6427170e+00 -3.0640791e+00
-9.9250000e-01 -4.1407550e+00 -3.7081688e+00 -3.3369316e+00 -3.2622715e+00 -3.1137118e+00 -3.1453969e+00 -2.9943182e+00 -3.0942019e+00 -3.2960270e+00 -3.3119751e+00
-9.8500000e-01 -4.1791059e+00 -3.6592836e+00 -3.3893561e+00 -3.2463667e+00 -3.2002720e+00 -3.0757554e+00 -3.0264677e+00 -3.4406651e+00 -3.0418033e+00 -3.8367197e+00
-9.7750000e-01 -4.2161022e+00 -3.7681195e+00 -3.4503771e+00 -3.1833914e+00 -3.1545676e+00 -3.1267703e+00 -3.2627125e+00 -3.2314944e+00 -3.1225607e+00 -3.6089901e+00
-9.7000000e-01 -4.2128906e+00 -3.7271261e+00 -3.4262834e+00 -3.3873238e+00 -3.1740011e+00 -3.2040898e+00 -3.2403440e+00 -3.0557800e+00 -3.5198547e+00 -3.2543936e+00
-9.6250000e-01 -4.3095766e+00 -3.8179815e+00 -3.5074222e+00 -3.2624816e+00 -3.3245251e+00 -3.2160203e+00 -3.1235225e+00 -3.2162887e+00 -3.5430521e+00 -3.2590581e+00
-9.5500000e-01 -4.2720324e+00 -3.7902545e+00 -3.5020517e+00 -3.3611719e+00 -3.2182047e+00 -3.2246569e+00 -3.2367120e+00 -3.4748196e+00 -3.2174708e+00 -3.6241578e+00
-9.4750000e-01 -4.3207142e+00 -3.8828114e+00 -3.5497277e+00 -3.3978092e+00 -3.2943741e+00 -3.2486396e+00 -3.3384855e+00 -3.2740967e+00 -3.2520570e+00 -3.8642229e+00
-9.4000000e-01 -4.3849957e+00 -3.8480588e+00 -3.5703565e+00 -3.3712413e+00 -3.3996608e+00 -3.3361902e+00 -3.2669771e+00 -3.2238605e+00 -3.6106197e+00 -3.4496673e+00
-9.3250000e-01 -4.3672533e+00 -3.9210852e+00 -3.6150177e+00 -3.4777650e+00 -3.2759785e+00 -3.3128516e+00 -3.3129379e+00 -3.4506924e+00 -3.5354985e+00 -3.3902082e+00
-9.2500000e-01 -4.4051203e+00 -3.9598467e+00 -3.6118432e+00 -3.4364353e+00 -3.4911875e+00 -3.3261948e+00 -3.3812449e+00 -3.4359482e+00 -3.3259814e+00 -3.7386219e+00
-9.1750000e-01 -4.4777151e+00 -3.9305974e+00 -3.7031236e+00 -3.5182189e+00 -3.3563476e+00 -3.4615619e+00 -3.3905270e+00 -3.3410052e+00 -3.5099550e+00 -3.8396186e+00
-9.1000000e-01 -4.4985700e+00 -4.0216975e+00 -3.6530877e+00 -3.5164466e+00 -3.4958788e+00 -3.3477669e+00 -3.4068214e+00 -3.4886148e+00 -3.6887135e+00 -3.5174080e+00
-9.0250000e-01 -4.4953399e+00 -4.0328453e+00 -3.7620994e+00 -3.5619332e+00 -3.4575327e+00 -3.5065672e+00 -3.4443860e+00 -3.5056926e+00 -3.4692865e+00 -3.6250806e+00
-8.9500000e-01 -4.5165884e+00 -4.0400067e+00 -3.7343845e+00 -3.5793684e+00 -3.5219856e+00 -3.4542696e+00 -3.5130480e+00 -3.4730950e+00 -3.5674685e+00 -3.9527891e+00
-8.8750000e-01 -4.5603440e+00 -4.1111357e+00 -3.7946508e+00 -3.6388035e+00 -3.5324954e+00 -3.4998676e+00 -3.4601232e+00 -3.5595814e+00 -3.7250180e+00 -3.6851504e+00
-8.8000000e-01 -4.6065290e+00 -4.1361718e+00 -3.8117543e+00 -3.6065236e+00 -3.5787293e+00 -3.5676118e+00 -3.5940076e+00 -3.5724238e+00 -3.5812328e+00 -3.6928476e+00
-8.7250000e-01 -4.6442213e+00 -4.1251925e+00 -3.8242983e+00 -3.7366218e+00 -3.5907376e+00 -3.5284089e+00 -3.5332973e+00 -3.5978401e+00 -3.6954302e+00 -3.9740095e+00
-8.6500000e-01 -4.6761459e+00 -4.1492711e+00 -3.9111295e+00 -3.6683680e+00 -3.6371306e+00 -3.6403689e+00 -3.6158188e+00 -3.6180723e+00 -3.7365573e+00 -3.7783438e+00
-8.5750000e-01 -4.7093707e+00 -4.2035403e+00 -3.9144490e+00 -3.7313832e+00 -3.6606398e+00 -3.5959147e+00 -3.6305301e+00 -3.6942436e+00 -3.7063724e+00 -3.8370953e+00
-8.5000000e-01 -4.7416833e+00 -4.2535215e+00 -3.8971431e+00 -3.8115307e+00 -3.6839711e+00 -3.6732140e+00 -3.6463149e+00 -3.6455525e+00 -3.7932427e+00 -3.9878354e+00
-8.4250000e-01 -4.7639741e+00 -4.2859081e+00 -3.9480908e+00 -3.7701329e+00 -3.7178082e+00 -3.6926309e+00 -3.7034312e+00 -3.7803239e+00 -3.7899745e+00 -3.8580855e+00
-8.3500000e-01 -4.7848847e+00 -4.3100715e+00 -4.0130707e+00 -3.8182592e+00 -3.7808673e+00 -3.6933401e+00 -3.7137335e+00 -3.6942973e+00 -3.8339437e+00 -4.0062071e+00
-8.2750000e-01 -4.8042578e+00 -4.3363750e+00 -4.0380098e+00 -3.8709060e+00 -3.7346020e+00 -3.7804886e+00 -3.7347485e+00 -3.8501924e+00 -3.8524069e+00 -3.9714069e+00
-8.2000000e-01 -4.8178591e+00 -4.3658790e+00 -4.0441907e+00 -3.8744301e+00 -3.8250523e+00 -3.7538169e+00 -3.8218733e+00 -3.7444299e+00 -3.9046481e+00 -4.0207387e+00
-8.1250000e-01 -4.8615101e+00 -4.3930807e+00 -4.0609626e+00 -3.9119567e+00 -3.8900911e+00 -3.8179021e+00 -3.7482123e+00 -3.9312814e+00 -3.8977217e+00 -4.0464228e+00
-8.0500000e-01 -4.9105088e+00 -4.4198201e+00 -4.0904109e+00 -3.9765630e+00 -3.8360074e+00 -3.8260229e+00 -3.9172866e+00 -3.7874590e+00 -3.9767733e+00 -4.0874780e+00
-7.9750000e-01 -4.9338461e+00 -4.4605051e+00 -4.1241006e+00 -4.0134487e+00 -3.8648573e+00 -3.8877259e+00 -3.8227241e+00 -4.0034693e+00 -3.9575067e+00 -4.0880775e+00
-7.9000000e-01 -4.9438737e+00 -4.5028598e+00 -4.1575733e+00 -4.0207012e+00 -3.9507037e+00 -3.9000861e+00 -3.9035106e+00 -3.8660747e+00 -4.0172981e+00 -4.1719180e+00
-7.8250000e-01 -4.9994655e+00 -4.5158283e+00 -4.1927884e+00 -4.0288442e+00 -3.9870274e+00 -3.8848113e+00 -3.9558636e+00 -3.9804396e+00 -4.0611790e+00 -4.1273364e+00
-7.7500000e-01 -5.0081488e+00 -4.5330563e+00 -4.2302326e+00 -4.0510964e+00 -3.9899892e+00 -3.9645408e+00 -3.9401038e+00 -4.0355679e+00 -4.0141794e+00 -4.2485156e+00
-7.6750000e-01 -5.0547994e+00 -4.5510811e+00 -4.2583878e+00 -4.0840743e+00 -4.0129606e+00 -4.0464333e+00 -3.9925606e+00 -3.9524346e+00 -4.2000093e+00 -4.1892572e+00
-7.6000000e-01 -5.0706478e+00 -4.6099325e+00 -4.2721142e+00 -4.1193574e+00 -4.0579047e+00 -4.0364406e+00 -4.0095647e+00 -4.0915092e+00 -4.0529970e+00 -4.2732437e+00
-7.5250000e-01 -5.1221016e+00 -4.6327989e+00 -4.3056888e+00 -4.1479487e+00 -4.1064445e+00 -4.0149943e+00 -4.0393959e+00 -4.1077334e+00 -4.1834909e+00 -4.3200064e+00
-7.4500000e-01 -5.1276169e+00 -4.6474055e+00 -4.3644411e+00 -4.1660670e+00 -4.1478962e+00 -4.0359533e+00 -4.1115563e+00 -4.0752024e+00 -4.2531613e+00 -4.2461105e+00
-7.3750000e-01 -5.1649924e+00 -4.7031757e+00 -4.3949020e+00 -4.1868363e+00 -4.1810739e+00 -4.0840335e+00 -4.1456192e+00 -4.1361185e+00 -4.1484735e+00 -4.4454818e+00
-7.3000000e-01 -5.2080461e+00 -4.7030114e+00 -4.4211924e+00 -4.2326601e+00 -4.2059108e+00 -4.1327994e+00 -4.1303476e+00 -4.1796991e+00 -4.2468847e+00 -4.3545251e+00
-7.2250000e-01 -5.2355492e+00 -4.7582135e+00 -4.4234127e+00 -4.2883057e+00 -4.2216575e+00 -4.1717306e+00 -4.1242734e+00 -4.1951185e+00 -4.3464864e+00 -4.3431017e+00
-7.1500000e-01 -5.2586228e+00 -4.7656036e+00 -4.4931983e+00 -4.3151654e+00 -4.2352468e+00 -4.2051140e+00 -4.1477540e+00 -4.2380213e+00 -4.3080542e+00 -4.5230127e+00
-7.0750000e-01 -5.2827221e+00 -4.8190945e+00 -4.4969513e+00 -4.3489894e+00 -4.2625606e+00 -4.2414800e+00 -4.1885052e+00 -4.2939965e+00 -4.3054316e+00 -4.5016915e+00
-7.0000000e-01 -5.3167787e+00 -4.8432407e+00 -4.5300686e+00 -4.3545328e+00 -4.2978397e+00 -4.2854001e+00 -4.2313612e+00 -4.3285345e+00 -4.3569176e+00 -4.4323186e+00
-6.5000000e-01 -5.5237632e+00 -5.0299075e+00 -4.7356404e+00 -4.5813138e+00 -4.4878715e+00 -4.4417735e+00 -4.4629438e+00 -4.4717628e+00 -4.6272388e+00 -4.6937147e+00
-6.0000000e-01 -5.7103798e+00 -5.2425321e+00 -4.9252991e+00 -4.7786775e+00 -4.6757482e+00 -4.6557779e+00 -4.6846669e+00 -4.6566351e+00 -4.7716039e+00 -4.9507951e+00
-5.5000000e-01 -5.9228831e+00 -5.4413948e+00 -5.1395431e+00 -4.9552726e+00 -4.9010751e+00 -4.8423083e+00 -4.8754198e+00 -4.8786987e+00 -4.9900862e+00 -5.0682745e+00
-5.0000000e-01 -6.1142844e+00 -5.6387404e+00 -5.3402288e+00 -5.1582127e+00 -5.0952827e+00 -5.0651333e+00 -5.0568315e+00 -5.0714586e+00 -5.1806922e+00 -5.2910614e+00
-4.0000000e-01 -6.4767354e+00 -6.0345629e+00 -5.7337812e+00 -5.5693774e+00 -5.4900760e+00 -5.4522327e+00 -5.4676561e+00 -5.4920260e+00 -5.5594663e+00 -5.7051512e+00
-2.0000000e-01 -7.4235390e+00 -6.7909047e+00 -6.4960634e+00 -6.3678185e+00 -6.2875431e+00 -6.2564525e+00 -6.2583393e+00 -6.2964946e+00 -6.3692463e+00 -6.4910819e+00
0.0000000e+00 -8.0993283e+00 -7.5963939e+00 -7.3180694e+00 -7.1432794e+00 -7.0676616e+00 -7.0766341e+00 -7.0645611e+00 -7.0907871e+00 -7.1706924e+00 -7.2977500e+00
2.0000000e-01 -8.8598678e+00 -8.4542308e+00 -8.1343174e+00 -7.9559335e+00 -7.8744055e+00 -7.9105809e+00 -7.8897091e+00 -7.8674066e+00 -7.9883420e+00 -8.1033576e+00
4.0000000e-01 -9.7768997e+00 -9.2032268e+00 -8.9689043e+00 -8.7636586e+00 -8.6851134e+00 -8.6935701e+00 -8.6507418e+00 -8.6957255e+00 -8.7694947e+00 -8.8918499e+00
6.0000000e-01 -1.0535708e+01 -1.0045050e+01 -9.6985975e+00 -9.5562957e+00 -9.4484473e+00 -9.4826006e+00 -9.4354344e+00 -9.4357500e+00 -9.5883401e+00 -9.6831267e+00
8.0000000e-01 -1.1278961e+01 -1.0821170e+01 -1.0548336e+01 -1.0371686e+01 -1.0252183e+01 -1.0256956e+01 -1.0231678e+01 -1.0347069e+01 -1.0341144e+01 -1.0451558e+01
1.0000000e+00 -1.2123902e+01 -1.1637003e+01 -1.1353654e+01 -1.1191240e+01 -1.1044131e+01 -1.1115031e+01 -1.1032707e+01 -1.1067299e+01 -1.1207758e+01 -1.1333634e+01
1.2000000e+00 -1.2881530e+01 -1.2499047e+01 -1.2139570e+01 -1.1937533e+01 -1.1925879e+01 -1.1860579e+01 -1.1882879e+01 -1.1901977e+01 -1.2004520e+01 -1.2103159e+01
1.4000000e+00 -1.3707203e+01 -1.3245875e+01 -1.2903252e+01 -1.2723340e+01 -1.2690438e+01 -1.2616889e+01 -1.2692739e+01 -1.2678477e+01 -1.2747360e+01 -1.2921926e+01
1.6000000e+00 -1.4514076e+01 -1.4043686e+01 -1.3747229e+01 -1.3521469e+01 -1.3487803e+01 -1.3465695e+01 -1.3469290e+01 -1.3448882e+01 -1.3607945e+01 -1.3738309e+01
1.8000000e+00 -1.5367638e+01 -1.4850851e+01 -1.4523215e+01 -1.4380836e+01 -1.4267736e+01 -1.4293644e+01 -1.4281589e+01 -1.4305551e+01 -1.4408304e+01 -1.4514078e+01
2.0000000e+00 -1.6219758e+01 -1.5637071e+01 -1.5417196e+01 -1.5193667e+01 -1.5087853e+01 -1.5032408e+01 -1.5064634e+01 -1.5088449e+01 -1.5147319e+01 -1.5318934e+01