########################################################################
# Reference Counts for Solar Model GS98                                #
# Column 1: log10(Axion mass in eV)                                    #
#        n>1: log10(Reference photon counts in energy bin n-1)         #
########################################################################
-3.0000000e+00 -5.7897952e-01 -2.7670171e-01 -1.1952113e-01 -7.8992339e-02 -1.0853420e-01 -1.6327479e-01 -2.4858554e-01 -3.6167461e-01 -5.0919665e-01 -6.9308868e-01
-2.8000000e+00 -5.7899990e-01 -2.7671560e-01 -1.1953115e-01 -7.8999900e-02 -1.0854008e-01 -1.6327951e-01 -2.4858940e-01 -3.6167783e-01 -5.0919937e-01 -6.9309102e-01
-2.6000000e+00 -5.7912850e-01 -2.7680324e-01 -1.1959435e-01 -7.9047605e-02 -1.0857724e-01 -1.6330926e-01 -2.4861376e-01 -3.6169814e-01 -5.0921658e-01 -6.9310577e-01
-2.4000000e+00 -5.7994007e-01 -2.7735633e-01 -1.1999318e-01 -7.9348630e-02 -1.0881168e-01 -1.6349697e-01 -2.4876750e-01 -3.6182630e-01 -5.0932515e-01 -6.9319884e-01
-2.2000000e+00 -5.8506732e-01 -2.8084917e-01 -1.2251127e-01 -8.1248907e-02 -1.1029148e-01 -1.6468169e-01 -2.4973775e-01 -3.6263509e-01 -5.1001031e-01 -6.9378617e-01
-2.1500000e+00 -5.8863772e-01 -2.8328004e-01 -1.2426315e-01 -8.2570656e-02 -1.1132060e-01 -1.6550551e-01 -2.5041237e-01 -3.6319741e-01 -5.1048665e-01 -6.9419450e-01
-2.1000000e+00 -5.9430775e-01 -2.8713807e-01 -1.2704249e-01 -8.4667099e-02 -1.1295263e-01 -1.6681181e-01 -2.5148200e-01 -3.6408893e-01 -5.1124182e-01 -6.9484180e-01
-2.0500000e+00 -6.0332283e-01 -2.9326615e-01 -1.3145455e-01 -8.7993800e-02 -1.1554169e-01 -1.6888374e-01 -2.5317833e-01 -3.6550264e-01 -5.1243922e-01 -6.9586809e-01
-2.0000000e+00 -6.1768367e-01 -3.0301272e-01 -1.3846510e-01 -9.3276518e-02 -1.1965131e-01 -1.7217154e-01 -2.5586951e-01 -3.6774509e-01 -5.1433831e-01 -6.9749565e-01
-1.9500000e+00 -6.4063077e-01 -3.1854712e-01 -1.4962154e-01 -1.0167500e-01 -1.2618038e-01 -1.7739246e-01 -2.6014152e-01 -3.7130385e-01 -5.1735155e-01 -7.0007765e-01
-1.9000000e+00 -6.7748335e-01 -3.4339104e-01 -1.6741926e-01 -1.1505164e-01 -1.3656818e-01 -1.8569262e-01 -2.6692934e-01 -3.7695600e-01 -5.2213576e-01 -7.0417610e-01
-1.8500000e+00 -7.3716935e-01 -3.8334723e-01 -1.9592530e-01 -1.3642090e-01 -1.5313350e-01 -1.9891247e-01 -2.7773078e-01 -3.8594420e-01 -5.2973981e-01 -7.1068757e-01
-1.8475000e+00 -7.4099148e-01 -3.8589377e-01 -1.9773707e-01 -1.3777673e-01 -1.5418330e-01 -1.9974957e-01 -2.7841434e-01 -3.8651276e-01 -5.3022065e-01 -7.1109921e-01
-1.8400000e+00 -7.5304422e-01 -3.9391431e-01 -2.0343938e-01 -1.4204216e-01 -1.5748501e-01 -2.0238180e-01 -2.8056345e-01 -3.8830011e-01 -5.3173211e-01 -7.1239307e-01
-1.8325000e+00 -7.6603368e-01 -4.0254147e-01 -2.0956619e-01 -1.4662197e-01 -1.6102843e-01 -2.0520582e-01 -2.8286862e-01 -3.9021692e-01 -5.3335285e-01 -7.1378032e-01
-1.8250000e+00 -7.8003938e-01 -4.1182398e-01 -2.1615049e-01 -1.5154010e-01 -1.6483172e-01 -2.0823591e-01 -2.8534138e-01 -3.9227271e-01 -5.3509084e-01 -7.1526778e-01
-1.8175000e+00 -7.9514880e-01 -4.2181490e-01 -2.2322804e-01 -1.5682241e-01 -1.6891445e-01 -2.1148742e-01 -2.8799413e-01 -3.9447768e-01 -5.3695468e-01 -7.1686275e-01
-1.8100000e+00 -8.1145832e-01 -4.3257219e-01 -2.3083767e-01 -1.6249690e-01 -1.7329775e-01 -2.1497691e-01 -2.9084021e-01 -3.9684286e-01 -5.3895360e-01 -7.1857309e-01
-1.8025000e+00 -8.2907445e-01 -4.4415917e-01 -2.3902158e-01 -1.6859388e-01 -1.7800445e-01 -2.1872223e-01 -2.9389401e-01 -3.9938006e-01 -5.4109754e-01 -7.2040726e-01
-1.7950000e+00 -8.4811519e-01 -4.5664521e-01 -2.4782565e-01 -1.7514617e-01 -1.8305922e-01 -2.2274265e-01 -2.9717101e-01 -4.0210203e-01 -5.4339717e-01 -7.2237433e-01
-1.7875000e+00 -8.6871166e-01 -4.7010636e-01 -2.5729989e-01 -1.8218938e-01 -1.8848873e-01 -2.2705895e-01 -3.0068792e-01 -4.0502248e-01 -5.4586398e-01 -7.2448408e-01
-1.7800000e+00 -8.9101006e-01 -4.8462624e-01 -2.6749880e-01 -1.8976219e-01 -1.9432185e-01 -2.3169360e-01 -3.0446274e-01 -4.0815621e-01 -5.4851036e-01 -7.2674700e-01
-1.7725000e+00 -9.1517396e-01 -5.0029695e-01 -2.7848194e-01 -1.9790659e-01 -2.0058986e-01 -2.3667084e-01 -3.0851491e-01 -4.1151912e-01 -5.5134961e-01 -7.2917440e-01
-1.7650000e+00 -9.4138715e-01 -5.1722018e-01 -2.9031444e-01 -2.0666827e-01 -2.0732664e-01 -2.4201693e-01 -3.1286538e-01 -4.1512839e-01 -5.5439608e-01 -7.3177844e-01
-1.7575000e+00 -9.6985703e-01 -5.3550850e-01 -3.0306767e-01 -2.1609703e-01 -2.1456898e-01 -2.4776024e-01 -3.1753682e-01 -4.1900253e-01 -5.5766522e-01 -7.3457221e-01
-1.7500000e+00 -1.0008189e+00 -5.5528693e-01 -3.1682000e-01 -2.2624714e-01 -2.2235682e-01 -2.5393154e-01 -3.2255371e-01 -4.2316154e-01 -5.6117371e-01 -7.3756983e-01
-1.7425000e+00 -1.0345410e+00 -5.7669469e-01 -3.3165764e-01 -2.3717791e-01 -2.3073357e-01 -2.6056413e-01 -3.2794252e-01 -4.2762698e-01 -5.6493949e-01 -7.4078649e-01
-1.7350000e+00 -1.0713314e+00 -5.9988743e-01 -3.4767566e-01 -2.4895419e-01 -2.3974650e-01 -2.6769417e-01 -3.3373190e-01 -4.3242216e-01 -5.6898197e-01 -7.4423855e-01
-1.7275000e+00 -1.1115459e+00 -6.2503985e-01 -3.6497915e-01 -2.6164710e-01 -2.4944712e-01 -2.7536091e-01 -3.3995288e-01 -4.3757228e-01 -5.7332205e-01 -7.4794368e-01
-1.7200000e+00 -1.1555994e+00 -6.5234887e-01 -3.8368460e-01 -2.7533467e-01 -2.5989165e-01 -2.8360702e-01 -3.4663910e-01 -4.4310460e-01 -5.7798235e-01 -7.5192094e-01
-1.7125000e+00 -1.2039790e+00 -6.8203754e-01 -4.0392154e-01 -2.9010280e-01 -2.7114155e-01 -2.9247894e-01 -3.5382706e-01 -4.4904861e-01 -5.8298728e-01 -7.5619087e-01
-1.7050000e+00 -1.2572632e+00 -7.1435994e-01 -4.2583448e-01 -3.0604619e-01 -2.8326407e-01 -3.0202725e-01 -3.6155638e-01 -4.5543630e-01 -5.8836326e-01 -7.6077569e-01
-1.6975000e+00 -1.3161464e+00 -7.4960723e-01 -4.4958527e-01 -3.2326956e-01 -2.9633302e-01 -3.1230716e-01 -3.6987016e-01 -4.6230232e-01 -5.9413888e-01 -7.6569940e-01
-1.6900000e+00 -1.3814727e+00 -7.8811538e-01 -4.7535588e-01 -3.4188900e-01 -3.1042949e-01 -3.2337900e-01 -3.7881529e-01 -4.6968430e-01 -6.0034510e-01 -7.7098793e-01
-1.6825000e+00 -1.4542832e+00 -8.3027509e-01 -5.0335191e-01 -3.6203361e-01 -3.2564280e-01 -3.3530880e-01 -3.8844289e-01 -4.7762310e-01 -6.0701548e-01 -7.7666936e-01
-1.6750000e+00 -1.5358823e+00 -8.7654467e-01 -5.3380684e-01 -3.8384744e-01 -3.4207156e-01 -3.4816895e-01 -3.9880875e-01 -4.8616320e-01 -6.1418643e-01 -7.8277411e-01
-1.6675000e+00 -1.6279331e+00 -9.2746712e-01 -5.6698732e-01 -4.0749185e-01 -3.5982493e-01 -3.6203899e-01 -4.0997382e-01 -4.9535300e-01 -6.2189751e-01 -7.8933511e-01
-1.6600000e+00 -1.7325965e+00 -9.8369303e-01 -6.0319995e-01 -4.3314831e-01 -3.7902409e-01 -3.7700650e-01 -4.2200487e-01 -5.0524531e-01 -6.3019170e-01 -7.9638812e-01
-1.6525000e+00 -1.8527311e+00 -1.0460120e+00 -6.4279975e-01 -4.6102191e-01 -3.9980401e-01 -3.9316812e-01 -4.3497511e-01 -5.1589776e-01 -6.3911581e-01 -8.0397193e-01
-1.6450000e+00 -1.9921677e+00 -1.1153965e+00 -6.8620132e-01 -4.9134559e-01 -4.2231556e-01 -4.1063079e-01 -4.4896499e-01 -5.2737341e-01 -6.4872083e-01 -8.1212873e-01
-1.6375000e+00 -2.1560034e+00 -1.1930643e+00 -7.3389331e-01 -5.2438552e-01 -4.4672803e-01 -4.2951315e-01 -4.6406313e-01 -5.3974135e-01 -6.5906245e-01 -8.2090444e-01
-1.6300000e+00 -2.3504874e+00 -1.2805703e+00 -7.8645794e-01 -5.6044782e-01 -4.7323223e-01 -4.4994729e-01 -4.8036735e-01 -5.5307738e-01 -6.7020149e-01 -8.3034906e-01
-1.6225000e+00 -2.5801591e+00 -1.3799429e+00 -8.4459732e-01 -5.9988716e-01 -5.0204429e-01 -4.7208076e-01 -4.9798596e-01 -5.6746491e-01 -6.8220458e-01 -8.4051716e-01
-1.6150000e+00 -2.8310921e+00 -1.4938941e+00 -9.0917019e-01 -6.4311794e-01 -5.3341035e-01 -4.9607901e-01 -5.1703916e-01 -5.8299586e-01 -6.9514478e-01 -8.5146837e-01
-1.6075000e+00 -3.0129075e+00 -1.6261445e+00 -9.8124396e-01 -6.9062896e-01 -5.6761251e-01 -5.2212839e-01 -5.3766083e-01 -5.9977184e-01 -7.0910239e-01 -8.6326795e-01
-1.6000000e+00 -2.9729065e+00 -1.7819206e+00 -1.0621705e+00 -7.4300308e-01 -6.0497627e-01 -5.5043980e-01 -5.6000063e-01 -6.1790543e-01 -7.2416585e-01 -8.7598744e-01
-1.5925000e+00 -2.7738171e+00 -1.9686154e+00 -1.1536998e+00 -8.0094404e-01 -6.4588022e-01 -5.8125323e-01 -5.8422647e-01 -6.3752177e-01 -7.4043281e-01 -8.8970544e-01
-1.5850000e+00 -2.5633075e+00 -2.1959867e+00 -1.2581552e+00 -8.6531378e-01 -6.9076865e-01 -6.1484340e-01 -6.1052759e-01 -6.5876041e-01 -7.5801135e-01 -9.0450849e-01
-1.5775000e+00 -2.3871678e+00 -2.4708903e+00 -1.3787135e+00 -9.3718574e-01 -7.4016824e-01 -6.5152698e-01 -6.3911836e-01 -6.8177757e-01 -7.7702148e-01 -9.2049205e-01
-1.5700000e+00 -2.2475362e+00 -2.7561365e+00 -1.5198661e+00 -1.0179229e+00 -7.9471066e-01 -6.9167180e-01 -6.7024289e-01 -7.0674885e-01 -7.9759685e-01 -9.3776175e-01
-1.5625000e+00 -2.1391341e+00 -2.8523851e+00 -1.6881898e+00 -1.1092959e+00 -8.5516377e-01 -7.3570887e-01 -7.0418093e-01 -7.3387252e-01 -8.1988685e-01 -9.5643480e-01
-1.5550000e+00 -2.0570661e+00 -2.6552145e+00 -1.8935723e+00 -1.2136676e+00 -9.2247551e-01 -7.8414836e-01 -7.4125529e-01 -7.6337364e-01 -8.4405914e-01 -9.7664163e-01
-1.5475000e+00 -1.9978661e+00 -2.3973296e+00 -2.1503757e+00 -1.3342934e+00 -9.9783759e-01 -8.3760099e-01 -7.8184143e-01 -7.9550911e-01 -8.7030268e-01 -9.9852793e-01
-1.5400000e+00 -1.9593494e+00 -2.1822119e+00 -2.4707945e+00 -1.4758313e+00 -1.0827804e+00 -8.9680762e-01 -8.2637997e-01 -8.3057413e-01 -8.9883154e-01 -1.0222570e+00
-1.5325000e+00 -1.9403569e+00 -2.0147737e+00 -2.7861813e+00 -1.6452434e+00 -1.1793195e+00 -9.6268080e-01 -8.7539329e-01 -8.6891038e-01 -9.2988952e-01 -1.0480129e+00
-1.5250000e+00 -1.9405797e+00 -1.8859122e+00 -2.7685197e+00 -1.8534162e+00 -1.2901909e+00 -1.0363647e+00 -9.2950805e-01 -9.1091661e-01 -9.6375607e-01 -1.0760036e+00
-1.5175000e+00 -1.9604799e+00 -1.7878961e+00 -2.4699657e+00 -2.1177164e+00 -1.4192458e+00 -1.1193246e+00 -9.8948619e-01 -9.5706265e-01 -1.0007537e+00 -1.1064660e+00
-1.5100000e+00 -2.0013000e+00 -1.7155237e+00 -2.1919999e+00 -2.4607271e+00 -1.5721503e+00 -1.2134838e+00 -1.0562688e+00 -1.0079080e+00 -1.0412576e+00 -1.1396710e+00
-1.5025000e+00 -2.0651578e+00 -1.6655401e+00 -1.9790689e+00 -2.8377255e+00 -1.7576906e+00 -1.3214445e+00 -1.1310399e+00 -1.0641275e+00 -1.0857082e+00 -1.1759309e+00
-1.4950000e+00 -2.1552191e+00 -1.6360934e+00 -1.8178028e+00 -2.8352769e+00 -1.9903005e+00 -1.4468572e+00 -1.2153218e+00 -1.1265464e+00 -1.1346278e+00 -1.2156084e+00
-1.4875000e+00 -2.2758740e+00 -1.6263978e+00 -1.6953281e+00 -2.4849392e+00 -2.2944127e+00 -1.5950780e+00 -1.3111231e+00 -1.1961917e+00 -1.1886433e+00 -1.2591284e+00
-1.4800000e+00 -2.4325179e+00 -1.6365647e+00 -1.6032648e+00 -2.1801255e+00 -2.6996477e+00 -1.7744133e+00 -1.4211785e+00 -1.2743662e+00 -1.2485171e+00 -1.3069937e+00
-1.4725000e+00 -2.6289940e+00 -1.6675675e+00 -1.5364469e+00 -1.9546864e+00 -3.0469961e+00 -1.9986369e+00 -1.5493568e+00 -1.3627624e+00 -1.3151919e+00 -1.3598059e+00
-1.4650000e+00 -2.8542564e+00 -1.7213295e+00 -1.4918060e+00 -1.7866465e+00 -2.7898395e+00 -2.2921934e+00 -1.7013998e+00 -1.4636412e+00 -1.3898544e+00 -1.4182950e+00
-1.4575000e+00 -3.0376045e+00 -1.8009483e+00 -1.4677118e+00 -1.6599624e+00 -2.4038218e+00 -2.6961846e+00 -1.8863567e+00 -1.5801289e+00 -1.4740324e+00 -1.4833600e+00
-1.4500000e+00 -3.0424194e+00 -1.9110869e+00 -1.4636224e+00 -1.5649847e+00 -2.1206213e+00 -3.1573951e+00 -2.1196118e+00 -1.7167364e+00 -1.5697452e+00 -1.5561285e+00
-1.4425000e+00 -2.8885732e+00 -2.0584909e+00 -1.4799365e+00 -1.4959719e+00 -1.9153371e+00 -2.9881435e+00 -2.4296356e+00 -1.8803312e+00 -1.6797487e+00 -1.6380449e+00
-1.4350000e+00 -2.7146099e+00 -2.2520082e+00 -1.5180023e+00 -1.4495679e+00 -1.7626738e+00 -2.5494433e+00 -2.8682106e+00 -2.0821167e+00 -1.8079563e+00 -1.7310077e+00
-1.4275000e+00 -2.5801040e+00 -2.4977360e+00 -1.5802797e+00 -1.4239893e+00 -1.6480029e+00 -2.2341872e+00 -3.3549051e+00 -2.3420682e+00 -1.9602095e+00 -1.8375904e+00
-1.4200000e+00 -2.4947560e+00 -2.7646614e+00 -1.6707057e+00 -1.4186137e+00 -1.5629255e+00 -2.0108360e+00 -3.0594691e+00 -2.6995157e+00 -2.1458081e+00 -1.9614169e+00
-1.4125000e+00 -2.4574878e+00 -2.8830470e+00 -1.7953593e+00 -1.4338069e+00 -1.5025466e+00 -1.8466446e+00 -2.6043255e+00 -3.2225333e+00 -2.3808679e+00 -2.1078420e+00
-1.4050000e+00 -2.4670609e+00 -2.7289680e+00 -1.9635291e+00 -1.4709270e+00 -1.4640968e+00 -1.7237710e+00 -2.2943312e+00 -3.5303705e+00 -2.6965680e+00 -2.2852830e+00
-1.3975000e+00 -2.5240026e+00 -2.5030159e+00 -2.1886540e+00 -1.5325020e+00 -1.4462398e+00 -1.6323192e+00 -2.0762907e+00 -3.0054682e+00 -3.1590031e+00 -2.5081064e+00
-1.3900000e+00 -2.6300648e+00 -2.3235532e+00 -2.4823110e+00 -1.6226436e+00 -1.4487436e+00 -1.5666106e+00 -1.9162526e+00 -2.5951464e+00 -3.7547644e+00 -2.8037122e+00
-1.3825000e+00 -2.7845282e+00 -2.2045590e+00 -2.7875946e+00 -1.7478482e+00 -1.4723760e+00 -1.5234164e+00 -1.7966800e+00 -2.3207642e+00 -3.3977104e+00 -3.2317919e+00
-1.3750000e+00 -2.9699896e+00 -2.1413584e+00 -2.8079515e+00 -1.9184669e+00 -1.5189809e+00 -1.5010980e+00 -1.7079867e+00 -2.1254126e+00 -2.8927475e+00 -3.8790916e+00
-1.3675000e+00 -3.1175427e+00 -2.1302255e+00 -2.5420407e+00 -2.1510021e+00 -1.5917620e+00 -1.4991959e+00 -1.6447143e+00 -1.9810528e+00 -2.5683777e+00 -3.7584260e+00
-1.3600000e+00 -3.1243998e+00 -2.1709326e+00 -2.2905187e+00 -2.4670183e+00 -1.6958886e+00 -1.5182781e+00 -1.6037927e+00 -1.8732945e+00 -2.3443919e+00 -3.1797610e+00
-1.3525000e+00 -3.0163225e+00 -2.2666945e+00 -2.1146737e+00 -2.8318600e+00 -1.8396866e+00 -1.5599818e+00 -1.5837097e+00 -1.7942040e+00 -2.1812083e+00 -2.8177529e+00
-1.3450000e+00 -2.9026550e+00 -2.4227127e+00 -2.0065578e+00 -2.8711702e+00 -2.0369691e+00 -1.6272625e+00 -1.5841226e+00 -1.7392728e+00 -2.0596761e+00 -2.5738895e+00
-1.3375000e+00 -2.8372789e+00 -2.6371375e+00 -1.9569928e+00 -2.5491163e+00 -2.3110386e+00 -1.7249549e+00 -1.6057269e+00 -1.7060419e+00 -1.9696105e+00 -2.3983165e+00
-1.3300000e+00 -2.8333823e+00 -2.8575954e+00 -1.9622107e+00 -2.2667521e+00 -2.6911111e+00 -1.8609103e+00 -1.6503230e+00 -1.6934483e+00 -1.9052885e+00 -2.2680543e+00
-1.3225000e+00 -2.8918031e+00 -2.9171184e+00 -2.0236505e+00 -2.0763308e+00 -3.0488252e+00 -2.0483339e+00 -1.7211062e+00 -1.7015379e+00 -1.8635083e+00 -2.1712323e+00
-1.3150000e+00 -3.0061974e+00 -2.7753763e+00 -2.1478346e+00 -1.9602403e+00 -2.8402298e+00 -2.3106075e+00 -1.8233086e+00 -1.7314082e+00 -1.8426871e+00 -2.1012662e+00
-1.3075000e+00 -3.1509445e+00 -2.6110990e+00 -2.3454759e+00 -1.9058524e+00 -2.4708629e+00 -2.6872069e+00 -1.9655204e+00 -1.7853554e+00 -1.8424442e+00 -2.0544529e+00
-1.3000000e+00 -3.2581518e+00 -2.5110303e+00 -2.6175423e+00 -1.9082936e+00 -2.2122453e+00 -3.1443896e+00 -2.1625103e+00 -1.8672857e+00 -1.8634587e+00 -2.0288765e+00
-1.2925000e+00 -3.2556117e+00 -2.4893853e+00 -2.8605300e+00 -1.9690680e+00 -2.0475313e+00 -3.0346415e+00 -2.4415008e+00 -1.9835884e+00 -1.9075343e+00 -2.0238993e+00
-1.2850000e+00 -3.1783141e+00 -2.5463262e+00 -2.8006382e+00 -2.0961006e+00 -1.9542033e+00 -2.6099508e+00 -2.8521889e+00 -2.1449760e+00 -1.9778991e+00 -2.0399634e+00
-1.2775000e+00 -3.1133323e+00 -2.6773917e+00 -2.5664814e+00 -2.3047251e+00 -1.9213985e+00 -2.3146420e+00 -3.3440018e+00 -2.3706203e+00 -2.0798769e+00 -2.0786103e+00
-1.2700000e+00 -3.1089504e+00 -2.8550199e+00 -2.3879335e+00 -2.6097648e+00 -1.9465914e+00 -2.1276441e+00 -3.1103370e+00 -2.6979883e+00 -2.2223002e+00 -2.1427246e+00
-1.2625000e+00 -3.1817779e+00 -2.9819389e+00 -2.3037168e+00 -2.9171358e+00 -2.0342362e+00 -2.0183993e+00 -2.6639326e+00 -3.1938927e+00 -2.4206462e+00 -2.2371114e+00
-1.2550000e+00 -3.3213906e+00 -2.9535961e+00 -2.3124246e+00 -2.8361065e+00 -2.1969523e+00 -1.9724147e+00 -2.3745137e+00 -3.5542757e+00 -2.7047045e+00 -2.3697190e+00
-1.2475000e+00 -3.4464289e+00 -2.8498493e+00 -2.4144217e+00 -2.5442421e+00 -2.4582854e+00 -1.9852840e+00 -2.1944742e+00 -3.0595663e+00 -3.1372281e+00 -2.5543340e+00
-1.2400000e+00 -3.4250021e+00 -2.7853914e+00 -2.6086447e+00 -2.3381738e+00 -2.8342669e+00 -2.0602259e+00 -2.0916179e+00 -2.6581619e+00 -3.7337505e+00 -2.8171755e+00
-1.2325000e+00 -3.3218133e+00 -2.7968192e+00 -2.8429844e+00 -2.2422417e+00 -3.0708557e+00 -2.2090144e+00 -2.0519240e+00 -2.4101062e+00 -3.4518006e+00 -3.2147326e+00
-1.2250000e+00 -3.2888176e+00 -2.8803797e+00 -2.9091177e+00 -2.2482781e+00 -2.7814296e+00 -2.4564318e+00 -2.0717347e+00 -2.2593656e+00 -2.9488136e+00 -3.8398830e+00
-1.2175000e+00 -3.3833337e+00 -3.0026145e+00 -2.7557640e+00 -2.3577590e+00 -2.4777200e+00 -2.8400487e+00 -2.1553796e+00 -2.1800446e+00 -2.6429842e+00 -3.8127690e+00
-1.2100000e+00 -3.5601193e+00 -3.0906720e+00 -2.6146663e+00 -2.5792884e+00 -2.3045529e+00 -3.2151936e+00 -2.3167766e+00 -2.1620838e+00 -2.4559889e+00 -3.2335140e+00
-1.2025000e+00 -3.5975828e+00 -3.0866338e+00 -2.5777374e+00 -2.8742794e+00 -2.2461260e+00 -2.9499955e+00 -2.5859189e+00 -2.2048108e+00 -2.3492799e+00 -2.8850020e+00
-1.1950000e+00 -3.4777409e+00 -3.0332955e+00 -2.6530953e+00 -2.9503918e+00 -2.2945640e+00 -2.5878525e+00 -3.0128386e+00 -2.3160174e+00 -2.3071072e+00 -2.6737157e+00
-1.1875000e+00 -3.4513747e+00 -3.0076578e+00 -2.8165873e+00 -2.7255946e+00 -2.4588674e+00 -2.3774735e+00 -3.3880833e+00 -2.5156245e+00 -2.3252983e+00 -2.5498957e+00
-1.1800000e+00 -3.5822579e+00 -3.0531118e+00 -2.9617240e+00 -2.5462872e+00 -2.7559137e+00 -2.2928552e+00 -3.0112110e+00 -2.8466715e+00 -2.4082518e+00 -2.4933937e+00
-1.1725000e+00 -3.7145826e+00 -3.1712029e+00 -2.9424617e+00 -2.5018376e+00 -3.0754314e+00 -2.3193623e+00 -2.6419157e+00 -3.3647679e+00 -2.5708046e+00 -2.4977176e+00
-1.1650000e+00 -3.6461206e+00 -3.2729487e+00 -2.8486147e+00 -2.5954700e+00 -2.9483277e+00 -2.4641237e+00 -2.4406423e+00 -3.4721437e+00 -2.8469483e+00 -2.5653757e+00
-1.1575000e+00 -3.5940052e+00 -3.2284972e+00 -2.8194988e+00 -2.8111510e+00 -2.6617471e+00 -2.7543519e+00 -2.3671579e+00 -2.9750964e+00 -3.3090030e+00 -2.7087098e+00
-1.1500000e+00 -3.6876862e+00 -3.1506213e+00 -2.8815057e+00 -3.0038619e+00 -2.5171975e+00 -3.1584242e+00 -2.4074016e+00 -2.6614450e+00 -3.7969625e+00 -2.9571760e+00
-1.1425000e+00 -3.8004068e+00 -3.1999160e+00 -2.9912973e+00 -2.9205679e+00 -2.5292492e+00 -3.1190845e+00 -2.5726071e+00 -2.5073695e+00 -3.3230448e+00 -3.3789556e+00
-1.1350000e+00 -3.7584915e+00 -3.3738770e+00 -3.0610772e+00 -2.7664573e+00 -2.6983730e+00 -2.7669204e+00 -2.9004582e+00 -2.4754064e+00 -2.9116134e+00 -3.9988597e+00
-1.1275000e+00 -3.7272677e+00 -3.4049663e+00 -3.0511054e+00 -2.7375311e+00 -2.9957940e+00 -2.5725540e+00 -3.3509272e+00 -2.5606692e+00 -2.6965679e+00 -3.6572069e+00
-1.1200000e+00 -3.8386829e+00 -3.2799108e+00 -3.0187719e+00 -2.8501503e+00 -3.1038028e+00 -2.5505258e+00 -3.2000640e+00 -2.7867072e+00 -2.6169550e+00 -3.1706992e+00
-1.1125000e+00 -3.9054691e+00 -3.3179337e+00 -3.0291636e+00 -3.0184020e+00 -2.8755932e+00 -2.6984572e+00 -2.8179046e+00 -3.2089888e+00 -2.6548822e+00 -2.9137864e+00
-1.1050000e+00 -3.8191464e+00 -3.5060348e+00 -3.1135578e+00 -3.0413952e+00 -2.7313370e+00 -3.0226044e+00 -2.6340201e+00 -3.5858282e+00 -2.8230022e+00 -2.8048177e+00
-1.0975000e+00 -3.9071371e+00 -3.4735062e+00 -3.2169935e+00 -2.9564231e+00 -2.7718654e+00 -3.2553217e+00 -2.6310195e+00 -3.1660476e+00 -3.1718354e+00 -2.8159130e+00
-1.0900000e+00 -4.0001842e+00 -3.3902699e+00 -3.1908980e+00 -2.9456489e+00 -2.9794172e+00 -2.9880293e+00 -2.8101550e+00 -2.8344281e+00 -3.7257231e+00 -2.9532200e+00
-1.0825000e+00 -3.9054582e+00 -3.5176657e+00 -3.1282730e+00 -3.0278554e+00 -3.1568182e+00 -2.7772641e+00 -3.1906100e+00 -2.7153665e+00 -3.5359154e+00 -3.2604149e+00
-1.0750000e+00 -4.0268721e+00 -3.5930682e+00 -3.2178765e+00 -3.1118958e+00 -3.0357132e+00 -2.7793837e+00 -3.3943485e+00 -2.7792995e+00 -3.0842283e+00 -3.8234410e+00
-1.0675000e+00 -4.0439037e+00 -3.5138599e+00 -3.3679120e+00 -3.1291417e+00 -2.9226097e+00 -2.9926424e+00 -3.0403058e+00 -3.0468888e+00 -2.8802085e+00 -3.8848736e+00
-1.0600000e+00 -4.0158098e+00 -3.5787189e+00 -3.2715677e+00 -3.1183626e+00 -2.9851145e+00 -3.2728251e+00 -2.8328024e+00 -3.5141200e+00 -2.8714496e+00 -3.3492342e+00
-1.0525000e+00 -4.1340289e+00 -3.6665384e+00 -3.2436755e+00 -3.1239587e+00 -3.1539430e+00 -3.1440495e+00 -2.8625752e+00 -3.4238922e+00 -3.0584420e+00 -3.0870652e+00
-1.0450000e+00 -4.0884784e+00 -3.6272193e+00 -3.4368143e+00 -3.1873072e+00 -3.1837006e+00 -2.9546444e+00 -3.1294626e+00 -3.0412043e+00 -3.4957331e+00 -3.0348082e+00
-1.0375000e+00 -4.1560092e+00 -3.6602230e+00 -3.4056736e+00 -3.2781670e+00 -3.1060187e+00 -2.9896585e+00 -3.4400179e+00 -2.9142233e+00 -3.7824575e+00 -3.1767771e+00
-1.0300000e+00 -4.1856827e+00 -3.7617367e+00 -3.3309839e+00 -3.2428754e+00 -3.1277217e+00 -3.2177044e+00 -3.2054255e+00 -3.0389268e+00 -3.3144470e+00 -3.5685940e+00
-1.0225000e+00 -4.1877118e+00 -3.6950778e+00 -3.5132395e+00 -3.2176955e+00 -3.2203410e+00 -3.2978474e+00 -3.0054396e+00 -3.4208388e+00 -3.0704545e+00 -4.0647356e+00
-1.0150000e+00 -4.2608213e+00 -3.7955092e+00 -3.4770063e+00 -3.3669484e+00 -3.2617810e+00 -3.1399835e+00 -3.0794749e+00 -3.5665125e+00 -3.0958360e+00 -3.6040214e+00
-1.0075000e+00 -4.2470883e+00 -3.8034880e+00 -3.4505779e+00 -3.3767091e+00 -3.2611532e+00 -3.1379338e+00 -3.3775367e+00 -3.2059154e+00 -3.3995610e+00 -3.2774874e+00
-1.0000000e+00 -4.3107451e+00 -3.8051587e+00 -3.5939427e+00 -3.2876145e+00 -3.2640586e+00 -3.3006895e+00 -3.4019150e+00 -3.0927782e+00 -3.8316064e+00 -3.2420162e+00
-9.9250000e-01 -4.3202690e+00 -3.8995185e+00 -3.5345695e+00 -3.4653967e+00 -3.3159457e+00 -3.3402136e+00 -3.1844305e+00 -3.2877044e+00 -3.4879693e+00 -3.4880448e+00
-9.8500000e-01 -4.3581198e+00 -3.8511715e+00 -3.5874643e+00 -3.4498029e+00 -3.4026456e+00 -3.2695345e+00 -3.2171665e+00 -3.6337628e+00 -3.2321997e+00 -4.0123447e+00
-9.7750000e-01 -4.3948065e+00 -3.9593190e+00 -3.6476289e+00 -3.3867807e+00 -3.3553349e+00 -3.3186347e+00 -3.4536333e+00 -3.4239547e+00 -3.3111573e+00 -3.7904911e+00
-9.7000000e-01 -4.3924380e+00 -3.9191193e+00 -3.6244630e+00 -3.5905863e+00 -3.3759644e+00 -3.3978137e+00 -3.4303271e+00 -3.2487870e+00 -3.7069063e+00 -3.4339540e+00
-9.6250000e-01 -4.4882128e+00 -4.0091304e+00 -3.7047670e+00 -3.4657982e+00 -3.5266483e+00 -3.4103463e+00 -3.3138061e+00 -3.4098082e+00 -3.7348515e+00 -3.4365000e+00
-9.5500000e-01 -4.4515086e+00 -3.9821981e+00 -3.7000854e+00 -3.5646957e+00 -3.4193429e+00 -3.4167921e+00 -3.4276426e+00 -3.6677215e+00 -3.4083694e+00 -3.7992188e+00
-9.4750000e-01 -4.4996164e+00 -4.0741850e+00 -3.7472695e+00 -3.6008680e+00 -3.4963770e+00 -3.4421561e+00 -3.5288040e+00 -3.4666729e+00 -3.4407083e+00 -4.0446139e+00
-9.4000000e-01 -4.5634482e+00 -4.0397127e+00 -3.7682331e+00 -3.5748851e+00 -3.6013247e+00 -3.5302514e+00 -3.4570781e+00 -3.4171267e+00 -3.7979964e+00 -3.6299612e+00
-9.3250000e-01 -4.5467236e+00 -4.1127065e+00 -3.8127079e+00 -3.6807506e+00 -3.4774791e+00 -3.5052096e+00 -3.5037842e+00 -3.6440894e+00 -3.7273932e+00 -3.5678122e+00
-9.2500000e-01 -4.5845487e+00 -4.1514427e+00 -3.8095960e+00 -3.6400815e+00 -3.6930748e+00 -3.5200364e+00 -3.5716305e+00 -3.6284320e+00 -3.5161856e+00 -3.9136589e+00
-9.1750000e-01 -4.6564966e+00 -4.1223037e+00 -3.9008807e+00 -3.7212314e+00 -3.5579812e+00 -3.6547691e+00 -3.5806710e+00 -3.5341353e+00 -3.6974602e+00 -4.0205891e+00
-9.1000000e-01 -4.6775449e+00 -4.2130084e+00 -3.8508973e+00 -3.7201126e+00 -3.6973724e+00 -3.5408020e+00 -3.5976564e+00 -3.6820275e+00 -3.8792832e+00 -3.6969598e+00
-9.0250000e-01 -4.6748429e+00 -4.2245390e+00 -3.9596173e+00 -3.7649422e+00 -3.6594892e+00 -3.7003076e+00 -3.6345918e+00 -3.6982260e+00 -3.6602389e+00 -3.8012068e+00
-8.9500000e-01 -4.6961934e+00 -4.2318841e+00 -3.9324324e+00 -3.7830235e+00 -3.7232046e+00 -3.6472528e+00 -3.7034973e+00 -3.6663317e+00 -3.7552965e+00 -4.1307460e+00
-8.8750000e-01 -4.7396850e+00 -4.3026437e+00 -3.9922001e+00 -3.8419010e+00 -3.7346575e+00 -3.6933200e+00 -3.6507359e+00 -3.7527515e+00 -3.9152535e+00 -3.8656692e+00
-8.8000000e-01 -4.7855092e+00 -4.3276229e+00 -4.0094084e+00 -3.8099681e+00 -3.7798346e+00 -3.7608755e+00 -3.7841521e+00 -3.7650868e+00 -3.7720186e+00 -3.8694834e+00
-8.7250000e-01 -4.8229188e+00 -4.3168624e+00 -4.0222646e+00 -3.9399847e+00 -3.7929049e+00 -3.7215968e+00 -3.7239857e+00 -3.7912760e+00 -3.8830921e+00 -4.1515603e+00
-8.6500000e-01 -4.8547299e+00 -4.3409418e+00 -4.1088025e+00 -3.8716822e+00 -3.8383968e+00 -3.8338958e+00 -3.8060442e+00 -3.8108028e+00 -3.9276889e+00 -3.9587399e+00
-8.5750000e-01 -4.8880625e+00 -4.3950348e+00 -4.1121503e+00 -3.9346979e+00 -3.8624400e+00 -3.7888953e+00 -3.8211340e+00 -3.8874533e+00 -3.8958334e+00 -4.0131391e+00
-8.5000000e-01 -4.9205145e+00 -4.4448851e+00 -4.0949858e+00 -4.0148943e+00 -3.8858162e+00 -3.8669473e+00 -3.8366571e+00 -3.8385491e+00 -3.9820850e+00 -4.1672752e+00
-8.4250000e-01 -4.9427068e+00 -4.4772862e+00 -4.1457746e+00 -3.9736154e+00 -3.9190368e+00 -3.8854204e+00 -3.8939539e+00 -3.9733053e+00 -3.9809835e+00 -4.0370630e+00
-8.3500000e-01 -4.9637574e+00 -4.5015533e+00 -4.2105958e+00 -4.0214998e+00 -3.9829853e+00 -3.8870279e+00 -3.9041340e+00 -3.8873989e+00 -4.0220933e+00 -4.1822830e+00
-8.2750000e-01 -4.9835122e+00 -4.5279777e+00 -4.2356435e+00 -4.0740604e+00 -3.9361197e+00 -3.9736040e+00 -3.9252201e+00 -4.0431283e+00 -4.0434602e+00 -4.1519589e+00
-8.2000000e-01 -4.9971245e+00 -4.5575570e+00 -4.2420011e+00 -4.0778492e+00 -4.0266159e+00 -3.9468420e+00 -4.0123140e+00 -3.9375108e+00 -4.0930826e+00 -4.1968728e+00
-8.1250000e-01 -5.0408340e+00 -4.5847146e+00 -4.2588397e+00 -4.1154901e+00 -4.0919240e+00 -4.0118077e+00 -3.9386565e+00 -4.1242882e+00 -4.0883571e+00 -4.2263946e+00
-8.0500000e-01 -5.0892591e+00 -4.6113285e+00 -4.2882543e+00 -4.1799973e+00 -4.0375179e+00 -4.0188625e+00 -4.1077170e+00 -3.9804736e+00 -4.1655177e+00 -4.2644857e+00
-7.9750000e-01 -5.1128600e+00 -4.6520023e+00 -4.3218725e+00 -4.2167863e+00 -4.0665467e+00 -4.0808710e+00 -4.0132317e+00 -4.1965579e+00 -4.1479204e+00 -4.2672721e+00
-7.9000000e-01 -5.1232562e+00 -4.6943976e+00 -4.3552944e+00 -4.2240516e+00 -4.1526880e+00 -4.0938285e+00 -4.0938316e+00 -4.0590731e+00 -4.2062754e+00 -4.3493074e+00
-7.8250000e-01 -5.1782454e+00 -4.7072909e+00 -4.3905260e+00 -4.2322473e+00 -4.1887338e+00 -4.0780405e+00 -4.1464216e+00 -4.1734702e+00 -4.2514305e+00 -4.3063982e+00
-7.7500000e-01 -5.1873022e+00 -4.7247468e+00 -4.4280584e+00 -4.2545422e+00 -4.1913244e+00 -4.1575929e+00 -4.1305882e+00 -4.2286346e+00 -4.2035383e+00 -4.4257227e+00
-7.6750000e-01 -5.2337873e+00 -4.7427625e+00 -4.4562712e+00 -4.2875502e+00 -4.2142635e+00 -4.2397155e+00 -4.1828446e+00 -4.1454692e+00 -4.3898859e+00 -4.3684971e+00
-7.6000000e-01 -5.2499070e+00 -4.8015207e+00 -4.4699391e+00 -4.3228484e+00 -4.2593910e+00 -4.2297042e+00 -4.2000583e+00 -4.2844389e+00 -4.2426103e+00 -4.4505181e+00
-7.5250000e-01 -5.3010181e+00 -4.8242889e+00 -4.5035013e+00 -4.3514135e+00 -4.3081185e+00 -4.2081690e+00 -4.2299888e+00 -4.3008541e+00 -4.3733090e+00 -4.4990102e+00
-7.4500000e-01 -5.3069108e+00 -4.8391541e+00 -4.5622378e+00 -4.3694509e+00 -4.3496626e+00 -4.2292112e+00 -4.3019692e+00 -4.2683163e+00 -4.4426511e+00 -4.4242328e+00
-7.3750000e-01 -5.3440847e+00 -4.8946981e+00 -4.5924938e+00 -4.3901620e+00 -4.3828642e+00 -4.2774767e+00 -4.3359250e+00 -4.3290199e+00 -4.3380152e+00 -4.6235582e+00
-7.3000000e-01 -5.3868544e+00 -4.8946466e+00 -4.6189753e+00 -4.4360501e+00 -4.4077305e+00 -4.3263947e+00 -4.3207472e+00 -4.3726104e+00 -4.4370764e+00 -4.5329328e+00
-7.2250000e-01 -5.4145098e+00 -4.9497031e+00 -4.6212108e+00 -4.4917264e+00 -4.4235519e+00 -4.3653833e+00 -4.3147648e+00 -4.3882324e+00 -4.5360675e+00 -4.5214533e+00
-7.1500000e-01 -5.4377553e+00 -4.9572962e+00 -4.6909269e+00 -4.5184039e+00 -4.4371951e+00 -4.3987442e+00 -4.3382629e+00 -4.4312228e+00 -4.4970427e+00 -4.7014479e+00
-7.0750000e-01 -5.4618089e+00 -5.0106456e+00 -4.6946806e+00 -4.5523172e+00 -4.4643902e+00 -4.4350253e+00 -4.3789854e+00 -4.4871295e+00 -4.4950767e+00 -4.6795020e+00
-7.0000000e-01 -5.4959472e+00 -5.0348295e+00 -4.7278230e+00 -4.5579297e+00 -4.4993863e+00 -4.4788030e+00 -4.4218033e+00 -4.5215585e+00 -4.5472763e+00 -4.6104139e+00
-6.5000000e-01 -5.7027084e+00 -5.2215325e+00 -4.9334279e+00 -4.7846168e+00 -4.6896851e+00 -4.6350824e+00 -4.6534030e+00 -4.6648389e+00 -4.8170423e+00 -4.8728915e+00
-6.0000000e-01 -5.8895328e+00 -5.4341526e+00 -5.1230920e+00 -4.9820452e+00 -4.8773529e+00 -4.8489118e+00 -4.8750744e+00 -4.8496289e+00 -4.9608115e+00 -5.1289638e+00
-5.5000000e-01 -6.1019143e+00 -5.6329515e+00 -5.3372322e+00 -5.1586088e+00 -5.1027467e+00 -5.0355538e+00 -5.0658591e+00 -5.0717166e+00 -5.1798685e+00 -5.2466314e+00
-5.0000000e-01 -6.2933887e+00 -5.8303627e+00 -5.5379475e+00 -5.3615523e+00 -5.2969212e+00 -5.2584884e+00 -5.2472511e+00 -5.2644825e+00 -5.3701676e+00 -5.4691286e+00
-4.0000000e-01 -6.6547536e+00 -6.2261778e+00 -5.9315546e+00 -5.7727312e+00 -5.6917491e+00 -5.6454936e+00 -5.6580956e+00 -5.6850378e+00 -5.7491687e+00 -5.8834144e+00
-2.0000000e-01 -7.6013289e+00 -6.9826033e+00 -6.6941364e+00 -6.5711557e+00 -6.4891995e+00 -6.4497099e+00 -6.4487959e+00 -6.4895314e+00 -6.5589942e+00 -6.6693900e+00
0.0000000e+00 -8.2779094e+00 -7.7878765e+00 -7.5158952e+00 -7.3467326e+00 -7.2692161e+00 -7.2700710e+00 -7.2550055e+00 -7.2838177e+00 -7.3603589e+00 -7.4760333e+00
2.0000000e-01 -9.0386984e+00 -8.6458051e+00 -8.3321082e+00 -8.1592856e+00 -8.0760299e+00 -8.1038168e+00 -8.0801460e+00 -8.0604633e+00 -8.1780542e+00 -8.2819258e+00
4.0000000e-01 -9.9551248e+00 -9.3950386e+00 -9.1665633e+00 -8.9671130e+00 -8.8865718e+00 -8.8871693e+00 -8.8411962e+00 -8.8887040e+00 -8.9593459e+00 -9.0700751e+00
6.0000000e-01 -1.0714369e+01 -1.0236479e+01 -9.8963003e+00 -9.7598257e+00 -9.6500093e+00 -9.6759727e+00 -9.6258811e+00 -9.6287659e+00 -9.7777841e+00 -9.8612270e+00
8.0000000e-01 -1.1458683e+01 -1.1012901e+01 -1.0745902e+01 -1.0574932e+01 -1.0453995e+01 -1.0450194e+01 -1.0422103e+01 -1.0540005e+01 -1.0530802e+01 -1.0630237e+01
1.0000000e+00 -1.2302447e+01 -1.1828848e+01 -1.1551290e+01 -1.1394592e+01 -1.1246091e+01 -1.1308570e+01 -1.1223166e+01 -1.1260282e+01 -1.1397628e+01 -1.1512057e+01
1.2000000e+00 -1.3060987e+01 -1.2690677e+01 -1.2337525e+01 -1.2140847e+01 -1.2127437e+01 -1.2053701e+01 -1.2073253e+01 -1.2094989e+01 -1.2194278e+01 -1.2281334e+01
1.4000000e+00 -1.3887184e+01 -1.3437526e+01 -1.3101030e+01 -1.2926825e+01 -1.2891860e+01 -1.2810375e+01 -1.2883194e+01 -1.2871512e+01 -1.2937022e+01 -1.3100423e+01
1.6000000e+00 -1.4693391e+01 -1.4235268e+01 -1.3944919e+01 -1.3724888e+01 -1.3689383e+01 -1.3658891e+01 -1.3659706e+01 -1.3641989e+01 -1.3797362e+01 -1.3916327e+01
1.8000000e+00 -1.5546280e+01 -1.5042507e+01 -1.4720666e+01 -1.4584187e+01 -1.4469440e+01 -1.4486910e+01 -1.4472056e+01 -1.4498588e+01 -1.4598089e+01 -1.4692197e+01
2.0000000e+00 -1.6398763e+01 -1.5828460e+01 -1.5614640e+01 -1.5396938e+01 -1.5289574e+01 -1.5225940e+01 -1.5255131e+01 -1.5281463e+01 -1.5337111e+01 -1.5497207e+01