########################################################################
# Reference Counts for Solar Model GS98                                #
# Column 1: log10(Axion mass in eV)                                    #
#        n>1: log10(Reference photon counts in energy bin n-1)         #
########################################################################
-3.0000000e+00 -2.1700674e-01 8.5271901e-02 2.4245310e-01 2.8298146e-01 2.5343940e-01 1.9869860e-01 1.1338824e-01 2.9936806e-04 -1.4722331e-01 -3.3111477e-01
-2.8000000e+00 -2.1702713e-01 8.5258011e-02 2.4244309e-01 2.8297390e-01 2.5343351e-01 1.9869388e-01 1.1338438e-01 2.9614903e-04 -1.4722604e-01 -3.3111711e-01
-2.6000000e+00 -2.1715572e-01 8.5170365e-02 2.4237988e-01 2.8292619e-01 2.5339636e-01 1.9866414e-01 1.1336001e-01 2.7583820e-04 -1.4724324e-01 -3.3113186e-01
-2.4000000e+00 -2.1796730e-01 8.4617280e-02 2.4198105e-01 2.8262517e-01 2.5316192e-01 1.9847643e-01 1.1320628e-01 1.4768122e-04 -1.4735181e-01 -3.3122493e-01
-2.2000000e+00 -2.2309454e-01 8.1124440e-02 2.3946296e-01 2.8072489e-01 2.5168212e-01 1.9729170e-01 1.1223603e-01 -6.6110740e-04 -1.4803697e-01 -3.3181227e-01
-2.1500000e+00 -2.2666495e-01 7.8693565e-02 2.3771108e-01 2.7940314e-01 2.5065300e-01 1.9646788e-01 1.1156141e-01 -1.2234329e-03 -1.4851332e-01 -3.3222059e-01
-2.1000000e+00 -2.3233498e-01 7.4835536e-02 2.3493174e-01 2.7730670e-01 2.4902097e-01 1.9516158e-01 1.1049177e-01 -2.1149543e-03 -1.4926849e-01 -3.3286789e-01
-2.0500000e+00 -2.4135006e-01 6.8707461e-02 2.3051969e-01 2.7398000e-01 2.4643191e-01 1.9308965e-01 1.0879545e-01 -3.5286639e-03 -1.5046589e-01 -3.3389419e-01
-2.0000000e+00 -2.5571090e-01 5.8960891e-02 2.2350913e-01 2.6869728e-01 2.4232228e-01 1.8980185e-01 1.0610427e-01 -5.7711138e-03 -1.5236498e-01 -3.3552175e-01
-1.9500000e+00 -2.7865801e-01 4.3426497e-02 2.1235269e-01 2.6029879e-01 2.3579322e-01 1.8458094e-01 1.0183226e-01 -9.3298722e-03 -1.5537822e-01 -3.3810374e-01
-1.9000000e+00 -3.1551060e-01 1.8582579e-02 1.9455497e-01 2.4692216e-01 2.2540541e-01 1.7628077e-01 9.5044434e-02 -1.4982026e-02 -1.6016242e-01 -3.4220220e-01
-1.8500000e+00 -3.7519660e-01 -2.1373605e-02 1.6604893e-01 2.2555290e-01 2.0884009e-01 1.6306092e-01 8.4242998e-02 -2.3970223e-02 -1.6776647e-01 -3.4871366e-01
-1.8475000e+00 -3.7901873e-01 -2.3920150e-02 1.6423716e-01 2.2419707e-01 2.0779029e-01 1.6222382e-01 8.3559437e-02 -2.4538782e-02 -1.6824731e-01 -3.4912530e-01
-1.8400000e+00 -3.9107147e-01 -3.1940684e-02 1.5853485e-01 2.1993164e-01 2.0448859e-01 1.5959159e-01 8.1410330e-02 -2.6326131e-02 -1.6975878e-01 -3.5041917e-01
-1.8325000e+00 -4.0406093e-01 -4.0567849e-02 1.5240803e-01 2.1535183e-01 2.0094516e-01 1.5676757e-01 7.9105156e-02 -2.8242944e-02 -1.7137951e-01 -3.5180642e-01
-1.8250000e+00 -4.1806664e-01 -4.9850348e-02 1.4582374e-01 2.1043370e-01 1.9714187e-01 1.5373748e-01 7.6632395e-02 -3.0298729e-02 -1.7311750e-01 -3.5329387e-01
-1.8175000e+00 -4.3317606e-01 -5.9841270e-02 1.3874619e-01 2.0515139e-01 1.9305915e-01 1.5048597e-01 7.3979648e-02 -3.2503708e-02 -1.7498134e-01 -3.5488884e-01
-1.8100000e+00 -4.4948558e-01 -7.0598556e-02 1.3113656e-01 1.9947690e-01 1.8867584e-01 1.4699648e-01 7.1133564e-02 -3.4868880e-02 -1.7698027e-01 -3.5659919e-01
-1.8025000e+00 -4.6710171e-01 -8.2185540e-02 1.2295265e-01 1.9337992e-01 1.8396914e-01 1.4325116e-01 6.8079767e-02 -3.7406081e-02 -1.7912420e-01 -3.5843335e-01
-1.7950000e+00 -4.8614245e-01 -9.4671573e-02 1.1414858e-01 1.8682763e-01 1.7891438e-01 1.3923074e-01 6.4802763e-02 -4.0128051e-02 -1.8142383e-01 -3.6040042e-01
-1.7875000e+00 -5.0673893e-01 -1.0813273e-01 1.0467434e-01 1.7978441e-01 1.7348487e-01 1.3491444e-01 6.1285854e-02 -4.3048508e-02 -1.8389065e-01 -3.6251017e-01
-1.7800000e+00 -5.2903733e-01 -1.2265261e-01 9.4475422e-02 1.7221161e-01 1.6765174e-01 1.3027979e-01 5.7511032e-02 -4.6182230e-02 -1.8653702e-01 -3.6477309e-01
-1.7725000e+00 -5.5320124e-01 -1.3832331e-01 8.3492284e-02 1.6406721e-01 1.6138374e-01 1.2530255e-01 5.3458870e-02 -4.9545142e-02 -1.8937627e-01 -3.6720049e-01
-1.7650000e+00 -5.7941443e-01 -1.5524654e-01 7.1659787e-02 1.5530553e-01 1.5464695e-01 1.1995646e-01 4.9108394e-02 -5.3154413e-02 -1.9242274e-01 -3.6980453e-01
-1.7575000e+00 -6.0788432e-01 -1.7353486e-01 5.8906554e-02 1.4587677e-01 1.4740461e-01 1.1421315e-01 4.4436953e-02 -5.7028559e-02 -1.9569189e-01 -3.7259831e-01
-1.7500000e+00 -6.3884616e-01 -1.9331328e-01 4.5154224e-02 1.3572666e-01 1.3961677e-01 1.0804185e-01 3.9420065e-02 -6.1187564e-02 -1.9920037e-01 -3.7559593e-01
-1.7425000e+00 -6.7256829e-01 -2.1472103e-01 3.0316581e-02 1.2479589e-01 1.3124002e-01 1.0140926e-01 3.4031257e-02 -6.5653003e-02 -2.0296616e-01 -3.7881258e-01
-1.7350000e+00 -7.0935867e-01 -2.3791378e-01 1.4298562e-02 1.1301961e-01 1.2222709e-01 9.4279218e-02 2.8241877e-02 -7.0448184e-02 -2.0700863e-01 -3.8226464e-01
-1.7275000e+00 -7.4957325e-01 -2.6306619e-01 -3.0049247e-03 1.0032670e-01 1.1252647e-01 8.6612475e-02 2.2020893e-02 -7.5598305e-02 -2.1134871e-01 -3.8596978e-01
-1.7200000e+00 -7.9362669e-01 -2.9037520e-01 -2.1710374e-02 8.6639131e-02 1.0208193e-01 7.8366363e-02 1.5334671e-02 -8.1130621e-02 -2.1600901e-01 -3.8994703e-01
-1.7125000e+00 -8.4200629e-01 -3.2006387e-01 -4.1947316e-02 7.1871004e-02 9.0832042e-02 6.9494450e-02 8.1467146e-03 -8.7074639e-02 -2.2101394e-01 -3.9421696e-01
-1.7050000e+00 -8.9529051e-01 -3.5238627e-01 -6.3860264e-02 5.5927609e-02 7.8709515e-02 5.9946138e-02 4.1739208e-04 -9.3462327e-02 -2.2638992e-01 -3.9880178e-01
-1.6975000e+00 -9.5417372e-01 -3.8763355e-01 -8.7611051e-02 3.8704237e-02 6.5640564e-02 4.9666225e-02 -7.8963855e-03 -1.0032835e-01 -2.3216554e-01 -4.0372549e-01
-1.6900000e+00 -1.0195001e+00 -4.2614170e-01 -1.1338166e-01 2.0084796e-02 5.1544092e-02 3.8594383e-02 -1.6841518e-02 -1.0771032e-01 -2.3837176e-01 -4.0901402e-01
-1.6825000e+00 -1.0923106e+00 -4.6830140e-01 -1.4137769e-01 -5.9812041e-05 3.6330782e-02 2.6664586e-02 -2.6469120e-02 -1.1564913e-01 -2.4504214e-01 -4.1469546e-01
-1.6750000e+00 -1.1739097e+00 -5.1457097e-01 -1.7183262e-01 -2.1873644e-02 1.9902022e-02 1.3804435e-02 -3.6834973e-02 -1.2418923e-01 -2.5221309e-01 -4.2080020e-01
-1.6675000e+00 -1.2659605e+00 -5.6549341e-01 -2.0501311e-01 -4.5518051e-02 2.1486535e-03 -6.5610638e-05 -4.8000048e-02 -1.3337903e-01 -2.5992417e-01 -4.2736120e-01
-1.6600000e+00 -1.3706239e+00 -6.2171931e-01 -2.4122573e-01 -7.1174514e-02 -1.7050508e-02 -1.5033122e-02 -6.0031097e-02 -1.4327133e-01 -2.6821836e-01 -4.3441421e-01
-1.6525000e+00 -1.4907586e+00 -6.8403828e-01 -2.8082554e-01 -9.9048110e-02 -3.7830434e-02 -3.1194744e-02 -7.3001333e-02 -1.5392379e-01 -2.7714247e-01 -4.4199802e-01
-1.6450000e+00 -1.6301952e+00 -7.5342275e-01 -3.2422711e-01 -1.2937179e-01 -6.0341986e-02 -4.8657408e-02 -8.6991213e-02 -1.6539944e-01 -2.8674750e-01 -4.5015482e-01
-1.6375000e+00 -1.7940309e+00 -8.3109057e-01 -3.7191911e-01 -1.6241172e-01 -8.4754457e-02 -6.7539771e-02 -1.0208935e-01 -1.7776737e-01 -2.9708911e-01 -4.5893053e-01
-1.6300000e+00 -1.9885149e+00 -9.1859649e-01 -4.2448373e-01 -1.9847402e-01 -1.1125866e-01 -8.7973915e-02 -1.1839358e-01 -1.9110341e-01 -3.0822815e-01 -4.6837515e-01
-1.6225000e+00 -2.2181867e+00 -1.0179691e+00 -4.8262311e-01 -2.3791336e-01 -1.4007072e-01 -1.1010738e-01 -1.3601219e-01 -2.0549094e-01 -3.2023124e-01 -4.7854325e-01
-1.6150000e+00 -2.4691194e+00 -1.1319202e+00 -5.4719599e-01 -2.8114413e-01 -1.7143678e-01 -1.3410563e-01 -1.5506538e-01 -2.2102189e-01 -3.3317144e-01 -4.8949446e-01
-1.6075000e+00 -2.6509344e+00 -1.2641707e+00 -6.1926977e-01 -3.2865515e-01 -2.0563894e-01 -1.6015501e-01 -1.7568706e-01 -2.3779787e-01 -3.4712905e-01 -5.0129403e-01
-1.6000000e+00 -2.6109331e+00 -1.4199467e+00 -7.0019634e-01 -3.8102928e-01 -2.4300270e-01 -1.8846643e-01 -1.9802686e-01 -2.5593146e-01 -3.6219251e-01 -5.1401353e-01
-1.5925000e+00 -2.4118437e+00 -1.6066414e+00 -7.9172562e-01 -4.3897024e-01 -2.8390666e-01 -2.1927986e-01 -2.2225270e-01 -2.7554780e-01 -3.7845947e-01 -5.2773153e-01
-1.5850000e+00 -2.2013342e+00 -1.8340126e+00 -8.9618101e-01 -5.0333998e-01 -3.2879509e-01 -2.5287004e-01 -2.4855382e-01 -2.9678644e-01 -3.9603801e-01 -5.4253457e-01
-1.5775000e+00 -2.0251946e+00 -2.1089162e+00 -1.0167393e+00 -5.7521193e-01 -3.7819468e-01 -2.8955362e-01 -2.7714459e-01 -3.1980360e-01 -4.1504814e-01 -5.5851813e-01
-1.5700000e+00 -1.8855632e+00 -2.3941626e+00 -1.1578919e+00 -6.5594911e-01 -4.3273711e-01 -3.2969844e-01 -3.0826912e-01 -3.4477488e-01 -4.3562351e-01 -5.7578784e-01
-1.5625000e+00 -1.7771612e+00 -2.4904118e+00 -1.3262156e+00 -7.4732213e-01 -4.9319022e-01 -3.7373552e-01 -3.4220716e-01 -3.7189856e-01 -4.5791351e-01 -5.9446089e-01
-1.5550000e+00 -1.6950932e+00 -2.2932415e+00 -1.5315982e+00 -8.5169381e-01 -5.6050197e-01 -4.2217501e-01 -3.7928152e-01 -4.0139968e-01 -4.8208580e-01 -6.1466772e-01
-1.5475000e+00 -1.6358933e+00 -2.0353565e+00 -1.7884017e+00 -9.7231961e-01 -6.3586406e-01 -4.7562764e-01 -4.1986766e-01 -4.3353515e-01 -5.0832934e-01 -6.3655401e-01
-1.5400000e+00 -1.5973766e+00 -1.8202387e+00 -2.1088206e+00 -1.1138575e+00 -7.2080689e-01 -5.3483428e-01 -4.6440620e-01 -4.6860017e-01 -5.3685819e-01 -6.6028311e-01
-1.5325000e+00 -1.5783841e+00 -1.6528004e+00 -2.4242074e+00 -1.2832696e+00 -8.1734603e-01 -6.0070746e-01 -5.1341953e-01 -5.0693642e-01 -5.6791618e-01 -6.8603895e-01
-1.5250000e+00 -1.5786070e+00 -1.5239388e+00 -2.4065456e+00 -1.4914424e+00 -9.2821738e-01 -6.7439140e-01 -5.6753429e-01 -5.4894266e-01 -6.0178273e-01 -7.1402967e-01
-1.5175000e+00 -1.5985073e+00 -1.4259227e+00 -2.1079915e+00 -1.7557426e+00 -1.0572723e+00 -7.5735125e-01 -6.2751243e-01 -5.9508870e-01 -6.3878036e-01 -7.4449203e-01
-1.5100000e+00 -1.6393273e+00 -1.3535503e+00 -1.8300256e+00 -2.0987534e+00 -1.2101768e+00 -8.5151050e-01 -6.9429506e-01 -6.4593409e-01 -6.7928426e-01 -7.7769704e-01
-1.5025000e+00 -1.7031852e+00 -1.3035665e+00 -1.6170946e+00 -2.4757518e+00 -1.3957172e+00 -9.5947121e-01 -7.6906618e-01 -7.0215354e-01 -7.2373486e-01 -8.1395697e-01
-1.4950000e+00 -1.7932466e+00 -1.2741199e+00 -1.4558285e+00 -2.4733033e+00 -1.6283271e+00 -1.0848839e+00 -8.5334808e-01 -7.6457248e-01 -7.7265447e-01 -8.5363450e-01
-1.4875000e+00 -1.9139015e+00 -1.2644242e+00 -1.3333538e+00 -2.1229654e+00 -1.9324394e+00 -1.2331048e+00 -9.4914936e-01 -8.3421777e-01 -8.2666993e-01 -8.9715451e-01
-1.4800000e+00 -2.0705454e+00 -1.2745910e+00 -1.2412906e+00 -1.8181517e+00 -2.3376745e+00 -1.4124400e+00 -1.0592047e+00 -9.1239230e-01 -8.8654379e-01 -9.4501973e-01
-1.4725000e+00 -2.2670215e+00 -1.3055938e+00 -1.1744726e+00 -1.5927126e+00 -2.6850226e+00 -1.6366638e+00 -1.1873831e+00 -1.0007884e+00 -9.5321856e-01 -9.9783195e-01
-1.4650000e+00 -2.4922838e+00 -1.3593557e+00 -1.1298317e+00 -1.4246727e+00 -2.4278656e+00 -1.9302204e+00 -1.3394260e+00 -1.1016672e+00 -1.0278811e+00 -1.0563211e+00
-1.4575000e+00 -2.6756315e+00 -1.4389745e+00 -1.1057376e+00 -1.2979886e+00 -2.0418479e+00 -2.3342116e+00 -1.5243830e+00 -1.2181550e+00 -1.1120591e+00 -1.1213861e+00
-1.4500000e+00 -2.6804460e+00 -1.5491130e+00 -1.1016481e+00 -1.2030109e+00 -1.7586475e+00 -2.7954222e+00 -1.7576380e+00 -1.3547625e+00 -1.2077718e+00 -1.1941546e+00
-1.4425000e+00 -2.5265999e+00 -1.6965170e+00 -1.1179623e+00 -1.1339981e+00 -1.5533634e+00 -2.6261699e+00 -2.0676618e+00 -1.5183573e+00 -1.3177753e+00 -1.2760710e+00
-1.4350000e+00 -2.3526368e+00 -1.8900342e+00 -1.1560281e+00 -1.0875941e+00 -1.4007001e+00 -2.1874696e+00 -2.5062368e+00 -1.7201429e+00 -1.4459829e+00 -1.3690338e+00
-1.4275000e+00 -2.2181311e+00 -2.1357620e+00 -1.2183055e+00 -1.0620155e+00 -1.2860293e+00 -1.8722136e+00 -2.9929309e+00 -1.9800944e+00 -1.5982361e+00 -1.4756164e+00
-1.4200000e+00 -2.1327832e+00 -2.4026875e+00 -1.3087315e+00 -1.0566399e+00 -1.2009518e+00 -1.6488624e+00 -2.6974949e+00 -2.3375419e+00 -1.7838347e+00 -1.5994430e+00
-1.4125000e+00 -2.0955151e+00 -2.5210736e+00 -1.4333851e+00 -1.0718331e+00 -1.1405730e+00 -1.4846711e+00 -2.2423516e+00 -2.8605595e+00 -2.0188945e+00 -1.7458680e+00
-1.4050000e+00 -2.1050883e+00 -2.3669950e+00 -1.6015550e+00 -1.1089532e+00 -1.1021232e+00 -1.3617976e+00 -1.9323574e+00 -3.1683961e+00 -2.3345946e+00 -1.9233090e+00
-1.3975000e+00 -2.1620300e+00 -2.1410428e+00 -1.8266799e+00 -1.1705282e+00 -1.0842662e+00 -1.2703457e+00 -1.7143168e+00 -2.6434939e+00 -2.7970296e+00 -2.1461324e+00
-1.3900000e+00 -2.2680923e+00 -1.9615799e+00 -2.1203371e+00 -1.2606698e+00 -1.0867700e+00 -1.2046371e+00 -1.5542788e+00 -2.2331722e+00 -3.3927912e+00 -2.4417381e+00
-1.3825000e+00 -2.4225557e+00 -1.8425856e+00 -2.4256207e+00 -1.3858744e+00 -1.1104025e+00 -1.1614430e+00 -1.4347062e+00 -1.9587901e+00 -3.0357373e+00 -2.8698178e+00
-1.3750000e+00 -2.6080169e+00 -1.7793849e+00 -2.4459774e+00 -1.5564931e+00 -1.1570073e+00 -1.1391246e+00 -1.3460129e+00 -1.7634385e+00 -2.5307743e+00 -3.5171176e+00
-1.3675000e+00 -2.7555696e+00 -1.7682518e+00 -2.1800664e+00 -1.7890283e+00 -1.2297885e+00 -1.1372225e+00 -1.2827405e+00 -1.6190787e+00 -2.2064044e+00 -3.3964527e+00
-1.3600000e+00 -2.7624265e+00 -1.8089588e+00 -1.9285444e+00 -2.1050445e+00 -1.3339151e+00 -1.1563048e+00 -1.2418189e+00 -1.5113205e+00 -1.9824187e+00 -2.8177874e+00
-1.3525000e+00 -2.6543494e+00 -1.9047206e+00 -1.7526993e+00 -2.4698863e+00 -1.4777131e+00 -1.1980085e+00 -1.2217359e+00 -1.4322300e+00 -1.8192350e+00 -2.4557791e+00
-1.3450000e+00 -2.5406821e+00 -2.0607387e+00 -1.6445835e+00 -2.5091966e+00 -1.6749957e+00 -1.2652892e+00 -1.2221488e+00 -1.3772988e+00 -1.6977028e+00 -2.2119157e+00
-1.3375000e+00 -2.4753062e+00 -2.2751635e+00 -1.5950185e+00 -2.1871426e+00 -1.9490653e+00 -1.3629816e+00 -1.2437532e+00 -1.3440679e+00 -1.6076372e+00 -2.0363427e+00
-1.3300000e+00 -2.4714098e+00 -2.4956216e+00 -1.6002364e+00 -1.9047784e+00 -2.3291379e+00 -1.4989371e+00 -1.2883493e+00 -1.3314744e+00 -1.5433152e+00 -1.9060805e+00
-1.3225000e+00 -2.5298307e+00 -2.5551452e+00 -1.6616763e+00 -1.7143570e+00 -2.6868517e+00 -1.6863607e+00 -1.3591325e+00 -1.3395639e+00 -1.5015350e+00 -1.8092584e+00
-1.3150000e+00 -2.6442248e+00 -2.4134032e+00 -1.7858604e+00 -1.5982664e+00 -2.4782559e+00 -1.9486344e+00 -1.4613348e+00 -1.3694342e+00 -1.4807138e+00 -1.7392923e+00
-1.3075000e+00 -2.7889716e+00 -2.2491257e+00 -1.9835018e+00 -1.5438786e+00 -2.1088891e+00 -2.3252340e+00 -1.6035466e+00 -1.4233815e+00 -1.4804709e+00 -1.6924790e+00
-1.3000000e+00 -2.8961786e+00 -2.1490568e+00 -2.2555684e+00 -1.5463198e+00 -1.8502716e+00 -2.7824167e+00 -1.8005365e+00 -1.5053118e+00 -1.5014854e+00 -1.6669026e+00
-1.2925000e+00 -2.8936387e+00 -2.1274115e+00 -2.4985562e+00 -1.6070941e+00 -1.6855576e+00 -2.6726679e+00 -2.0795271e+00 -1.6216145e+00 -1.5455610e+00 -1.6619254e+00
-1.2850000e+00 -2.8163414e+00 -2.1843523e+00 -2.4386641e+00 -1.7341268e+00 -1.5922297e+00 -2.2479771e+00 -2.4902151e+00 -1.7830021e+00 -1.6159257e+00 -1.6779894e+00
-1.2775000e+00 -2.7513598e+00 -2.3154176e+00 -2.2045071e+00 -1.9427513e+00 -1.5594249e+00 -1.9526684e+00 -2.9820277e+00 -2.0086464e+00 -1.7179036e+00 -1.7166364e+00
-1.2700000e+00 -2.7469778e+00 -2.4930460e+00 -2.0259592e+00 -2.2477911e+00 -1.5846179e+00 -1.7656706e+00 -2.7483628e+00 -2.3360145e+00 -1.8603268e+00 -1.7807506e+00
-1.2625000e+00 -2.8198052e+00 -2.6199655e+00 -1.9417425e+00 -2.5551622e+00 -1.6722627e+00 -1.6564259e+00 -2.3019587e+00 -2.8319189e+00 -2.0586728e+00 -1.8751375e+00
-1.2550000e+00 -2.9594176e+00 -2.5916229e+00 -1.9504503e+00 -2.4741329e+00 -1.8349789e+00 -1.6104413e+00 -2.0125399e+00 -3.1923014e+00 -2.3427311e+00 -2.0077451e+00
-1.2475000e+00 -3.0844560e+00 -2.4878760e+00 -2.0524476e+00 -2.1822683e+00 -2.0963120e+00 -1.6233106e+00 -1.8325003e+00 -2.6975920e+00 -2.7752547e+00 -2.1923600e+00
-1.2400000e+00 -3.0630295e+00 -2.4234177e+00 -2.2466706e+00 -1.9761999e+00 -2.4722936e+00 -1.6982526e+00 -1.7296441e+00 -2.2961878e+00 -3.3717772e+00 -2.4552015e+00
-1.2325000e+00 -2.9598408e+00 -2.4348453e+00 -2.4810105e+00 -1.8802679e+00 -2.7088821e+00 -1.8470412e+00 -1.6899503e+00 -2.0481321e+00 -3.0898276e+00 -2.8527585e+00
-1.2250000e+00 -2.9268449e+00 -2.5184057e+00 -2.5471437e+00 -1.8863043e+00 -2.4194557e+00 -2.0944587e+00 -1.7097609e+00 -1.8973916e+00 -2.5868404e+00 -3.4779090e+00
-1.2175000e+00 -3.0213608e+00 -2.6406408e+00 -2.3937896e+00 -1.9957852e+00 -2.1157462e+00 -2.4780758e+00 -1.7934058e+00 -1.8180706e+00 -2.2810109e+00 -3.4507957e+00
-1.2100000e+00 -3.1981465e+00 -2.7286987e+00 -2.2526919e+00 -2.2173147e+00 -1.9425792e+00 -2.8532205e+00 -1.9548029e+00 -1.8001098e+00 -2.0940156e+00 -2.8715404e+00
-1.2025000e+00 -3.2356102e+00 -2.7246604e+00 -2.2157631e+00 -2.5123057e+00 -1.8841524e+00 -2.5880218e+00 -2.2239452e+00 -1.8428369e+00 -1.9873066e+00 -2.5230282e+00
-1.1950000e+00 -3.1157682e+00 -2.6713218e+00 -2.2911211e+00 -2.5884182e+00 -1.9325905e+00 -2.2258788e+00 -2.6508648e+00 -1.9540435e+00 -1.9451338e+00 -2.3117419e+00
-1.1875000e+00 -3.0894020e+00 -2.6456839e+00 -2.4546133e+00 -2.3636208e+00 -2.0968940e+00 -2.0154999e+00 -3.0261091e+00 -2.1536507e+00 -1.9633250e+00 -2.1879218e+00
-1.1800000e+00 -3.2202852e+00 -2.6911380e+00 -2.5997500e+00 -2.1843133e+00 -2.3939404e+00 -1.9308817e+00 -2.6492370e+00 -2.4846977e+00 -2.0462784e+00 -2.1314198e+00
-1.1725000e+00 -3.3526099e+00 -2.8092294e+00 -2.5804875e+00 -2.1398638e+00 -2.7134580e+00 -1.9573890e+00 -2.2799418e+00 -3.0027941e+00 -2.2088312e+00 -2.1357436e+00
-1.1650000e+00 -3.2841479e+00 -2.9109753e+00 -2.4866403e+00 -2.2334962e+00 -2.5863538e+00 -2.1021505e+00 -2.0786685e+00 -3.1101693e+00 -2.4849749e+00 -2.2034017e+00
-1.1575000e+00 -3.2320325e+00 -2.8665235e+00 -2.4575245e+00 -2.4491773e+00 -2.2997732e+00 -2.3923789e+00 -2.0051841e+00 -2.6131222e+00 -2.9470295e+00 -2.3467357e+00
-1.1500000e+00 -3.3257135e+00 -2.7886474e+00 -2.5195316e+00 -2.6418883e+00 -2.1552239e+00 -2.7964513e+00 -2.0454279e+00 -2.2994709e+00 -3.4349894e+00 -2.5952019e+00
-1.1425000e+00 -3.4384341e+00 -2.8379423e+00 -2.6293233e+00 -2.5585942e+00 -2.1672757e+00 -2.7571109e+00 -2.2106334e+00 -2.1453955e+00 -2.9610717e+00 -3.0169815e+00
-1.1350000e+00 -3.3965188e+00 -3.0119035e+00 -2.6991031e+00 -2.4044835e+00 -2.3363996e+00 -2.4049467e+00 -2.5384845e+00 -2.1134325e+00 -2.5496402e+00 -3.6368859e+00
-1.1275000e+00 -3.3652950e+00 -3.0429927e+00 -2.6891310e+00 -2.3755572e+00 -2.6338207e+00 -2.2105804e+00 -2.9889531e+00 -2.1986953e+00 -2.3345946e+00 -3.2952334e+00
-1.1200000e+00 -3.4767101e+00 -2.9179371e+00 -2.6567975e+00 -2.4881765e+00 -2.7418290e+00 -2.1885524e+00 -2.8380899e+00 -2.4247333e+00 -2.2549817e+00 -2.8087254e+00
-1.1125000e+00 -3.5434964e+00 -2.9559600e+00 -2.6671895e+00 -2.6564284e+00 -2.5136194e+00 -2.3364840e+00 -2.4559307e+00 -2.8470150e+00 -2.2929088e+00 -2.5518126e+00
-1.1050000e+00 -3.4571737e+00 -3.1440612e+00 -2.7515838e+00 -2.6794215e+00 -2.3693633e+00 -2.6606315e+00 -2.2720463e+00 -3.2238539e+00 -2.4610288e+00 -2.4428438e+00
-1.0975000e+00 -3.5451643e+00 -3.1115326e+00 -2.8550191e+00 -2.5944492e+00 -2.4098920e+00 -2.8933485e+00 -2.2690459e+00 -2.8040733e+00 -2.8098619e+00 -2.4539391e+00
-1.0900000e+00 -3.6382115e+00 -3.0282962e+00 -2.8289236e+00 -2.5836750e+00 -2.6174439e+00 -2.6260556e+00 -2.4481814e+00 -2.4724541e+00 -3.3637498e+00 -2.5912459e+00
-1.0825000e+00 -3.5434855e+00 -3.1556920e+00 -2.7662989e+00 -2.6658817e+00 -2.7948446e+00 -2.4152905e+00 -2.8286362e+00 -2.3533925e+00 -3.1739423e+00 -2.8984408e+00
-1.0750000e+00 -3.6648994e+00 -3.2310947e+00 -2.8559025e+00 -2.7499222e+00 -2.6737393e+00 -2.4174104e+00 -3.0323742e+00 -2.4173256e+00 -2.7222551e+00 -3.4614669e+00
-1.0675000e+00 -3.6819310e+00 -3.1518862e+00 -3.0059375e+00 -2.7671678e+00 -2.5606360e+00 -2.6306694e+00 -2.6783318e+00 -2.6849151e+00 -2.5182352e+00 -3.5229002e+00
-1.0600000e+00 -3.6538371e+00 -3.2167452e+00 -2.9095934e+00 -2.7563887e+00 -2.6231412e+00 -2.9108521e+00 -2.4708287e+00 -3.1521460e+00 -2.5094762e+00 -2.9872605e+00
-1.0525000e+00 -3.7720562e+00 -3.3045649e+00 -2.8817015e+00 -2.7619851e+00 -2.7919696e+00 -2.7820758e+00 -2.5006016e+00 -3.0619178e+00 -2.6964685e+00 -2.7250913e+00
-1.0450000e+00 -3.7265057e+00 -3.2652456e+00 -3.0748401e+00 -2.8253335e+00 -2.8217268e+00 -2.5926707e+00 -2.7674890e+00 -2.6792302e+00 -3.1337596e+00 -2.6728343e+00
-1.0375000e+00 -3.7940365e+00 -3.2982494e+00 -3.0436992e+00 -2.9161930e+00 -2.7440450e+00 -2.6276853e+00 -3.0780437e+00 -2.5522494e+00 -3.4204845e+00 -2.8148030e+00
-1.0300000e+00 -3.8237100e+00 -3.3997631e+00 -2.9690098e+00 -2.8809017e+00 -2.7657483e+00 -2.8557315e+00 -2.8434514e+00 -2.6769529e+00 -2.9524738e+00 -3.2066199e+00
-1.0225000e+00 -3.8257391e+00 -3.3331040e+00 -3.1512653e+00 -2.8557218e+00 -2.8583675e+00 -2.9358739e+00 -2.6434659e+00 -3.0588650e+00 -2.7084812e+00 -3.7027620e+00
-1.0150000e+00 -3.8988486e+00 -3.4335356e+00 -3.1150319e+00 -3.0049745e+00 -2.8998072e+00 -2.7780097e+00 -2.7175014e+00 -3.2045381e+00 -2.7338625e+00 -3.2420478e+00
-1.0075000e+00 -3.8851156e+00 -3.4415143e+00 -3.0886038e+00 -3.0147353e+00 -2.8991796e+00 -2.7759605e+00 -3.0155628e+00 -2.8439413e+00 -3.0375875e+00 -2.9155135e+00
-1.0000000e+00 -3.9487724e+00 -3.4431850e+00 -3.2319683e+00 -2.9256409e+00 -2.9020852e+00 -2.9387166e+00 -3.0399407e+00 -2.7308043e+00 -3.4696332e+00 -2.8800422e+00
-9.9250000e-01 -3.9582963e+00 -3.5375449e+00 -3.1725953e+00 -3.1034227e+00 -2.9539720e+00 -2.9782400e+00 -2.8224567e+00 -2.9257306e+00 -3.1259962e+00 -3.1260706e+00
-9.8500000e-01 -3.9961471e+00 -3.4891978e+00 -3.2254902e+00 -3.0878291e+00 -3.0406719e+00 -2.9075608e+00 -2.8551930e+00 -3.2717886e+00 -2.8702264e+00 -3.6503708e+00
-9.7750000e-01 -4.0328337e+00 -3.5973454e+00 -3.2856545e+00 -3.0248070e+00 -2.9933615e+00 -2.9566617e+00 -3.0916594e+00 -3.0619805e+00 -2.9491838e+00 -3.4285177e+00
-9.7000000e-01 -4.0304653e+00 -3.5571455e+00 -3.2624890e+00 -3.2286123e+00 -3.0139907e+00 -3.0358405e+00 -3.0683529e+00 -2.8868131e+00 -3.3449329e+00 -3.0719802e+00
-9.6250000e-01 -4.1262401e+00 -3.6471569e+00 -3.3427926e+00 -3.1038245e+00 -3.1646747e+00 -3.0483725e+00 -2.9518326e+00 -3.0478344e+00 -3.3728785e+00 -3.0745259e+00
-9.5500000e-01 -4.0895359e+00 -3.6202244e+00 -3.3381112e+00 -3.2027218e+00 -3.0573694e+00 -3.0548190e+00 -3.0656691e+00 -3.3057472e+00 -3.0463961e+00 -3.4372446e+00
-9.4750000e-01 -4.1376437e+00 -3.7122113e+00 -3.3852952e+00 -3.2388942e+00 -3.1344033e+00 -3.0801829e+00 -3.1668297e+00 -3.1046988e+00 -3.0787347e+00 -3.6826404e+00
-9.4000000e-01 -4.2014755e+00 -3.6777390e+00 -3.4062589e+00 -3.2129112e+00 -3.2393512e+00 -3.1682775e+00 -3.0951044e+00 -3.0551530e+00 -3.4360230e+00 -3.2679874e+00
-9.3250000e-01 -4.1847509e+00 -3.7507328e+00 -3.4507337e+00 -3.3187767e+00 -3.1155056e+00 -3.1432366e+00 -3.1418108e+00 -3.2821154e+00 -3.3654202e+00 -3.2058381e+00
-9.2500000e-01 -4.2225760e+00 -3.7894691e+00 -3.4476218e+00 -3.2781077e+00 -3.3311011e+00 -3.1580630e+00 -3.2096562e+00 -3.2664578e+00 -3.1542122e+00 -3.5516848e+00
-9.1750000e-01 -4.2945239e+00 -3.7603300e+00 -3.5389064e+00 -3.3592576e+00 -3.1960076e+00 -3.2927954e+00 -3.2186974e+00 -3.1721615e+00 -3.3354866e+00 -3.6586156e+00
-9.1000000e-01 -4.3155722e+00 -3.8510348e+00 -3.4889232e+00 -3.3581388e+00 -3.3353989e+00 -3.1788290e+00 -3.2356829e+00 -3.3200535e+00 -3.5173102e+00 -3.3349859e+00
-9.0250000e-01 -4.3128702e+00 -3.8625653e+00 -3.5976430e+00 -3.4029684e+00 -3.2975156e+00 -3.3383337e+00 -3.2726175e+00 -3.3362518e+00 -3.2982656e+00 -3.4392326e+00
-8.9500000e-01 -4.3342207e+00 -3.8699104e+00 -3.5704583e+00 -3.4210496e+00 -3.3612311e+00 -3.2852798e+00 -3.3415241e+00 -3.3043580e+00 -3.3933229e+00 -3.7687724e+00
-8.8750000e-01 -4.3777123e+00 -3.9406700e+00 -3.6302259e+00 -3.4799272e+00 -3.3726839e+00 -3.3313464e+00 -3.2887619e+00 -3.3907773e+00 -3.5532805e+00 -3.5036954e+00
-8.8000000e-01 -4.4235365e+00 -3.9656493e+00 -3.6474341e+00 -3.4479943e+00 -3.4178611e+00 -3.3989023e+00 -3.4221784e+00 -3.4031129e+00 -3.4100453e+00 -3.5075092e+00
-8.7250000e-01 -4.4609460e+00 -3.9548887e+00 -3.6602904e+00 -3.5780109e+00 -3.4309313e+00 -3.3596233e+00 -3.3620121e+00 -3.4293021e+00 -3.5211185e+00 -3.7895867e+00
-8.6500000e-01 -4.4927572e+00 -3.9789682e+00 -3.7468282e+00 -3.5097084e+00 -3.4764233e+00 -3.4719225e+00 -3.4440701e+00 -3.4488287e+00 -3.5657159e+00 -3.5967661e+00
-8.5750000e-01 -4.5260898e+00 -4.0330611e+00 -3.7501761e+00 -3.5727242e+00 -3.5004664e+00 -3.4269219e+00 -3.4591606e+00 -3.5254796e+00 -3.5338598e+00 -3.6511649e+00
-8.5000000e-01 -4.5585418e+00 -4.0829115e+00 -3.7330116e+00 -3.6529205e+00 -3.5238426e+00 -3.5049740e+00 -3.4746829e+00 -3.4765749e+00 -3.6201118e+00 -3.8053017e+00
-8.4250000e-01 -4.5807341e+00 -4.1153126e+00 -3.7838004e+00 -3.6116416e+00 -3.5570632e+00 -3.5234469e+00 -3.5319806e+00 -3.6113316e+00 -3.6190102e+00 -3.6750889e+00
-8.3500000e-01 -4.6017847e+00 -4.1395797e+00 -3.8486216e+00 -3.6595260e+00 -3.6210116e+00 -3.5250548e+00 -3.5421598e+00 -3.5254247e+00 -3.6601197e+00 -3.8203091e+00
-8.2750000e-01 -4.6215395e+00 -4.1660040e+00 -3.8736693e+00 -3.7120866e+00 -3.5741462e+00 -3.6116304e+00 -3.5632467e+00 -3.6811546e+00 -3.6814871e+00 -3.7899851e+00
-8.2000000e-01 -4.6351518e+00 -4.1955833e+00 -3.8800269e+00 -3.7158754e+00 -3.6646423e+00 -3.5848688e+00 -3.6503400e+00 -3.5755366e+00 -3.7311089e+00 -3.8348986e+00
-8.1250000e-01 -4.6788613e+00 -4.2227410e+00 -3.8968656e+00 -3.7535163e+00 -3.7299504e+00 -3.6498343e+00 -3.5766827e+00 -3.7623146e+00 -3.7263841e+00 -3.8644210e+00
-8.0500000e-01 -4.7272864e+00 -4.2493549e+00 -3.9262801e+00 -3.8180235e+00 -3.6755444e+00 -3.6568891e+00 -3.7457435e+00 -3.6184994e+00 -3.8035440e+00 -3.9025114e+00
-7.9750000e-01 -4.7508873e+00 -4.2900286e+00 -3.9598984e+00 -3.8548124e+00 -3.7045731e+00 -3.7188978e+00 -3.6512576e+00 -3.8345842e+00 -3.7859474e+00 -3.9052986e+00
-7.9000000e-01 -4.7612835e+00 -4.3324240e+00 -3.9933202e+00 -3.8620778e+00 -3.7907144e+00 -3.7318551e+00 -3.7318582e+00 -3.6970990e+00 -3.8443017e+00 -3.9873331e+00
-7.8250000e-01 -4.8162727e+00 -4.3453173e+00 -4.0285518e+00 -3.8702735e+00 -3.8267602e+00 -3.7160671e+00 -3.7844478e+00 -3.8114961e+00 -3.8894574e+00 -3.9444246e+00
-7.7500000e-01 -4.8253295e+00 -4.3627732e+00 -4.0660842e+00 -3.8925684e+00 -3.8293509e+00 -3.7956196e+00 -3.7686142e+00 -3.8666609e+00 -3.8415649e+00 -4.0637485e+00
-7.6750000e-01 -4.8718145e+00 -4.3807888e+00 -4.0942970e+00 -3.9255764e+00 -3.8522899e+00 -3.8777421e+00 -3.8208710e+00 -3.7834950e+00 -4.0279124e+00 -4.0065234e+00
-7.6000000e-01 -4.8879343e+00 -4.4395471e+00 -4.1079649e+00 -3.9608745e+00 -3.8974174e+00 -3.8677308e+00 -3.8380846e+00 -3.9224648e+00 -3.8806372e+00 -4.0885441e+00
-7.5250000e-01 -4.9390454e+00 -4.4623152e+00 -4.1415271e+00 -3.9894397e+00 -3.9461449e+00 -3.8461956e+00 -3.8680149e+00 -3.9388804e+00 -4.0113353e+00 -4.1370362e+00
-7.4500000e-01 -4.9449381e+00 -4.4771804e+00 -4.2002635e+00 -4.0074771e+00 -3.9876890e+00 -3.8672379e+00 -3.9399954e+00 -3.9063423e+00 -4.0806778e+00 -4.0622590e+00
-7.3750000e-01 -4.9821120e+00 -4.5327245e+00 -4.2305195e+00 -4.0281882e+00 -4.0208906e+00 -3.9155034e+00 -3.9739514e+00 -3.9670457e+00 -3.9760420e+00 -4.2615840e+00
-7.3000000e-01 -5.0248817e+00 -4.5326729e+00 -4.2570011e+00 -4.0740763e+00 -4.0457569e+00 -3.9644214e+00 -3.9587734e+00 -4.0106365e+00 -4.0751029e+00 -4.1709590e+00
-7.2250000e-01 -5.0525371e+00 -4.5877295e+00 -4.2592366e+00 -4.1297526e+00 -4.0615783e+00 -4.0034100e+00 -3.9527910e+00 -4.0262586e+00 -4.1740941e+00 -4.1594795e+00
-7.1500000e-01 -5.0757825e+00 -4.5953225e+00 -4.3289527e+00 -4.1564301e+00 -4.0752215e+00 -4.0367708e+00 -3.9762891e+00 -4.0692489e+00 -4.1350696e+00 -4.3394738e+00
-7.0750000e-01 -5.0998362e+00 -4.6486720e+00 -4.3327064e+00 -4.1903434e+00 -4.1024166e+00 -4.0730519e+00 -4.0170116e+00 -4.1251555e+00 -4.1331034e+00 -4.3175279e+00
-7.0000000e-01 -5.1339745e+00 -4.6728558e+00 -4.3658488e+00 -4.1959559e+00 -4.1374128e+00 -4.1168297e+00 -4.0598295e+00 -4.1595846e+00 -4.1853029e+00 -4.2484401e+00
-6.5000000e-01 -5.3407357e+00 -4.8595589e+00 -4.5714537e+00 -4.4226430e+00 -4.3277115e+00 -4.2731090e+00 -4.2914293e+00 -4.3028650e+00 -4.4550689e+00 -4.5109177e+00
-6.0000000e-01 -5.5275601e+00 -5.0721789e+00 -4.7611178e+00 -4.6200714e+00 -4.5153793e+00 -4.4869384e+00 -4.5131007e+00 -4.4876549e+00 -4.5988382e+00 -4.7669897e+00
-5.5000000e-01 -5.7399416e+00 -5.2709778e+00 -4.9752580e+00 -4.7966350e+00 -4.7407731e+00 -4.6735805e+00 -4.7038854e+00 -4.7097427e+00 -4.8178952e+00 -4.8846575e+00
-5.0000000e-01 -5.9314160e+00 -5.4683891e+00 -5.1759732e+00 -4.9995785e+00 -4.9349476e+00 -4.8965150e+00 -4.8852773e+00 -4.9025086e+00 -5.0081942e+00 -5.1071547e+00
-4.0000000e-01 -6.2927808e+00 -5.8642042e+00 -5.5695804e+00 -5.4107574e+00 -5.3297755e+00 -5.2835202e+00 -5.2961218e+00 -5.3230638e+00 -5.3871953e+00 -5.5214404e+00
-2.0000000e-01 -7.2393561e+00 -6.6206297e+00 -6.3321622e+00 -6.2091819e+00 -6.1272259e+00 -6.0877365e+00 -6.0868221e+00 -6.1275574e+00 -6.1970209e+00 -6.3074161e+00
0.0000000e+00 -7.9159367e+00 -7.4259029e+00 -7.1539210e+00 -6.9847588e+00 -6.9072426e+00 -6.9080976e+00 -6.8930318e+00 -6.9218438e+00 -6.9983856e+00 -7.1140594e+00
2.0000000e-01 -8.6767257e+00 -8.2838315e+00 -7.9701340e+00 -7.7973118e+00 -7.7140563e+00 -7.7418435e+00 -7.7181721e+00 -7.6984893e+00 -7.8160808e+00 -7.9199519e+00
4.0000000e-01 -9.5931520e+00 -9.0330649e+00 -8.8045891e+00 -8.6051392e+00 -8.5245982e+00 -8.5251959e+00 -8.4792224e+00 -8.5267300e+00 -8.5973725e+00 -8.7081012e+00
6.0000000e-01 -1.0352396e+01 -9.8745053e+00 -9.5343261e+00 -9.3978519e+00 -9.2880357e+00 -9.3139993e+00 -9.2639074e+00 -9.2667919e+00 -9.4158106e+00 -9.4992531e+00
8.0000000e-01 -1.1096710e+01 -1.0650927e+01 -1.0383928e+01 -1.0212958e+01 -1.0092021e+01 -1.0088220e+01 -1.0060129e+01 -1.0178031e+01 -1.0168829e+01 -1.0268263e+01
1.0000000e+00 -1.1940475e+01 -1.1466874e+01 -1.1189315e+01 -1.1032618e+01 -1.0884117e+01 -1.0946597e+01 -1.0861192e+01 -1.0898308e+01 -1.1035655e+01 -1.1150083e+01
1.2000000e+00 -1.2699015e+01 -1.2328703e+01 -1.1975550e+01 -1.1778873e+01 -1.1765464e+01 -1.1691728e+01 -1.1711280e+01 -1.1733015e+01 -1.1832305e+01 -1.1919361e+01
1.4000000e+00 -1.3525211e+01 -1.3075552e+01 -1.2739056e+01 -1.2564851e+01 -1.2529887e+01 -1.2448401e+01 -1.2521220e+01 -1.2509538e+01 -1.2575048e+01 -1.2738449e+01
1.6000000e+00 -1.4331418e+01 -1.3873294e+01 -1.3582945e+01 -1.3362914e+01 -1.3327409e+01 -1.3296918e+01 -1.3297733e+01 -1.3280015e+01 -1.3435388e+01 -1.3554353e+01
1.8000000e+00 -1.5184307e+01 -1.4680533e+01 -1.4358692e+01 -1.4222213e+01 -1.4107466e+01 -1.4124936e+01 -1.4110083e+01 -1.4136614e+01 -1.4236115e+01 -1.4330223e+01
2.0000000e+00 -1.6036790e+01 -1.5466486e+01 -1.5252666e+01 -1.5034965e+01 -1.4927600e+01 -1.4863966e+01 -1.4893158e+01 -1.4919489e+01 -1.4975138e+01 -1.5135233e+01