    40.00000000     4.02573194     0.51994737     0.67720368     1.30244658     1.00000000
    41.00000000     4.04717968     0.56463405     0.70825883     1.25436789     1.00000000
    42.00000000     4.06811054     0.60442810     0.74127614     1.22640914     1.00000000
    43.00000000     4.08854887     0.64160186     0.77644231     1.21016218     1.00000000
    44.00000000     4.10851731     0.67805192     0.81397377     1.20045937     1.00000000
    45.00000000     4.12803699     0.71548754     0.85412342     1.19376422     1.00000000
    46.00000000     4.14712763     0.75553592     0.89718908     1.18748700     1.00000000
    47.00000000     4.16580768     0.79979512     0.94352481     1.17970814     1.00000000
    48.00000000     4.18409444     0.84966675     0.99355589     1.16934773     1.00000000
    49.00000000     4.20200412     0.90526844     1.04779917     1.15744583     1.00000000
    50.00000000     4.21955197     0.96639914     1.10689137     1.14537703     1.00000000
    51.00000000     4.23675231     1.03372674     1.17162904     1.13340305     1.00000000
    52.00000000     4.25361865     1.10842380     1.24302687     1.12143647     1.00000000
    53.00000000     4.27016370     1.19190996     1.32240526     1.10948419     1.00000000
    54.00000000     4.28639948     1.28598418     1.41152674     1.09762372     1.00000000
    55.00000000     4.30233734     1.39308181     1.51281818     1.08595071     1.00000000
    56.00000000     4.31798802     1.51665354     1.62975302     1.07457173     1.00000000
    57.00000000     4.33336167     1.66203030     1.76755524     1.06349159     1.00000000
    58.00000000     4.34846795     1.83801050     1.93461730     1.05256053     1.00000000
    59.00000000     4.36331599     2.06005031     2.14572777     1.04158998     1.00000000
    60.00000000     4.37791446     2.35917681     2.43086418     1.03038660     1.00000000
    61.00000000     4.39227163     2.81338843     2.86749981     1.01923353     1.00000000
    62.00000000     4.40639534     3.78106142     3.81473592     1.00890610     1.00000000
    63.00000000     4.42029306     3.79712326     3.80778720     1.00280843     1.00280842
    64.00000000     4.43397191     2.86233467     2.84665268     0.99452126     0.99452126
    65.00000000     4.44743868     2.44128072     2.39611599     0.98149958     0.98149957
    66.00000000     4.46069983     2.17336485     2.09707407     0.96489739     0.96489739
    67.00000000     4.47376157     1.97905796     1.87205186     0.94593079     0.94593079
    68.00000000     4.48662979     1.82690507     1.69107003     0.92564746     0.92564746
    69.00000000     4.49931014     1.71064654     1.53933822     0.89985756     0.89985756
    70.00000000     4.51180804     1.63392598     1.40846216     0.86201099     0.86201099
    71.00000000     4.52412866     1.57739533     1.29321606     0.81984271     0.81984270
    72.00000000     4.53627695     1.51631398     1.19012467     0.78488010     0.78488009
    73.00000000     4.54825768     1.46353768     1.09675926     0.74938915     0.74938914
    74.00000000     4.56007540     1.45142131     1.01135546     0.69680351     0.69680350
    75.00000000     4.57173449     1.46660343     0.93259102     0.63588493     0.63588492
    76.00000000     4.58323915     1.45184049     0.85944936     0.59197230     0.59197229
    77.00000000     4.59459341     1.46009290     0.79113203     0.54183677     0.54183676
    78.00000000     4.60580117     1.55737209     0.72700040     0.46681227     0.46681225
    79.00000000     4.61686614     1.64300234     0.66653568     0.40568152     0.40568148
    80.00000000     4.62779194     1.78443242     0.60931062     0.34145906     0.34145901
    81.00000000     4.63858200     1.89436193     1.93272936     1.02025349     1.02025316
    82.00000000     4.64923967     2.02676863     2.08379824     1.02813820     1.02813750
    83.00000000     4.65976815     2.11140968     2.13731576     1.01226956     1.01226839
    84.00000000     4.67017053     2.13569495     2.16022705     1.01148671     1.01148514
    85.00000000     4.68044981     2.16036333     2.16872010     1.00386823     1.00386616
    86.00000000     4.69060886     2.17630323     2.16922491     0.99674755     0.99674494
    87.00000000     4.70065047     2.17337646     2.16491251     0.99610562     0.99610258
    88.00000000     4.71057731     2.16398567     2.15755380     0.99702777     0.99702432
    89.00000000     4.72039198     2.16202227     2.14822040     0.99361622     0.99361223
    90.00000000     4.73009698     2.16979468     2.13759767     0.98516126     0.98515650
    91.00000000     4.73969475     2.17854235     2.12614151     0.97594683     0.97594115
    92.00000000     4.74918762     2.18243850     2.17432656     0.99628308     0.99627627
    93.00000000     4.75857786     2.18201940     2.18501246     1.00137169     1.00136383
    94.00000000     4.76786767     2.17951884     2.18659606     1.00324715     1.00323820
    95.00000000     4.77705917     2.17640610     2.18394300     1.00346300     1.00345290
    96.00000000     4.78615443     2.17274174     2.17884851     1.00281063     1.00279929
    97.00000000     4.79515543     2.16814746     2.17221664     1.00187680     1.00186418
    98.00000000     4.80406411     2.16235027     2.16457475     1.00102873     1.00101478
    99.00000000     4.81288235     2.15518183     2.15625783     1.00049926     1.00048396
   100.00000000     4.82161196     2.14685929     2.14749072     1.00029412     1.00027746
   101.00000000     4.83025471     2.13777613     2.13843001     1.00030587     1.00028783
   102.00000000     4.83881231     2.12825385     2.12918759     1.00043874     1.00041927
   103.00000000     4.84728641     2.11855477     2.11984489     1.00060896     1.00058803
   104.00000000     4.85567864     2.10889379     2.11046186     1.00074355     1.00072108
   105.00000000     4.86399056     2.09937898     2.10108297     1.00081166     1.00078758
   106.00000000     4.87222369     2.08995797     2.09174131     1.00085329     1.00082752
   107.00000000     4.88037952     2.08056956     2.08246145     1.00090932     1.00088179
   108.00000000     4.88845947     2.07116277     2.07326156     1.00101334     1.00098399
   109.00000000     4.89646496     2.06169523     2.06415488     1.00119303     1.00116178
   110.00000000     4.90439733     2.05213166     2.05515089     1.00147126     1.00143808
   111.00000000     4.91225792     2.04244355     2.04625616     1.00186669     1.00183151
   112.00000000     4.92004801     2.03267337     2.03747501     1.00236223     1.00232499
   113.00000000     4.92776885     2.02296841     2.02881001     1.00288764     1.00284827
   114.00000000     4.93542166     2.01346539     2.02026235     1.00337575     1.00333416
   115.00000000     4.94300764     2.00428111     2.01183219     1.00376747     1.00372354
   116.00000000     4.95052794     1.99551460     2.00351888     1.00401114     1.00396472
   117.00000000     4.95798369     1.98724881     1.99532113     1.00406206     1.00401298
   118.00000000     4.96537598     1.97955198     1.98723719     1.00388230     1.00383037
   119.00000000     4.97270588     1.97247774     1.97926496     1.00344096     1.00338596
   120.00000000     4.97997445     1.96597533     1.97140209     1.00276034     1.00270202
   121.00000000     4.98718270     1.95983527     1.96364604     1.00194444     1.00188258
   122.00000000     4.99433162     1.95385967     1.95599414     1.00109244     1.00102687
   123.00000000     5.00142218     1.94787871     1.94844368     1.00029004     1.00022061
   124.00000000     5.00845533     1.94174714     1.94099188     0.99961104     0.99953763
   125.00000000     5.01543199     1.93534083     1.93363598     0.99911909     0.99904162
   126.00000000     5.02235305     1.98628755     1.98436757     0.99903338     0.99896402
   127.00000000     5.02921940     1.99311425     1.99118754     0.99903332     0.99896323
   128.00000000     5.03603190     1.99196607     1.99024345     0.99913521     0.99906294
   129.00000000     5.04279138     1.98683028     1.98544784     0.99930420     0.99922896
   130.00000000     5.04949867     1.97937400     1.97840099     0.99950843     0.99942966
   131.00000000     5.05615455     1.97050487     1.96994969     0.99971825     0.99963550
   132.00000000     5.06275982     1.96078915     1.96060383     0.99990549     0.99981832
   133.00000000     5.06931524     1.95061111     1.95069509     1.00004305     0.99995107
   134.00000000     5.07582156     1.94024671     1.94045024     1.00010490     1.00000770
   135.00000000     5.08227950     1.92988393     1.93002960     1.00007548     0.99997265
   136.00000000     5.08868978     1.91959235     1.91954905     0.99997744     0.99986861
   137.00000000     5.09505310     1.90939643     1.90909354     0.99984137     0.99972617
   138.00000000     5.10137013     1.89930312     1.89872574     0.99969600     0.99957413
   139.00000000     5.10764156     1.88930736     1.88849197     0.99956842     0.99943960
   140.00000000     5.11386803     1.87939579     1.87842621     0.99948410     0.99934808
   141.00000000     5.12005019     1.86954949     1.86855305     0.99946702     0.99932358
   142.00000000     5.12618865     1.85974586     1.85888984     0.99953971     0.99938869
   143.00000000     5.13228404     1.84996167     1.84944826     0.99972248     0.99956374
   144.00000000     5.13833695     1.84022387     1.84023558     1.00000636     0.99983976
   145.00000000     5.14434797     1.83061393     1.83125559     1.00035052     1.00017589
   146.00000000     5.15031767     1.82120840     1.82250931     1.00071431     1.00053144
   147.00000000     5.15624663     1.81207634     1.81399565     1.00105918     1.00086781
   148.00000000     5.16213539     1.80327981     1.80571180     1.00134864     1.00114845
   149.00000000     5.16798450     1.79487436     1.79765364     1.00154845     1.00133908
   150.00000000     5.17379448     1.78690924     1.78981606     1.00162673     1.00140775
   151.00000000     5.17956586     1.77942753     1.78219317     1.00155423     1.00132516
   152.00000000     5.18529914     1.77243322     1.77477854     1.00132322     1.00108355
   153.00000000     5.19099482     1.76584586     1.76756533     1.00097374     1.00072299
   154.00000000     5.19665340     1.75957770     1.76054645     1.00055056     1.00028831
   155.00000000     5.20227536     1.75354735     1.75371463     1.00009539     0.99982129
   156.00000000     5.20786116     1.74767982     1.74706257     0.99964682     0.99936054
   157.00000000     5.21341127     1.74190624     1.74058295     0.99924032     0.99894164
   158.00000000     5.21892614     1.73616364     1.73426853     0.99890845     0.99859720
   159.00000000     5.22440621     1.73039446     1.72811218     0.99868106     0.99835713
   160.00000000     5.22985193     1.72454621     1.72210692     0.99858555     0.99824889
   161.00000000     5.23526371     1.71857091     1.71624592     0.99864714     0.99829781
   162.00000000     5.24064199     1.71242709     1.71052258     0.99888783     0.99852594
   163.00000000     5.24598717     1.70614847     1.70493049     0.99928612     0.99891177
   164.00000000     5.25129966     1.69984684     1.69946347     0.99977447     0.99938762
   165.00000000     5.25657985     1.69362948     1.69411558     1.00028702     0.99988751
   166.00000000     5.26182814     1.68759512     1.68888110     1.00076201     1.00034953
   167.00000000     5.26704490     1.68183433     1.68375454     1.00114174     1.00071582
   168.00000000     5.27223053     1.67642967     1.67873068     1.00137256     1.00093260
   169.00000000     5.27738537     1.67145578     1.67380449     1.00140519     1.00095040
   170.00000000     5.28250980     1.66697925     1.66897120     1.00119495     1.00072439
   171.00000000     5.28760418     1.66305794     1.66422625     1.00070251     1.00021505
   172.00000000     5.29266886     1.65969649     1.65956530     0.99992096     0.99941539
   173.00000000     5.29770417     1.65681907     1.65498423     0.99889255     0.99836767
   174.00000000     5.30271046     1.65434698     1.65047911     0.99766200     0.99711665
   175.00000000     5.30768806     1.65220722     1.64604622     0.99627105     0.99570413
   176.00000000     5.31263730     1.65033259     1.64168203     0.99475829     0.99416875
   177.00000000     5.31755849     1.64866161     1.63738318     0.99315904     0.99254585
   178.00000000     5.32245197     1.64713853     1.63314649     0.99150524     0.99086748
   179.00000000     5.32731802     1.64573050     1.62896895     0.98981513     0.98915185
   180.00000000     5.33215697     1.64444021     1.62484772     0.98808561     0.98739584
