0.0142527 0.526150014946
0.0165639 0.500760939701
0.01849 0.477617580201
0.0208012 0.449720221641
0.0231125 0.420806531358
0.0250385 0.396268270507
0.0273498 0.367470899191
0.029661 0.339023617881
0.0315871 0.315318098093
0.0338983 0.287018311092
0.0362096 0.259199962033
0.0396764 0.219852619887
0.0423729 0.193085598718
0.0450693 0.170408304745
0.0485362 0.145735145764
0.0516179 0.126027892044
0.0546995 0.107209250169
0.0577812 0.0888296114848
0.0604777 0.0733083439499
0.0639445 0.0552866315815
0.0658706 0.0468220007572
0.0693374 0.0351173002542
0.0731895 0.0273540423393
0.0770416 0.0239674862087
0.0805085 0.0236185877868
0.0843606 0.0257089601139
0.0889831 0.0318838909221
0.0936055 0.0427343534924
0.0974576 0.0556442772345
0.0997689 0.0650689658373
0.103236 0.0814718423134
0.106317 0.0982332073374
0.109399 0.116998608007
0.112866 0.140508132998
0.115948 0.163617279495
0.118644 0.185614930965
0.121726 0.212875014328
0.124422 0.238601379587
0.127504 0.270152304828
0.128659 0.282555513228
0.130971 0.308311434106
0.132897 0.330693388295
0.135208 0.358635753125
0.137904 0.392704760102
0.139831 0.418017372667
0.141757 0.444113245713
0.144068 0.476497624052
0.145994 0.504377939307
0.14792 0.533080765542
0.149846 0.562614622552
0.152157 0.599160842088
0.154083 0.630548876427
0.156009 0.662787018729
0.15755 0.689192772645
0.159476 0.722961033419
0.160632 0.743636441546
0.162173 0.771671719141
0.163713 0.800228570611
0.165254 0.829341961012
0.16641 0.851533303915
0.167951 0.881583507259
0.169492 0.912165204893
0.171032 0.943256161406
0.172188 0.966940761662
0.173729 0.998973078576
0.17527 1.03152995773
0.17681 1.06458621209
0.177966 1.08968106953
0.179507 1.12372520463
0.181048 1.15822459096
0.182589 1.19323582721
0.183744 1.21981220046
0.1849 1.246697198
0.186441 1.28297877008
0.187596 1.31050254339
0.188752 1.33833261524
0.189908 1.36644276068
0.191063 1.39480843607
0.192219 1.42347799644
0.193374 1.45241175102
0.19453 1.48161928182
0.195686 1.51111781814
0.196841 1.54086568396
0.197997 1.57090980131
0.198767 1.59107313018
0.199923 1.62156932363
0.201079 1.6523303891
0.202234 1.68333801333
0.20339 1.71464005942
0.204545 1.74618043696
0.205701 1.77801510039
0.206857 1.81011367886
0.208012 1.84244768123
0.209168 1.87507134932
0.210324 1.90795729532
0.211094 1.93000743421
0.21225 1.96332689006
0.213405 1.99687755389
0.214561 2.03071452018
0.215331 2.05339500249
0.216487 2.08765992576
0.217257 2.1106306739
0.218413 2.14532098668
0.219183 2.16856899874
0.219954 2.19195998843
0.221109 2.22721160064
0.22188 2.25088347268
0.223035 2.28655225046
0.223806 2.31050339049
0.224961 2.34659192119
0.225732 2.37082097649
0.226502 2.39512941291
0.227658 2.43183047789
0.228428 2.45641430738
0.229584 2.49352806784
0.230354 2.51838607222
0.23151 2.55591037256
0.23228 2.58104104149
0.233051 2.60631336125
0.234206 2.64437639551
0.234977 2.66991993949
0.235747 2.69553858858
0.236903 2.73420163515
0.237673 2.76008902049
0.238444 2.78611695651
0.239599 2.82530992642
0.24037 2.85160704397
0.24114 2.87797312854
0.242296 2.9177585081
0.243066 2.94439150775
0.243837 2.97116486615
0.244607 2.99800890236
0.245378 3.02499315345
0.246533 3.06561364184
0.247304 3.09286007073
0.248074 3.12017550919
0.248844 3.14759499001
0.249615 3.17515408501
0.250385 3.20278669591
0.251156 3.23055319639
0.251926 3.25838682849
0.252696 3.28632328975
0.253467 3.31439881042
0.254237 3.34254030908
0.255008 3.37082062599
0.255778 3.39916614536
0.256549 3.42765023434
0.257319 3.45621805457
0.258089 3.48486211329
0.25886 3.51364625917
0.25963 3.54247561115
0.260401 3.57146566511
0.261171 3.60052207488
0.261941 3.62967261571
0.262712 3.65896109678
0.263482 3.68830209965
0.264253 3.71779605795
0.265023 3.74734348711
0.265794 3.77702701488
0.266564 3.8067709376
0.267334 3.83661271595
0.268105 3.86659907213
0.268875 3.89663848152
0.269646 3.92680087454
0.270801 3.97218518594
0.271572 4.00260063901
0.271957 4.01782513912
0.272727 4.04835937633
0.273498 4.07901524863
0.274268 4.1097436547
0.274653 4.1251400591
0.275424 4.15600733927
0.276194 4.18693457915
0.276965 4.21802184564
0.27735 4.23358077044
0.27812 4.26479700135
0.278891 4.29609325754
0.279661 4.32840251472
0.280046 4.34319507005
0.280817 4.37475463555
0.281587 4.40636736234
0.282357 4.43807594413
0.282743 4.45400344909
0.283513 4.48585111556
0.284284 4.51783418271
0.285054 4.54987210668
0.285439 4.56592761278
0.28621 4.59814587932
0.28698 4.63041640218
0.28775 4.66278100745
0.288136 4.67904078583
0.288906 4.71154689998
0.289676 4.74414750206
0.290447 4.77688534688
0.290832 4.79326867359
0.291602 4.82610672945
0.292373 4.85908311585
0.293143 4.89211268962
0.293529 4.90870435401
0.294299 4.94187878435
0.295069 4.97515035569
0.29584 5.00856307119
0.296225 5.025284523
0.296995 5.05880185648
0.297766 5.09246247154
0.298536 5.12617990936
0.298921 5.14307496687
0.299692 5.17698951799
0.300462 5.21096295553
0.301233 5.24508419475
0.301618 5.26216214323
0.302388 5.29639045242
0.302773 5.31354828133
0.303544 5.34798999799
0.303929 5.36522478926
0.3047 5.39983216243
0.30547 5.43452867388
0.305855 5.45190934216
0.306626 5.48680208483
0.307011 5.50426981249
0.307781 5.53929439742
0.308166 5.55685183373
0.308937 5.59210431714
0.309322 5.60975427983
0.310092 5.645148962
0.310863 5.68071415843
0.311248 5.69852935856
0.312018 5.7342515789
0.312404 5.75220985579
0.313174 5.78819015151
0.313559 5.8062080161
0.31433 5.8423990085
0.314715 5.86052616884
0.315485 5.89689319826
0.315871 5.91518155426
0.316641 5.95178119248
0.317411 5.98854146719
0.317797 6.00703130591
0.318567 6.04404194723
0.318952 6.06261191369
0.319723 6.09993308803
0.320108 6.11863731843
0.320878 6.15618506743
0.321263 6.17503013014
0.322034 6.21291591443
0.322804 6.2509534884
0.32319 6.27009942946
0.32396 6.30845179387
0.324345 6.32770965068
0.325116 6.3664440388
0.325501 6.38587238645
0.326271 6.42490681328
0.326656 6.44451510827
0.327427 6.48397095772
0.328197 6.52363439137
0.328582 6.54356620799
0.329353 6.58368880122
0.329738 6.60383025965
0.330508 6.64433288785
0.330894 6.66474955849
0.331664 6.70571007369
0.332049 6.72630988442
0.332435 6.7470454085
0.333205 6.78866172206
0.33359 6.80959870229
0.334361 6.85179803136
0.334746 6.873008604
0.335131 6.89417035755
0.335901 6.93706362191
0.336287 6.95871642272
0.337057 7.00221674298
0.337442 7.02412888176
0.337827 7.04615076476
0.338598 7.09059146326
0.338983 7.11317760476
0.339753 7.15829614782
0.340139 7.18084521581
0.340524 7.2037076996
0.340909 7.22670131226
0.341294 7.24982907371
0.342065 7.2965605375
